1458946554 3049
1459381497 3048
1459383616 3050
1459384749 3050
1460534718 3143
1460539126 3390
1461273425 3761
1461349780 3763
1462450828 3777
1462521053 3776
1465938133 3776
1465943795 3776
1466022605 3800
1466058231 3798
1466123667 3803
1466464670 3819
1470078080 5276
1471131953 5276
1471422200 5279
1472844845 5281
1473761848 5309
1473885303 5382
1478951968 5419
1479320416 5161
1479320644 5206
1479321103 5208
1479332900 5553
1481665128 5553
1481763695 5577
1484073724 5577
1484138091 5866
1486571593 5866
1486723848 5866
1486977670 5886
1486978305 5886
1491572037 5889
1496348440 5889
1497517740 5889
1502890195 5889
1504014749 5889
1508358474 5889
1508609296 5900
1511816171 5907
1511816207 5907
1511816239 5907
1511819666 5907
1516277429 5822
1516812333 5833
1516815524 5842
1516815552 5825
1516815587 5831
1516815638 5831
1519307427 5831
1519307468 5831
1519307497 5831
1519307586 5878
1519307687 5910
1519307712 5910
1519307751 5910
1519308074 5910
1519395554 5927
1522096537 5928
1523377563 5997
1523981605 5999
1528807290 6001
1534791723 6008
1534971553 6248
1535127856 6248
1537793132 6243
1537800445 6248
1538149821 6250
1538482419 6253
1540405256 6254
1540554689 6254
1540849418 6260
1542396735 6272
1542738005 6272
1543252701 6278
1543261508 6332
1543346963 6336
1543426402 6345
1543532884 6338
1543598892 6725
1544015916 6713
1544648677 6724
1548432775 6743
1549458935 6744
1549568175 6743
1549664375 6744
1550696260 6765
1550701375 6781
1551301058 6781
1552067127 6928
1552068165 6928
1552946195 6981
1553032530 6987
1553109320 6987
1554317371 6996
1556028093 6996
1557755317 6996
1560528608 6996
1560530368 7011
1560802573 7019
1562106503 7028
1562179819 7091
1562188924 7091
1562865347 7119
1563471223 7121
1563481881 7121
1564069042 7132
1564077682 7301
1564156419 7312
1564160458 7312
1564161850 7384
1564171637 7384
1564603246 7384
1564604145 7383
1565195460 7392
1565202592 7392
1565216455 7392
1565217438 7400
1565379577 7536
1565381968 7536
1567196185 11846
1567199260 11937
1568064763 11941
1568217855 10630
1568840851 10631
1568911915 10634
1568915751 10632
1568922463 4364
1568924004 4362
1569259633 4894
1569335395 4914
1569344420 4914
1569519775 4914
1570478922 4914
1570647993 5037
1570738927 5009
1570829166 5097
1571153050 5098
1571691067 5338
1571692583 5338
1578409682 5360
1580338568 5360
1583179224 5360
1586185774 5360
1587048757 5362
1589986472 5425
1596190331 5441
1597157309 5442
1599836850 5442
1600270745 5430
1606790202 5430
1606823325 5430
1606837485 5435
1609950957 5436
1610385014 5517
1610394627 5511
1611944874 5512
1619115864 5529
1620849756 5529
1625090098 5524
1625148131 5529
1625151018 5538
1633014307 5660
1633378066 5728
1633539445 5993
