1575323576 1 0 0 0 0 0 0 0 0 0 0 0 0 0 0 0 0 0 0 0
1575324187 2 0 0 0 0 0 0 0 0 0 0 0 0 0 0 0 0 0 0 0
1575325855 3 0 0 0 0 0 0 0 0 0 0 0 0 0 0 0 0 0 0 0
1575325953 4 0 0 0 0 0 0 0 0 0 0 0 0 0 0 0 0 0 0 0
1575327731 5 0 0 0 0 0 0 0 0 0 0 0 0 0 0 0 0 0 0 0
1575388847 6 0 0 0 0 0 0 0 0 0 0 0 0 0 0 0 0 0 0 0
1575397648 7 0 0 0 0 0 0 0 0 0 0 0 0 0 0 0 0 0 0 0
1575398052 8 0 0 0 0 0 0 0 0 0 0 0 0 0 0 0 0 0 0 0
1575398670 9 0 0 0 0 0 0 0 0 0 0 0 0 0 0 0 0 0 0 0
1575404288 10 0 0 0 0 0 0 0 0 0 0 0 0 0 0 0 0 0 0 0
1575404296 11 0 0 0 0 0 0 0 0 0 0 0 0 0 0 0 0 0 0 0
1575406018 12 0 0 0 0 0 0 0 0 0 0 0 0 0 0 0 0 0 0 0
1575408199 13 0 0 0 0 0 0 0 0 0 0 0 0 0 0 0 0 0 0 0
1575476788 13 0 1 0 0 0 0 0 0 0 0 0 0 0 0 0 0 0 0 0
1575482225 13 0 2 0 0 0 0 0 0 0 0 0 0 0 0 0 0 0 0 0
1575482283 13 0 3 0 0 0 0 0 0 0 0 0 0 0 0 0 0 0 0 0
1575482573 14 0 4 0 0 0 0 0 0 0 0 0 0 0 0 0 0 0 0 0
1575496550 15 0 4 0 0 0 0 0 0 0 0 0 0 0 0 0 0 0 0 0
1575499146 16 0 4 0 0 0 0 0 0 0 0 0 0 0 0 0 0 0 0 0
1575531903 16 0 4 0 0 0 0 0 0 0 0 0 0 0 1 0 0 0 0 0
1575579688 16 0 5 0 0 0 0 0 0 0 0 0 0 0 1 0 0 0 0 0
1575586579 17 0 5 0 0 0 0 0 0 0 0 0 0 0 1 0 0 0 0 0
1575664340 18 0 5 0 0 0 0 0 0 0 0 0 0 0 1 0 0 0 0 0
1575664973 19 0 5 0 0 0 0 0 0 0 0 0 0 0 1 0 0 0 0 0
1575670719 20 0 5 0 0 0 0 0 0 0 0 0 0 0 1 0 0 0 0 0
1575710603 20 0 6 0 0 0 0 0 0 0 0 0 0 0 1 0 0 0 0 0
1575773142 21 0 6 0 0 0 0 0 0 0 0 0 0 0 1 0 0 0 0 0
1575773216 22 0 6 0 0 0 0 0 0 0 0 0 0 0 1 0 0 0 0 0
1575773713 23 0 6 0 0 0 0 0 0 0 0 0 0 0 1 0 0 0 0 0
1575774139 24 0 6 0 0 0 0 0 0 0 0 0 0 0 1 0 0 0 0 0
1575775438 25 0 6 0 0 0 0 0 0 0 0 0 0 0 1 0 0 0 0 0
1575775610 26 0 6 0 0 0 0 0 0 0 0 0 0 0 1 0 0 0 0 0
1575780225 27 0 6 0 0 0 0 0 0 0 0 0 0 0 1 0 0 0 0 0
1575845922 28 0 6 0 0 0 0 0 0 0 0 0 0 0 1 0 0 0 0 0
1575846299 29 0 6 0 0 0 0 0 0 0 0 0 0 0 1 0 0 0 0 0
1575847029 30 0 6 0 0 0 0 0 0 0 0 0 0 0 1 0 0 0 0 0
1575860312 31 0 6 0 0 0 0 0 0 0 0 0 0 0 1 0 0 0 0 0
1575865878 32 0 6 0 0 0 0 0 0 0 0 0 0 0 1 0 0 0 0 0
1575924718 32 0 7 0 0 0 0 0 0 0 0 0 0 0 1 0 0 0 0 0
1575944404 33 0 7 0 0 0 0 0 0 0 0 0 0 0 1 0 0 0 0 0
1575944553 34 0 7 0 0 0 0 0 0 0 0 0 0 0 1 0 0 0 0 0
1575944724 35 0 7 0 0 0 0 0 0 0 0 0 0 0 1 0 0 0 0 0
1575946205 36 0 7 0 0 0 0 0 0 0 0 0 0 0 1 0 0 0 0 0
1575947628 37 0 7 0 0 0 0 0 0 0 0 0 0 0 1 0 0 0 0 0
1576007866 38 0 7 0 0 0 0 0 0 0 0 0 0 0 1 0 0 0 0 0
1576077264 39 0 7 0 0 0 0 0 0 0 0 0 0 0 1 0 0 0 0 0
1576079230 40 0 7 0 0 0 0 0 0 0 0 0 0 0 1 0 0 0 0 0
1576079418 41 0 7 0 0 0 0 0 0 0 0 0 0 0 1 0 0 0 0 0
1576080143 43 0 7 0 0 0 0 0 0 0 0 0 0 0 1 0 0 0 0 0
1576107749 44 0 7 0 0 0 0 0 0 0 0 0 0 0 1 0 0 0 0 0
1576121573 45 0 7 0 0 0 0 0 0 0 0 0 0 0 1 0 0 0 0 0
1576121643 46 0 7 0 0 0 0 0 0 0 0 0 0 0 1 0 0 0 0 0
1576122119 47 0 7 0 0 0 0 0 0 0 0 0 0 0 1 0 0 0 0 0
1576124374 48 0 7 0 0 0 0 0 0 0 0 0 0 0 1 0 0 0 0 0
1576124485 49 0 7 0 0 0 0 0 0 0 0 0 0 0 1 0 0 0 0 0
1576168111 51 0 7 0 0 0 0 0 0 0 0 0 0 0 1 0 0 0 0 0
1576177678 52 0 7 0 0 0 0 0 0 0 0 0 0 0 1 0 0 0 0 0
1576179656 53 0 7 0 0 0 0 0 0 0 0 0 0 0 1 0 0 0 0 0
1576182129 54 0 7 0 0 0 0 0 0 0 0 0 0 0 1 0 0 0 0 0
1576191163 55 0 7 0 0 0 0 0 0 0 0 0 0 0 1 0 0 0 0 0
1576192877 56 0 7 0 0 0 0 0 0 0 0 0 0 0 1 0 0 0 0 0
1576211462 57 0 7 0 0 0 0 0 0 0 0 0 0 0 1 0 0 0 0 0
1576212013 58 0 7 0 0 0 0 0 0 0 0 0 0 0 1 0 0 0 0 0
1576247001 59 0 7 0 0 0 0 0 0 0 0 0 0 0 1 0 0 0 0 0
1576249606 60 0 7 0 0 0 0 0 0 0 0 0 0 0 1 0 0 0 0 0
1576253170 61 0 7 0 0 0 0 0 0 0 0 0 0 0 1 0 0 0 0 0
1576260498 62 0 7 0 0 0 0 0 0 0 0 0 0 0 1 0 0 0 0 0
1576260605 63 0 7 0 0 0 0 0 0 0 0 0 0 0 1 0 0 0 0 0
1576260726 64 0 7 0 0 0 0 0 0 0 0 0 0 0 1 0 0 0 0 0
1576260948 65 0 7 0 0 0 0 0 0 0 0 0 0 0 1 0 0 0 0 0
1576261184 66 0 7 0 0 0 0 0 0 0 0 0 0 0 1 0 0 0 0 0
1576261621 67 0 7 0 0 0 0 0 0 0 0 0 0 0 1 0 0 0 0 0
1576270581 68 0 7 0 0 0 0 0 0 0 0 0 0 0 1 0 0 0 0 0
1576271620 69 0 7 0 0 0 0 0 0 0 0 0 0 0 1 0 0 0 0 0
1576272073 70 0 7 0 0 0 0 0 0 0 0 0 0 0 1 0 0 0 0 0
1576289444 71 0 7 0 0 0 0 0 0 0 0 0 0 0 1 0 0 0 0 0
1576336376 72 0 7 0 0 0 0 0 0 0 0 0 0 0 1 0 0 0 0 0
1576449841 73 0 7 0 0 0 0 0 0 0 0 0 0 0 1 0 0 0 0 0
1576455721 74 0 7 0 0 0 0 0 0 0 0 0 0 0 1 0 0 0 0 0
1577050047 76 0 7 0 0 0 0 0 0 0 0 0 0 0 1 0 0 0 0 0
1577133569 77 0 7 0 0 0 0 0 0 0 0 0 0 0 1 0 0 0 0 0
1577137660 78 0 7 0 0 0 0 0 0 0 0 0 0 0 1 0 0 0 0 0
1577214634 79 0 7 0 0 0 0 0 0 0 0 0 0 0 1 0 0 0 0 0
1577215804 80 0 7 0 0 0 0 0 0 0 0 0 0 0 1 0 0 0 0 0
1577227276 81 0 7 0 0 0 0 0 0 0 0 0 0 0 1 0 0 0 0 0
1577485238 82 0 7 0 0 0 0 0 0 0 0 0 0 0 1 0 0 0 0 0
1577637436 83 0 7 0 0 0 0 0 0 0 0 0 0 0 1 0 0 0 0 0
1578130243 83 0 8 0 0 0 0 0 0 0 0 0 0 0 1 0 0 0 0 0
1578130435 84 0 9 0 0 0 0 0 0 0 0 0 0 0 1 0 0 0 0 0
1578192578 85 0 9 0 0 0 0 0 0 0 0 0 0 0 1 0 0 0 0 0
1578248990 86 0 9 0 0 0 0 0 0 0 0 0 0 0 1 0 0 0 0 0
1578251946 88 0 9 0 0 0 0 0 0 0 0 0 0 0 1 0 0 0 0 0
1578257397 89 0 10 0 0 0 0 0 0 0 0 0 0 0 1 0 0 0 0 0
1578274940 90 0 10 0 0 0 0 0 0 0 0 0 0 0 1 0 0 0 0 0
1578276409 91 0 10 0 0 0 0 0 0 0 0 0 0 0 1 0 0 0 0 0
1578282986 91 0 11 0 0 0 0 0 0 0 0 0 0 0 1 0 0 0 0 0
1578284180 91 0 12 0 0 0 0 0 0 0 0 0 0 0 1 0 0 0 0 0
1578284900 91 0 13 0 0 0 0 0 0 0 0 0 0 0 1 0 0 0 0 0
1578353153 91 0 14 0 0 0 0 0 0 0 0 0 0 0 1 0 0 0 0 0
1578428456 92 0 14 0 0 0 0 0 0 0 0 0 0 0 1 0 0 0 0 0
1578428460 93 0 14 0 0 0 0 0 0 0 0 0 0 0 1 0 0 0 0 0
1578429660 94 0 14 0 0 0 0 0 0 0 0 0 0 0 1 0 0 0 0 0
1578436766 95 0 14 0 0 0 0 0 0 0 0 0 0 0 1 0 0 0 0 0
1578437090 96 0 14 0 0 0 0 0 0 0 0 0 0 0 1 0 0 0 0 0
1578437870 97 0 14 0 0 0 0 0 0 0 0 0 0 0 1 0 0 0 0 0
1578438242 98 0 14 0 0 0 0 0 0 0 0 0 0 0 1 0 0 0 0 0
1578493744 98 0 15 0 0 0 0 0 0 0 0 0 0 0 1 0 0 0 0 0
1578493764 98 0 16 0 0 0 0 0 0 0 0 0 0 0 1 0 0 0 0 0
1578493876 98 0 17 0 0 0 0 0 0 0 0 0 0 0 1 0 0 0 0 0
1578494472 98 0 18 0 0 0 0 0 0 0 0 0 0 0 1 0 0 0 0 0
1578500184 98 0 19 0 0 0 0 0 0 0 0 0 0 0 1 0 0 0 0 0
1578508082 98 0 20 0 0 0 0 0 0 0 0 0 0 0 1 0 0 0 0 0
1578510673 99 0 20 0 0 0 0 0 0 0 0 0 0 0 1 0 0 0 0 0
1578511639 100 0 20 0 0 0 0 0 0 0 0 0 0 0 1 0 0 0 0 0
1578520919 100 0 21 0 0 0 0 0 0 0 0 0 0 0 1 0 0 0 0 0
1578526024 101 0 21 0 0 0 0 0 0 0 0 0 0 0 1 0 0 0 0 0
1578526913 102 0 21 0 0 0 0 0 0 0 0 0 0 0 1 0 0 0 0 0
1578577457 103 0 21 0 0 0 0 0 0 0 0 0 0 0 1 0 0 0 0 0
1578579260 110 0 21 0 0 0 0 0 0 0 0 0 0 0 1 0 0 0 0 0
1578585055 111 0 21 0 0 0 0 0 0 0 0 0 0 0 1 0 0 0 0 0
1578588489 112 0 21 0 0 0 0 0 0 0 0 0 0 0 1 0 0 0 0 0
1578602422 113 0 21 0 0 0 0 0 0 0 0 0 0 0 1 0 0 0 0 0
1578606577 114 0 21 0 0 0 0 0 0 0 0 0 0 0 1 0 0 0 0 0
1578653474 114 0 21 0 0 0 0 0 0 0 0 0 0 0 1 0 0 0 0 0
1578660145 114 0 21 0 0 0 0 0 0 0 0 0 0 0 1 0 0 0 0 0
1578668417 115 0 21 0 0 0 0 0 0 0 0 0 0 0 1 0 0 0 0 0
1578669732 116 0 21 0 0 0 0 0 0 0 0 0 0 0 1 0 0 0 0 0
1578670188 117 0 21 0 0 0 0 0 0 0 0 0 0 0 1 0 0 0 0 0
1578671373 118 0 21 0 0 0 0 0 0 0 0 0 0 0 1 0 0 0 0 0
1578720187 119 0 21 0 0 0 0 0 0 0 0 0 0 0 1 0 0 0 0 0
1578866755 120 0 21 0 0 0 0 0 0 2 0 0 0 0 1 0 0 0 0 0
1578935046 122 0 21 0 0 0 0 0 0 2 0 0 0 0 1 0 0 0 0 0
1578939666 125 0 21 0 0 0 0 0 0 2 0 0 0 0 1 0 0 0 0 0
1578944848 126 0 21 0 0 0 0 0 0 2 0 0 0 0 1 0 0 0 0 0
1578949967 126 0 21 0 1 0 0 0 0 2 0 0 0 0 1 0 0 0 0 0
1578954988 126 0 21 0 2 0 0 0 0 2 0 0 0 0 1 0 0 0 0 0
1578955230 126 0 21 0 3 0 0 0 0 2 0 0 0 0 1 0 0 0 0 0
1578955389 126 0 21 0 4 0 0 0 0 2 0 0 0 0 1 0 0 0 0 0
1578955704 126 0 21 0 5 0 0 0 0 2 0 0 0 0 1 0 0 0 0 0
1578956166 126 0 21 0 6 0 0 0 0 2 0 0 0 0 1 0 0 0 0 0
1579031428 126 0 21 0 7 0 0 0 0 2 0 0 0 0 1 0 0 0 0 0
1579032466 126 0 21 0 8 0 0 0 0 2 0 0 0 0 1 0 0 0 0 0
1579032517 127 0 21 0 8 0 0 0 0 2 0 0 0 0 1 0 0 0 0 0
1579034262 127 0 21 0 9 0 0 0 0 2 0 0 0 0 1 0 0 0 0 0
1579041318 127 0 21 0 10 0 0 0 0 2 0 0 0 0 1 0 0 0 0 0
1579102866 128 0 21 0 10 0 0 0 0 2 0 0 0 0 1 0 0 0 0 0
1579103207 129 0 21 0 10 0 0 0 0 2 0 0 0 0 1 0 0 0 0 0
1579111176 129 0 21 0 11 0 0 0 0 2 0 0 0 0 1 0 0 0 0 0
1579111600 130 0 21 0 12 0 0 0 0 2 0 0 0 0 1 0 0 0 0 0
1579217360 131 0 21 0 12 0 0 0 0 2 0 0 0 0 1 0 0 0 0 0
1579285779 132 0 21 0 12 0 0 0 0 2 0 0 0 0 1 0 0 0 0 0
1579286169 133 0 21 0 12 0 0 0 0 2 0 0 0 0 1 0 0 0 0 0
1579287292 135 0 21 0 12 0 0 0 0 2 0 0 0 0 1 0 0 0 0 0
1579359460 136 0 21 0 12 0 0 0 0 2 0 0 0 0 1 0 0 0 0 0
1579459315 136 1 21 0 12 0 0 0 0 2 0 0 0 0 1 0 0 0 0 0
1579529377 136 1 21 0 12 0 0 0 0 3 0 0 0 0 1 0 0 0 0 0
1579539770 138 2 21 0 12 0 0 0 0 3 0 0 0 0 1 0 0 0 0 0
1579555156 139 2 21 0 12 0 0 0 0 3 0 0 0 0 1 0 0 0 0 0
1579556190 140 2 21 0 12 0 0 0 0 3 0 0 0 0 1 0 0 0 0 0
1579564235 141 2 21 0 12 0 0 0 0 3 0 0 0 0 1 0 0 0 0 0
1579621537 142 2 21 0 12 0 0 0 0 3 0 0 0 0 1 0 0 0 0 0
1579621906 143 2 21 0 12 0 0 0 0 3 0 0 0 0 1 0 0 0 0 0
1579626582 144 2 21 0 12 0 0 0 0 3 0 0 0 0 1 0 0 0 0 0
1579742535 148 2 21 0 12 0 0 0 0 3 0 0 0 0 1 0 0 0 0 0
1579746924 149 2 21 0 12 0 0 0 0 3 0 0 0 0 1 0 0 0 0 0
1579774754 149 3 21 0 12 0 0 0 0 3 0 0 0 0 1 0 0 0 0 0
1579780306 149 4 21 0 12 0 0 0 0 3 0 0 0 0 1 0 0 0 0 0
1579780716 149 5 21 0 12 0 0 0 0 3 0 0 0 0 1 0 0 0 0 0
1579808554 149 5 21 0 12 0 0 0 0 3 0 0 0 0 1 0 0 0 0 0
1579826561 149 6 21 0 12 0 0 0 0 3 0 0 0 0 1 0 0 0 0 0
1580070652 150 6 21 0 12 0 0 0 0 3 0 0 0 0 1 0 0 0 0 0
1580073130 151 6 21 0 12 0 0 0 0 3 0 0 0 0 1 0 0 0 0 0
1580148120 152 6 21 0 12 0 0 0 0 3 0 0 0 0 1 0 0 0 0 0
1580148272 153 6 21 0 12 0 0 0 0 3 0 0 0 0 1 0 0 0 0 0
1580148416 154 6 21 0 12 0 0 0 0 3 0 1 0 0 1 0 0 0 0 0
1580151472 154 6 21 0 12 0 0 0 0 3 0 2 0 0 1 0 0 0 0 0
1580160094 155 6 21 0 12 0 0 0 0 3 0 2 0 0 1 0 0 0 0 0
1580235922 156 6 21 0 12 0 0 0 0 3 0 2 0 0 1 0 0 0 0 0
1580235997 157 6 21 0 12 0 0 0 0 3 0 2 0 0 1 0 0 0 0 0
1580238686 159 6 21 0 12 0 0 0 0 3 0 2 0 0 1 0 0 0 0 0
1580320271 160 6 21 0 12 0 0 0 0 3 0 2 0 0 1 0 0 0 0 0
1580321144 161 6 21 0 12 0 0 0 0 3 0 3 0 0 1 0 0 0 0 0
1580669258 161 7 21 0 12 0 0 0 0 3 0 3 0 0 1 0 0 0 0 0
1580678480 163 7 21 0 12 0 0 0 0 3 0 3 0 0 1 0 0 0 0 0
1580683230 164 7 21 0 12 0 0 0 0 3 0 3 0 0 1 0 0 0 0 0
1580742812 165 7 21 0 12 0 0 0 0 3 0 3 0 0 1 0 0 0 0 0
1580743245 166 7 21 0 12 0 0 0 0 3 0 3 0 0 1 0 0 0 0 0
1580749418 167 7 21 0 12 0 0 0 0 3 0 3 0 0 1 0 0 0 0 0
1580765847 167 7 21 0 12 0 0 0 0 4 0 3 0 0 1 0 0 0 0 0
1580827111 168 7 21 0 12 0 0 0 0 4 0 3 0 0 1 0 0 0 0 0
1580828566 170 7 21 0 12 0 0 0 0 4 0 3 0 0 1 0 0 0 0 0
1581032630 171 7 21 0 12 0 0 0 0 4 0 3 0 0 1 0 0 0 0 0
1581101202 172 7 21 0 12 0 0 0 0 4 0 3 0 0 1 0 0 0 0 0
1581366250 174 7 21 0 12 0 0 0 0 4 0 3 0 0 1 0 0 0 0 0
1581368052 175 7 21 0 12 0 0 0 0 4 0 3 0 0 1 0 0 0 0 0
1581447506 176 7 21 0 12 0 0 0 0 4 0 3 0 0 1 0 0 0 0 0
1581482741 177 7 21 0 12 0 0 0 0 4 0 3 0 0 1 0 0 0 0 0
1581520974 181 8 21 0 12 0 0 0 0 4 0 3 0 0 1 0 0 0 0 0
1581531024 182 8 21 0 12 0 0 0 0 4 0 3 0 0 1 0 0 0 0 0
1581535051 183 8 21 0 12 0 0 0 0 4 0 3 0 0 1 0 0 0 0 0
1581536315 184 8 21 0 12 0 0 0 0 4 0 3 0 0 1 0 0 0 0 0
1581537420 186 8 21 0 12 0 0 0 0 4 0 3 0 0 1 0 0 0 0 0
1581545324 186 8 21 0 12 0 0 0 0 4 0 3 0 0 1 0 0 0 0 0
1581549816 187 8 21 0 12 0 0 0 0 4 0 3 0 0 1 0 0 0 0 0
1581601592 187 9 21 0 12 0 0 0 0 4 0 3 0 0 1 0 0 0 0 0
1581603372 187 10 21 0 12 0 0 0 0 4 0 3 0 0 1 0 0 0 0 0
1581610087 187 11 21 0 12 0 0 0 0 4 0 3 0 0 1 0 0 0 0 0
1581613335 188 11 21 0 12 0 0 0 0 4 0 3 0 0 1 0 0 0 0 0
1581697203 189 11 21 0 12 0 0 0 0 4 0 3 0 0 1 0 0 0 0 0
1581699599 190 11 21 0 12 0 0 0 0 4 0 3 0 0 1 0 0 0 0 0
1582148282 191 11 21 0 12 0 0 0 0 4 0 3 0 0 1 0 0 0 0 0
1582326871 192 11 21 0 12 0 0 0 0 4 0 3 0 0 1 0 0 0 0 0
1582647604 193 11 21 0 12 0 0 0 0 4 0 3 0 0 1 0 0 0 0 0
1582650712 194 11 21 0 12 0 0 0 0 4 0 3 0 0 1 0 0 0 0 0
1582815166 195 11 21 0 12 0 0 0 0 4 0 3 0 0 1 0 0 0 0 0
1583102016 196 11 21 0 12 0 0 0 0 4 0 3 0 0 1 0 0 0 0 0
1583423651 197 11 21 0 12 0 0 0 0 4 0 3 0 0 1 0 0 0 0 0
1584301678 198 11 21 0 12 0 0 0 0 4 0 3 0 0 1 0 0 0 0 0
1584374776 199 11 21 0 12 0 0 0 0 4 0 3 0 0 1 0 0 0 0 0
1584375976 200 11 21 0 12 0 0 0 0 4 0 3 0 0 1 0 0 0 0 0
1584394688 201 11 21 0 12 0 0 0 0 4 0 3 0 0 1 0 0 0 0 0
1584469557 202 11 21 0 12 0 0 0 0 4 0 3 0 0 1 0 0 0 0 0
1585082733 203 11 21 0 12 0 0 0 0 4 0 3 0 0 1 0 0 0 0 0
1585166000 204 11 21 0 12 0 0 0 0 4 0 3 0 0 1 0 0 0 0 0
1585168176 205 11 21 0 12 0 0 0 0 4 0 3 0 0 1 0 0 0 0 0
1585171503 206 11 21 0 12 0 0 0 0 4 0 3 0 0 1 0 0 0 0 0
1585437325 207 11 21 0 12 0 0 0 0 4 0 3 0 0 1 0 0 0 0 0
1585438025 208 11 21 0 12 0 0 0 0 4 0 3 0 0 1 0 0 0 0 0
1585439164 209 11 21 0 12 0 0 0 0 4 0 3 0 0 1 0 0 0 0 0
1585457617 209 12 21 0 12 0 0 0 0 4 0 3 0 0 1 0 0 0 0 0
1585458090 210 12 21 0 12 0 0 0 0 4 0 3 0 0 1 0 0 0 0 0
1585460537 213 12 21 0 12 0 0 0 0 4 0 3 0 0 1 0 0 0 0 0
1585523104 214 12 21 0 12 0 0 0 0 4 0 3 0 0 1 0 0 0 0 0
1585538018 215 12 21 0 12 0 0 0 0 4 0 3 0 0 1 0 0 0 0 0
1585577296 216 12 21 0 12 0 0 0 0 4 0 3 0 0 1 0 0 0 0 0
1585684977 217 12 21 0 12 0 0 0 0 4 0 3 0 0 1 0 0 0 0 0
1585686054 218 13 21 0 12 0 0 0 0 4 0 3 0 0 1 0 0 0 0 0
1585836147 219 13 21 0 12 0 0 0 0 4 0 3 0 0 1 0 0 0 0 0
1585837426 220 13 21 0 12 0 0 0 0 4 0 3 0 0 1 0 0 0 0 0
1586532277 221 13 21 0 12 0 0 0 0 4 0 3 0 0 1 0 0 0 0 0
1586660506 222 13 21 0 12 0 0 0 0 4 0 3 0 0 1 0 0 0 0 0
1586687770 222 14 21 0 12 0 0 0 0 4 0 3 0 0 1 0 0 0 0 0
1586814929 223 14 21 0 12 0 0 0 0 4 0 3 0 0 1 0 0 0 0 0
1586841218 224 14 21 0 12 0 0 0 0 4 0 3 0 0 1 0 0 0 0 0
1588037454 225 14 21 0 12 0 0 0 0 4 0 3 0 0 1 0 0 0 0 0
1588087239 226 14 21 0 12 0 0 0 0 4 0 3 0 0 1 0 0 0 0 0
1588601986 228 14 21 0 12 0 0 0 0 4 0 3 0 0 1 0 0 0 0 0
1589291709 229 14 21 0 12 0 0 0 0 4 0 3 0 0 1 0 0 0 0 0
1589303302 230 14 21 0 12 0 0 0 0 4 0 3 0 0 1 0 0 0 0 0
1589406449 232 14 21 0 12 0 0 0 0 4 0 3 0 0 1 0 0 0 0 0
1589409939 233 14 21 0 12 0 0 0 0 4 0 3 0 0 1 0 0 0 0 0
1589469205 234 14 21 0 12 0 0 0 0 4 0 3 0 0 1 0 0 0 0 0
1589470168 235 14 21 0 12 0 0 0 0 4 0 3 0 0 1 0 0 0 0 0
1589470325 236 14 21 0 12 0 0 0 0 4 0 3 0 0 1 0 0 0 0 0
1589479357 237 14 21 0 12 0 0 0 0 4 0 3 0 0 1 0 0 0 0 0
1589563199 238 14 21 0 12 0 0 0 0 4 0 3 0 0 1 0 0 0 0 0
1589570887 239 14 21 0 12 0 0 0 0 4 0 3 0 0 1 0 0 0 0 0
1589573118 240 14 21 0 12 0 0 0 0 4 0 3 0 0 1 0 0 0 0 0
1589573471 241 14 21 0 12 0 0 0 0 4 0 3 0 0 1 0 0 0 0 0
1589650150 242 14 21 0 12 0 0 0 0 4 0 3 0 0 1 0 0 0 0 0
1590250734 243 14 21 0 12 0 0 0 0 4 0 3 0 0 1 0 0 0 0 0
1590251642 244 14 21 0 12 0 0 0 0 4 0 3 0 0 1 0 0 0 0 0
1590258490 245 14 21 0 12 0 0 0 0 4 0 3 0 0 1 0 0 0 0 0
1590258544 246 14 21 0 12 0 0 0 0 4 0 3 0 0 1 0 0 0 0 0
1590260203 247 14 21 0 12 0 0 0 0 4 0 3 0 0 1 0 0 0 0 0
1590261199 248 14 21 0 12 0 0 0 0 4 0 3 0 0 1 0 0 0 0 0
1590261362 249 14 21 0 12 0 0 0 0 4 0 3 0 0 1 0 0 0 0 0
1590456043 250 14 21 0 12 0 0 0 0 4 0 3 0 0 1 0 0 0 0 0
1590456149 251 14 21 0 12 0 0 0 0 4 0 3 0 0 1 0 0 0 0 0
1590467139 252 14 21 0 12 0 0 0 0 4 0 3 0 0 1 0 0 0 0 0
1592002220 252 14 21 0 12 0 0 0 0 4 0 3 0 0 1 0 0 0 0 0
1592003021 252 14 21 0 12 0 0 0 0 4 0 3 0 0 1 0 0 0 0 0
1592158088 253 14 21 0 12 0 0 0 0 4 0 3 0 0 1 0 0 0 0 0
1593035501 254 14 21 0 12 0 0 0 0 4 0 3 0 0 1 0 0 0 0 0
1593202615 255 15 21 0 12 0 0 0 0 4 0 3 0 0 1 0 0 0 0 0
1593277442 255 16 21 0 12 0 0 0 0 4 0 3 0 0 1 0 0 0 0 0
1593462857 256 16 21 0 12 0 0 0 0 4 0 3 0 0 1 0 0 0 0 0
1594397626 257 16 21 0 12 0 0 0 0 4 0 3 0 0 1 0 0 0 0 0
1595252720 258 16 21 0 12 0 0 0 0 4 0 3 0 0 1 0 0 0 0 0
1595253647 259 16 21 0 12 0 0 0 0 4 0 3 0 0 1 0 0 0 0 0
1596063817 259 17 21 0 12 0 0 0 0 4 0 3 0 0 1 0 0 0 0 0
1596064664 260 17 21 0 12 0 0 0 0 4 0 3 0 0 1 0 0 0 0 0
1597399213 260 17 21 0 12 0 0 0 0 4 0 3 0 0 1 0 0 0 0 0
1597419046 261 17 21 0 12 0 0 0 0 4 0 3 0 0 1 0 0 0 0 0
1597419225 262 17 21 0 12 0 0 0 0 4 0 3 0 0 1 0 0 0 0 0
1597848618 263 17 21 0 12 0 0 0 0 4 0 3 0 0 1 0 0 0 0 0
1598217915 263 18 21 1 12 0 0 0 0 4 0 3 0 0 1 0 0 0 0 0
1598231558 263 18 21 2 12 0 0 0 0 4 0 3 0 0 1 0 0 0 0 0
1598233915 263 18 21 3 12 0 0 0 0 4 0 3 0 0 1 0 0 0 0 0
1598238946 263 18 21 9 12 0 0 0 0 4 0 3 0 0 1 0 0 0 0 0
1598317796 263 18 21 10 12 0 0 0 0 4 0 3 0 0 1 0 0 0 0 0
1598318410 263 18 21 11 12 0 0 0 0 4 0 3 0 0 1 0 0 0 0 0
1598318801 263 18 21 12 12 0 0 0 0 4 0 3 0 0 1 0 0 0 0 0
1598319089 263 18 21 13 12 0 0 0 0 4 0 3 0 0 1 0 0 0 0 0
1598372775 263 18 21 14 12 0 0 0 0 4 0 3 0 0 1 0 0 0 0 0
1598475339 264 18 21 14 12 0 0 0 0 4 0 3 0 0 1 0 0 0 0 0
1598779653 264 18 21 14 12 0 0 0 0 4 0 3 0 0 1 0 0 0 1 0
1598843627 264 18 21 15 12 0 0 0 0 4 0 3 0 0 1 0 0 0 1 0
1598847707 264 18 21 16 12 0 0 0 0 4 0 3 0 0 1 0 0 0 1 0
1598888161 264 18 21 17 12 0 0 0 0 4 0 3 0 0 1 0 0 0 1 0
1598896615 264 21 21 17 12 0 0 0 0 4 0 3 0 0 1 0 0 0 1 0
1598907348 265 21 21 17 12 0 0 0 0 4 0 3 0 0 1 0 0 0 1 0
1598909829 266 21 21 17 12 0 0 0 0 4 0 3 0 0 1 0 0 0 1 0
1598910399 267 21 21 17 12 0 0 0 0 4 0 3 0 0 1 0 0 0 1 0
1598955616 267 21 21 17 12 0 0 0 0 4 0 3 0 0 1 0 0 0 2 0
1598968044 268 21 21 17 12 0 0 0 0 4 0 3 0 0 1 0 0 0 2 0
1598968356 269 21 21 17 12 0 0 0 0 4 0 3 0 0 1 0 0 0 2 0
1599063706 270 21 21 17 12 0 0 0 0 4 0 3 0 0 1 0 0 0 2 0
1599767655 271 21 21 17 12 0 0 0 0 4 0 3 0 0 1 0 0 0 2 0
1599767702 272 21 21 17 12 0 0 0 0 4 0 3 0 0 1 0 0 0 2 0
1599770000 273 21 21 17 12 0 0 0 0 4 0 3 0 0 1 0 0 0 2 0
1599770876 274 21 21 17 12 0 0 0 0 4 0 3 0 0 1 0 0 0 2 0
1599773915 275 21 21 17 12 0 0 0 0 4 0 3 0 0 1 0 0 0 2 0
1600095915 276 21 21 17 12 0 0 0 0 4 0 3 0 0 1 0 0 0 2 0
1600096659 277 21 21 17 12 0 0 0 0 4 0 3 0 0 1 0 0 0 2 0
1600184949 278 21 21 17 12 0 0 0 0 4 0 3 0 0 1 0 0 0 2 0
1600970819 279 21 21 17 12 0 0 0 0 4 0 3 0 0 1 0 0 0 2 0
1601390543 280 21 21 17 12 0 0 0 0 4 0 3 0 0 1 0 0 0 2 0
1601391596 281 21 21 17 12 0 0 0 0 4 0 3 0 0 1 0 0 0 2 0
1601391949 282 21 21 17 12 0 0 0 0 4 0 3 0 0 1 0 0 0 2 0
1601393153 283 21 21 17 12 0 0 0 0 4 0 3 0 0 1 0 0 0 2 0
1601403780 284 21 21 17 12 0 0 0 0 4 0 3 0 0 1 0 0 0 2 0
1601559668 285 21 21 17 12 0 0 0 0 4 0 3 0 0 1 0 0 0 2 0
1602904811 286 21 21 17 12 0 0 0 0 4 0 3 0 0 1 0 0 0 2 0
1602904995 287 21 21 17 12 0 0 0 0 4 0 3 0 0 1 0 0 0 2 0
1603165763 287 21 21 17 12 0 0 0 0 4 0 3 0 0 1 0 0 0 2 0
1603209565 288 21 21 17 12 0 0 0 0 4 0 3 0 0 1 0 0 0 2 0
1603211015 289 21 21 17 12 0 0 0 0 4 0 3 0 0 1 0 0 0 2 0
1603211277 290 21 21 17 12 0 0 0 0 4 0 3 0 0 1 0 0 0 2 0
1604009616 290 21 21 17 12 0 0 0 0 4 0 3 0 0 1 0 0 0 2 0
1604061281 290 22 21 17 12 0 0 0 0 4 0 3 0 0 1 0 0 0 2 0
1606927484 291 22 21 17 12 0 0 0 0 4 0 3 0 0 1 0 0 0 2 0
1607260394 291 22 21 17 12 0 0 0 0 4 0 3 0 0 1 0 0 0 2 0
1607274517 292 22 21 17 12 0 0 0 0 4 0 3 0 0 1 0 0 0 2 0
1610539002 292 23 21 17 12 0 0 0 0 4 0 3 0 0 1 0 0 0 2 0
1612371236 293 23 21 17 12 0 0 0 0 4 0 3 0 0 1 0 0 0 2 0
1612376866 294 23 21 17 12 0 0 0 0 4 0 3 0 0 1 0 0 0 2 0
1612377711 295 23 21 17 12 0 0 0 0 4 0 3 0 0 1 0 0 0 2 0
1612563945 296 23 21 17 12 0 0 0 0 4 0 3 0 0 1 0 0 0 2 0
1612641773 296 24 21 17 12 0 0 0 0 4 0 3 0 0 1 0 0 0 2 0
1612650340 296 25 21 17 12 0 0 0 0 4 0 3 0 0 1 0 0 0 2 0
1613417029 298 25 21 17 12 0 0 0 0 4 0 3 0 0 1 0 0 0 2 0
1613680474 299 25 21 17 12 0 0 0 0 4 0 3 0 0 1 0 0 0 2 0
1614257832 299 25 21 17 12 0 0 0 0 4 0 3 0 0 1 0 0 0 2 1
1614298632 299 26 21 17 12 0 0 0 0 4 0 3 0 0 1 0 0 0 2 1
1614552606 300 26 21 17 12 0 0 0 0 4 0 3 0 0 1 0 0 0 2 1
1614553520 301 26 21 17 12 0 0 0 0 4 0 3 0 0 1 0 0 0 2 1
1614563543 302 26 21 17 12 0 0 0 0 4 0 3 0 0 1 0 0 0 2 1
1614564681 303 26 21 17 12 0 0 0 0 4 0 3 0 0 1 0 0 0 2 1
1616264179 304 26 21 17 12 0 0 0 0 4 0 3 0 0 1 0 0 0 2 2
1616353302 305 26 21 17 12 0 0 0 0 4 0 3 0 0 1 0 0 0 2 2
1616358080 306 26 21 17 12 0 0 0 0 4 0 3 0 0 1 0 0 0 2 2
1616373778 307 26 21 17 12 0 0 0 0 4 0 3 0 0 1 0 0 0 2 2
1616427234 307 26 21 17 12 0 0 0 0 4 0 3 0 0 1 0 0 0 2 2
1616958762 308 26 21 17 12 0 0 0 0 4 0 3 0 0 1 0 0 0 2 2
1616976078 309 26 21 17 12 0 0 0 0 4 0 3 0 0 1 0 0 0 2 2
1619823956 310 26 21 17 12 0 0 0 0 4 0 3 0 0 1 0 0 0 2 2
1621355289 311 26 21 17 12 0 0 0 0 4 0 3 0 0 1 0 0 0 2 2
1621355309 312 26 21 17 12 0 0 0 0 4 0 3 0 0 1 0 0 0 2 2
1625757254 314 26 21 17 12 0 0 0 0 4 0 3 0 0 1 0 0 0 2 2
1627418273 315 26 21 17 12 0 0 0 0 4 0 3 0 0 1 0 0 0 2 2
1629821372 318 26 21 17 12 0 0 0 0 4 0 3 0 0 1 0 0 0 2 2
1630491886 318 26 21 17 12 0 0 0 0 4 0 3 0 0 1 0 0 0 2 2
1631292538 319 26 21 17 12 0 0 0 0 4 0 3 0 0 1 0 0 0 2 2
1631293153 320 26 21 17 12 0 0 0 0 4 0 3 0 0 1 0 0 0 2 2
1631294213 321 26 21 17 12 0 0 0 0 4 0 3 0 0 1 0 0 0 2 2
1631868059 321 26 22 17 12 0 0 0 0 4 0 3 0 0 1 0 0 0 2 2
1633605816 321 26 22 17 12 1 0 0 0 4 0 3 0 0 1 0 0 0 2 2
1633689275 321 26 22 17 12 2 0 0 0 4 0 3 0 0 1 0 0 0 2 2
1633690278 321 26 22 17 12 3 0 0 0 4 0 3 0 0 1 0 0 0 2 2
1633693504 321 26 22 17 12 4 0 0 0 4 0 3 0 0 1 0 0 0 2 2
1633805167 321 26 22 17 12 5 0 0 0 4 0 3 0 0 1 0 0 0 2 2
1634052208 321 26 22 17 12 6 0 0 0 4 0 3 0 0 1 0 0 0 2 2
1634054052 321 26 22 17 12 7 0 0 0 4 0 3 0 0 1 0 0 0 2 2
1634077405 321 26 22 17 12 8 0 0 0 4 0 3 0 0 1 0 0 0 2 2
1634262482 322 26 22 17 12 8 0 0 0 4 0 3 0 0 1 0 0 0 2 2
1634848592 323 26 22 17 12 8 0 0 0 4 0 3 0 0 1 0 0 0 2 2
1634851426 325 26 22 17 12 8 0 0 0 4 0 3 0 0 1 0 0 0 2 2
1634854563 326 26 22 17 12 8 0 0 0 4 0 3 0 0 1 0 0 0 2 2
1635008992 327 26 22 17 12 8 0 0 0 4 0 3 0 0 1 0 0 0 2 2
1635523648 328 26 22 17 12 8 0 0 0 4 0 3 0 0 1 0 0 0 2 2
1635530662 329 26 22 17 12 8 0 0 0 4 0 3 0 0 1 0 0 0 2 2
1635533082 330 26 22 17 12 8 0 0 0 4 0 3 0 0 1 0 0 0 2 2
1636072625 331 26 22 17 12 8 0 0 0 4 0 3 0 0 1 0 0 0 2 2
1636085825 332 26 22 17 12 8 0 0 0 4 0 3 0 0 1 0 0 0 2 2
1636133241 333 26 22 17 12 8 0 0 0 4 0 3 0 0 1 0 0 0 2 2
1636813455 334 26 22 17 12 8 0 0 0 4 0 3 0 0 1 0 0 0 2 2
1638299012 335 26 22 17 12 8 0 0 0 4 0 3 0 0 1 0 0 0 2 2
1638722842 336 26 22 17 12 8 0 0 0 4 0 3 0 0 1 0 0 0 2 2
1640214969 336 26 22 17 12 8 0 0 0 4 0 3 0 0 1 0 0 0 2 2
1640889244 337 26 22 17 12 8 0 0 0 4 0 3 0 0 1 0 0 0 2 2
1641588695 338 26 22 17 12 8 0 0 0 4 0 3 0 0 1 0 0 0 2 2
1641615059 339 26 22 17 12 8 0 0 0 4 0 3 0 0 1 0 0 0 2 2
1641618379 341 26 22 17 12 8 0 0 0 4 0 3 0 0 1 0 0 0 2 2
1641672734 341 27 22 17 12 8 0 0 0 4 0 3 0 0 1 0 0 0 2 2
1641866557 342 27 22 17 12 8 0 0 0 4 0 3 0 0 1 0 0 0 2 2
1642532332 343 27 22 17 12 8 0 0 0 4 0 3 0 0 1 0 0 0 2 2
1642970764 343 27 22 17 12 8 0 0 0 4 0 3 0 0 1 0 0 1 2 2
1643070573 343 27 22 17 12 8 0 0 0 4 0 3 0 0 1 0 0 2 2 2
1643075257 344 27 22 17 12 8 0 0 0 4 0 3 0 0 1 0 0 2 2 2
1643129269 345 27 22 17 12 8 0 0 0 4 0 3 0 0 1 0 0 2 2 2
1643129477 346 27 22 17 12 8 0 0 0 4 0 3 0 0 1 0 0 2 2 2
1646259684 347 27 22 17 12 8 0 0 0 4 0 3 0 0 1 0 0 2 2 2
1646261705 348 27 22 17 12 8 0 0 0 4 0 3 0 0 1 0 0 2 2 2
1646265099 349 27 22 17 12 8 0 0 0 4 0 3 0 0 1 0 0 2 2 2
1646325672 350 27 22 17 12 8 0 0 0 4 0 3 0 0 1 0 0 2 2 2
1646327174 351 27 22 17 12 8 0 0 0 4 0 3 0 0 1 0 0 2 2 2
1646407154 352 27 22 17 12 8 0 0 0 4 0 3 0 0 1 0 0 2 2 2
1646445708 353 27 22 17 12 8 0 0 0 4 0 3 0 0 1 0 0 2 2 2
1646509948 354 27 22 17 12 8 0 0 0 4 0 3 0 0 1 0 0 2 2 2
1648259300 354 27 22 17 12 8 0 0 1 4 0 3 0 0 1 0 0 2 2 2
1648259455 354 27 22 17 12 8 0 0 2 4 0 3 0 0 1 0 0 2 2 2
1648259564 354 27 22 17 12 8 0 0 3 4 0 3 0 0 1 0 0 2 2 2
1648259585 354 27 22 17 12 8 0 0 4 4 0 3 0 0 1 0 0 2 2 2
1648414202 357 27 22 17 12 8 0 0 4 4 0 3 0 0 1 0 0 2 2 2
1649523460 357 27 22 17 12 8 0 0 4 4 0 3 0 0 1 0 0 2 2 2
1649796275 358 27 22 17 12 8 0 0 4 4 0 3 0 0 1 0 0 2 2 2
1650203729 358 27 23 17 12 8 0 0 4 4 0 3 0 0 1 0 0 2 2 2
1650236656 359 27 23 17 12 8 0 0 4 4 0 3 0 0 1 0 0 2 2 2
1650239283 360 27 23 17 12 8 0 0 4 4 0 3 0 0 1 0 0 2 2 2
1654663971 361 27 23 17 12 8 0 0 4 4 0 3 0 0 1 0 0 2 2 2
1654874043 361 27 23 17 12 8 0 0 4 4 0 3 0 0 1 0 0 2 2 2
1656004073 362 27 23 17 12 8 0 0 4 4 0 3 0 0 1 0 0 2 2 2
1658156802 362 27 23 17 12 8 0 0 4 4 0 3 0 1 1 0 0 2 2 2
1658157160 362 27 23 17 12 8 0 0 4 4 0 3 0 2 1 0 0 2 2 2
1658512024 363 27 23 17 12 8 0 0 4 4 0 3 0 3 1 0 0 2 2 2
1659042913 364 27 23 17 12 8 0 0 4 4 0 3 0 3 1 0 0 2 2 2
1662227941 364 27 23 17 12 8 0 0 4 4 0 3 0 3 2 0 0 2 2 2
1663152785 364 27 23 17 12 8 0 0 4 4 0 3 1 3 2 0 0 2 2 2
1664766453 364 27 23 17 12 8 0 0 4 4 0 3 2 3 2 0 0 2 2 2
1664771332 364 27 23 17 12 8 0 0 4 4 0 3 3 3 2 0 0 2 2 2
1665527242 364 27 23 17 12 8 0 0 4 4 0 3 3 3 2 0 0 2 2 2
1665560458 365 27 23 17 12 8 0 0 4 4 0 3 3 3 2 0 0 2 2 2
1668975350 366 27 23 17 12 8 0 0 4 4 0 3 3 3 2 0 0 2 2 2
1668975600 367 27 23 17 12 8 0 0 4 4 0 3 3 3 2 0 0 2 2 2
1668975657 368 27 23 17 12 8 0 0 4 4 0 3 3 3 2 0 0 2 2 2
1668976752 370 27 23 17 12 8 0 0 4 4 0 3 3 3 2 0 0 2 2 2
1668979415 371 27 23 17 12 8 0 0 4 4 0 3 3 3 2 0 0 2 2 2
1668985765 372 27 23 17 12 8 0 0 4 4 0 3 3 3 2 0 0 2 2 2
1668986667 373 27 23 17 12 8 0 0 4 4 0 3 3 3 2 0 0 2 2 2
1668992929 374 27 23 17 12 8 0 0 4 4 0 3 3 3 2 0 0 2 2 2
1668993833 375 27 23 17 12 8 0 0 4 4 0 3 3 3 2 0 0 2 2 2
1669105992 376 27 23 17 12 8 0 0 4 4 0 3 3 3 2 0 0 2 2 2
1669187345 378 27 23 17 12 8 0 0 4 4 0 3 3 3 2 0 0 2 2 2
1669440469 379 27 23 17 12 8 0 0 4 4 0 3 3 3 2 0 0 2 2 2
1670975430 380 27 23 17 12 8 0 0 4 4 0 3 3 3 2 0 0 2 2 2
1670975768 381 27 23 17 12 8 0 0 4 4 0 3 3 3 2 0 0 2 2 2
1674139729 381 27 23 17 12 8 0 0 4 4 0 3 3 3 2 0 0 2 2 2
1674469950 381 27 23 17 12 8 0 0 4 4 0 3 3 3 2 0 2 2 2 2
1675533541 382 27 23 17 12 8 0 0 4 4 0 3 3 3 2 0 2 2 2 2
1675534414 384 27 23 17 12 8 0 0 4 4 0 3 3 3 2 0 2 2 2 2
1675535757 385 27 23 17 12 8 0 0 4 4 0 3 3 3 2 0 2 2 2 2
1679785321 386 27 23 17 12 8 0 0 4 4 0 3 3 3 2 0 2 2 2 2
1682108465 386 28 23 17 12 8 0 6 4 4 0 3 3 3 2 0 2 2 2 2
1682929681 387 28 23 17 12 8 0 6 4 4 0 3 3 3 2 0 2 2 2 2
1682963689 387 28 23 17 12 8 0 6 4 4 0 3 3 3 3 0 2 2 2 2
1684871235 389 28 23 17 12 8 2 6 4 4 0 3 3 3 3 0 2 2 2 2
1684925507 389 28 23 17 12 8 3 6 4 4 0 3 3 3 3 0 2 2 2 2
1684926109 389 28 23 17 12 8 4 6 4 4 0 3 3 3 3 0 2 2 2 2
1684926390 389 28 23 17 12 8 5 6 4 4 0 3 3 3 3 0 2 2 2 2
1686105506 390 28 23 17 12 8 5 6 4 4 0 3 3 3 3 0 2 2 2 2
1686253698 391 28 23 17 12 8 5 6 4 4 0 3 3 3 3 0 2 2 2 2
1686254365 393 28 23 17 12 8 5 6 4 4 0 3 3 3 3 0 2 2 2 2
1686561208 393 28 23 17 12 8 6 6 4 4 0 3 3 3 3 0 2 2 2 2
1687033346 394 28 23 17 12 8 7 6 4 4 0 3 3 3 3 0 2 2 2 2
1687346586 394 28 23 17 12 8 7 6 4 4 0 3 3 3 3 0 2 2 2 2
1687590887 394 28 23 17 12 8 7 6 4 4 1 3 3 3 3 0 2 2 2 2
1687662855 394 28 23 17 12 8 7 6 4 4 2 3 3 3 3 0 2 2 2 2
1687662962 394 28 23 17 12 8 7 6 4 4 3 3 3 3 3 0 2 2 2 2
1688578087 395 28 23 17 12 8 7 6 4 4 3 3 3 3 3 0 2 2 2 2
1688675168 396 28 23 17 12 8 7 6 4 4 3 3 3 3 3 0 2 2 2 2
1688675366 397 28 23 17 12 8 7 6 4 4 3 3 3 3 3 1 2 2 2 2
1688920477 397 28 23 17 12 8 7 6 4 4 3 3 3 3 3 2 2 2 2 2
1688920495 397 28 23 17 12 8 7 6 4 4 3 3 3 3 3 3 2 2 2 2
