1575323576 1
1575324187 340
1575325855 802
1575325953 812
1575327731 1798
1575388847 2446
1575397648 2563
1575398052 2620
1575398670 2658
1575476788 2696
1575482225 2733
1575482573 2742
1575579688 2744
1575710603 2744
1575924718 2744
1577998554 7627
1578073864 7616
1578130243 2749
1578130435 7627
1578192578 7627
1578248990 7633
1578251946 7630
1578256392 7628
1578257397 7620
1578274940 9550
1578276409 9551
1578282986 9547
1578284180 9547
1578284900 9547
1578353153 9547
1578428456 9074
1578428460 9074
1578429660 9070
1578436766 9146
1578437090 9146
1578437870 9146
1578493744 9161
1578493764 9160
1578493876 9160
1578494472 9160
1578500184 9162
1578508082 9163
1578520919 9318
1578526024 9323
1578526913 9322
1578541877 13408
1578542386 11729
1578542655 11599
1578543032 11597
1578543304 11267
1578543547 11246
1578577457 9338
1578579260 9350
1578585055 11254
1578588489 11254
1578600795 11258
1578602422 11255
1578606577 11255
1578653474 11255
1578660145 11255
1578667995 12711
1578668417 11255
1578669732 11255
1578670188 11255
1578671373 11271
1578720187 11271
1578757244 11286
1578758665 11285
1578780418 11271
1578791588 11319
1578866755 11271
1578934856 11286
1578935046 11286
1578939666 11286
1578944848 11319
1578957067 12533
1579032517 11346
1579102866 11346
1579103207 11356
1579108940 12545
1579217360 12542
1579285779 12601
1579286169 12601
1579286399 12603
1579287292 12603
1579359460 12608
1579459315 12629
1579529377 12653
1579538181 12712
1579539770 12651
1579555156 12724
1579556190 12728
1579564235 12733
1579621537 12733
1579621906 12738
1579626582 12756
1579630845 12800
1579633499 13102
1579640607 12787
1579742535 12778
1579746924 13103
1579774754 13137
1579780306 13137
1579780716 13125
1579826561 13133
1580070652 13247
1580073130 13247
1580135054 13303
1580135356 13263
1580148120 13259
1580148272 13259
1580148416 13263
1580150760 13289
1580151472 13262
1580160094 13268
1580235922 13268
1580235997 13268
1580238686 13269
1580320271 13304
1580321144 13304
1580657143 13411
1580669258 13301
1580678480 13327
1580683230 13416
1580742812 13463
1580743245 13464
1580747750 13806
1580749418 13464
1580765847 13474
1580827111 13475
1580828566 13479
1581032630 13807
1581101202 13813
1581366250 13814
1581441930 33245
1581447506 13818
1581448410 33518
1581464243 33561
1581482741 13818
1581487689 33571
1581520974 13837
1581531024 33598
1581535051 33620
1581536315 33650
1581536484 33650
1581537420 33650
1581545324 33650
1581549816 33650
1581601592 33650
1581603372 33650
1581610087 33652
1581613335 33652
1581697203 33652
1581699599 33653
1582148282 33679
1582326871 33703
1582647604 33756
1582650712 33756
1582815166 33756
1583102016 33757
1583423651 33776
1584301678 33785
1584374776 33804
1584375976 33812
1584394688 33825
1584469557 33825
1585082733 33826
1585166000 33868
1585168176 33934
1585171503 33934
1585430851 33967
1585437325 33935
1585438025 33946
1585439164 33946
1585457617 33970
1585458090 33971
1585458417 33975
1585460537 33975
1585523104 34022
1585538018 34022
1585577296 34024
1585672601 34080
1585684977 34027
1585686054 34029
1585836147 34080
1585837426 34085
1586532277 34084
1586660506 34121
1586687770 34121
1586814929 34152
1586841218 34152
1588037454 34302
1588087239 34302
1588554838 34520
1588601986 34302
1589291709 34506
1589303302 34757
1589398397 35083
1589406449 34756
1589409939 35098
1589469205 35152
1589470168 35151
1589470325 35151
1589479357 35249
1589563199 35254
1589570887 35333
1589573118 35333
1589573471 35333
1589650150 35335
1590250734 35370
1590251642 35400
1590258490 35400
1590258544 35403
1590260203 35412
1590261199 35412
1590261362 35413
1590456043 35413
1590456149 35413
1590467139 35419
1592002220 35438
1592003021 35436
1592158088 35468
1593035501 35499
1593202615 35499
1593277442 35523
1593462857 35523
1594397626 35523
1595252720 35526
1595253647 35526
1596063817 35538
1596064664 35538
1597399213 35543
1597419046 35541
1597419225 35544
1597848618 35545
1598217915 35558
1598475339 35557
1598508692 35562
1598895538 44243
1598895943 44183
1598896615 44189
1598907348 44248
1598909829 44255
1598910399 44256
1598968044 44256
1598968356 44256
1599063706 44271
1599767655 44323
1599767702 44323
1599770000 44301
1599770876 44326
1599773915 44336
1600095915 44330
1600096659 44330
1600184949 44330
1600970819 44331
1601390543 44438
1601391596 44451
1601391949 44453
1601393153 44464
1601403780 44510
1601559668 44510
1602904811 44515
1602904995 44516
1603209565 44516
1603211015 44522
1603211277 44559
1604061281 44565
1606927484 44565
1607260394 44565
1607274517 44567
1610034562 44651
1610539002 44567
1612371236 44638
1612376866 44665
1612377711 44666
1612563945 44667
1612641773 44667
1612650340 44667
1613416849 44664
1613417029 44665
1613680474 44664
1614257832 44664
1614298632 44664
1614552606 44672
1614553520 44672
1614563543 44588
1614564681 44670
1616264179 44651
1616353302 44678
1616358080 44618
1616373778 44631
1616427234 44631
1616958762 44634
1616976078 44632
1619823956 44654
1621355289 44654
1621355309 44654
1621355316 44651
1625757254 44651
1627418273 44651
1627616789 44682
1628795990 44677
1629821372 44671
1630491886 44682
1631292538 44683
1631293153 44686
1631294213 44686
1631868059 44685
1634262482 44740
1634848592 44740
1634848868 44740
1634851426 44740
1634854563 44759
1635008992 44759
1635523648 44758
1635530662 44758
1635533082 44758
1636072625 44766
1636085825 44796
1636133241 44796
1636813455 44796
1638299012 44797
1638722842 45277
1640214969 45285
1640889244 45285
1641588695 45364
1641615059 45387
1641615200 45387
1641618379 45387
1641672734 45393
1641866557 45393
1642532332 45398
1642970764 45402
1643070573 45412
1643075257 45457
1643129269 45472
1643129477 45427
1646259684 45448
1646261705 45465
1646265099 45449
1646325672 45443
1646327174 45442
1646407154 45443
1646445708 45448
1646509948 45451
1648414020 45451
1648414054 45451
1648414202 45450
1649523460 45451
1649796275 45451
1650203729 45466
1650236656 45466
1650239283 45466
1654056953 45823
1654072880 45825
1654445661 45823
1654453404 45842
1654529302 45859
1654663971 45466
1654874043 45466
1655140143 45859
1656004073 45468
1658156802 45468
1658157160 45468
1658472417 45467
1658512024 45467
1659042913 45467
1662227941 45468
1662840585 46218
1665560458 45481
1668971480 45621
1668975350 45611
1668975600 45611
1668975657 45622
1668976752 45611
1668979415 45621
1668985765 45621
1668986667 45621
1668992929 45630
1668993833 45630
1669105992 45648
1669108738 45678
1669187345 45665
1669440469 45718
1670975430 45715
1670975768 45724
1673573586 45734
1674139729 45724
1674349024 45734
1674469950 45724
1675533541 45741
1675533623 45758
1675534414 45750
1675535757 45758
1679785321 45755
1681291613 45890
1681808359 45859
1682108465 45755
1682929681 45890
1682963689 45892
1683797198 45961
1683804359 45992
1683868270 45992
1683868276 45992
1684871235 45892
1684925507 45993
1684926109 46009
1684926390 46025
1686063977 46131
1686105506 46062
1686252245 46082
1686253698 46092
1686254365 46092
1686561208 46082
1686564618 46086
1687033346 46083
1687346586 46086
1687590887 46086
1687662855 46093
1687662962 46093
1688578087 46103
1688675168 46103
1688675366 46117
1688920477 46189
1688920495 46189
