1575323576 1 0 0 0 0 0 0 0 0 0 0 0 0 0 0 0 0 0 0 0
1575324187 340 0 0 0 0 0 0 0 0 0 0 0 0 0 0 0 0 0 0 0
1575325855 802 0 0 0 0 0 0 0 0 0 0 0 0 0 0 0 0 0 0 0
1575325953 812 0 0 0 0 0 0 0 0 0 0 0 0 0 0 0 0 0 0 0
1575327731 1799 0 0 0 0 0 0 0 0 0 0 0 0 0 0 0 0 0 0 0
1575388847 2454 0 0 0 0 0 0 0 0 0 0 0 0 0 0 0 0 0 0 0
1575397648 2572 0 0 0 0 0 0 0 0 0 0 0 0 0 0 0 0 0 0 0
1575398052 2629 0 0 0 0 0 0 0 0 0 0 0 0 0 0 0 0 0 0 0
1575398670 2680 0 0 0 0 0 0 0 0 0 0 0 0 0 0 0 0 0 0 0
1575404288 2819 0 0 0 0 0 0 0 0 0 0 0 0 0 0 0 0 0 0 0
1575404296 2870 0 0 0 0 0 0 0 0 0 0 0 0 0 0 0 0 0 0 0
1575406018 3003 0 0 0 0 0 0 0 0 0 0 0 0 0 0 0 0 0 0 0
1575408199 3027 0 0 0 0 0 0 0 0 0 0 0 0 0 0 0 0 0 0 0
1575476788 3027 0 38 0 0 0 0 0 0 0 0 0 0 0 0 0 0 0 0 0
1575482225 3027 0 83 0 0 0 0 0 0 0 0 0 0 0 0 0 0 0 0 0
1575482283 3027 0 83 0 0 0 0 0 0 0 0 0 0 0 0 0 0 0 0 0
1575482573 3290 0 93 0 0 0 0 0 0 0 0 0 0 0 0 0 0 0 0 0
1575496550 3341 0 93 0 0 0 0 0 0 0 0 0 0 0 0 0 0 0 0 0
1575499146 3445 0 93 0 0 0 0 0 0 0 0 0 0 0 0 0 0 0 0 0
1575531903 3445 0 93 0 0 0 0 0 0 0 0 0 0 0 0 0 0 0 0 0
1575579688 3445 0 99 0 0 0 0 0 0 0 0 0 0 0 0 0 0 0 0 0
1575586579 3959 0 99 0 0 0 0 0 0 0 0 0 0 0 0 0 0 0 0 0
1575664340 4033 0 99 0 0 0 0 0 0 0 0 0 0 0 0 0 0 0 0 0
1575664973 4284 0 99 0 0 0 0 0 0 0 0 0 0 0 0 0 0 0 0 0
1575670719 4347 0 99 0 0 0 0 0 0 0 0 0 0 0 0 0 0 0 0 0
1575710603 4347 0 102 0 0 0 0 0 0 0 0 0 0 0 0 0 0 0 0 0
1575773142 4356 0 102 0 0 0 0 0 0 0 0 0 0 0 0 0 0 0 0 0
1575773216 4442 0 102 0 0 0 0 0 0 0 0 0 0 0 0 0 0 0 0 0
1575773713 4462 0 102 0 0 0 0 0 0 0 0 0 0 0 0 0 0 0 0 0
1575774139 4465 0 102 0 0 0 0 0 0 0 0 0 0 0 0 0 0 0 0 0
1575775438 4466 0 102 0 0 0 0 0 0 0 0 0 0 0 0 0 0 0 0 0
1575775610 6287 0 102 0 0 0 0 0 0 0 0 0 0 0 0 0 0 0 0 0
1575780225 6630 0 102 0 0 0 0 0 0 0 0 0 0 0 0 0 0 0 0 0
1575845922 6804 0 102 0 0 0 0 0 0 0 0 0 0 0 0 0 0 0 0 0
1575846299 6811 0 102 0 0 0 0 0 0 0 0 0 0 0 0 0 0 0 0 0
1575847029 6856 0 102 0 0 0 0 0 0 0 0 0 0 0 0 0 0 0 0 0
1575860312 6857 0 102 0 0 0 0 0 0 0 0 0 0 0 0 0 0 0 0 0
1575865878 6868 0 102 0 0 0 0 0 0 0 0 0 0 0 0 0 0 0 0 0
1575924718 6868 0 103 0 0 0 0 0 0 0 0 0 0 0 0 0 0 0 0 0
1575944404 6917 0 103 0 0 0 0 0 0 0 0 0 0 0 0 0 0 0 0 0
1575944553 6919 0 103 0 0 0 0 0 0 0 0 0 0 0 0 0 0 0 0 0
1575944724 6921 0 103 0 0 0 0 0 0 0 0 0 0 0 0 0 0 0 0 0
1575946205 6933 0 103 0 0 0 0 0 0 0 0 0 0 0 0 0 0 0 0 0
1575947628 6934 0 103 0 0 0 0 0 0 0 0 0 0 0 0 0 0 0 0 0
1576007866 6946 0 103 0 0 0 0 0 0 0 0 0 0 0 0 0 0 0 0 0
1576077264 7060 0 103 0 0 0 0 0 0 0 0 0 0 0 0 0 0 0 0 0
1576079230 7192 0 103 0 0 0 0 0 0 0 0 0 0 0 0 0 0 0 0 0
1576079418 7423 0 103 0 0 0 0 0 0 0 0 0 0 0 0 0 0 0 0 0
1576080143 8060 0 103 0 0 0 0 0 0 0 0 0 0 0 0 0 0 0 0 0
1576107749 8067 0 103 0 0 0 0 0 0 0 0 0 0 0 0 0 0 0 0 0
1576121573 8067 0 103 0 0 0 0 0 0 0 0 0 0 0 0 0 0 0 0 0
1576121643 8067 0 103 0 0 0 0 0 0 0 0 0 0 0 0 0 0 0 0 0
1576122119 8070 0 103 0 0 0 0 0 0 0 0 0 0 0 0 0 0 0 0 0
1576124374 8113 0 103 0 0 0 0 0 0 0 0 0 0 0 0 0 0 0 0 0
1576124485 8114 0 103 0 0 0 0 0 0 0 0 0 0 0 0 0 0 0 0 0
1576168111 8541 0 103 0 0 0 0 0 0 0 0 0 0 0 0 0 0 0 0 0
1576177678 8555 0 103 0 0 0 0 0 0 0 0 0 0 0 0 0 0 0 0 0
1576179656 8624 0 103 0 0 0 0 0 0 0 0 0 0 0 0 0 0 0 0 0
1576182129 8630 0 103 0 0 0 0 0 0 0 0 0 0 0 0 0 0 0 0 0
1576191163 8709 0 103 0 0 0 0 0 0 0 0 0 0 0 0 0 0 0 0 0
1576192877 9171 0 103 0 0 0 0 0 0 0 0 0 0 0 0 0 0 0 0 0
1576211462 9194 0 103 0 0 0 0 0 0 0 0 0 0 0 0 0 0 0 0 0
1576212013 9201 0 103 0 0 0 0 0 0 0 0 0 0 0 0 0 0 0 0 0
1576247001 9216 0 103 0 0 0 0 0 0 0 0 0 0 0 0 0 0 0 0 0
1576249606 9222 0 103 0 0 0 0 0 0 0 0 0 0 0 0 0 0 0 0 0
1576253170 9349 0 103 0 0 0 0 0 0 0 0 0 0 0 0 0 0 0 0 0
1576260498 9355 0 103 0 0 0 0 0 0 0 0 0 0 0 0 0 0 0 0 0
1576260605 9385 0 103 0 0 0 0 0 0 0 0 0 0 0 0 0 0 0 0 0
1576260726 9387 0 103 0 0 0 0 0 0 0 0 0 0 0 0 0 0 0 0 0
1576260948 9390 0 103 0 0 0 0 0 0 0 0 0 0 0 0 0 0 0 0 0
1576261184 9392 0 103 0 0 0 0 0 0 0 0 0 0 0 0 0 0 0 0 0
1576261621 9396 0 103 0 0 0 0 0 0 0 0 0 0 0 0 0 0 0 0 0
1576270581 9466 0 103 0 0 0 0 0 0 0 0 0 0 0 0 0 0 0 0 0
1576271620 9476 0 103 0 0 0 0 0 0 0 0 0 0 0 0 0 0 0 0 0
1576272073 9483 0 103 0 0 0 0 0 0 0 0 0 0 0 0 0 0 0 0 0
1576289444 9490 0 103 0 0 0 0 0 0 0 0 0 0 0 0 0 0 0 0 0
1576336376 9496 0 103 0 0 0 0 0 0 0 0 0 0 0 0 0 0 0 0 0
1576449841 9826 0 103 0 0 0 0 0 0 0 0 0 0 0 0 0 0 0 0 0
1576455721 9831 0 103 0 0 0 0 0 0 0 0 0 0 0 0 0 0 0 0 0
1577050047 9860 0 103 0 0 0 0 0 0 0 0 0 0 0 0 0 0 0 0 0
1577133569 9899 0 103 0 0 0 0 0 0 0 0 0 0 0 0 0 0 0 0 0
1577137660 9902 0 103 0 0 0 0 0 0 0 0 0 0 0 0 0 0 0 0 0
1577214634 9915 0 103 0 0 0 0 0 0 0 0 0 0 0 0 0 0 0 0 0
1577215804 9920 0 103 0 0 0 0 0 0 0 0 0 0 0 0 0 0 0 0 0
1577227276 9929 0 103 0 0 0 0 0 0 0 0 0 0 0 0 0 0 0 0 0
1577485238 10052 0 103 0 0 0 0 0 0 0 0 0 0 0 0 0 0 0 0 0
1577637436 10157 0 103 0 0 0 0 0 0 0 0 0 0 0 0 0 0 0 0 0
1578130243 10157 0 111 0 0 0 0 0 0 0 0 0 0 0 0 0 0 0 0 0
1578130435 10158 0 111 0 0 0 0 0 0 0 0 0 0 0 0 0 0 0 0 0
1578192578 10159 0 111 0 0 0 0 0 0 0 0 0 0 0 0 0 0 0 0 0
1578248990 10168 0 111 0 0 0 0 0 0 0 0 0 0 0 0 0 0 0 0 0
1578251946 10644 0 111 0 0 0 0 0 0 0 0 0 0 0 0 0 0 0 0 0
1578257397 10655 0 118 0 0 0 0 0 0 0 0 0 0 0 0 0 0 0 0 0
1578274940 12582 0 118 0 0 0 0 0 0 0 0 0 0 0 0 0 0 0 0 0
1578276409 12595 0 118 0 0 0 0 0 0 0 0 0 0 0 0 0 0 0 0 0
1578282986 12595 0 127 0 0 0 0 0 0 0 0 0 0 0 0 0 0 0 0 0
1578284180 12595 0 128 0 0 0 0 0 0 0 0 0 0 0 0 0 0 0 0 0
1578284900 12595 0 132 0 0 0 0 0 0 0 0 0 0 0 0 0 0 0 0 0
1578353153 12595 0 133 0 0 0 0 0 0 0 0 0 0 0 0 0 0 0 0 0
1578428456 13660 0 133 0 0 0 0 0 0 0 0 0 0 0 0 0 0 0 0 0
1578428460 13661 0 133 0 0 0 0 0 0 0 0 0 0 0 0 0 0 0 0 0
1578429660 13664 0 133 0 0 0 0 0 0 0 0 0 0 0 0 0 0 0 0 0
1578436766 13741 0 133 0 0 0 0 0 0 0 0 0 0 0 0 0 0 0 0 0
1578437090 13742 0 133 0 0 0 0 0 0 0 0 0 0 0 0 0 0 0 0 0
1578437870 13743 0 133 0 0 0 0 0 0 0 0 0 0 0 0 0 0 0 0 0
1578438242 13748 0 133 0 0 0 0 0 0 0 0 0 0 0 0 0 0 0 0 0
1578493744 13748 0 178 0 0 0 0 0 0 0 0 0 0 0 0 0 0 0 0 0
1578493764 13748 0 178 0 0 0 0 0 0 0 0 0 0 0 0 0 0 0 0 0
1578493876 13748 0 179 0 0 0 0 0 0 0 0 0 0 0 0 0 0 0 0 0
1578494472 13748 0 180 0 0 0 0 0 0 0 0 0 0 0 0 0 0 0 0 0
1578500184 13748 0 188 0 0 0 0 0 0 0 0 0 0 0 0 0 0 0 0 0
1578508082 13748 0 191 0 0 0 0 0 0 0 0 0 0 0 0 0 0 0 0 0
1578510673 13904 0 191 0 0 0 0 0 0 0 0 0 0 0 0 0 0 0 0 0
1578511639 13905 0 191 0 0 0 0 0 0 0 0 0 0 0 0 0 0 0 0 0
1578520919 13905 0 191 0 0 0 0 0 0 0 0 0 0 0 0 0 0 0 0 0
1578526024 13927 0 191 0 0 0 0 0 0 0 0 0 0 0 0 0 0 0 0 0
1578526913 13937 0 191 0 0 0 0 0 0 0 0 0 0 0 0 0 0 0 0 0
1578577457 13954 0 191 0 0 0 0 0 0 0 0 0 0 0 0 0 0 0 0 0
1578579260 18071 0 191 0 0 0 0 0 0 0 0 0 0 0 0 0 0 0 0 0
1578585055 18080 0 191 0 0 0 0 0 0 0 0 0 0 0 0 0 0 0 0 0
1578588489 18082 0 191 0 0 0 0 0 0 0 0 0 0 0 0 0 0 0 0 0
1578602422 18086 0 191 0 0 0 0 0 0 0 0 0 0 0 0 0 0 0 0 0
1578606577 18087 0 191 0 0 0 0 0 0 0 0 0 0 0 0 0 0 0 0 0
1578653474 18087 0 191 0 0 0 0 0 0 0 0 0 0 0 0 0 0 0 0 0
1578660145 18087 0 191 0 0 0 0 0 0 0 0 0 0 0 0 0 0 0 0 0
1578668417 18088 0 191 0 0 0 0 0 0 0 0 0 0 0 0 0 0 0 0 0
1578669732 18089 0 191 0 0 0 0 0 0 0 0 0 0 0 0 0 0 0 0 0
1578670188 18099 0 191 0 0 0 0 0 0 0 0 0 0 0 0 0 0 0 0 0
1578671373 18115 0 191 0 0 0 0 0 0 0 0 0 0 0 0 0 0 0 0 0
1578720187 18116 0 191 0 0 0 0 0 0 0 0 0 0 0 0 0 0 0 0 0
1578866755 18123 0 191 0 0 0 0 0 0 17 0 0 0 0 0 0 0 0 0 0
1578935046 18129 0 191 0 0 0 0 0 0 17 0 0 0 0 0 0 0 0 0 0
1578939666 18181 0 191 0 0 0 0 0 0 17 0 0 0 0 0 0 0 0 0 0
1578944848 18183 0 191 0 0 0 0 0 0 17 0 0 0 0 0 0 0 0 0 0
1578949967 18183 0 191 0 71 0 0 0 0 17 0 0 0 0 0 0 0 0 0 0
1578954988 18183 0 191 0 72 0 0 0 0 17 0 0 0 0 0 0 0 0 0 0
1578955230 18183 0 191 0 75 0 0 0 0 17 0 0 0 0 0 0 0 0 0 0
1578955389 18183 0 191 0 81 0 0 0 0 17 0 0 0 0 0 0 0 0 0 0
1578955704 18183 0 191 0 90 0 0 0 0 17 0 0 0 0 0 0 0 0 0 0
1578956166 18183 0 191 0 107 0 0 0 0 17 0 0 0 0 0 0 0 0 0 0
1579031428 18183 0 191 0 157 0 0 0 0 17 0 0 0 0 0 0 0 0 0 0
1579032466 18183 0 191 0 168 0 0 0 0 17 0 0 0 0 0 0 0 0 0 0
1579032517 18212 0 191 0 168 0 0 0 0 17 0 0 0 0 0 0 0 0 0 0
1579034262 18212 0 191 0 184 0 0 0 0 17 0 0 0 0 0 0 0 0 0 0
1579041318 18212 0 191 0 187 0 0 0 0 17 0 0 0 0 0 0 0 0 0 0
1579102866 18213 0 191 0 187 0 0 0 0 17 0 0 0 0 0 0 0 0 0 0
1579103207 18233 0 191 0 187 0 0 0 0 17 0 0 0 0 0 0 0 0 0 0
1579111176 18233 0 191 0 200 0 0 0 0 17 0 0 0 0 0 0 0 0 0 0
1579111600 19425 0 191 0 210 0 0 0 0 17 0 0 0 0 0 0 0 0 0 0
1579217360 19437 0 191 0 210 0 0 0 0 17 0 0 0 0 0 0 0 0 0 0
1579285779 19437 0 191 0 210 0 0 0 0 17 0 0 0 0 0 0 0 0 0 0
1579286169 19438 0 191 0 210 0 0 0 0 17 0 0 0 0 0 0 0 0 0 0
1579287292 19443 0 191 0 210 0 0 0 0 17 0 0 0 0 0 0 0 0 0 0
1579359460 19449 0 191 0 210 0 0 0 0 17 0 0 0 0 0 0 0 0 0 0
1579459315 19449 21 191 0 210 0 0 0 0 17 0 0 0 0 0 0 0 0 0 0
1579529377 19449 21 191 0 210 0 0 0 0 45 0 0 0 0 0 0 0 0 0 0
1579539770 19492 99 191 0 210 0 0 0 0 45 0 0 0 0 0 0 0 0 0 0
1579555156 19504 99 191 0 210 0 0 0 0 45 0 0 0 0 0 0 0 0 0 0
1579556190 19508 99 191 0 210 0 0 0 0 45 0 0 0 0 0 0 0 0 0 0
1579564235 19519 99 191 0 210 0 0 0 0 45 0 0 0 0 0 0 0 0 0 0
1579621537 19521 99 191 0 210 0 0 0 0 45 0 0 0 0 0 0 0 0 0 0
1579621906 19527 99 191 0 210 0 0 0 0 45 0 0 0 0 0 0 0 0 0 0
1579626582 19571 99 191 0 210 0 0 0 0 45 0 0 0 0 0 0 0 0 0 0
1579742535 20175 99 191 0 210 0 0 0 0 45 0 0 0 0 0 0 0 0 0 0
1579746924 20179 99 191 0 210 0 0 0 0 45 0 0 0 0 0 0 0 0 0 0
1579774754 20179 180 191 0 210 0 0 0 0 45 0 0 0 0 0 0 0 0 0 0
1579780306 20179 182 191 0 210 0 0 0 0 45 0 0 0 0 0 0 0 0 0 0
1579780716 20179 212 191 0 210 0 0 0 0 45 0 0 0 0 0 0 0 0 0 0
1579808554 20179 212 191 0 210 0 0 0 0 45 0 0 0 0 0 0 0 0 0 0
1579826561 20179 212 191 0 210 0 0 0 0 45 0 0 0 0 0 0 0 0 0 0
1580070652 20299 212 191 0 210 0 0 0 0 45 0 0 0 0 0 0 0 0 0 0
1580073130 20300 212 191 0 210 0 0 0 0 45 0 0 0 0 0 0 0 0 0 0
1580148120 20329 212 191 0 210 0 0 0 0 45 0 0 0 0 0 0 0 0 0 0
1580148272 20332 212 191 0 210 0 0 0 0 45 0 0 0 0 0 0 0 0 0 0
1580148416 20336 212 191 0 210 0 0 0 0 45 0 1 0 0 0 0 0 0 0 0
1580151472 20336 212 191 0 210 0 0 0 0 45 0 1 0 0 0 0 0 0 0 0
1580160094 20343 212 191 0 210 0 0 0 0 45 0 1 0 0 0 0 0 0 0 0
1580235922 20346 212 191 0 210 0 0 0 0 45 0 1 0 0 0 0 0 0 0 0
1580235997 20347 212 191 0 210 0 0 0 0 45 0 1 0 0 0 0 0 0 0 0
1580238686 20378 212 191 0 210 0 0 0 0 45 0 1 0 0 0 0 0 0 0 0
1580320271 20414 212 191 0 210 0 0 0 0 45 0 1 0 0 0 0 0 0 0 0
1580321144 20430 212 191 0 210 0 0 0 0 45 0 4 0 0 0 0 0 0 0 0
1580669258 20430 222 191 0 210 0 0 0 0 45 0 4 0 0 0 0 0 0 0 0
1580678480 20541 222 191 0 210 0 0 0 0 45 0 4 0 0 0 0 0 0 0 0
1580683230 20546 222 191 0 210 0 0 0 0 45 0 4 0 0 0 0 0 0 0 0
1580742812 20672 222 191 0 210 0 0 0 0 45 0 4 0 0 0 0 0 0 0 0
1580743245 20675 222 191 0 210 0 0 0 0 45 0 4 0 0 0 0 0 0 0 0
1580749418 20678 222 191 0 210 0 0 0 0 45 0 4 0 0 0 0 0 0 0 0
1580765847 20678 222 191 0 210 0 0 0 0 55 0 4 0 0 0 0 0 0 0 0
1580827111 20681 222 191 0 210 0 0 0 0 55 0 4 0 0 0 0 0 0 0 0
1580828566 21065 222 191 0 210 0 0 0 0 55 0 4 0 0 0 0 0 0 0 0
1581032630 21066 222 191 0 210 0 0 0 0 55 0 4 0 0 0 0 0 0 0 0
1581101202 21077 222 191 0 210 0 0 0 0 55 0 4 0 0 0 0 0 0 0 0
1581366250 21079 222 191 0 210 0 0 0 0 55 0 4 0 0 0 0 0 0 0 0
1581368052 21082 222 191 0 210 0 0 0 0 55 0 4 0 0 0 0 0 0 0 0
1581447506 21087 222 191 0 210 0 0 0 0 55 0 4 0 0 0 0 0 0 0 0
1581482741 21089 222 191 0 210 0 0 0 0 55 0 4 0 0 0 0 0 0 0 0
1581520974 21675 19630 191 0 210 0 0 0 0 55 0 4 0 0 0 0 0 0 0 0
1581531024 21702 19630 191 0 210 0 0 0 0 55 0 4 0 0 0 0 0 0 0 0
1581535051 21726 19630 191 0 210 0 0 0 0 55 0 4 0 0 0 0 0 0 0 0
1581536315 21756 19630 191 0 210 0 0 0 0 55 0 4 0 0 0 0 0 0 0 0
1581537420 21760 19630 191 0 210 0 0 0 0 55 0 4 0 0 0 0 0 0 0 0
1581545324 21760 19630 191 0 210 0 0 0 0 55 0 4 0 0 0 0 0 0 0 0
1581549816 21786 19630 191 0 210 0 0 0 0 55 0 4 0 0 0 0 0 0 0 0
1581601592 21786 19738 191 0 210 0 0 0 0 55 0 4 0 0 0 0 0 0 0 0
1581603372 21786 19754 191 0 210 0 0 0 0 55 0 4 0 0 0 0 0 0 0 0
1581610087 21786 19760 191 0 210 0 0 0 0 55 0 4 0 0 0 0 0 0 0 0
1581613335 21786 19760 191 0 210 0 0 0 0 55 0 4 0 0 0 0 0 0 0 0
1581697203 21789 19760 191 0 210 0 0 0 0 55 0 4 0 0 0 0 0 0 0 0
1581699599 21792 19760 191 0 210 0 0 0 0 55 0 4 0 0 0 0 0 0 0 0
1582148282 21822 19760 191 0 210 0 0 0 0 55 0 4 0 0 0 0 0 0 0 0
1582326871 21984 19760 191 0 210 0 0 0 0 55 0 4 0 0 0 0 0 0 0 0
1582647604 22055 19760 191 0 210 0 0 0 0 55 0 4 0 0 0 0 0 0 0 0
1582650712 22058 19760 191 0 210 0 0 0 0 55 0 4 0 0 0 0 0 0 0 0
1582815166 22062 19760 191 0 210 0 0 0 0 55 0 4 0 0 0 0 0 0 0 0
1583102016 22065 19760 191 0 210 0 0 0 0 55 0 4 0 0 0 0 0 0 0 0
1583423651 22084 19760 191 0 210 0 0 0 0 55 0 4 0 0 0 0 0 0 0 0
1584301678 22101 19760 191 0 210 0 0 0 0 55 0 4 0 0 0 0 0 0 0 0
1584374776 22175 19760 191 0 210 0 0 0 0 55 0 4 0 0 0 0 0 0 0 0
1584375976 22188 19760 191 0 210 0 0 0 0 55 0 4 0 0 0 0 0 0 0 0
1584394688 22201 19760 191 0 210 0 0 0 0 55 0 4 0 0 0 0 0 0 0 0
1584469557 22204 19760 191 0 210 0 0 0 0 55 0 4 0 0 0 0 0 0 0 0
1585082733 22205 19760 191 0 210 0 0 0 0 55 0 4 0 0 0 0 0 0 0 0
1585166000 22256 19760 191 0 210 0 0 0 0 55 0 4 0 0 0 0 0 0 0 0
1585168176 22364 19760 191 0 210 0 0 0 0 55 0 4 0 0 0 0 0 0 0 0
1585171503 22367 19760 191 0 210 0 0 0 0 55 0 4 0 0 0 0 0 0 0 0
1585437325 22368 19760 191 0 210 0 0 0 0 55 0 4 0 0 0 0 0 0 0 0
1585438025 22379 19760 191 0 210 0 0 0 0 55 0 4 0 0 0 0 0 0 0 0
1585439164 22380 19760 191 0 210 0 0 0 0 55 0 4 0 0 0 0 0 0 0 0
1585457617 22380 19798 191 0 210 0 0 0 0 55 0 4 0 0 0 0 0 0 0 0
1585458090 22381 19798 191 0 210 0 0 0 0 55 0 4 0 0 0 0 0 0 0 0
1585460537 22541 19798 191 0 210 0 0 0 0 55 0 4 0 0 0 0 0 0 0 0
1585523104 22609 19798 191 0 210 0 0 0 0 55 0 4 0 0 0 0 0 0 0 0
1585538018 22613 19798 191 0 210 0 0 0 0 55 0 4 0 0 0 0 0 0 0 0
1585577296 22616 19798 191 0 210 0 0 0 0 55 0 4 0 0 0 0 0 0 0 0
1585684977 22619 19798 191 0 210 0 0 0 0 55 0 4 0 0 0 0 0 0 0 0
1585686054 22810 19875 191 0 210 0 0 0 0 55 0 4 0 0 0 0 0 0 0 0
1585836147 22813 19875 191 0 210 0 0 0 0 55 0 4 0 0 0 0 0 0 0 0
1585837426 22819 19875 191 0 210 0 0 0 0 55 0 4 0 0 0 0 0 0 0 0
1586532277 22819 19875 191 0 210 0 0 0 0 55 0 4 0 0 0 0 0 0 0 0
1586660506 22857 19875 191 0 210 0 0 0 0 55 0 4 0 0 0 0 0 0 0 0
1586687770 22857 19928 191 0 210 0 0 0 0 55 0 4 0 0 0 0 0 0 0 0
1586814929 22944 19928 191 0 210 0 0 0 0 55 0 4 0 0 0 0 0 0 0 0
1586841218 22947 19928 191 0 210 0 0 0 0 55 0 4 0 0 0 0 0 0 0 0
1588037454 23102 19928 191 0 210 0 0 0 0 55 0 4 0 0 0 0 0 0 0 0
1588087239 23105 19928 191 0 210 0 0 0 0 55 0 4 0 0 0 0 0 0 0 0
1588601986 23331 19928 191 0 210 0 0 0 0 55 0 4 0 0 0 0 0 0 0 0
1589291709 23340 19928 191 0 210 0 0 0 0 55 0 4 0 0 0 0 0 0 0 0
1589303302 23592 19928 191 0 210 0 0 0 0 55 0 4 0 0 0 0 0 0 0 0
1589406449 24154 19928 191 0 210 0 0 0 0 55 0 4 0 0 0 0 0 0 0 0
1589409939 24173 19928 191 0 210 0 0 0 0 55 0 4 0 0 0 0 0 0 0 0
1589469205 24254 19928 191 0 210 0 0 0 0 55 0 4 0 0 0 0 0 0 0 0
1589470168 24258 19928 191 0 210 0 0 0 0 55 0 4 0 0 0 0 0 0 0 0
1589470325 24259 19928 191 0 210 0 0 0 0 55 0 4 0 0 0 0 0 0 0 0
1589479357 24358 19928 191 0 210 0 0 0 0 55 0 4 0 0 0 0 0 0 0 0
1589563199 24363 19928 191 0 210 0 0 0 0 55 0 4 0 0 0 0 0 0 0 0
1589570887 24472 19928 191 0 210 0 0 0 0 55 0 4 0 0 0 0 0 0 0 0
1589573118 24473 19928 191 0 210 0 0 0 0 55 0 4 0 0 0 0 0 0 0 0
1589573471 24478 19928 191 0 210 0 0 0 0 55 0 4 0 0 0 0 0 0 0 0
1589650150 24496 19928 191 0 210 0 0 0 0 55 0 4 0 0 0 0 0 0 0 0
1590250734 24540 19928 191 0 210 0 0 0 0 55 0 4 0 0 0 0 0 0 0 0
1590251642 24571 19928 191 0 210 0 0 0 0 55 0 4 0 0 0 0 0 0 0 0
1590258490 24572 19928 191 0 210 0 0 0 0 55 0 4 0 0 0 0 0 0 0 0
1590258544 24579 19928 191 0 210 0 0 0 0 55 0 4 0 0 0 0 0 0 0 0
1590260203 24588 19928 191 0 210 0 0 0 0 55 0 4 0 0 0 0 0 0 0 0
1590261199 24589 19928 191 0 210 0 0 0 0 55 0 4 0 0 0 0 0 0 0 0
1590261362 24591 19928 191 0 210 0 0 0 0 55 0 4 0 0 0 0 0 0 0 0
1590456043 24592 19928 191 0 210 0 0 0 0 55 0 4 0 0 0 0 0 0 0 0
1590456149 24593 19928 191 0 210 0 0 0 0 55 0 4 0 0 0 0 0 0 0 0
1590467139 24600 19928 191 0 210 0 0 0 0 55 0 4 0 0 0 0 0 0 0 0
1592002220 24600 19928 191 0 210 0 0 0 0 55 0 4 0 0 0 0 0 0 0 0
1592003021 24600 19928 191 0 210 0 0 0 0 55 0 4 0 0 0 0 0 0 0 0
1592158088 24638 19928 191 0 210 0 0 0 0 55 0 4 0 0 0 0 0 0 0 0
1593035501 24670 19928 191 0 210 0 0 0 0 55 0 4 0 0 0 0 0 0 0 0
1593202615 24672 19953 191 0 210 0 0 0 0 55 0 4 0 0 0 0 0 0 0 0
1593277442 24672 19953 191 0 210 0 0 0 0 55 0 4 0 0 0 0 0 0 0 0
1593462857 24687 19953 191 0 210 0 0 0 0 55 0 4 0 0 0 0 0 0 0 0
1594397626 24692 19953 191 0 210 0 0 0 0 55 0 4 0 0 0 0 0 0 0 0
1595252720 24709 19953 191 0 210 0 0 0 0 55 0 4 0 0 0 0 0 0 0 0
1595253647 24711 19953 191 0 210 0 0 0 0 55 0 4 0 0 0 0 0 0 0 0
1596063817 24711 19971 191 0 210 0 0 0 0 55 0 4 0 0 0 0 0 0 0 0
1596064664 24714 19971 191 0 210 0 0 0 0 55 0 4 0 0 0 0 0 0 0 0
1597399213 24714 19971 191 0 210 0 0 0 0 55 0 4 0 0 0 0 0 0 0 0
1597419046 24716 19971 191 0 210 0 0 0 0 55 0 4 0 0 0 0 0 0 0 0
1597419225 24719 19971 191 0 210 0 0 0 0 55 0 4 0 0 0 0 0 0 0 0
1597848618 24722 19971 191 0 210 0 0 0 0 55 0 4 0 0 0 0 0 0 0 0
1598217915 24722 19989 191 7841 210 0 0 0 0 55 0 4 0 0 0 0 0 0 0 0
1598231558 24722 19989 191 7880 210 0 0 0 0 55 0 4 0 0 0 0 0 0 0 0
1598233915 24722 19989 191 7881 210 0 0 0 0 55 0 4 0 0 0 0 0 0 0 0
1598238946 24722 19989 191 9424 210 0 0 0 0 55 0 4 0 0 0 0 0 0 0 0
1598317796 24722 19989 191 9424 210 0 0 0 0 55 0 4 0 0 0 0 0 0 0 0
1598318410 24722 19989 191 9556 210 0 0 0 0 55 0 4 0 0 0 0 0 0 0 0
1598318801 24722 19989 191 9559 210 0 0 0 0 55 0 4 0 0 0 0 0 0 0 0
1598319089 24722 19989 191 9561 210 0 0 0 0 55 0 4 0 0 0 0 0 0 0 0
1598372775 24722 19989 191 9569 210 0 0 0 0 55 0 4 0 0 0 0 0 0 0 0
1598475339 24727 19989 191 9569 210 0 0 0 0 55 0 4 0 0 0 0 0 0 0 0
1598779653 24727 19989 191 9569 210 0 0 0 0 55 0 4 0 0 0 0 0 0 21 0
1598843627 24727 19989 191 9587 210 0 0 0 0 55 0 4 0 0 0 0 0 0 21 0
1598847707 24727 19989 191 9638 210 0 0 0 0 55 0 4 0 0 0 0 0 0 21 0
1598888161 24727 19989 191 9746 210 0 0 0 0 55 0 4 0 0 0 0 0 0 21 0
1598896615 24727 20061 191 9746 210 0 0 0 0 55 0 4 0 0 0 0 0 0 21 0
1598907348 24732 20061 191 9746 210 0 0 0 0 55 0 4 0 0 0 0 0 0 21 0
1598909829 24743 20061 191 9746 210 0 0 0 0 55 0 4 0 0 0 0 0 0 21 0
1598910399 24745 20061 191 9746 210 0 0 0 0 55 0 4 0 0 0 0 0 0 21 0
1598955616 24745 20061 191 9746 210 0 0 0 0 55 0 4 0 0 0 0 0 0 72 0
1598968044 24748 20061 191 9746 210 0 0 0 0 55 0 4 0 0 0 0 0 0 72 0
1598968356 24752 20061 191 9746 210 0 0 0 0 55 0 4 0 0 0 0 0 0 72 0
1599063706 24773 20061 191 9746 210 0 0 0 0 55 0 4 0 0 0 0 0 0 72 0
1599767655 24773 20061 191 9746 210 0 0 0 0 55 0 4 0 0 0 0 0 0 72 0
1599767702 24782 20061 191 9746 210 0 0 0 0 55 0 4 0 0 0 0 0 0 72 0
1599770000 24808 20061 191 9746 210 0 0 0 0 55 0 4 0 0 0 0 0 0 72 0
1599770876 24833 20061 191 9746 210 0 0 0 0 55 0 4 0 0 0 0 0 0 72 0
1599773915 24843 20061 191 9746 210 0 0 0 0 55 0 4 0 0 0 0 0 0 72 0
1600095915 24843 20061 191 9746 210 0 0 0 0 55 0 4 0 0 0 0 0 0 72 0
1600096659 24844 20061 191 9746 210 0 0 0 0 55 0 4 0 0 0 0 0 0 72 0
1600184949 24845 20061 191 9746 210 0 0 0 0 55 0 4 0 0 0 0 0 0 72 0
1600970819 24848 20061 191 9746 210 0 0 0 0 55 0 4 0 0 0 0 0 0 72 0
1601390543 24957 20061 191 9746 210 0 0 0 0 55 0 4 0 0 0 0 0 0 72 0
1601391596 24970 20061 191 9746 210 0 0 0 0 55 0 4 0 0 0 0 0 0 72 0
1601391949 24974 20061 191 9746 210 0 0 0 0 55 0 4 0 0 0 0 0 0 72 0
1601393153 24996 20061 191 9746 210 0 0 0 0 55 0 4 0 0 0 0 0 0 72 0
1601403780 25062 20061 191 9746 210 0 0 0 0 55 0 4 0 0 0 0 0 0 72 0
1601559668 25064 20061 191 9746 210 0 0 0 0 55 0 4 0 0 0 0 0 0 72 0
1602904811 25069 20061 191 9746 210 0 0 0 0 55 0 4 0 0 0 0 0 0 72 0
1602904995 25071 20061 191 9746 210 0 0 0 0 55 0 4 0 0 0 0 0 0 72 0
1603165763 25071 20061 191 9746 210 0 0 0 0 55 0 4 0 0 0 0 0 0 72 0
1603209565 25081 20061 191 9746 210 0 0 0 0 55 0 4 0 0 0 0 0 0 72 0
1603211015 25081 20061 191 9746 210 0 0 0 0 55 0 4 0 0 0 0 0 0 72 0
1603211277 25120 20061 191 9746 210 0 0 0 0 55 0 4 0 0 0 0 0 0 72 0
1604009616 25120 20061 191 9746 210 0 0 0 0 55 0 4 0 0 0 0 0 0 72 0
1604061281 25120 20061 191 9746 210 0 0 0 0 55 0 4 0 0 0 0 0 0 72 0
1606927484 25128 20061 191 9746 210 0 0 0 0 55 0 4 0 0 0 0 0 0 72 0
1607260394 25128 20061 191 9746 210 0 0 0 0 55 0 4 0 0 0 0 0 0 72 0
1607274517 25131 20061 191 9746 210 0 0 0 0 55 0 4 0 0 0 0 0 0 72 0
1610539002 25131 20073 191 9746 210 0 0 0 0 55 0 4 0 0 0 0 0 0 72 0
1612371236 25131 20073 191 9746 210 0 0 0 0 55 0 4 0 0 0 0 0 0 72 0
1612376866 25189 20073 191 9746 210 0 0 0 0 55 0 4 0 0 0 0 0 0 72 0
1612377711 25229 20073 191 9746 210 0 0 0 0 55 0 4 0 0 0 0 0 0 72 0
1612563945 25239 20073 191 9746 210 0 0 0 0 55 0 4 0 0 0 0 0 0 72 0
1612641773 25239 20087 191 9746 210 0 0 0 0 55 0 4 0 0 0 0 0 0 72 0
1612650340 25239 20097 191 9746 210 0 0 0 0 55 0 4 0 0 0 0 0 0 72 0
1613417029 25244 20097 191 9746 210 0 0 0 0 55 0 4 0 0 0 0 0 0 72 0
1613680474 25251 20097 191 9746 210 0 0 0 0 55 0 4 0 0 0 0 0 0 72 0
1614257832 25251 20097 191 9746 210 0 0 0 0 55 0 4 0 0 0 0 0 0 72 4
1614298632 25251 20101 191 9746 210 0 0 0 0 55 0 4 0 0 0 0 0 0 72 4
1614552606 25259 20101 191 9746 210 0 0 0 0 55 0 4 0 0 0 0 0 0 72 4
1614553520 25296 20101 191 9746 210 0 0 0 0 55 0 4 0 0 0 0 0 0 72 4
1614563543 25308 20101 191 9746 210 0 0 0 0 55 0 4 0 0 0 0 0 0 72 4
1614564681 25445 20101 191 9746 210 0 0 0 0 55 0 4 0 0 0 0 0 0 72 4
1616264179 25510 20101 191 9746 210 0 0 0 0 55 0 4 0 0 0 0 0 0 72 5
1616353302 25550 20101 191 9746 210 0 0 0 0 55 0 4 0 0 0 0 0 0 72 5
1616358080 25581 20101 191 9746 210 0 0 0 0 55 0 4 0 0 0 0 0 0 72 5
1616373778 25599 20101 191 9746 210 0 0 0 0 55 0 4 0 0 0 0 0 0 72 5
1616427234 25599 20101 191 9746 210 0 0 0 0 55 0 4 0 0 0 0 0 0 72 5
1616958762 25606 20101 191 9746 210 0 0 0 0 55 0 4 0 0 0 0 0 0 72 5
1616976078 25618 20101 191 9746 210 0 0 0 0 55 0 4 0 0 0 0 0 0 72 5
1619823956 25644 20101 191 9746 210 0 0 0 0 55 0 4 0 0 0 0 0 0 72 5
1621355289 25645 20101 191 9746 210 0 0 0 0 55 0 4 0 0 0 0 0 0 72 5
1621355309 25699 20101 191 9746 210 0 0 0 0 55 0 4 0 0 0 0 0 0 72 5
1625757254 25712 20101 191 9746 210 0 0 0 0 55 0 4 0 0 0 0 0 0 72 5
1627418273 25713 20101 191 9746 210 0 0 0 0 55 0 4 0 0 0 0 0 0 72 5
1629821372 25752 20101 191 9746 210 0 0 0 0 55 0 4 0 0 0 0 0 0 72 5
1630491886 25752 20101 191 9746 210 0 0 0 0 55 0 4 0 0 0 0 0 0 72 5
1631292538 25754 20101 191 9746 210 0 0 0 0 55 0 4 0 0 0 0 0 0 72 5
1631293153 25760 20101 191 9746 210 0 0 0 0 55 0 4 0 0 0 0 0 0 72 5
1631294213 25761 20101 191 9746 210 0 0 0 0 55 0 4 0 0 0 0 0 0 72 5
1631868059 25761 20101 192 9746 210 0 0 0 0 55 0 4 0 0 0 0 0 0 72 5
1633605816 25761 20101 192 9746 210 20 0 0 0 55 0 4 0 0 0 0 0 0 72 5
1633689275 25761 20101 192 9746 210 30 0 0 0 55 0 4 0 0 0 0 0 0 72 5
1633690278 25761 20101 192 9746 210 35 0 0 0 55 0 4 0 0 0 0 0 0 72 5
1633693504 25761 20101 192 9746 210 55 0 0 0 55 0 4 0 0 0 0 0 0 72 5
1633805167 25761 20101 192 9746 210 67 0 0 0 55 0 4 0 0 0 0 0 0 72 5
1634052208 25761 20101 192 9746 210 72 0 0 0 55 0 4 0 0 0 0 0 0 72 5
1634054052 25761 20101 192 9746 210 72 0 0 0 55 0 4 0 0 0 0 0 0 72 5
1634077405 25761 20101 192 9746 210 88 0 0 0 55 0 4 0 0 0 0 0 0 72 5
1634262482 25761 20101 192 9746 210 88 0 0 0 55 0 4 0 0 0 0 0 0 72 5
1634848592 25763 20101 192 9746 210 88 0 0 0 55 0 4 0 0 0 0 0 0 72 5
1634851426 25769 20101 192 9746 210 88 0 0 0 55 0 4 0 0 0 0 0 0 72 5
1634854563 25788 20101 192 9746 210 88 0 0 0 55 0 4 0 0 0 0 0 0 72 5
1635008992 25796 20101 192 9746 210 88 0 0 0 55 0 4 0 0 0 0 0 0 72 5
1635523648 25796 20101 192 9746 210 88 0 0 0 55 0 4 0 0 0 0 0 0 72 5
1635530662 25809 20101 192 9746 210 88 0 0 0 55 0 4 0 0 0 0 0 0 72 5
1635533082 25810 20101 192 9746 210 88 0 0 0 55 0 4 0 0 0 0 0 0 72 5
1636072625 25824 20101 192 9746 210 88 0 0 0 55 0 4 0 0 0 0 0 0 72 5
1636085825 25866 20101 192 9746 210 88 0 0 0 55 0 4 0 0 0 0 0 0 72 5
1636133241 25870 20101 192 9746 210 88 0 0 0 55 0 4 0 0 0 0 0 0 72 5
1636813455 25874 20101 192 9746 210 88 0 0 0 55 0 4 0 0 0 0 0 0 72 5
1638299012 25877 20101 192 9746 210 88 0 0 0 55 0 4 0 0 0 0 0 0 72 5
1638722842 26357 20101 192 9746 210 88 0 0 0 55 0 4 0 0 0 0 0 0 72 5
1640214969 26357 20101 192 9746 210 88 0 0 0 55 0 4 0 0 0 0 0 0 72 5
1640889244 26360 20101 192 9746 210 88 0 0 0 55 0 4 0 0 0 0 0 0 72 5
1641588695 26439 20101 192 9746 210 88 0 0 0 55 0 4 0 0 0 0 0 0 72 5
1641615059 26538 20101 192 9746 210 88 0 0 0 55 0 4 0 0 0 0 0 0 72 5
1641618379 26557 20101 192 9746 210 88 0 0 0 55 0 4 0 0 0 0 0 0 72 5
1641672734 26557 20123 192 9746 210 88 0 0 0 55 0 4 0 0 0 0 0 0 72 5
1641866557 26559 20123 192 9746 210 88 0 0 0 55 0 4 0 0 0 0 0 0 72 5
1642532332 26564 20123 192 9746 210 88 0 0 0 55 0 4 0 0 0 0 0 0 72 5
1642970764 26564 20123 192 9746 210 88 0 0 0 55 0 4 0 0 0 0 0 5 72 5
1643070573 26564 20123 192 9746 210 88 0 0 0 55 0 4 0 0 0 0 0 15 72 5
1643075257 26611 20123 192 9746 210 88 0 0 0 55 0 4 0 0 0 0 0 15 72 5
1643129269 26626 20123 192 9746 210 88 0 0 0 55 0 4 0 0 0 0 0 15 72 5
1643129477 26666 20123 192 9746 210 88 0 0 0 55 0 4 0 0 0 0 0 15 72 5
1646259684 26698 20123 192 9746 210 88 0 0 0 55 0 4 0 0 0 0 0 15 72 5
1646261705 26726 20123 192 9746 210 88 0 0 0 55 0 4 0 0 0 0 0 15 72 5
1646265099 26740 20123 192 9746 210 88 0 0 0 55 0 4 0 0 0 0 0 15 72 5
1646325672 26752 20123 192 9746 210 88 0 0 0 55 0 4 0 0 0 0 0 15 72 5
1646327174 26753 20123 192 9746 210 88 0 0 0 55 0 4 0 0 0 0 0 15 72 5
1646407154 26763 20123 192 9746 210 88 0 0 0 55 0 4 0 0 0 0 0 15 72 5
1646445708 26768 20123 192 9746 210 88 0 0 0 55 0 4 0 0 0 0 0 15 72 5
1646509948 26773 20123 192 9746 210 88 0 0 0 55 0 4 0 0 0 0 0 15 72 5
1648259300 26773 20123 192 9746 210 88 0 0 9 55 0 4 0 0 0 0 0 15 72 5
1648259455 26773 20123 192 9746 210 88 0 0 11 55 0 4 0 0 0 0 0 15 72 5
1648259564 26773 20123 192 9746 210 88 0 0 13 55 0 4 0 0 0 0 0 15 72 5
1648259585 26773 20123 192 9746 210 88 0 0 15 55 0 4 0 0 0 0 0 15 72 5
1648414202 26801 20123 192 9746 210 88 0 0 15 55 0 4 0 0 0 0 0 15 72 5
1649523460 26801 20123 192 9746 210 88 0 0 15 55 0 4 0 0 0 0 0 15 72 5
1649796275 26802 20123 192 9746 210 88 0 0 15 55 0 4 0 0 0 0 0 15 72 5
1650203729 26802 20123 207 9746 210 88 0 0 15 55 0 4 0 0 0 0 0 15 72 5
1650236656 26803 20123 207 9746 210 88 0 0 15 55 0 4 0 0 0 0 0 15 72 5
1650239283 26805 20123 207 9746 210 88 0 0 15 55 0 4 0 0 0 0 0 15 72 5
1654663971 26806 20123 207 9746 210 88 0 0 15 55 0 4 0 0 0 0 0 15 72 5
1654874043 26806 20123 207 9746 210 88 0 0 15 55 0 4 0 0 0 0 0 15 72 5
1656004073 26810 20123 207 9746 210 88 0 0 15 55 0 4 0 0 0 0 0 15 72 5
1658156802 26810 20123 207 9746 210 88 0 0 15 55 0 4 0 1 0 0 0 15 72 5
1658157160 26810 20123 207 9746 210 88 0 0 15 55 0 4 0 2 0 0 0 15 72 5
1658512024 26817 20123 207 9746 210 88 0 0 15 55 0 4 0 3 0 0 0 15 72 5
1659042913 26818 20123 207 9746 210 88 0 0 15 55 0 4 0 3 0 0 0 15 72 5
1662227941 26818 20123 207 9746 210 88 0 0 15 55 0 4 0 3 1 0 0 15 72 5
1663152785 26818 20123 207 9746 210 88 0 0 15 55 0 4 232 3 1 0 0 15 72 5
1664766453 26818 20123 207 9746 210 88 0 0 15 55 0 4 298 3 1 0 0 15 72 5
1664771332 26818 20123 207 9746 210 88 0 0 15 55 0 4 453 3 1 0 0 15 72 5
1665527242 26818 20123 207 9746 210 88 0 0 15 55 0 4 453 3 1 0 0 15 72 5
1665560458 26818 20123 207 9746 210 88 0 0 15 55 0 4 453 3 1 0 0 15 72 5
1668975350 26818 20123 207 9746 210 88 0 0 15 55 0 4 453 3 1 0 0 15 72 5
1668975600 26820 20123 207 9746 210 88 0 0 15 55 0 4 453 3 1 0 0 15 72 5
1668975657 26890 20123 207 9746 210 88 0 0 15 55 0 4 453 3 1 0 0 15 72 5
1668976752 26930 20123 207 9746 210 88 0 0 15 55 0 4 453 3 1 0 0 15 72 5
1668979415 26931 20123 207 9746 210 88 0 0 15 55 0 4 453 3 1 0 0 15 72 5
1668985765 26933 20123 207 9746 210 88 0 0 15 55 0 4 453 3 1 0 0 15 72 5
1668986667 26938 20123 207 9746 210 88 0 0 15 55 0 4 453 3 1 0 0 15 72 5
1668992929 26955 20123 207 9746 210 88 0 0 15 55 0 4 453 3 1 0 0 15 72 5
1668993833 26957 20123 207 9746 210 88 0 0 15 55 0 4 453 3 1 0 0 15 72 5
1669105992 26975 20123 207 9746 210 88 0 0 15 55 0 4 453 3 1 0 0 15 72 5
1669187345 27168 20123 207 9746 210 88 0 0 15 55 0 4 453 3 1 0 0 15 72 5
1669440469 27239 20123 207 9746 210 88 0 0 15 55 0 4 453 3 1 0 0 15 72 5
1670975430 27240 20123 207 9746 210 88 0 0 15 55 0 4 453 3 1 0 0 15 72 5
1670975768 27251 20123 207 9746 210 88 0 0 15 55 0 4 453 3 1 0 0 15 72 5
1674139729 27251 20123 207 9746 210 88 0 0 15 55 0 4 453 3 1 0 0 15 72 5
1674469950 27251 20123 207 9746 210 88 0 0 15 55 0 4 453 3 1 0 32 15 72 5
1675533541 27260 20123 207 9746 210 88 0 0 15 55 0 4 453 3 1 0 32 15 72 5
1675534414 27288 20123 207 9746 210 88 0 0 15 55 0 4 453 3 1 0 32 15 72 5
1675535757 27289 20123 207 9746 210 88 0 0 15 55 0 4 453 3 1 0 32 15 72 5
1679785321 27296 20123 207 9746 210 88 0 0 15 55 0 4 453 3 1 0 32 15 72 5
1682108465 27296 20124 207 9746 210 88 0 134 15 55 0 4 453 3 1 0 32 15 72 5
1682929681 27298 20124 207 9746 210 88 0 134 15 55 0 4 453 3 1 0 32 15 72 5
1682963689 27298 20124 207 9746 210 88 0 134 15 55 0 4 453 3 3 0 32 15 72 5
1684871235 27300 20124 207 9746 210 88 182 134 15 55 0 4 453 3 3 0 32 15 72 5
1684925507 27300 20124 207 9746 210 88 191 134 15 55 0 4 453 3 3 0 32 15 72 5
1684926109 27300 20124 207 9746 210 88 207 134 15 55 0 4 453 3 3 0 32 15 72 5
1684926390 27300 20124 207 9746 210 88 223 134 15 55 0 4 453 3 3 0 32 15 72 5
1686105506 27358 20124 207 9746 210 88 223 134 15 55 0 4 453 3 3 0 32 15 72 5
1686253698 27396 20124 207 9746 210 88 223 134 15 55 0 4 453 3 3 0 32 15 72 5
1686254365 27608 20124 207 9746 210 88 223 134 15 55 0 4 453 3 3 0 32 15 72 5
1686561208 27608 20124 207 9746 210 88 229 134 15 55 0 4 453 3 3 0 32 15 72 5
1687033346 27610 20124 207 9746 210 88 239 134 15 55 0 4 453 3 3 0 32 15 72 5
1687346586 27610 20124 207 9746 210 88 239 134 15 55 0 4 453 3 3 0 32 15 72 5
1687590887 27610 20124 207 9746 210 88 239 134 15 55 2 4 453 3 3 0 32 15 72 5
1687662855 27610 20124 207 9746 210 88 239 134 15 55 9 4 453 3 3 0 32 15 72 5
1687662962 27610 20124 207 9746 210 88 239 134 15 55 11 4 453 3 3 0 32 15 72 5
1688578087 27620 20124 207 9746 210 88 239 134 15 55 11 4 453 3 3 0 32 15 72 5
1688675168 27626 20124 207 9746 210 88 239 134 15 55 11 4 453 3 3 0 32 15 72 5
1688675366 27704 20124 207 9746 210 88 239 134 15 55 11 4 453 3 3 15 32 15 72 5
1688920477 27704 20124 207 9746 210 88 239 134 15 55 11 4 453 3 3 75 32 15 72 5
1688920495 27704 20124 207 9746 210 88 239 134 15 55 11 4 453 3 3 76 32 15 72 5
