1502471179 0 0 0 0 0 0 0 349 0 0 0 0 0 0 0 0 0 0 0 0
1505509923 0 0 0 0 0 0 0 349 0 0 0 0 0 0 0 0 0 0 0 0
1505511199 0 0 0 0 0 0 0 349 0 0 0 0 0 0 0 0 0 0 0 0
1505569672 0 0 0 0 0 0 0 460 0 0 0 0 0 0 0 0 0 0 0 0
1505778017 0 0 0 0 0 0 0 460 0 0 0 0 0 0 0 0 0 0 0 0
1505781329 0 0 0 0 0 0 0 460 0 0 0 0 0 0 0 0 0 0 0 0
1505827001 0 0 0 0 0 0 0 460 0 0 0 0 0 0 0 0 0 0 0 0
1505949545 0 0 0 0 0 0 0 462 0 0 0 0 0 0 0 0 0 0 0 0
1506006183 0 0 0 0 0 0 0 462 0 0 0 0 0 0 0 0 0 0 0 0
1506009673 0 0 0 0 0 0 0 462 0 0 0 0 0 0 0 0 0 0 0 0
1506031612 0 0 0 0 0 0 0 462 0 0 0 0 0 0 0 0 0 0 0 0
1507138512 0 0 0 0 0 0 0 527 0 0 0 0 0 0 0 0 0 0 0 0
1507142126 0 0 0 0 0 0 0 527 0 0 0 0 0 0 0 0 0 0 0 0
1507231883 0 0 0 0 0 0 0 527 0 0 0 0 0 0 0 0 0 0 0 0
1507473355 0 0 0 0 0 0 0 528 0 0 0 0 0 0 0 0 0 0 0 0
1507646024 0 0 0 0 0 0 0 528 0 0 0 0 0 0 0 0 0 0 0 0
1508358338 0 0 0 0 0 0 0 528 0 0 0 0 0 0 0 0 0 0 0 0
1508515598 0 0 0 0 0 0 0 528 0 0 0 0 0 0 0 0 0 0 0 0
1509615991 0 0 0 0 0 0 0 528 0 0 0 0 0 0 0 0 0 0 0 0
1509630553 0 0 0 0 0 0 0 528 0 0 0 0 0 0 0 0 0 0 0 0
1509766671 0 0 0 0 0 0 0 528 4 0 0 0 0 0 0 0 0 0 0 0
1510117654 0 0 0 0 0 0 0 528 4 0 0 0 0 0 0 0 0 0 0 0
1510190938 0 0 0 0 0 0 0 528 4 0 0 0 0 0 0 0 0 0 0 0
1510191133 0 0 0 0 0 0 0 528 4 0 0 0 0 0 0 0 0 0 0 0
1510280584 0 0 0 0 0 0 0 528 55 0 0 0 0 0 0 0 0 0 0 0
1510342024 0 0 0 0 0 0 0 528 55 0 0 0 0 0 0 0 0 0 0 0
1510525495 0 0 0 0 0 0 0 528 55 0 0 0 0 0 0 0 0 0 0 0
1510583878 0 0 0 0 0 0 0 528 55 0 0 0 0 0 0 0 0 0 0 0
1510589241 0 0 0 0 0 0 0 528 55 0 0 0 0 0 0 0 0 0 0 0
1510592038 0 0 0 0 0 0 0 528 55 0 0 0 0 0 0 0 0 0 0 0
1510592533 0 0 0 0 0 0 0 528 56 0 0 0 0 0 0 0 0 0 0 0
1510593663 0 0 0 0 0 0 0 528 56 0 0 0 0 0 0 0 0 0 0 0
1510598505 0 0 0 0 0 0 0 528 56 0 0 0 0 0 0 0 0 0 0 0
1510600159 0 0 0 0 0 0 0 528 56 0 0 0 0 0 0 0 0 0 0 0
1510757200 0 0 0 0 0 0 0 528 56 0 0 0 0 0 0 0 0 0 0 0
1510781877 0 0 0 0 0 0 0 528 56 0 0 0 0 0 0 0 0 0 0 0
1510783547 0 0 0 0 0 0 0 528 56 0 0 0 0 0 0 0 0 0 0 0
1510846143 0 0 0 0 0 0 0 539 56 0 0 0 0 0 0 0 0 0 0 0
1510863703 0 0 0 0 0 0 0 799 56 0 0 0 0 0 0 0 0 0 0 0
1510870256 0 0 0 0 0 0 0 799 56 0 0 0 0 0 0 0 0 0 0 0
1511808515 0 0 0 0 0 0 0 799 56 0 0 0 0 0 0 0 0 0 0 0
1511889356 0 0 0 0 0 0 0 799 56 0 0 0 0 0 0 0 0 0 0 0
1511907271 0 0 0 0 0 0 0 799 56 0 0 0 0 0 0 0 0 0 0 0
1512720931 0 0 0 0 0 0 0 799 56 0 0 0 0 0 0 0 0 0 0 0
1512740329 0 0 0 0 0 0 0 799 56 0 0 0 0 0 0 0 0 0 0 0
1515515736 0 0 0 0 0 0 0 799 56 0 0 0 0 0 0 0 0 0 0 0
1516221423 0 0 0 0 0 0 0 799 56 0 0 0 0 0 0 0 0 0 0 0
1518758014 0 0 0 0 0 0 0 799 56 0 0 0 0 3 0 0 0 0 0 0
1518815880 0 0 0 0 0 0 0 857 56 0 0 0 0 3 0 0 0 0 0 0
1519394193 0 0 0 0 0 0 0 857 56 0 0 0 0 3 0 0 0 0 0 0
1519394698 0 0 0 0 0 0 0 857 56 0 0 0 0 3 0 0 0 0 0 0
1521493203 0 0 0 0 0 0 0 857 56 0 0 0 0 3 0 0 0 0 0 0
1522023929 0 0 0 0 0 0 0 857 56 0 0 0 0 3 0 0 0 0 0 0
1522024241 0 0 0 0 0 0 0 857 56 0 0 0 0 3 0 0 0 0 0 0
1522354041 0 0 0 0 0 0 0 857 56 0 0 0 0 3 0 0 0 0 0 0
1522888376 0 0 0 0 0 0 0 857 121 0 0 0 0 3 0 0 0 0 0 0
1522888704 0 0 0 0 0 0 0 857 121 0 0 0 0 3 0 0 0 0 0 0
1522888856 0 0 0 0 0 0 0 857 121 0 0 0 0 3 0 0 0 0 0 0
1522889319 0 0 0 0 0 0 0 857 121 0 0 0 0 3 0 0 0 0 0 0
1522890004 0 0 0 0 0 0 0 857 121 0 0 0 0 3 0 0 0 0 0 0
1522890435 0 0 0 0 0 0 0 857 121 0 0 0 0 3 0 0 0 0 0 0
1523049919 0 0 0 0 0 0 0 857 121 0 0 0 0 3 0 0 0 0 0 0
1523081634 0 0 0 0 0 0 0 857 121 0 0 0 0 3 0 0 0 0 0 0
1523081709 0 0 0 0 0 0 0 857 121 0 0 0 0 3 0 0 0 0 0 0
1523083378 0 0 0 0 0 0 0 857 121 0 0 0 0 3 0 0 0 0 0 0
1523083485 0 0 0 0 0 0 0 857 121 0 0 0 0 3 0 0 0 0 0 0
1523083752 0 0 0 0 0 0 0 857 121 0 0 0 0 3 0 0 0 0 0 0
1523314464 0 0 0 0 0 0 0 857 157 0 0 0 0 3 0 0 0 0 0 0
1523915688 0 0 0 0 0 0 0 857 158 0 0 0 0 3 0 0 0 0 0 0
1523915755 0 0 0 0 0 0 0 857 158 0 0 0 0 3 0 0 0 0 0 0
1523916428 0 0 0 0 0 0 0 857 158 0 0 0 0 3 0 0 0 0 0 0
1541189196 0 0 0 0 123 0 0 857 158 0 0 0 0 3 0 0 0 0 0 0
1541190557 0 0 0 0 124 0 0 857 158 0 0 0 0 3 0 0 0 0 0 0
1541791426 0 0 0 0 172 0 0 857 158 0 0 0 0 3 0 0 0 0 0 0
1541799340 0 0 0 0 177 0 0 857 158 0 0 0 0 3 0 0 0 0 0 0
1542133873 0 0 0 0 183 0 0 857 158 0 0 0 0 3 0 0 0 0 0 0
1542226972 0 0 0 0 184 0 0 857 158 0 0 0 0 3 0 0 0 0 0 0
1542396262 0 0 0 0 249 0 0 857 158 0 0 0 0 3 0 0 0 0 0 0
1543346014 0 0 0 0 249 0 0 857 158 0 0 0 0 3 0 0 0 0 0 0
1543348805 0 0 0 0 249 0 0 857 158 0 0 0 0 3 0 0 0 0 0 0
1545085544 0 0 0 0 257 0 0 857 158 0 0 0 0 3 0 0 0 0 0 0
1545150858 0 0 0 0 257 0 0 857 158 0 0 0 0 3 0 0 0 0 0 0
1545256788 0 0 0 0 269 0 0 857 158 0 0 0 0 3 0 0 0 0 0 0
1546820050 0 0 0 0 269 0 0 857 158 0 0 0 0 3 0 0 0 0 0 0
1547158031 0 0 0 0 282 0 0 857 158 0 0 0 0 3 0 0 0 0 0 0
1547229337 0 0 0 0 284 0 0 857 158 0 0 0 0 3 0 0 0 0 0 0
1547256611 0 0 0 0 297 0 0 857 158 0 0 0 0 3 0 0 0 0 0 0
1549993345 0 0 0 0 544 0 0 857 158 0 0 0 0 3 0 0 0 0 0 0
1550000663 0 0 0 0 548 0 0 857 158 0 0 0 0 3 0 0 0 0 0 0
1550177508 0 0 0 0 556 0 0 857 158 0 0 0 0 3 0 0 0 0 0 0
1550693754 0 0 0 0 575 0 0 857 158 0 0 0 0 3 0 0 0 0 0 0
1551999322 0 0 0 0 576 0 0 857 158 0 0 0 0 3 0 0 0 0 0 0
1554326037 0 0 0 0 580 0 0 857 158 0 0 0 0 3 0 0 0 0 0 0
1554812833 0 0 0 0 580 0 0 857 158 0 922 0 0 3 0 0 0 0 0 0
1555445174 0 0 0 0 580 0 0 857 158 0 948 0 0 3 0 0 0 0 0 0
1556033974 0 0 0 0 580 0 0 857 158 0 948 0 0 3 0 0 0 0 0 0
1557865590 0 0 0 0 583 0 0 857 158 0 948 0 0 3 0 0 0 0 0 0
1562685210 0 0 0 0 583 0 0 857 158 0 948 0 0 3 0 0 0 0 0 0
1563827667 0 0 0 0 586 0 0 857 158 0 948 0 0 3 0 0 0 0 0 0
1563828449 0 0 0 0 587 0 0 857 158 0 948 0 0 3 0 0 0 0 0 0
1564087838 0 0 0 0 587 0 0 857 158 0 948 0 0 3 0 0 0 0 0 0
1564152315 0 0 0 0 612 0 0 857 158 0 948 0 0 3 0 0 0 0 0 0
1564197249 0 0 0 0 658 0 0 857 158 0 948 0 0 3 0 0 0 0 0 0
1564198539 0 0 0 0 1270 0 0 857 158 0 948 0 0 3 0 0 0 0 0 0
1564284353 0 0 0 0 1698 0 0 857 158 0 948 0 0 3 0 0 0 0 0 0
1564512298 0 0 0 0 1698 0 0 857 158 0 948 0 0 3 0 0 0 0 0 0
1564700269 0 0 0 0 1698 0 0 857 158 0 948 0 0 3 0 0 0 0 0 0
1564755169 0 0 0 0 1698 0 0 857 158 0 948 0 0 3 0 0 0 0 0 0
1564773587 0 0 0 0 1772 0 0 857 158 0 948 0 0 3 0 0 0 0 0 0
1564776078 0 0 0 0 1783 0 0 857 158 0 948 0 0 3 0 0 0 0 0 0
1565697757 0 0 0 0 1783 0 0 857 158 0 948 0 0 3 0 0 0 0 0 0
1565716153 0 0 0 0 1783 0 0 857 158 0 948 0 0 3 0 0 0 0 0 0
1565801665 0 0 0 0 1791 0 0 857 158 0 948 0 0 3 0 0 0 0 0 0
1567542006 0 0 0 0 1791 0 0 857 158 0 964 0 0 3 0 0 0 0 0 0
1567542299 0 0 0 0 1794 0 0 857 158 0 964 0 0 3 0 0 0 0 0 0
1567788415 0 0 0 0 1794 0 0 857 158 0 964 0 0 3 0 0 0 0 0 1
1570206448 0 0 0 0 1794 0 0 857 158 0 964 0 0 3 0 0 0 0 0 1
1570212501 0 0 0 0 1794 0 0 857 158 0 964 0 0 3 0 0 0 0 0 1
1570220981 0 0 0 0 1794 0 0 857 158 0 964 0 0 3 0 0 0 0 0 1
1570593244 0 0 0 0 1882 0 0 857 158 0 964 0 0 3 0 0 0 0 0 1
1570596664 0 0 0 0 1890 0 0 857 158 0 964 0 0 3 0 0 0 0 0 1
1571411816 0 0 0 0 1972 0 0 857 158 0 964 0 0 3 0 0 0 0 0 1
1571866091 0 0 0 0 1972 0 0 857 158 0 964 0 0 3 0 0 0 0 0 1
1572553828 0 0 0 0 1972 0 0 857 158 0 964 0 0 3 0 0 0 0 0 1
1572590331 0 0 0 34 1972 0 0 857 158 0 964 0 0 3 0 0 0 0 0 1
1572590346 0 0 0 34 1972 0 0 857 158 0 964 0 0 3 0 0 0 0 0 1
1572590519 0 0 0 152895 1972 0 0 857 158 0 964 0 0 3 0 0 0 0 0 1
1572827208 0 0 0 152900 1972 0 0 857 158 0 964 0 0 3 0 0 0 0 0 1
1572830103 0 0 0 152900 1972 0 0 857 158 0 964 0 0 3 0 0 0 0 0 1
1572836400 0 0 0 152900 1972 0 0 857 158 0 964 0 0 3 0 0 0 0 0 1
1572846707 0 0 0 152906 1972 0 0 857 158 0 964 0 0 3 0 0 0 0 0 1
1572858604 0 0 0 152906 1972 0 0 857 158 0 964 0 0 3 0 0 0 0 0 1
1572913191 13 0 0 152906 1972 0 0 857 158 0 964 0 0 3 0 0 0 0 0 1
1572913490 13 0 0 152906 1972 0 0 857 158 0 964 0 0 3 0 0 0 0 0 1
1573192113 13 0 0 305621 1972 0 0 857 158 0 964 0 0 3 0 0 0 0 0 1
1573192303 13 0 0 305627 1972 0 0 857 158 0 964 0 0 3 0 0 0 0 0 1
1573192405 13 0 0 305628 1972 0 0 857 158 0 964 0 0 3 0 0 0 0 0 1
1573192670 13 0 0 305629 1972 0 0 857 158 0 964 0 0 3 0 0 0 0 0 1
1573192819 13 0 0 305629 1972 0 0 857 158 0 964 0 0 3 0 0 0 0 0 1
1573425257 13 0 0 305645 1972 0 0 857 158 0 964 0 0 3 0 0 0 0 0 1
1573425659 13 0 0 305645 1972 0 0 857 158 0 964 0 0 3 0 0 0 0 0 1
1573487437 13 0 0 305645 2080 0 0 857 158 0 964 0 0 3 0 0 0 0 0 1
1573493536 13 0 0 305645 2118 0 0 857 158 0 964 0 0 3 0 0 0 0 0 1
1573842889 13 0 0 305645 2242 0 0 857 158 0 964 0 0 3 0 0 0 0 0 1
1575517988 13 0 0 305645 2242 0 0 857 158 0 964 0 0 3 0 0 0 0 0 1
1576217399 13 0 0 305647 2242 0 0 857 158 0 964 0 0 3 0 0 0 0 0 1
1576218421 13 0 0 305649 2242 0 0 857 158 0 964 0 0 3 0 0 0 0 0 1
1576302432 37 0 0 305649 2242 0 0 857 158 0 964 0 0 3 0 0 0 0 0 1
1576302446 37 0 0 305649 2242 0 0 857 158 0 964 0 0 3 0 0 0 0 0 1
1576311213 246 0 0 305649 2242 0 0 857 158 0 964 0 0 3 0 0 0 0 0 1
1576311233 375 0 0 305649 2242 0 0 857 158 0 964 0 0 3 0 0 0 0 0 1
1576311274 382 0 0 305649 2242 0 0 857 158 0 964 0 0 3 0 0 0 0 0 1
1576311404 388 0 0 305649 2242 0 0 857 158 0 964 0 0 3 0 0 0 0 0 1
1576316205 418 0 0 305649 2242 0 0 857 158 0 964 0 0 3 0 0 0 0 0 1
1576316928 438 0 0 305649 2242 0 0 857 158 0 964 0 0 3 0 0 0 0 0 1
1576316957 439 0 0 305649 2242 0 0 857 158 0 964 0 0 3 0 0 0 0 0 1
1576317002 440 0 0 305649 2242 0 0 857 158 0 964 0 0 3 0 0 0 0 0 1
1576317486 458 0 0 305649 2242 0 0 857 158 0 964 0 0 3 0 0 0 0 0 1
1576454634 545 0 0 305649 2242 0 0 857 158 0 964 0 0 3 0 0 0 0 0 1
1576454779 546 0 0 305649 2242 0 0 857 158 0 964 0 0 3 0 0 0 0 0 1
1576454811 547 0 0 305649 2242 0 0 857 158 0 964 0 0 3 0 0 0 0 0 1
1576455038 548 0 0 305649 2242 0 0 857 158 0 964 0 0 3 0 0 0 0 0 1
1576455075 548 0 0 305649 2242 0 0 857 158 0 964 0 0 3 0 0 0 0 0 1
1576468204 561 0 0 305649 2242 0 0 857 158 0 964 0 0 3 0 0 0 0 0 1
1576478079 561 0 0 305649 2242 0 0 857 158 0 964 0 0 3 0 0 0 0 0 1
1576815022 581 0 0 305649 2242 0 0 857 158 0 964 0 0 3 0 0 0 0 0 1
1576816973 581 0 0 305649 2242 0 0 857 158 0 964 0 0 3 0 0 0 0 0 1
1576829472 589 0 0 305649 2242 0 0 857 158 0 964 0 0 3 0 0 0 0 0 1
1576835631 590 0 0 305649 2242 0 0 857 158 0 964 0 0 3 0 0 0 0 0 1
1577665351 590 0 0 305649 2242 201 0 857 158 0 964 0 0 3 0 0 0 0 0 1
1577924330 590 0 0 305649 2242 201 0 857 158 0 964 0 0 3 0 0 0 0 0 1
1577924362 590 0 0 305834 2242 201 0 857 158 0 964 0 0 3 0 0 0 0 0 1
1577925291 590 0 0 305834 2242 201 0 857 158 0 964 0 0 3 0 0 0 0 0 1
1577925596 590 0 0 305842 2242 201 0 857 158 0 964 0 0 3 0 0 0 0 0 1
1578266174 590 0 0 305855 2242 201 0 857 158 0 964 0 0 3 0 0 0 0 0 1
1578266258 590 0 0 305855 2242 201 0 857 158 0 964 0 0 3 0 0 0 0 0 1
1579734278 614 0 0 305855 2242 201 0 857 158 0 964 0 0 3 0 0 0 0 0 1
1579735271 619 0 0 305855 2242 201 0 857 158 0 964 0 0 3 0 0 0 0 0 1
1579735359 619 0 0 305855 2242 201 0 857 158 0 964 0 0 3 0 0 0 0 0 1
1579735467 625 0 0 305855 2242 201 0 857 158 0 964 0 0 3 0 0 0 0 0 1
1579736092 628 0 0 305855 2242 201 0 857 158 0 964 0 0 3 0 0 0 0 0 1
1579736224 628 0 0 305855 2242 201 0 857 158 0 964 0 0 3 0 0 0 0 0 1
1579736253 628 0 0 305855 2242 201 0 857 158 0 964 0 0 3 0 0 0 0 0 1
1581291689 629 0 0 305855 2242 201 0 857 158 0 964 0 0 3 0 0 0 0 0 1
1581299968 629 0 0 305855 2242 201 0 857 158 0 964 0 0 3 0 0 0 0 0 1
1582222952 629 0 0 305855 2242 201 0 857 158 0 964 0 0 3 0 0 0 0 0 1
1582315370 629 0 0 305855 2272 201 0 857 158 0 964 0 0 3 0 0 0 0 0 1
1582763594 631 0 0 305855 2272 201 0 857 158 0 964 0 0 3 0 0 0 0 0 1
1582765793 632 0 0 305855 2272 201 0 857 158 0 964 0 0 3 0 0 0 0 0 1
1582765833 632 0 0 305855 2272 201 0 857 158 0 964 0 0 3 0 0 0 0 0 1
1583222126 632 0 0 305855 2272 201 0 857 158 0 964 0 0 3 0 0 0 0 0 1
1583223816 632 0 0 305855 2272 201 0 857 158 0 964 0 0 3 0 0 0 0 0 1
1583226079 632 0 0 305855 2272 201 0 857 158 0 964 0 0 3 0 0 0 0 0 1
1583341286 632 0 0 305855 2272 201 0 857 158 0 964 0 0 3 0 0 0 0 0 1
1583438240 632 0 0 305855 2287 201 0 857 158 0 964 0 0 3 0 0 0 0 0 1
1584346045 635 0 0 305855 2287 201 0 857 158 0 964 0 0 3 0 0 0 0 0 1
1584348431 635 0 0 305855 2287 201 0 857 158 0 964 0 0 3 0 0 0 0 0 1
1584358742 635 0 0 306436 2287 201 0 857 158 0 964 0 0 3 0 0 0 0 0 1
1584359306 635 0 0 306440 2287 201 0 857 158 0 964 0 0 3 0 0 0 0 0 1
1584359734 635 0 0 306442 2287 201 0 857 158 0 964 0 0 3 0 0 0 0 0 1
1584362480 635 0 0 306446 2287 201 0 857 158 0 964 0 0 3 0 0 0 0 0 1
1584417434 635 0 0 306470 2287 201 0 857 158 0 964 0 0 3 0 0 0 0 0 1
1584417817 635 0 0 306488 2287 201 0 857 158 0 964 0 0 3 0 0 0 0 0 1
1584417866 635 0 0 306488 2287 201 0 857 158 0 964 0 0 3 0 0 0 0 0 1
1585261993 635 0 0 306488 2287 201 0 857 158 0 964 0 0 3 0 0 0 0 0 1
1585607805 635 0 0 306529 2287 201 0 857 158 0 964 0 0 3 0 0 0 0 0 1
1585608524 635 0 0 306637 2287 201 0 857 158 0 964 0 0 3 0 0 0 0 0 1
1585700827 660 0 0 306637 2287 201 0 857 158 0 964 0 0 3 0 0 0 0 0 1
1585811593 662 0 0 306637 2287 201 0 857 158 0 964 0 0 3 0 0 0 0 0 1
1585973510 662 0 0 306639 2287 201 0 857 158 0 964 0 0 3 0 0 0 0 0 1
1586444447 662 0 0 306639 2287 201 0 857 158 0 964 0 0 3 0 0 0 0 0 1
1587433452 662 0 0 306639 2287 201 0 857 158 0 964 0 0 3 0 0 0 0 0 1
1587525369 663 0 0 306639 2287 201 0 857 158 0 964 0 0 3 0 0 0 0 0 1
1589292086 663 0 0 306639 2331 201 0 857 158 0 964 0 0 3 0 0 0 0 0 1
1589861396 666 0 0 306639 2331 201 0 857 158 0 964 0 0 3 0 0 0 0 0 1
1590213058 667 0 0 306639 2331 201 0 857 158 0 964 0 0 3 0 0 0 0 0 1
1591166172 667 0 0 306639 2331 201 0 857 158 0 964 0 98 3 0 0 0 0 0 1
1591166235 667 0 0 306639 2331 201 0 857 158 0 964 0 102 3 0 0 0 0 0 1
1591166568 667 0 0 306639 2331 201 0 857 158 0 964 0 126 3 0 0 0 0 0 1
1591760813 667 0 0 306639 2331 201 0 857 158 0 964 0 126 3 0 0 0 0 0 1
1591973124 667 0 0 306639 2331 201 0 857 158 0 964 0 126 3 0 0 0 0 0 1
1592976670 667 0 0 306639 2331 201 0 857 158 0 964 0 127 3 0 0 0 0 0 1
1592977182 668 0 0 306639 2331 201 0 857 158 0 964 0 127 3 0 0 0 0 0 1
1592977862 668 0 0 306639 2331 201 0 857 158 0 964 0 127 3 0 0 0 0 0 1
1592978293 670 0 0 306639 2331 201 0 857 158 0 964 0 127 3 0 0 0 0 0 1
1593046824 670 0 0 306639 2331 201 0 857 158 0 964 0 135 3 0 0 0 0 0 1
1593661512 670 0 0 306639 2331 201 0 857 158 0 964 0 135 3 0 0 0 0 0 1
1593758264 670 0 0 306639 2331 201 0 857 158 0 964 0 139 3 0 0 0 0 0 1
1594248139 670 0 0 306639 2331 201 0 857 158 0 964 0 152 3 0 0 0 0 0 1
1594275981 670 0 0 306639 2331 201 0 857 158 0 964 0 181 3 0 0 0 0 0 1
1594277101 670 0 0 306639 2331 201 0 857 158 0 964 0 194 3 0 0 0 0 0 1
1594557610 670 242 0 306639 2331 201 0 857 158 0 964 0 194 3 0 0 0 0 0 1
1594781187 670 349 0 306639 2331 201 0 857 158 0 964 0 194 3 0 0 0 0 0 1
1594995906 670 420 0 306639 2331 201 0 857 158 0 964 0 194 3 0 0 0 0 0 1
1595208359 671 420 0 306639 2331 201 0 857 158 0 964 0 194 3 0 0 0 0 0 1
1596181446 671 420 0 306639 2331 201 0 857 158 0 964 0 194 3 0 0 0 0 0 1
1596481445 671 638 0 306639 2331 201 0 857 158 0 964 0 194 3 0 0 0 0 0 1
1597365287 671 638 0 306639 2331 201 0 857 158 0 964 0 194 3 0 0 0 0 0 1
1597568416 671 638 0 306639 2331 201 0 857 158 0 964 0 196 3 0 0 0 0 0 1
1597571329 671 638 0 306756 2331 201 0 857 158 0 964 0 196 3 0 0 0 0 0 1
1597571977 671 638 0 306793 2331 201 0 857 158 0 964 0 196 3 0 0 0 0 0 1
1597588209 671 638 0 306793 2331 201 0 857 158 0 964 0 196 3 0 0 0 0 0 1
1597845848 671 638 0 306793 2331 201 0 857 158 0 964 0 196 3 0 0 0 0 0 1
1598365108 671 2251 0 306793 2331 201 0 857 158 0 964 0 196 3 0 0 0 0 0 1
1598404525 671 2251 0 306793 2331 201 0 857 158 0 964 0 196 3 0 0 0 0 0 1
1598406355 671 2281 0 306793 2331 201 0 857 158 0 964 0 196 3 0 0 0 0 0 1
1598531549 671 2281 0 306793 2331 201 0 857 158 0 964 0 196 3 0 0 0 0 0 1
1598870592 671 2281 0 306793 2331 201 0 857 158 0 964 0 196 3 0 0 0 0 0 1
1598886558 671 2437 0 306793 2331 201 0 857 158 0 964 0 196 3 0 0 0 0 0 1
1599563323 676 2437 0 306793 2331 201 0 857 158 0 964 0 196 3 0 0 0 0 0 1
1600613963 766 2716 0 306793 2331 201 0 857 158 0 964 0 196 3 0 0 0 0 0 1
1600965426 766 2723 0 306793 2331 201 0 857 158 0 964 0 196 3 0 0 0 0 0 1
1602694898 766 2723 0 306793 2331 201 0 857 158 0 968 0 196 3 0 0 0 0 0 1
1602800469 771 2723 0 306793 2331 201 0 857 158 0 968 0 196 3 0 0 0 0 0 1
1602856996 817 2723 0 306793 2331 201 0 857 158 0 968 0 196 3 0 0 0 0 0 1
1603694823 817 2723 0 306793 2331 201 0 857 158 0 968 77 196 3 0 0 0 0 0 1
1603721476 817 2725 0 306793 2331 201 0 857 158 0 968 77 196 3 0 0 0 0 0 1
1605229838 818 2725 0 306793 2331 201 0 857 158 0 968 77 196 3 0 0 0 0 0 1
1605237142 818 2725 0 306793 2331 201 0 857 158 0 968 77 196 3 0 0 0 0 0 1
1608682872 818 2725 0 306793 2331 201 0 857 158 0 968 77 196 3 0 0 0 0 0 1
1608773344 818 2725 0 306793 2331 201 0 857 158 0 968 77 196 3 0 0 0 0 0 1
1608774260 818 2725 0 306793 2331 209 0 857 158 0 968 77 196 3 0 0 0 0 0 1
1609844860 819 2725 0 306793 2331 209 0 857 158 0 968 77 196 3 0 0 0 0 0 1
1609845340 819 2725 0 306793 2331 209 0 857 158 0 968 77 196 3 0 0 0 0 0 2
1609887335 819 2725 0 306793 2331 209 0 857 158 0 968 77 196 3 0 51 0 0 0 2
1610047187 819 2725 0 306793 2331 209 0 857 158 0 968 77 196 3 0 51 0 0 0 2
1610283273 833 2725 0 306793 2331 209 0 857 158 0 968 77 196 3 0 51 0 0 0 2
1611475624 834 2725 0 306793 2331 209 0 857 158 0 968 77 196 3 0 51 0 0 0 2
1611685369 834 2725 0 306793 2331 209 0 857 158 0 968 77 196 3 0 51 0 0 0 2
1611791202 834 2725 0 306793 2331 209 0 857 158 0 968 77 196 3 0 51 0 0 0 2
1612304205 834 2725 0 306793 2331 213 0 857 158 0 968 77 196 3 0 51 0 0 0 2
1613499313 834 2725 0 306793 2331 213 0 857 158 0 1375 77 196 3 0 51 0 0 0 2
1614814073 834 2725 0 306793 2331 213 0 857 158 0 1375 77 196 3 0 51 0 0 0 2
1614814317 834 2725 0 306793 2331 213 0 857 158 0 1375 77 196 3 0 51 0 0 0 2
1614822929 834 2725 0 306793 2331 213 0 857 158 0 1375 77 196 3 0 51 0 0 0 2
1615119984 834 2725 0 306793 2331 213 0 857 158 0 1375 77 196 3 0 51 0 0 0 2
1615339232 845 2725 0 306793 2331 213 0 857 158 0 1375 77 196 3 0 51 0 0 0 2
1615433652 846 2725 0 306793 2331 213 0 857 158 0 1375 77 196 3 0 51 0 0 0 2
1616455255 846 2725 0 306793 2331 213 0 857 158 0 1375 842 196 3 0 51 0 0 0 2
1617034595 846 2725 0 306793 2331 213 0 857 158 40 1375 842 196 3 0 51 0 0 0 2
1617105875 882 2725 0 306793 2331 213 0 857 158 40 1375 842 196 3 0 51 0 0 0 2
1617147670 882 2725 0 306793 2331 213 0 857 158 40 1375 842 196 3 0 51 0 0 0 2
1617148591 882 2725 0 306793 2331 215 0 857 158 40 1375 842 196 3 0 51 0 0 0 2
1617165164 889 2725 0 306793 2331 215 0 857 158 40 1375 842 196 3 0 51 0 0 0 2
1617304880 912 2725 0 306793 2331 215 0 857 158 40 1375 842 196 3 0 51 0 0 0 2
1617803121 912 2725 32 306793 2331 215 0 857 158 40 1375 842 196 3 0 51 0 0 0 2
1618187696 914 2725 32 306793 2331 215 0 857 158 40 1375 842 196 3 0 51 0 0 0 2
1618374288 914 2784 32 306793 2331 215 0 857 158 40 1375 842 196 3 0 51 0 0 0 2
1618513872 914 2784 32 306793 2331 215 0 857 158 40 1375 910 196 3 0 51 0 0 0 2
1618788865 914 2784 32 306793 2331 215 0 857 158 40 1375 910 196 3 0 54 0 0 0 2
1618964444 914 2784 32 306793 2331 215 0 857 158 40 1375 910 196 3 0 89 0 0 0 2
1619014305 914 2784 40 306793 2331 215 0 857 158 40 1375 910 196 3 0 89 0 0 0 2
1619052817 914 2784 40 306793 2331 215 0 857 158 40 1375 910 196 3 0 89 0 0 0 2
1619149121 914 2784 40 306793 2331 215 0 857 158 40 1375 910 196 3 0 90 0 0 0 2
1620424920 914 3083 40 306793 2331 215 0 857 158 40 1375 910 196 3 0 90 0 0 0 2
1620506974 918 3083 40 306793 2331 215 0 857 158 40 1375 910 196 3 0 90 0 0 0 2
1620793225 918 3083 40 306793 2331 215 0 857 158 40 1375 910 196 3 0 92 0 0 0 2
1621211056 918 3083 40 306793 2331 215 0 857 158 40 1375 910 196 3 0 92 0 0 0 3
1621986152 918 3083 40 306793 2331 215 0 857 158 40 1375 910 196 3 0 92 0 0 0 3
1623155061 918 3083 40 306793 2331 215 0 857 158 40 1375 910 196 3 0 92 0 0 0 3
1623156241 918 3083 411 306793 2331 215 0 857 158 40 1375 910 196 3 0 92 0 0 0 3
1623157466 918 3083 411 306793 2331 215 0 857 158 40 1375 910 196 3 0 92 0 0 0 4
1623192747 918 3110 411 306793 2331 215 0 857 158 40 1375 910 196 3 0 92 0 0 0 4
1623196064 1105 3110 411 306793 2331 215 0 857 158 40 1375 910 196 3 0 92 0 0 0 4
1623196953 1108 3110 411 306793 2331 215 0 857 158 40 1375 910 196 3 0 92 0 0 0 4
1623203156 1108 3110 411 306793 2331 215 0 857 158 40 1375 910 196 3 0 92 0 0 0 4
1623204511 1108 3110 411 306793 2331 215 0 857 158 40 1375 910 196 3 0 92 0 0 0 4
1623817256 1119 3110 411 306793 2331 215 0 857 158 40 1375 910 196 3 0 92 0 0 0 4
1623817512 1242 3110 411 306793 2331 215 0 857 158 40 1375 910 196 3 0 92 0 0 0 4
1624404929 1243 3110 411 306793 2331 215 0 857 158 40 1375 910 196 3 0 92 0 0 0 4
1624424560 1252 3110 411 306793 2331 215 0 857 158 40 1375 910 196 3 0 92 0 0 0 4
1624481978 1255 3110 411 306793 2331 215 0 857 158 40 1375 910 196 3 0 92 0 0 0 4
1624498941 1259 3110 411 306793 2331 215 0 857 158 40 1375 910 196 3 0 92 0 0 0 4
1624583198 1263 3110 411 306793 2331 215 0 857 158 40 1375 910 196 3 0 92 0 0 0 4
1624590716 1263 3110 411 306793 2331 215 0 857 158 40 1375 910 196 3 0 92 0 0 0 4
1625462574 1281 3110 411 306793 2331 215 0 857 158 40 1375 910 196 3 0 92 0 0 0 4
1625788000 1284 3110 411 306793 2331 215 0 857 158 40 1375 910 196 3 0 92 0 0 0 4
1625942124 1284 3110 411 306793 2331 215 0 857 158 40 1375 968 196 3 0 92 0 0 0 4
1626412446 1284 3110 411 306793 2331 215 0 857 158 40 1375 968 196 3 0 92 0 0 0 4
1627623590 1284 3110 411 306793 2331 215 0 857 158 146 1375 968 196 3 0 92 0 0 0 4
1629259834 1287 3110 411 306793 2331 215 0 857 158 146 1375 968 196 3 0 92 0 0 0 4
1630379789 1287 3110 451 306793 2331 215 0 857 158 146 1375 968 196 3 0 92 0 0 0 4
1630381033 1287 3110 451 306793 2331 215 0 857 158 146 1448 968 196 3 0 92 0 0 0 4
1630880564 1287 3110 976 306793 2331 215 0 857 158 146 1448 968 196 3 0 92 0 0 0 4
1631034818 1287 3110 1013 306793 2331 215 0 857 158 146 1448 968 196 3 0 92 0 0 0 4
1631484022 1287 3118 1013 306793 2331 215 0 857 158 146 1448 968 196 3 0 92 0 0 0 4
1631484761 1287 3127 1013 306793 2331 215 0 857 158 146 1448 968 196 3 0 92 0 0 0 4
1631484996 1287 3127 1013 306793 2331 215 0 857 158 146 1448 968 196 3 0 92 0 0 0 4
1631485387 1287 3138 1013 306793 2331 215 0 857 158 146 1448 968 196 3 0 92 0 0 0 4
1631921770 1287 3138 1025 306793 2331 215 0 857 158 146 1448 968 196 3 0 92 0 0 0 4
1632236480 1287 3183 1025 306793 2331 215 0 857 158 146 1448 968 196 3 0 92 0 0 0 4
1632789071 1287 3183 1072 306793 2331 215 0 857 158 146 1448 968 196 3 0 92 0 0 0 4
1632795835 1287 3184 1072 306793 2331 215 0 857 158 146 1448 968 196 3 0 92 0 0 0 4
1633036327 1287 3184 1245 306793 2331 215 0 857 158 146 1448 968 196 3 0 92 0 0 0 4
1633129498 1287 3233 1422 306793 2331 215 0 857 158 146 1448 968 196 3 0 92 0 0 0 4
1634082024 1287 3237 1422 306793 2331 215 0 857 158 146 1448 968 196 3 0 92 0 0 0 4
1634254595 1290 3237 1422 306793 2331 215 0 857 158 146 1448 968 196 3 0 92 0 0 0 4
1634595437 1290 3237 1422 306793 2331 215 0 857 158 146 1448 968 196 3 0 92 0 0 0 4
1634865425 1290 3240 1422 306793 2331 215 0 857 158 146 1448 968 196 3 0 92 0 0 0 4
1635200410 1290 3240 1422 306793 2331 215 0 857 158 146 1448 968 196 3 0 92 0 0 0 4
1635202917 1360 3240 1422 306793 2331 215 0 857 158 146 1448 968 196 3 0 92 0 0 0 4
1635210479 1360 3240 1467 306793 2331 215 0 857 158 146 1448 968 196 3 0 92 0 0 0 4
1635213496 1360 3240 1715 306793 2331 215 0 857 158 146 1448 968 196 3 0 92 0 0 0 4
1635213874 1360 3240 1715 306793 2331 215 0 857 158 146 1448 968 196 3 0 92 0 0 0 4
1635215163 1360 3251 1715 306793 2331 215 0 857 158 146 1448 968 196 3 0 92 0 0 0 4
1635267386 1360 3251 1716 306793 2331 215 0 857 158 146 1448 968 196 3 0 92 0 0 0 4
1635267788 1361 3251 1716 306793 2331 215 0 857 158 146 1448 968 196 3 0 92 0 0 0 4
1635724660 1375 3251 1716 306793 2331 215 0 857 158 146 1448 968 196 3 0 92 0 0 0 4
1635730727 1375 3251 1716 306793 2331 215 0 857 158 146 1448 968 196 3 0 92 0 0 0 4
1636491506 1375 3251 1717 306793 2331 215 0 857 158 146 1448 968 196 3 0 92 0 0 0 4
1636505109 1375 3251 1717 306793 2331 215 0 857 158 146 1448 968 196 3 0 92 0 0 0 4
1637118599 1375 3251 1717 306793 2331 215 5702 857 158 146 1448 968 196 3 0 92 0 0 0 4
1637706864 1375 3251 1717 306793 2331 215 5702 857 158 146 1448 968 196 3 0 92 0 0 0 4
1637734068 1375 3251 1720 306793 2331 215 5702 857 158 146 1448 968 196 3 0 92 0 0 0 4
1639664742 1375 3251 1720 306793 2331 215 5702 857 158 148 1448 968 196 3 0 92 0 0 0 4
1640202697 1375 3251 1720 306793 2331 215 5702 857 158 148 1448 968 196 3 0 181 0 0 0 4
1640718013 1375 3251 1729 306793 2331 215 5702 857 158 148 1448 968 196 3 0 181 0 0 0 4
1640739752 1375 3251 2671 306793 2331 215 5702 857 158 148 1448 968 196 3 0 181 0 0 0 4
1640747475 1375 3251 2674 306793 2331 215 5702 857 158 148 1448 968 196 3 0 181 0 0 0 4
1640794871 1375 3251 2674 306793 2331 215 5702 857 158 148 1448 1040 196 3 0 181 0 0 0 4
1640795541 1375 3251 2674 306793 2331 215 5702 857 158 148 1448 1040 196 3 0 181 0 0 0 4
1640795804 1375 3251 2674 306793 2331 215 5702 857 158 148 1448 1040 196 3 0 181 0 0 0 4
1640929466 1375 3251 2675 306793 2331 215 5702 857 158 148 1448 1040 196 3 0 181 0 0 0 4
1641153807 1375 3327 2675 306793 2331 215 5702 857 158 148 1448 1040 196 3 0 181 0 0 0 4
1641187420 1375 3328 2675 306793 2331 215 5702 857 158 148 1448 1040 196 3 0 181 0 0 0 4
1641188531 1375 3336 2675 306793 2331 215 5702 857 158 148 1448 1040 196 3 0 181 0 0 0 4
1641189336 1375 3336 2848 306793 2331 215 5702 857 158 148 1448 1040 196 3 0 181 0 0 0 4
1641236180 1375 3336 2848 306793 2331 215 5702 857 158 148 1448 1040 196 3 0 224 0 0 0 4
1641340828 1375 3336 2848 306793 2331 215 5702 857 158 148 1448 1040 196 3 0 224 0 0 0 4
1641340992 1375 3336 2848 306793 2331 215 5786 857 158 148 1448 1040 196 3 0 224 0 0 0 4
1641437212 1375 3336 2848 306793 2331 215 5786 857 158 148 1448 1041 196 3 0 224 0 0 0 4
1642318487 1375 3336 2856 306793 2331 215 5786 857 158 148 1448 1041 196 3 0 224 0 0 0 4
1642490947 1375 3336 2856 306793 2331 215 5786 857 158 148 1448 1043 196 3 0 224 0 0 0 4
1642538858 1375 3336 3100 306793 2331 215 5786 857 158 148 1448 1043 196 3 0 224 0 0 0 4
1642546555 1375 3336 4089 306793 2331 215 5786 857 158 148 1448 1043 196 3 0 224 0 0 0 4
1643332218 1375 3336 4089 306793 2331 215 5787 857 158 148 1448 1043 196 3 0 224 0 0 0 4
1643376595 1375 3336 4155 306793 2331 215 5787 857 158 148 1448 1043 196 3 0 224 0 0 0 4
1643584207 1375 3336 4155 306793 2331 215 5787 857 158 148 1448 1043 196 3 0 224 0 0 0 4
1643584540 1375 3336 4245 306793 2331 215 5787 857 158 148 1448 1043 196 3 0 224 0 0 0 4
1643746214 1375 3336 4246 306793 2331 215 5787 857 158 148 1448 1043 196 3 0 224 0 0 0 4
1643774282 1376 3336 4246 306793 2331 215 5787 857 158 148 1448 1043 196 3 0 224 0 0 0 4
1644343905 1376 3336 4635 306793 2331 215 5787 857 158 148 1448 1043 196 3 0 224 0 0 0 4
1644453465 1376 3336 4657 306793 2331 215 5787 857 158 148 1448 1043 196 3 0 224 0 0 0 4
1644542549 1376 3336 4657 306793 2331 215 5787 857 158 148 1448 1043 196 3 0 224 0 0 0 4
1644543045 1376 3336 4661 306793 2331 215 5787 857 158 148 1448 1043 196 3 0 224 0 0 0 4
1644595805 1376 3336 4661 306793 2331 215 5787 857 158 152 1448 1043 196 3 0 224 0 0 0 4
1645818252 1376 3336 4665 306793 2331 215 5787 857 158 152 1448 1043 196 3 0 224 0 0 0 4
1645886609 1376 3336 4669 306793 2331 215 5787 857 158 152 1448 1043 196 3 0 224 0 0 0 4
1645886886 1376 3336 4670 306793 2331 215 5787 857 158 152 1448 1043 196 3 0 224 0 0 0 4
1646184549 1376 3336 4670 306793 2331 215 5873 857 158 152 1448 1043 196 3 0 224 0 0 0 4
1646236826 1376 3336 4681 306793 2331 215 5873 857 158 152 1448 1043 196 3 0 224 0 0 0 4
1646254869 1376 3336 4681 306793 2331 215 5873 857 158 152 1448 1043 196 3 0 224 0 0 0 4
1646256242 1376 3336 4681 306793 2331 215 6020 857 158 152 1448 1043 196 3 0 224 0 0 0 4
1646430342 1376 3336 4713 306793 2331 215 6020 857 158 152 1448 1043 196 3 0 224 0 0 0 4
1646850800 1376 3336 4713 306793 2331 215 7043 857 158 152 1448 1043 196 3 0 224 0 0 0 4
1646951520 1376 3336 4713 306793 2331 215 7046 857 158 152 1448 1043 196 3 0 224 0 0 0 4
1646953974 1376 3336 4713 306793 2331 215 7046 857 158 166 1448 1043 196 3 0 224 0 0 0 4
1647013662 1376 3337 4713 306793 2331 215 7046 857 158 166 1448 1043 196 3 0 224 0 0 0 4
1647015756 1376 3339 4713 306793 2331 215 7046 857 158 166 1448 1043 196 3 0 224 0 0 0 4
1647307412 1376 3343 4713 306793 2331 215 7046 857 158 166 1448 1043 196 3 0 224 0 0 0 4
1647356626 1376 3343 4713 306793 2331 215 7046 857 158 212 1448 1043 196 3 0 224 0 0 0 4
1647383657 1376 3343 4713 306793 2331 215 7046 857 158 212 1448 1043 196 3 0 224 0 0 0 4
1647402817 1379 3343 4713 306793 2331 215 7046 857 158 212 1448 1043 196 3 0 224 0 0 0 4
1647403871 1379 3428 4713 306793 2331 215 7046 857 158 212 1448 1043 196 3 0 224 0 0 0 4
1647438044 1379 3428 4714 306793 2331 215 7046 857 158 212 1448 1043 196 3 0 224 0 0 0 4
1647450967 1379 3428 4719 306793 2331 215 7046 857 158 212 1448 1043 196 3 0 224 0 0 0 4
1647796151 1379 3428 4741 306793 2331 215 7046 857 158 212 1448 1043 196 3 0 224 0 0 0 4
1647805732 1379 3428 4759 306793 2331 215 7046 857 158 212 1448 1043 196 3 0 224 0 0 0 4
1647806068 1379 3428 4798 306793 2331 215 7046 857 158 212 1448 1043 196 3 0 224 0 0 0 4
1648144462 1379 3428 4817 306793 2331 215 7046 857 158 212 1448 1043 196 3 0 224 0 0 0 4
1649370122 1379 3428 4817 306793 2331 215 7046 857 158 212 1462 1043 196 3 0 224 0 0 0 4
1649457322 1379 3428 4824 306793 2331 215 7046 857 158 212 1462 1043 196 3 0 224 0 0 0 4
1649457689 1379 3428 4824 306793 2331 215 7046 857 158 212 1462 1043 196 3 0 224 0 0 0 4
1649461410 1379 3428 4824 306793 2331 215 7051 857 158 212 1462 1043 196 3 0 224 0 0 0 4
1650065839 1379 3430 4824 306793 2331 215 7051 857 158 212 1462 1043 196 3 0 224 0 0 0 4
1650589135 1379 3656 4824 306793 2331 215 7051 857 158 212 1462 1043 196 3 0 224 0 0 0 4
1650635688 1379 3858 4824 306793 2331 215 7051 857 158 212 1462 1043 196 3 0 224 0 0 0 4
1651554391 1379 3858 4824 306793 2331 215 7051 857 158 212 1462 1043 196 3 0 224 0 0 0 4
1651554822 1379 3858 4824 306793 2331 215 7051 857 158 212 1462 1043 196 3 0 224 0 0 0 4
1652059335 1379 3858 4824 306793 2331 215 7051 857 158 212 1462 1043 196 3 0 224 0 0 0 4
1652181560 1387 3858 4824 306793 2331 215 7051 857 158 212 1462 1043 196 3 0 224 0 0 0 4
1652850044 1387 3858 4824 306793 2331 225 7051 857 158 212 1462 1043 196 3 0 224 0 0 0 4
1653327466 1387 3858 4824 306793 2331 225 7051 857 158 212 1462 1043 196 3 0 224 0 0 0 4
1653327816 1387 3858 4824 306793 2331 266 7051 857 158 212 1462 1043 196 3 0 224 0 0 0 4
1653877677 1387 3858 4826 306793 2331 266 7051 857 158 212 1462 1043 196 3 0 224 0 0 0 4
1653982744 1387 3858 4826 306793 2331 266 7051 857 158 212 1462 1043 196 3 0 224 0 0 0 4
1654041633 1387 3858 4826 306793 2331 266 7051 857 158 212 1462 1043 196 3 0 224 0 0 0 4
1654540637 1387 3858 4826 306793 2331 266 7051 857 158 212 1462 1043 196 3 0 224 0 0 0 6
1654573257 1387 3858 4826 306793 2331 266 7051 857 158 212 1462 1043 196 3 0 224 0 0 0 6
1654784436 1387 3858 4826 306793 2331 269 7051 857 158 212 1462 1043 196 3 0 224 0 0 0 6
1655150704 1387 3858 4826 306793 2331 269 7062 857 158 212 1462 1043 196 3 0 224 0 0 0 6
1655157241 1387 3858 4826 306793 2331 273 7062 857 158 212 1462 1043 196 3 0 224 0 0 0 6
1655271126 1391 3858 4826 306793 2331 273 7062 857 158 212 1462 1043 196 3 0 224 0 0 0 6
1655799561 1391 3858 4826 306793 2331 273 7063 857 158 212 1462 1043 196 3 0 224 0 0 0 6
1655807518 1391 3858 4826 306793 2331 273 7063 857 158 212 1475 1043 196 3 0 224 0 0 0 6
1655851563 1391 3858 4826 306793 2331 273 7063 857 158 212 1475 1043 196 3 0 224 0 0 0 6
1655853821 1391 3858 4826 306793 2331 300 7063 857 158 212 1475 1043 196 3 0 224 0 0 0 6
1655854178 1391 3858 4826 306793 2331 300 7063 857 158 212 1475 1043 196 3 0 224 0 0 0 6
1655855087 1391 3858 4826 306793 2331 300 7063 857 158 212 1475 1043 196 3 0 224 0 0 0 6
1656423351 1391 3860 4826 306793 2331 300 7063 857 158 212 1475 1043 196 3 0 224 0 0 0 6
1656432171 1391 3860 4826 306793 2331 301 7063 857 158 212 1475 1043 196 3 0 224 0 0 0 6
1656599987 1391 3860 4826 306793 2331 356 7063 857 158 212 1475 1043 196 3 0 224 0 0 0 6
1656602750 1405 3860 4826 306793 2331 356 7063 857 158 212 1475 1043 196 3 0 224 0 0 0 6
1656607396 1405 3860 4826 306793 2331 356 7063 857 158 287 1475 1043 196 3 0 224 0 0 0 6
1656645852 1405 3860 4826 306793 2331 356 7063 857 158 287 1475 1351 196 3 0 224 0 0 0 6
1657599284 1405 3954 4826 306793 2331 356 7063 857 158 287 1475 1351 196 3 0 224 0 0 0 6
1657657810 1405 3954 4826 306793 2331 690 7063 857 158 287 1475 1351 196 3 0 224 0 0 0 6
1657659122 1405 3954 4826 306793 2331 690 7063 857 158 287 1475 1354 196 3 0 224 0 0 0 6
1657803223 1405 3954 4826 306793 2331 690 7063 857 158 287 1475 1361 196 3 0 224 0 0 0 6
1657829361 1405 3954 4826 306793 2331 723 7063 857 158 287 1475 1361 196 3 0 224 0 0 0 6
1658124956 1405 3954 4826 306793 2331 741 7063 857 158 287 1475 1361 196 3 0 224 0 0 0 6
1658865527 1405 3954 4826 306793 2331 741 7063 857 158 287 1475 1361 196 3 0 224 0 0 0 6
1658970888 1405 3954 4826 306793 2331 741 7063 857 158 287 1475 1361 196 3 0 224 0 0 0 6
1659023621 1405 3954 4826 306793 2331 741 7063 857 158 287 1475 1361 196 3 0 224 0 0 0 6
1659349541 1405 3954 4826 306793 2331 741 7063 857 158 287 1475 1361 196 3 0 224 0 0 0 6
1659352385 1405 3954 4826 306793 2331 741 7088 857 158 287 1475 1361 196 3 0 224 0 0 0 6
1659354190 1405 3954 4826 306793 2331 741 7088 857 158 287 1475 1361 196 3 0 224 0 0 0 6
1659373651 1405 3954 4826 306793 2331 743 7088 857 158 287 1475 1361 196 3 0 224 0 0 0 6
1659491666 1405 3954 4826 306793 2331 743 7088 857 158 287 1475 1361 196 3 0 224 0 0 0 6
1659594967 1405 3954 4826 306793 2331 743 7088 857 158 287 1475 1361 196 3 0 224 0 0 0 6
1659636243 1405 3954 4826 306793 2331 743 7088 857 158 287 1475 1361 196 3 0 224 0 0 0 6
1660141840 1405 3954 4826 306793 2331 743 7088 857 158 287 1475 1361 196 3 0 224 0 0 0 6
1660143423 1405 3954 4826 306793 2331 743 7088 857 158 287 1475 1361 196 3 0 224 0 0 0 6
1660144336 1405 3954 4826 306793 2331 743 7088 857 158 287 1475 1361 196 3 0 224 0 0 0 6
1660145759 1405 3954 4826 306793 2331 743 7088 857 158 287 1475 1361 196 3 0 224 0 0 0 6
1660173926 1405 3954 4826 306793 2331 743 7088 857 158 294 1475 1361 196 3 0 224 0 0 0 6
1660174659 1405 3954 4826 306793 2331 743 7088 857 158 338 1475 1361 196 3 0 224 0 0 0 6
1660467171 1405 3954 4875 306793 2331 743 7088 857 158 338 1475 1361 196 3 0 224 0 0 0 6
1660467673 1405 3954 4900 306793 2331 743 7088 857 158 338 1475 1361 196 3 0 224 0 0 0 6
1660470723 1405 3954 4900 306793 2331 743 7088 857 158 338 1475 1361 196 3 0 224 0 0 0 6
1660614072 1405 3954 4901 306793 2331 743 7088 857 158 338 1475 1361 196 3 0 224 0 0 0 6
1661594814 1405 3954 4901 306793 2331 743 7088 857 158 338 1475 1361 196 3 0 224 0 0 0 6
1661631286 1405 3954 4901 306793 2331 753 7088 857 158 338 1475 1361 196 3 0 224 0 0 0 6
1661633611 1405 3954 4996 306793 2331 753 7088 857 158 338 1475 1361 196 3 0 224 0 0 0 6
1661634675 1405 3954 4997 306793 2331 753 7088 857 158 338 1475 1361 196 3 0 224 0 0 0 6
1661638018 1405 3972 4997 306793 2331 753 7088 857 158 338 1475 1361 196 3 0 224 0 0 0 6
1661741730 1405 3972 4997 306793 2331 781 7088 857 158 338 1475 1361 196 3 0 224 0 0 0 6
1661897950 1405 3972 4997 306793 2331 781 7088 857 158 338 1475 1361 196 3 0 224 0 0 0 6
1661898871 1405 3972 4997 306793 2331 781 7088 857 158 338 1475 1361 196 3 0 224 0 0 0 6
1662587728 1405 3972 4997 306793 2331 781 7088 857 158 338 1475 1361 196 3 0 224 0 0 0 6
1663013642 1405 3972 4997 306793 2331 781 7088 857 158 338 1475 1361 196 3 0 224 0 0 0 6
1663333324 1405 3972 4997 306793 2331 781 7088 857 158 338 1475 1361 196 3 0 224 0 0 0 6
1664049855 1405 3972 4997 306793 2331 920 7088 857 158 338 1475 1361 196 3 0 224 0 0 0 6
1664104161 1405 3972 4997 306793 2331 920 7088 857 158 338 1475 1361 196 3 0 224 0 0 0 6
1664194134 1405 3972 4997 306793 2331 923 7088 857 158 338 1475 1361 196 3 0 224 0 0 0 6
1664221027 1405 3972 5209 306793 2331 923 7088 857 158 338 1475 1361 196 3 0 224 0 0 0 6
1664388094 1405 3972 5209 306793 2331 923 7088 857 158 338 1475 1361 196 3 0 224 0 0 0 6
1664641247 1405 3972 5209 306793 2331 923 7088 857 158 338 1534 1361 196 3 0 224 0 0 0 6
1664998964 1405 3972 5209 306793 2331 923 7116 857 158 338 1534 1361 196 3 0 224 0 0 0 6
1664999429 1405 3972 5209 306793 2331 923 7128 857 158 338 1534 1361 196 3 0 224 0 0 0 6
1665010699 1405 3972 5209 306793 2331 923 7128 857 158 338 1603 1361 196 3 0 224 0 0 0 6
1665011093 1405 3972 5209 306793 2331 923 7128 857 158 338 1603 1361 196 3 0 224 0 0 0 7
1665013296 1405 3972 5209 306793 2331 923 7128 857 158 338 1603 1361 196 3 0 224 0 0 0 7
1665165500 1405 3977 5209 306793 2331 923 7128 857 158 338 1603 1361 196 3 0 224 0 0 0 7
1665178646 1405 3977 5209 306793 2331 923 7129 857 158 338 1603 1361 196 3 0 224 0 0 0 7
1665366822 1405 3977 5209 306793 2331 923 7129 857 158 338 1603 1361 196 3 0 224 0 0 0 7
1665414152 1405 3977 5209 306793 2331 923 7130 857 158 338 1603 1361 196 3 0 224 0 0 0 7
1665590724 1405 3977 5209 306793 2331 923 7310 857 158 338 1603 1361 196 3 0 224 0 0 0 7
1665610886 1405 3977 5209 306793 2331 923 7587 857 158 338 1603 1361 196 3 0 224 0 0 0 7
1666728245 1405 3977 5209 306793 2331 923 7587 857 158 338 1603 1361 196 3 0 224 0 0 0 7
1666728364 1405 3977 5209 306793 2331 923 7587 857 158 338 1603 1361 196 3 0 224 0 0 0 7
1666806118 1405 3977 5209 306793 2331 923 7587 857 158 338 1603 1361 196 3 0 224 0 37 0 7
1667405425 1405 3977 5209 306793 2331 923 7587 857 158 338 1603 1361 196 3 1 224 0 37 0 7
1667413197 1405 3977 5209 306793 2331 923 7587 857 158 338 1603 1361 196 3 4 224 0 37 0 7
1667414261 1405 3977 5209 306793 2331 923 7587 857 158 338 1603 1361 196 3 4 224 0 37 0 7
1667418755 1405 3977 5209 306793 2331 923 7592 857 158 338 1603 1361 196 3 4 224 0 37 0 7
1667600451 1405 3977 5209 306793 2331 923 7592 857 158 338 1603 1361 196 3 4 224 0 902 0 7
1667871877 1405 3977 5209 306793 2331 923 7592 857 158 338 1603 1361 196 3 4 224 0 904 0 7
1668105450 1405 3988 5209 306793 2331 923 7592 857 158 338 1603 1361 196 3 4 224 0 904 0 7
1668105833 1405 3988 5209 306793 2331 923 7713 857 158 338 1603 1361 196 3 4 224 0 904 0 7
1668818284 1405 3988 5209 306793 2331 923 7713 857 158 338 1603 1361 196 3 4 224 0 904 0 7
1668898549 1405 3988 5209 306793 2331 923 7713 857 158 338 1603 1361 196 3 4 224 0 904 0 7
1669028087 1405 3988 5209 306793 2331 923 7713 857 158 338 1603 1361 196 3 4 224 0 904 0 7
1669065577 1405 3988 5209 306793 2331 923 7713 857 158 338 1603 1361 196 3 4 224 0 1261 0 7
1669672701 1405 3988 5209 306793 2331 923 8964 857 158 338 1603 1361 196 3 4 224 0 1261 0 7
1669677710 1405 3988 5209 306793 2331 923 9000 857 158 338 1603 1361 196 3 4 224 0 1261 0 7
1669678143 1405 3988 5209 306793 2331 923 9000 857 158 338 1603 1361 196 3 4 224 0 1261 0 7
1669678533 1405 3988 5209 306793 2331 923 9000 857 158 338 1603 1361 196 3 97 224 0 1261 0 7
1669743256 1405 3988 5209 306793 2331 923 9003 857 158 338 1603 1361 196 3 97 224 0 1261 0 7
1669922110 1405 3988 5209 306793 2331 923 9110 857 158 338 1603 1361 196 3 97 224 0 1261 0 7
1669922888 1405 3988 5209 306793 2331 923 9192 857 158 338 1603 1361 196 3 97 224 0 1261 0 7
1669926084 1405 3988 5209 306793 2331 923 9192 857 158 338 1603 1361 196 3 245 224 0 1261 0 7
1669934195 1405 3988 5209 306793 2331 923 9433 857 158 338 1603 1361 196 3 245 224 0 1261 0 7
1670205095 1405 3988 5209 306793 2331 923 9433 857 158 338 1603 1361 196 3 245 224 0 1261 0 7
1670358244 1405 3988 5209 306793 2331 923 9728 857 158 338 1603 1361 196 3 245 224 0 1261 0 7
1670362888 1405 3988 5209 306793 2331 923 9728 857 158 338 1603 1361 196 3 246 224 0 1261 0 7
1670363753 1405 3988 5209 306793 2331 923 9728 857 158 338 1603 1361 196 3 246 224 0 1261 0 7
1670375113 1405 3988 5209 306793 2331 923 9728 857 158 338 1603 1361 196 3 246 224 0 1261 0 7
1671487146 1405 3988 5209 306793 2331 923 9728 857 158 338 1603 1361 196 3 246 224 0 1261 0 7
1671666558 1405 3988 5209 306793 2331 923 9728 857 158 338 1603 1361 196 3 246 224 0 1261 0 7
1671666850 1405 3988 5209 306793 2331 925 9728 857 158 338 1603 1361 196 3 246 224 0 1261 0 7
1671842320 1405 3988 5209 306793 2331 1543 9728 857 158 338 1603 1361 196 3 246 224 0 1261 0 7
1671842975 1405 3988 5209 306793 2331 1708 9728 857 158 338 1603 1361 196 3 246 224 0 1261 0 7
1671844403 1405 3988 5209 306793 2331 1708 9728 857 158 338 1603 1361 196 3 246 224 0 1261 0 7
1671914900 1405 3988 5209 306793 2331 1708 9728 857 158 338 1603 1361 196 3 246 224 0 1261 0 7
1672043317 1405 3988 5209 306793 2331 1789 9728 857 158 338 1603 1361 196 3 246 224 0 1261 0 7
1672044436 1405 3988 5209 306793 2331 1791 9728 857 158 338 1603 1361 196 3 246 224 0 1261 0 7
1672080288 1405 3988 5209 306793 2331 1795 9728 857 158 338 1603 1361 196 3 246 224 0 1261 0 7
1672080321 1405 3988 5209 306793 2331 1796 9728 857 158 338 1603 1361 196 3 246 224 0 1261 0 7
1672101270 1405 3988 5209 306793 2331 1832 9728 857 158 338 1603 1361 196 3 246 224 0 1261 0 7
1672112386 1405 3988 5209 306793 2331 1833 9728 857 158 338 1603 1361 196 3 246 224 0 1261 0 7
1672345152 1405 3988 5209 306793 2331 1833 9728 857 158 338 1603 1361 196 3 246 224 0 1261 0 7
1672345264 1405 3988 5209 306793 2331 1833 9728 857 158 338 1603 1361 196 3 246 224 0 1261 0 7
1672431974 1405 3988 5209 306793 2331 1833 9728 857 158 338 1603 1361 196 3 246 224 0 1261 0 7
1672642724 1405 3996 5209 306793 2331 1833 9728 857 158 338 1603 1361 196 3 246 224 0 1261 0 7
1672642821 1405 3996 5209 306793 2331 1833 9728 857 158 338 1603 1361 196 3 246 224 0 1261 0 7
1672694282 1405 3996 5209 306793 2331 1833 9728 857 158 338 1603 1361 196 3 246 224 0 1261 0 7
1673388051 1405 3996 5209 306793 2331 2014 9728 857 158 338 1603 1361 196 3 246 224 0 1261 0 7
1673495190 1405 3996 5209 306793 2331 2014 9728 857 158 338 1603 1361 196 3 246 224 398 1261 0 7
1673721285 1405 3996 5209 306793 2331 2021 9728 857 158 338 1603 1361 196 3 246 224 398 1261 0 7
1674021896 1405 3996 5209 306793 2331 2021 9728 857 158 338 1603 1361 196 3 246 224 398 1261 0 7
1674079760 1405 3996 5209 306793 2331 2021 9728 857 158 338 1603 1361 196 3 246 224 398 1261 0 7
1674083752 1405 3996 5209 306793 2331 2021 9728 857 158 338 1603 1361 196 3 246 224 398 1261 0 7
1674085096 1405 3996 5209 306793 2331 2021 9728 857 158 338 1603 1361 196 3 246 224 400 1261 0 7
1674097560 1405 3997 5209 306793 2331 2021 9728 857 158 338 1603 1361 196 3 246 224 400 1261 0 7
1674158563 1405 3997 5209 306793 2331 2021 9728 857 158 338 1603 1361 196 3 246 224 577 1261 0 7
1674179039 1405 3997 5209 306793 2331 2021 9728 857 158 338 1603 1361 196 3 246 224 577 1261 0 7
1674224644 1405 3997 5209 306793 2331 2021 9728 857 158 338 1603 1361 196 3 246 224 952 1261 0 7
1674265729 1405 4037 5209 306793 2331 2021 9728 857 158 338 1603 1361 196 3 246 224 952 1261 0 7
1674328601 1405 4136 5209 306793 2331 2021 9728 857 158 338 1603 1361 196 3 246 224 952 1261 0 7
1674503580 1405 4136 5209 306793 2331 2021 9728 857 158 363 1603 1361 196 3 246 224 952 1261 0 7
1674511113 1405 4136 5209 306793 2331 2021 9728 857 158 363 1603 1361 196 3 246 224 952 1261 0 7
1674513050 1405 4136 5209 306793 2331 2021 9728 857 158 363 1603 1361 196 3 246 224 952 1261 0 7
1674513618 1405 4148 5209 306793 2331 2021 9728 857 158 363 1603 1361 196 3 246 224 952 1261 0 7
1674513650 1405 4148 5209 306793 2331 2021 9728 857 158 363 1603 1361 196 3 246 224 952 1261 47 7
1674513757 1405 4148 5209 306793 2331 2021 9728 857 158 363 1603 1361 196 3 246 224 952 1261 51 7
1674513884 1405 4148 5209 306793 2331 2021 9728 857 158 363 1603 1361 196 3 246 224 952 1261 51 7
1674542955 1405 4148 5209 306793 2331 2021 9728 857 158 363 1603 1361 196 3 246 224 952 1261 51 7
1674579121 1405 4148 5209 306793 2331 2021 9728 857 158 363 1603 1361 196 3 246 224 952 1261 51 7
1674579165 1405 4148 5209 306793 2331 2021 9728 857 158 363 1603 1361 196 3 246 224 952 1261 51 7
1674663590 1405 4148 5209 306793 2331 2021 9728 857 158 363 1603 1361 196 3 246 224 952 1261 51 7
1674663629 1405 4148 5209 306793 2331 2021 9728 857 158 363 1603 1361 196 3 246 224 960 1261 51 7
1674670997 1405 4585 5209 306793 2331 2021 9728 857 158 363 1603 1361 196 3 246 224 960 1261 51 7
1674671472 1405 4585 5209 306793 2331 2021 9728 857 158 363 1603 1361 196 3 246 224 960 1261 51 7
1674674412 1405 4585 5209 306793 2331 2021 9728 857 158 363 1603 1361 196 3 246 224 960 1261 51 7
1674678408 1405 4725 5209 306793 2331 2021 9728 857 158 363 1603 1361 196 3 246 224 960 1261 51 7
1674748312 1405 4725 5209 306793 2331 2021 9728 857 158 364 1603 1361 196 3 246 224 960 1261 51 7
1674774845 1405 4815 5209 306793 2331 2021 9728 857 158 364 1603 1361 196 3 246 224 960 1261 51 7
1674775901 1405 4816 5209 306793 2331 2021 9728 857 158 364 1603 1361 196 3 246 224 960 1261 51 7
1674779077 1405 4816 5209 306793 2331 2021 9728 857 158 364 1603 1361 196 3 246 224 960 1261 51 7
1674781963 1405 4816 5209 306793 2331 2021 9728 857 158 364 1603 1361 196 3 246 224 960 1261 51 7
1674800834 1405 4816 5209 306793 2331 2021 9728 857 158 364 1603 1361 196 3 246 224 960 1261 54 7
1674881154 1405 4816 5209 306793 2331 2021 9728 857 158 364 1603 1361 196 3 246 224 960 1261 72 7
1675048033 1405 4816 5209 306793 2331 2021 9728 857 158 364 1603 1361 196 3 3873 224 960 1261 72 7
1675089122 1405 4816 5209 306793 2331 2021 9735 857 158 364 1603 1361 196 3 3873 224 960 1261 72 7
1675128024 1405 4816 5209 306793 2331 2021 9735 857 158 364 1603 1361 196 3 3873 224 960 1261 72 7
1675185020 1405 4816 5209 306793 2331 2021 9735 857 158 364 1603 1361 196 3 3884 224 960 1261 72 7
1675202538 1405 4816 5209 306793 2331 2021 9735 857 158 365 1603 1361 196 3 3884 224 960 1261 72 7
1675208663 1405 4816 5209 306793 2331 2021 9735 857 158 365 1603 1361 196 3 3884 224 960 1261 138 7
1675212437 1405 4816 5209 306793 2331 2021 9737 857 158 365 1603 1361 196 3 3884 224 960 1261 138 7
1675215802 1405 4816 5209 306793 2331 2021 9783 857 158 365 1603 1361 196 3 3884 224 960 1261 138 7
1675268629 1405 4816 5209 306793 2331 2021 9783 857 158 365 1603 1361 196 3 3884 224 960 1261 138 7
1675307840 1405 4816 5209 306793 2331 2021 9783 857 158 365 1603 1361 196 3 3884 224 960 1261 199 7
