1490823764 0 0 0 0 0 0 0 0 1 0 0 0 0 0 0 0 0 0 0 0
1490833404 0 0 0 0 0 0 0 0 2 0 0 0 0 0 0 0 0 0 0 0
1491073126 0 0 0 0 0 0 0 0 3 0 0 0 0 0 0 0 0 0 0 0
1491074506 0 0 0 0 0 0 0 0 4 0 0 0 0 0 0 0 0 0 0 0
1491328286 0 0 0 0 0 0 0 0 5 0 0 0 0 0 0 0 0 0 0 0
1491857419 0 0 0 0 1 0 0 0 5 0 0 0 0 0 0 0 0 0 0 0
1492020491 0 0 0 0 1 0 0 0 5 0 0 0 0 0 0 1 0 0 0 0
1492183183 0 0 0 0 2 0 0 0 5 0 0 0 0 0 0 1 0 0 0 0
1492444147 0 0 0 0 2 0 1 0 5 0 0 0 0 0 0 1 0 0 0 0
1492449831 0 0 0 0 3 0 1 0 5 0 0 0 0 0 0 1 0 0 0 0
1492526314 0 0 0 0 3 0 1 0 6 0 0 0 0 0 0 2 0 0 0 0
1492545280 0 0 0 0 3 0 1 0 6 0 0 0 0 0 0 3 0 0 0 0
1492550693 0 0 0 0 4 0 1 0 6 0 0 0 0 0 0 3 0 0 0 0
1492553828 0 0 0 0 5 0 1 0 6 0 0 0 0 0 0 3 0 0 0 0
1492559164 0 0 0 0 5 0 1 0 6 0 0 0 0 0 0 3 0 1 0 0
1492706964 0 0 0 0 6 0 1 0 6 0 0 0 0 0 0 3 0 1 0 0
1492707824 0 0 0 0 7 0 1 0 6 0 0 0 0 0 0 3 0 1 0 0
1492714121 1 0 0 0 7 0 1 0 6 0 0 0 0 0 0 3 0 1 0 0
1492715112 1 0 0 0 8 0 1 0 6 0 0 0 0 0 0 3 0 1 0 0
1492715582 2 0 0 0 8 0 1 0 6 0 0 0 0 0 0 3 0 1 0 0
1492788544 2 0 0 0 9 0 1 0 6 0 0 0 0 0 0 3 0 1 0 0
1493051764 2 0 0 0 10 0 1 0 6 0 0 0 0 0 0 3 0 1 0 0
1493052056 2 0 0 0 11 0 1 0 6 0 0 0 0 0 0 3 0 1 0 0
1493061160 2 0 0 0 12 0 1 0 6 0 0 0 0 0 0 3 0 1 0 0
1493071110 2 0 0 0 12 0 1 0 6 0 0 0 0 0 0 4 0 1 0 0
1493074507 2 0 0 0 12 0 1 0 6 0 0 0 0 0 0 5 0 1 0 0
1493150588 2 0 0 0 12 0 1 0 6 0 0 0 0 0 0 6 0 1 0 0
1493157478 2 0 0 0 13 0 1 0 6 0 0 0 0 0 0 6 0 1 0 0
1493227210 2 0 0 0 14 1 1 0 6 0 0 0 0 0 0 6 0 1 0 0
1493236865 2 0 0 0 14 1 1 0 6 0 0 0 0 0 0 7 0 1 0 0
1493237950 3 0 0 0 14 1 1 0 6 0 0 0 0 0 0 7 0 1 0 0
1493243001 3 0 0 0 14 1 1 0 6 0 0 0 0 0 0 8 0 1 0 0
1493326391 3 0 0 0 14 1 1 0 6 0 0 0 0 0 0 8 0 2 0 0
1493750338 3 0 0 0 15 1 1 0 6 0 0 0 0 0 0 8 0 2 0 0
1493918498 4 0 0 0 15 1 1 0 6 0 0 0 0 0 0 8 0 2 0 0
1494258056 4 0 0 0 16 1 1 0 6 0 0 0 0 0 0 8 0 2 0 0
1494268360 4 0 0 0 17 1 1 0 6 0 0 0 0 0 0 8 0 2 0 0
1494274847 5 0 0 0 17 1 1 0 6 0 0 0 0 0 0 8 0 2 0 0
1494277075 5 0 0 0 18 1 1 0 6 0 0 0 0 0 0 8 0 2 0 0
1494517026 5 0 0 0 18 1 2 0 6 0 0 0 0 0 0 8 0 2 0 0
1494518374 5 0 0 0 19 1 2 0 6 0 0 0 0 0 0 8 0 2 0 0
1494519747 5 0 0 0 19 1 2 0 6 0 0 0 0 0 0 9 0 2 0 0
1494540194 5 0 0 0 20 1 2 0 6 0 0 0 0 0 0 9 0 2 0 0
1494604280 5 0 0 0 21 1 2 0 6 0 0 0 0 0 0 9 0 2 0 0
1494609323 5 0 0 0 22 1 2 0 6 0 0 0 0 0 0 9 0 2 0 0
1494625224 5 0 0 0 22 1 2 0 6 0 0 0 0 0 0 9 0 3 0 0
1494859250 5 0 0 0 22 1 3 0 6 0 0 0 0 0 0 9 0 3 0 0
1494888258 5 0 0 0 23 1 3 0 6 0 0 0 0 0 0 9 0 3 0 0
1494957310 6 0 0 0 23 1 3 0 6 0 0 0 0 0 0 9 0 3 0 0
1494978949 6 0 0 0 23 1 3 0 6 0 0 0 0 0 0 10 0 3 0 0
1495043348 6 0 0 0 23 1 3 0 6 0 0 0 0 0 0 10 0 3 0 0
1495061879 6 0 0 0 24 1 3 0 6 0 0 0 0 0 0 10 0 3 0 0
1495124153 7 0 0 0 24 1 3 0 6 0 0 0 0 0 0 10 0 3 0 0
1495486491 7 0 0 0 25 1 3 0 6 0 0 0 0 0 0 10 0 3 0 0
1495488859 7 0 0 0 25 1 3 0 6 0 0 0 0 0 0 11 0 3 0 0
1495551857 7 0 0 0 26 1 3 0 6 0 0 0 0 0 0 11 0 3 0 0
1495581248 7 0 0 0 26 1 3 0 6 0 0 0 0 0 0 12 0 3 0 0
1495735882 7 0 0 0 26 1 3 0 6 0 0 0 0 0 0 13 0 3 0 0
1495746440 7 0 0 0 26 1 3 0 6 0 0 0 0 0 0 13 0 4 0 0
1496169137 7 0 0 0 27 1 3 0 6 0 0 0 0 0 0 13 0 4 0 0
1496257575 7 0 0 0 27 1 3 0 6 0 0 0 0 0 0 13 0 5 0 0
1496268373 8 0 0 0 27 1 3 0 6 0 0 0 0 0 0 13 0 5 0 0
1496338478 8 0 0 0 27 1 4 0 6 0 0 0 0 0 0 13 0 5 0 0
1496768778 8 0 0 0 27 1 5 0 6 0 0 0 0 0 0 13 0 5 0 0
1496770687 8 0 0 0 27 1 6 0 6 0 0 0 0 0 0 13 0 5 0 0
1497897912 8 0 0 0 27 1 7 0 6 0 0 0 0 0 0 13 0 5 0 0
1497898465 8 0 0 0 27 1 7 0 6 0 0 0 0 0 0 13 0 5 0 0
1497901524 8 0 0 0 27 1 7 0 6 0 0 0 0 0 0 13 0 5 0 0
1497915240 8 0 0 0 27 1 7 0 6 0 0 0 0 0 0 13 0 6 0 0
1497980690 8 0 0 0 28 1 7 0 6 0 0 0 0 0 0 13 0 6 0 0
1497986448 8 0 0 0 29 1 7 0 6 0 0 0 0 0 0 13 0 6 0 0
1498245484 8 0 0 0 29 1 7 0 6 0 0 0 0 0 0 13 0 7 0 0
1498249703 8 0 0 0 29 1 7 0 6 0 0 0 0 0 0 13 0 8 0 0
1498251525 8 0 0 0 29 1 7 0 6 0 0 0 0 0 0 13 0 9 0 0
1498254120 8 0 0 0 29 1 7 0 6 0 0 0 0 0 0 13 0 10 0 0
1498406600 8 0 0 0 29 1 8 0 6 0 0 0 0 0 0 13 0 10 0 0
1498658382 8 0 0 0 29 1 9 0 6 0 0 0 0 0 0 13 0 10 0 0
1498779021 8 0 0 0 30 1 9 0 6 0 0 0 0 0 0 13 0 10 0 0
1498840653 8 0 0 0 31 1 9 0 6 0 0 0 0 0 0 13 0 10 0 0
1499459034 8 0 0 0 31 1 10 0 6 0 0 0 0 0 0 13 0 10 0 0
1499788287 8 0 0 0 32 1 10 0 6 0 0 0 0 0 0 13 0 10 0 0
1499791378 8 0 0 0 33 1 10 0 6 0 0 0 0 0 0 13 0 10 0 0
1499806376 8 0 0 0 34 1 10 0 6 0 0 0 0 0 0 13 0 10 0 0
1499869427 8 0 0 0 35 1 10 0 6 0 0 0 0 0 0 13 0 10 0 0
1499886214 8 0 0 0 35 1 11 0 6 0 0 0 0 0 0 13 0 10 0 0
1499980761 8 0 0 0 36 1 11 0 6 0 0 0 0 0 0 13 0 10 0 0
1499984961 8 0 0 0 37 1 11 0 6 0 0 0 0 0 0 13 0 10 0 0
1500054343 8 0 0 0 37 1 11 0 6 0 0 0 0 0 0 14 0 10 0 0
1500060446 8 0 0 0 38 1 11 0 6 0 0 0 0 0 0 14 0 10 0 0
1500337461 8 0 0 0 38 1 11 0 6 0 0 0 0 0 0 14 0 11 0 0
1500499142 9 0 0 0 38 1 11 0 6 0 0 0 0 0 0 14 0 11 0 0
1500500086 9 0 0 0 38 1 11 0 6 0 0 0 0 0 0 14 0 12 0 0
1500651468 9 0 0 0 38 1 12 0 6 0 0 0 0 0 0 14 0 12 0 0
1500915783 9 0 0 0 39 1 12 0 6 0 0 0 0 0 0 14 0 12 0 0
1500927982 9 0 0 0 40 1 12 0 6 0 0 0 0 0 0 14 0 12 0 0
1500928441 9 0 0 0 41 1 12 0 6 0 0 0 0 0 0 14 0 12 0 0
1500929752 9 0 0 0 41 1 13 0 6 0 0 0 0 0 0 14 0 12 0 0
1500931623 10 0 0 0 41 1 13 0 6 0 0 0 0 0 0 14 0 12 0 0
1500993250 10 0 0 0 41 1 14 0 6 0 0 0 0 0 0 14 0 12 0 0
1500993545 10 0 0 0 42 1 14 0 6 0 0 0 0 0 0 14 0 12 0 0
1501005217 10 0 0 0 42 1 14 0 6 0 0 0 0 0 0 14 0 13 0 0
1501005911 10 0 0 0 43 1 14 0 6 0 0 0 0 0 0 14 0 13 0 0
1501012504 10 0 0 0 44 1 14 0 6 0 0 0 0 0 0 14 0 13 0 0
1501080649 10 0 0 0 44 1 14 0 6 0 0 0 0 0 0 14 0 13 0 0
1501098316 10 0 0 0 45 1 14 0 6 0 0 0 0 0 0 14 0 13 0 0
1501100955 10 0 0 0 46 1 14 0 6 0 0 0 0 0 0 14 0 13 0 0
1501103662 10 0 0 0 47 1 14 0 6 0 0 0 0 0 0 14 0 13 0 0
1501103804 10 0 0 0 48 1 14 0 6 0 0 0 0 0 0 14 0 13 0 0
1501172295 11 0 0 0 48 1 14 0 6 0 0 0 0 0 0 14 0 13 0 0
1501173426 11 0 0 0 49 1 14 0 6 0 0 0 0 0 0 14 0 13 0 0
1501175745 11 0 0 0 49 1 14 0 6 0 0 0 0 0 0 15 0 13 0 0
1501255273 12 0 0 0 49 1 14 0 6 0 0 0 0 0 0 15 0 13 0 0
1501257779 13 0 0 0 49 1 14 0 6 0 0 0 0 0 0 15 0 13 0 0
1501273153 13 0 0 0 50 1 14 0 6 0 0 0 0 0 0 15 0 13 0 0
1501699758 13 0 0 0 50 1 15 0 6 0 0 0 0 0 0 15 0 13 0 0
1501701664 13 0 0 0 50 1 15 0 6 0 0 0 0 0 0 16 0 13 0 0
1501706458 13 0 0 0 50 1 15 0 6 0 0 0 0 0 0 16 0 14 0 0
1502326378 13 0 0 0 50 1 16 0 6 0 0 0 0 0 0 16 0 14 0 0
1502397800 14 0 0 0 50 1 16 0 6 0 0 0 0 0 0 16 0 14 0 0
1502405805 14 0 0 0 50 1 17 0 6 0 0 0 0 0 0 16 0 14 0 0
1502725076 14 0 0 0 51 1 17 0 6 0 0 0 0 0 0 16 0 14 0 0
1502728279 14 0 0 0 51 1 18 0 6 0 0 0 0 0 0 16 0 14 0 0
1502750813 14 0 0 0 52 1 18 0 6 0 0 0 0 0 0 16 0 14 0 0
1502816337 14 0 0 0 53 1 18 0 6 0 0 0 0 0 0 16 0 14 0 0
1502832731 14 0 0 0 54 1 18 0 6 0 0 0 0 0 0 16 0 14 0 0
1502903869 14 0 0 0 55 1 18 0 6 0 0 0 0 0 0 16 0 14 0 0
1502909608 15 0 0 0 55 1 18 0 6 0 0 0 0 0 0 16 0 14 0 0
1503082910 15 0 0 0 55 1 19 0 6 0 0 0 0 0 0 16 0 14 0 0
1503087591 15 0 0 0 56 1 19 0 6 0 0 0 0 0 0 16 0 14 0 0
1503090751 15 0 0 0 57 1 19 0 6 0 0 0 0 0 0 16 0 14 0 0
1503325614 15 0 0 0 58 1 19 0 6 0 0 0 0 0 0 16 0 14 0 0
1503331424 15 0 0 0 59 1 19 0 6 0 0 0 0 0 0 16 0 14 0 0
1503334494 15 0 0 0 60 1 19 0 6 0 0 0 0 0 0 16 0 14 0 0
1507707745 15 0 0 0 60 1 20 0 6 0 0 0 0 0 0 16 0 14 0 0
1507736806 15 1 0 0 60 1 20 0 6 0 0 0 0 0 0 16 0 14 0 0
1507738701 15 1 0 0 61 1 20 0 6 0 0 0 0 0 0 16 0 14 0 0
1507752356 15 2 0 0 61 1 20 0 6 0 0 0 0 0 0 16 0 14 0 0
1507755031 15 2 0 0 62 1 20 0 6 0 0 0 0 0 0 16 0 14 0 0
1507761510 16 2 0 0 62 1 20 0 6 0 0 0 0 0 0 16 0 14 0 0
1507763088 16 2 0 0 62 1 20 0 6 0 0 0 0 0 0 17 0 14 0 0
1507796960 16 2 0 0 62 1 21 0 6 0 0 0 0 0 0 17 0 14 0 0
1507821873 16 3 0 0 62 1 21 0 6 0 0 0 0 0 0 17 0 14 0 0
1507937961 16 3 0 0 62 1 21 0 6 0 0 0 0 0 0 18 0 14 0 0
1508107635 16 4 0 0 62 1 21 0 6 0 0 0 0 0 0 18 0 14 0 0
1508108415 16 5 0 0 62 1 21 0 6 0 0 0 0 0 0 18 0 14 0 0
1508165386 16 6 0 0 62 1 21 0 6 0 0 0 0 0 0 18 0 14 0 0
1508183414 16 7 0 0 62 1 21 0 6 0 0 0 0 0 0 18 0 14 0 0
1508288281 16 8 0 0 62 1 21 0 6 0 0 0 0 0 0 18 0 14 0 0
1508341423 16 9 0 0 62 1 21 0 6 0 0 0 0 0 0 18 0 14 0 0
1508345059 16 10 0 0 62 1 21 0 6 0 0 0 0 0 0 18 0 14 0 0
1508425855 16 11 0 0 62 1 21 0 6 0 0 0 0 0 0 18 0 14 0 0
1508510280 16 12 0 0 62 1 21 0 6 0 0 0 0 0 0 18 0 14 0 0
1508768984 16 13 0 0 62 1 21 0 6 0 0 0 0 0 0 18 0 14 0 0
1508771353 16 14 0 0 62 1 21 0 6 0 0 0 0 0 0 18 0 14 0 0
1508774101 16 15 0 0 62 1 21 0 6 0 0 0 0 0 0 18 0 14 0 0
1508777501 16 16 0 0 62 1 21 0 6 0 0 0 0 0 0 18 0 14 0 0
1508780117 16 17 0 0 62 1 21 0 6 0 0 0 0 0 0 18 0 14 0 0
1508790490 16 18 0 0 62 1 21 0 6 0 0 0 0 0 0 18 0 14 0 0
1508799967 16 19 0 0 62 1 21 0 6 0 0 0 0 0 0 18 0 14 0 0
1508865354 16 20 0 0 62 1 21 0 6 0 0 0 0 0 0 18 0 14 0 0
1508868306 16 21 0 0 62 1 21 0 6 0 0 0 0 0 0 18 0 14 0 0
1508880368 16 22 0 0 62 1 21 0 6 0 0 0 0 0 0 18 0 14 0 0
1508886735 16 22 0 0 62 1 21 0 6 0 0 0 0 0 0 19 0 14 0 0
1508949395 16 23 0 0 62 1 21 0 6 0 0 0 0 0 0 19 0 14 0 0
1508958441 16 24 0 0 62 1 21 0 6 0 0 0 0 0 0 19 0 14 0 0
1509030871 16 25 0 0 62 1 21 0 6 0 0 0 0 0 0 19 0 14 0 0
1509066576 16 25 0 0 62 1 21 0 6 0 0 0 0 0 0 20 0 14 0 0
1509120889 16 26 0 0 62 1 21 0 6 0 0 0 0 0 0 20 0 14 0 0
1509141158 16 27 0 0 62 1 21 0 6 0 0 0 0 0 0 20 0 14 0 0
1509143821 16 28 0 0 62 1 21 0 6 0 0 0 0 0 0 20 0 14 0 0
1509149370 16 28 0 0 62 1 21 0 6 0 0 0 0 0 0 21 0 14 0 0
1509376121 16 29 0 0 62 1 21 0 6 0 0 0 0 0 0 21 0 14 0 0
1509377019 16 30 0 0 62 1 21 0 6 0 0 0 0 0 0 21 0 14 0 0
1509380688 16 31 0 0 62 1 21 0 6 0 0 0 0 0 0 21 0 14 0 0
1509382827 16 32 0 0 62 1 21 0 6 0 0 0 0 0 0 21 0 14 0 0
1509390385 16 33 0 0 62 1 21 0 6 0 0 0 0 0 0 21 0 14 0 0
1509390724 16 34 0 0 62 1 21 0 6 0 0 0 0 0 0 21 0 14 0 0
1509626567 16 35 0 0 62 1 21 0 6 0 0 0 0 0 0 21 0 14 0 0
1509634540 16 36 0 0 62 1 21 0 6 0 0 0 0 0 0 21 0 14 0 0
1509644004 16 36 0 0 62 1 22 0 6 0 0 0 0 0 0 21 0 14 0 0
1509644629 16 37 0 0 62 1 22 0 6 0 0 0 0 0 0 21 0 14 0 0
1509646022 16 38 0 0 62 1 22 0 6 0 0 0 0 0 0 21 0 14 0 0
1509658684 16 38 0 0 62 1 22 0 6 0 0 0 0 0 0 22 0 14 0 0
1509659690 16 38 0 0 62 1 22 0 6 0 0 0 0 0 0 23 0 14 0 0
1509995613 16 38 0 0 63 1 22 0 6 0 0 0 0 0 0 23 0 14 0 0
1510185846 16 38 0 0 63 1 22 0 6 0 0 0 0 0 0 24 0 14 0 0
1510263863 16 38 0 0 63 1 23 0 6 0 0 0 0 0 0 24 0 14 0 0
1510343064 17 38 0 0 63 1 23 0 6 0 0 0 0 0 0 24 0 14 0 0
1510608803 17 38 0 0 63 1 23 0 6 0 0 0 0 0 0 24 0 15 0 0
1510709506 17 38 0 0 64 1 23 0 6 0 0 0 0 0 0 24 0 15 0 0
1510875470 17 38 0 0 65 1 23 0 6 0 0 0 0 0 0 24 0 15 0 0
1510933609 17 39 0 0 65 1 23 0 6 0 0 0 0 0 0 24 0 15 0 0
1510942323 17 40 0 0 65 1 23 0 6 0 0 0 0 0 0 24 0 15 0 0
1511194022 17 41 0 0 65 1 23 0 6 0 0 0 0 0 0 24 0 15 0 0
1511204342 17 42 0 0 65 1 23 0 6 0 0 0 0 0 0 24 0 15 0 0
1511205047 17 43 0 0 65 1 23 0 6 0 0 0 0 0 0 24 0 15 0 0
1511281771 17 44 0 0 65 1 23 0 6 0 0 0 0 0 0 24 0 15 0 0
1511299687 17 45 0 0 65 1 23 0 6 0 0 0 0 0 0 24 0 15 0 0
1511300558 17 45 0 0 66 1 23 0 6 0 0 0 0 0 0 24 0 15 0 0
1511306085 17 46 0 0 66 1 23 0 6 0 0 0 0 0 0 24 0 15 0 0
1515170320 17 46 0 0 66 1 23 0 6 0 0 0 0 0 0 24 0 15 0 0
1515170447 17 46 0 0 66 1 23 0 6 0 0 0 0 0 0 24 0 15 0 0
1516815174 17 46 0 0 66 1 24 0 6 0 0 0 0 0 0 24 0 15 0 0
1518571354 17 46 0 0 66 1 25 0 6 0 0 0 0 0 0 24 0 15 0 0
1518632919 18 46 0 0 66 1 25 0 6 0 0 0 0 0 0 24 0 15 0 0
1518634351 19 46 0 0 66 1 25 0 6 0 0 0 0 0 0 24 0 15 0 0
1518641733 20 46 0 0 66 1 25 0 6 0 0 0 0 0 0 24 0 15 0 0
1518797712 20 46 0 1 66 1 25 0 6 0 0 0 0 0 0 24 0 15 0 0
1518814440 22 46 0 2 66 1 27 0 6 0 0 0 0 0 0 24 0 15 0 0
1518814818 23 46 0 2 66 1 27 0 6 0 0 0 0 0 0 24 0 15 0 0
1518817374 23 46 0 3 66 1 27 0 6 0 0 0 0 0 0 24 0 15 0 0
1518817560 23 46 0 4 66 1 27 0 6 0 0 0 0 0 0 24 0 15 0 0
1518817702 23 46 0 5 66 1 27 0 6 0 0 0 0 0 0 24 0 15 0 0
1518817993 23 46 0 6 66 1 27 0 6 0 0 0 0 0 0 24 0 15 0 0
1518819753 23 46 0 6 66 1 28 0 6 0 0 0 0 0 0 24 0 15 0 0
1519140184 23 47 0 6 66 1 28 0 6 0 0 0 0 0 0 24 0 15 0 0
1519150407 23 48 0 6 66 1 28 0 6 0 0 0 0 0 0 24 0 15 0 0
1519154328 23 49 0 6 66 1 28 0 6 0 0 0 0 0 0 24 0 15 0 0
1519156991 23 50 0 6 66 1 28 0 6 0 0 0 0 0 0 24 0 15 0 0
1519165358 23 51 0 6 66 1 28 0 6 0 0 0 0 0 0 24 0 15 0 0
1519175483 23 52 0 6 66 1 28 0 6 0 0 0 0 0 0 24 0 15 0 0
1519227303 23 53 0 6 66 1 28 0 6 0 0 0 0 0 0 24 0 15 0 0
1519236887 23 54 0 6 66 1 28 0 6 0 0 0 0 0 0 24 0 15 0 0
1519240310 24 54 0 6 66 1 28 0 6 0 0 0 0 0 0 24 0 15 0 0
1519245948 25 54 0 6 66 1 28 0 6 0 0 0 0 0 0 24 0 15 0 0
1519245983 25 55 0 6 66 1 28 0 6 0 0 0 0 0 0 24 0 15 0 0
1519317604 25 55 0 6 67 1 28 0 6 0 0 0 0 0 0 24 0 15 0 0
1519406952 25 56 0 6 67 1 28 0 6 0 0 0 0 0 0 24 0 15 0 0
1519420306 25 57 0 6 67 1 28 0 6 0 0 0 0 0 0 24 0 15 0 0
1519611571 25 57 0 6 67 1 29 0 6 0 0 0 0 0 0 24 0 15 0 0
1519669828 26 57 0 6 67 1 29 0 6 0 0 0 0 0 0 24 0 15 0 0
1519742656 27 57 0 6 67 1 29 0 6 0 0 0 0 0 0 24 0 15 0 0
1519744096 27 58 0 6 67 1 29 0 6 0 0 0 0 0 0 24 0 15 0 0
1519744330 28 58 0 6 67 1 29 0 6 0 0 0 0 0 0 24 0 15 0 0
1519843323 28 58 0 7 67 1 29 0 6 0 0 0 0 0 0 24 0 15 0 0
1519848964 28 58 0 8 67 1 29 0 6 0 0 0 0 0 0 24 0 15 0 0
1519914275 28 59 0 9 67 1 29 0 6 0 0 0 0 0 0 24 0 15 0 0
1520271603 29 59 0 9 67 1 29 0 6 0 0 0 0 0 0 24 0 15 0 0
1520274915 30 59 0 9 67 1 29 0 6 0 0 0 0 0 0 24 0 15 0 0
1520275415 31 59 0 9 67 1 29 0 6 0 0 0 0 0 0 24 0 15 0 0
1520284834 31 60 0 9 67 1 29 0 6 0 0 0 0 0 0 24 0 15 0 0
1520297012 31 60 0 9 68 1 29 0 6 0 0 0 0 0 0 24 0 15 0 0
1520348448 32 60 0 9 68 1 29 0 6 0 0 0 0 0 0 24 0 15 0 0
1520442493 32 61 0 9 68 1 29 0 6 0 0 0 0 0 0 24 0 15 0 0
1520513376 32 62 0 9 68 1 29 0 6 0 0 0 0 0 0 24 0 15 0 0
1520524720 32 62 0 9 68 1 30 0 6 0 0 0 0 0 0 24 0 15 0 0
1520869152 32 62 0 9 69 1 30 0 6 0 0 0 0 0 0 24 0 15 0 0
1520891231 32 63 0 9 69 1 30 0 6 0 0 0 0 0 0 24 0 15 0 0
1520891548 32 64 0 9 69 1 30 0 6 0 0 0 0 0 0 24 0 15 0 0
1520944651 32 65 0 9 69 1 30 0 6 0 0 0 0 0 0 24 0 15 0 0
1520959933 32 66 0 9 69 1 30 0 6 0 0 0 0 0 0 24 0 15 0 0
1520966699 32 67 0 9 69 1 30 0 6 0 0 0 0 0 0 24 0 15 0 0
1520967596 32 67 0 9 70 1 30 0 6 0 0 0 0 0 0 24 0 15 0 0
1520976931 32 68 0 9 70 1 30 0 6 0 0 0 0 0 0 24 0 15 0 0
1520979389 32 69 0 9 70 1 30 0 6 0 0 0 0 0 0 24 0 15 0 0
1520980304 32 70 0 9 70 1 30 0 6 0 0 0 0 0 0 24 0 15 0 0
1521037411 32 71 0 9 70 1 30 0 6 0 0 0 0 0 0 24 0 15 0 0
1521040209 33 71 0 9 70 1 30 0 6 0 0 0 0 0 0 24 0 15 0 0
1521048727 33 72 0 9 70 1 30 0 6 0 0 0 0 0 0 24 0 15 0 0
1521057298 33 73 0 9 70 1 30 0 6 0 0 0 0 0 0 24 0 15 0 0
1521130109 33 73 0 9 70 1 31 0 6 0 0 0 0 0 0 24 0 15 0 0
1521130949 33 74 0 9 70 1 31 0 6 0 0 0 0 0 0 24 0 15 0 0
1521134655 34 74 0 9 70 1 31 0 6 0 0 0 0 0 0 24 0 15 0 0
1521145651 35 74 0 9 70 1 31 0 6 0 0 0 0 0 0 24 0 15 0 0
1521148288 35 75 0 9 70 1 31 0 6 0 0 0 0 0 0 24 0 15 0 0
1521235257 36 75 0 9 70 1 31 0 6 0 0 0 0 0 0 24 0 15 0 0
1521236225 36 76 0 9 70 1 31 0 6 0 0 0 0 0 0 24 0 15 0 0
1521238565 36 77 0 9 70 1 31 0 6 0 0 0 0 0 0 24 0 15 0 0
1521485274 36 78 0 9 70 1 31 0 6 0 0 0 0 0 0 24 0 15 0 0
1521490343 36 79 0 9 70 1 31 0 6 0 0 0 0 0 0 24 0 15 0 0
1521556376 36 80 0 9 70 1 31 0 6 0 0 0 0 0 0 24 0 15 0 0
1521556613 36 81 0 9 70 1 31 0 6 0 0 0 0 0 0 24 0 15 0 0
1521556707 36 82 0 9 70 1 31 0 6 0 0 0 0 0 0 24 0 15 0 0
1521568641 36 83 0 9 70 1 31 0 6 0 0 0 0 0 0 24 0 15 0 0
1521575350 36 84 0 9 70 1 31 0 6 0 0 0 0 0 0 24 0 15 0 0
1521645468 36 84 0 9 70 1 32 0 6 0 0 0 0 0 0 24 0 15 0 0
1521751879 36 85 0 9 70 1 32 0 6 0 0 0 0 0 0 24 0 15 0 0
1521758421 36 86 0 9 70 1 32 0 6 0 0 0 0 0 0 24 0 15 0 0
1521824994 36 87 0 9 70 1 32 0 6 0 0 0 0 0 0 24 0 15 0 0
1521826429 36 88 0 9 70 1 32 0 6 0 0 0 0 0 0 24 0 15 0 0
1521830923 37 88 0 9 70 1 32 0 6 0 0 0 0 0 0 24 0 15 0 0
1521832310 38 88 0 9 70 1 32 0 6 0 0 0 0 0 0 24 0 15 0 0
1521834318 39 88 0 9 70 1 32 0 6 0 0 0 0 0 0 24 0 15 0 0
1521835047 39 89 0 9 70 1 32 0 6 0 0 0 0 0 0 24 0 15 0 0
1521837026 39 90 0 9 70 1 32 0 6 0 0 0 0 0 0 24 0 15 0 0
1521838347 39 91 0 9 70 1 32 0 6 0 0 0 0 0 0 24 0 15 0 0
1522078949 39 92 0 9 70 1 32 0 6 0 0 0 0 0 0 24 0 15 0 0
1522082486 39 93 0 9 70 1 32 0 6 0 0 0 0 0 0 24 0 15 0 0
1522095624 40 93 0 9 70 1 32 0 6 0 0 0 0 0 0 24 0 15 0 0
1522100589 41 93 0 9 70 1 32 0 6 0 0 0 0 0 0 24 0 15 0 0
1522159974 41 94 0 9 70 1 32 0 6 0 0 0 0 0 0 24 0 15 0 0
1522173474 41 94 0 9 70 1 33 0 6 0 0 0 0 0 0 24 0 15 0 0
1522173532 42 94 0 9 70 1 33 0 6 0 0 0 0 0 0 24 0 15 0 0
1522249569 43 94 0 9 70 1 33 0 6 0 0 0 0 0 0 24 0 15 0 0
1522254225 43 94 0 9 70 1 34 0 6 0 0 0 0 0 0 24 0 15 0 0
1522255738 43 94 0 9 71 1 34 0 6 0 0 0 0 0 0 24 0 15 0 0
1522342780 44 94 0 9 71 1 34 0 6 0 0 0 0 0 0 24 0 15 0 0
1522347502 45 94 0 9 71 1 34 0 6 0 0 0 0 0 0 24 0 15 0 0
1522364158 45 94 0 9 72 1 34 0 6 0 0 0 0 0 0 24 0 15 0 0
1522690848 45 94 0 9 72 1 35 0 6 0 0 0 0 0 0 24 0 15 0 0
1522764862 46 94 0 9 72 1 35 0 6 0 0 0 0 0 0 24 0 15 0 0
1522774602 46 95 0 9 72 1 35 0 6 0 0 0 0 0 0 24 0 15 0 0
1522784216 46 96 0 9 72 1 35 0 6 0 0 0 0 0 0 24 0 15 0 0
1522874204 47 96 0 9 72 1 35 0 6 0 0 0 0 0 0 24 0 15 0 0
1522884740 47 97 0 9 72 1 35 0 6 0 0 0 0 0 0 24 0 15 0 0
1522934038 47 98 0 9 72 1 35 0 6 0 0 0 0 0 0 24 0 15 0 0
1522938005 47 99 0 9 72 1 35 0 6 0 0 0 0 0 0 24 0 15 0 0
1522939575 47 100 0 9 72 1 35 0 6 0 0 0 0 0 0 24 0 15 0 0
1522940961 47 101 0 9 72 1 35 0 6 0 0 0 0 0 0 24 0 15 0 0
1522941683 47 102 0 9 72 1 35 0 6 0 0 0 0 0 0 24 0 15 0 0
1522947831 47 103 0 9 72 1 35 0 6 0 0 0 0 0 0 24 0 15 0 0
1522967475 48 103 0 9 72 1 35 0 6 0 0 0 0 0 0 24 0 15 0 0
1523049076 49 103 0 9 72 1 35 0 6 0 0 0 0 0 0 24 0 15 0 0
1523053034 50 103 0 9 72 1 35 0 6 0 0 0 0 0 0 24 0 15 0 0
1523296215 50 104 0 9 72 1 35 0 6 0 0 0 0 0 0 24 0 15 0 0
1523308601 50 105 0 9 72 1 35 0 6 0 0 0 0 0 0 24 0 15 0 0
1523370722 51 105 0 9 72 1 35 0 6 0 0 0 0 0 0 24 0 15 0 0
1523388725 51 106 0 9 72 1 35 0 6 0 0 0 0 0 0 24 0 15 0 0
1523471419 51 107 0 9 72 1 35 0 6 0 0 0 0 0 0 24 0 15 0 0
1523547362 51 107 0 9 73 1 35 0 6 0 0 0 0 0 0 24 0 15 0 0
1523629760 51 108 0 9 73 1 35 0 6 0 0 0 0 0 0 24 0 15 0 0
1523632336 52 108 0 9 73 1 35 0 6 0 0 0 0 0 0 24 0 15 0 0
1523641520 52 109 0 9 73 1 35 0 6 0 0 0 0 0 0 24 0 15 0 0
1523653129 52 110 0 9 73 1 35 0 6 0 0 0 0 0 0 24 0 15 0 0
1523888297 52 111 0 9 73 1 35 0 6 0 0 0 0 0 0 24 0 15 0 0
1523983923 53 111 0 9 73 1 35 0 6 0 0 0 0 0 0 24 0 15 0 0
1524074994 53 112 0 9 73 1 35 0 6 0 0 0 0 0 0 24 0 15 0 0
1524256160 53 113 0 9 73 1 35 0 6 0 0 0 0 0 0 24 0 15 0 0
1524513549 54 113 0 9 73 1 35 0 6 0 0 0 0 0 0 24 0 15 0 0
1524589906 54 114 0 9 73 1 35 0 6 0 0 0 0 0 0 24 0 15 0 0
1524599698 54 114 0 9 73 1 36 0 6 0 0 0 0 0 0 24 0 15 0 0
1524669566 54 114 0 9 73 1 37 0 6 0 0 0 0 0 0 24 0 15 0 0
1524680134 55 114 0 9 73 1 37 0 6 0 0 0 0 0 0 24 0 15 0 0
1524684169 55 114 0 9 73 1 38 0 6 0 0 0 0 0 0 24 0 15 0 0
1524758529 56 114 0 9 73 1 38 0 6 0 0 0 0 0 0 24 0 15 0 0
1524759731 56 115 0 9 73 1 38 0 6 0 0 0 0 0 0 24 0 15 0 0
1524765360 56 116 0 9 73 1 38 0 6 0 0 0 0 0 0 24 0 15 0 0
1524769768 57 116 0 9 73 1 38 0 6 0 0 0 0 0 0 24 0 15 0 0
1524769791 57 117 0 9 73 1 38 0 6 0 0 0 0 0 0 24 0 15 0 0
1524841293 57 118 0 9 73 1 38 0 6 0 0 0 0 0 0 24 0 15 0 0
1524842465 57 119 0 9 73 1 38 0 6 0 0 0 0 0 0 24 0 15 0 0
1525121766 57 119 0 9 73 1 39 0 6 0 0 0 0 0 0 24 0 15 0 0
1525123634 57 120 0 9 73 1 39 0 6 0 0 0 0 0 0 24 0 15 0 0
1525180825 57 121 0 9 73 1 39 0 6 0 0 0 0 0 0 24 0 15 0 0
1525184700 57 122 0 9 73 1 39 0 6 0 0 0 0 0 0 24 0 15 0 0
1525199627 57 123 0 9 73 1 39 0 6 0 0 0 0 0 0 24 0 15 0 0
1525207167 57 124 0 9 73 1 39 0 6 0 0 0 0 0 0 24 0 15 0 0
1525207296 57 125 0 9 73 1 39 0 6 0 0 0 0 0 0 24 0 15 0 0
1525211894 57 126 0 9 73 1 39 0 6 0 0 0 0 0 0 24 0 15 0 0
1525270795 57 126 0 9 73 1 40 0 6 0 0 0 0 0 0 24 0 15 0 0
1525275804 57 127 0 9 73 1 40 0 6 0 0 0 0 0 0 24 0 15 0 0
1525276494 57 128 0 9 73 1 40 0 6 0 0 0 0 0 0 24 0 15 0 0
1525291866 57 129 0 9 73 1 40 0 6 0 0 0 0 0 0 24 0 15 0 0
1525292626 57 130 0 9 73 1 40 0 6 0 0 0 0 0 0 24 0 15 0 0
1525357621 57 131 0 9 73 1 40 0 6 0 0 0 0 0 0 24 0 15 0 0
1525361318 57 132 0 9 73 1 40 0 6 0 0 0 0 0 0 24 0 15 0 0
1525367333 58 132 0 9 73 1 40 0 6 0 0 0 0 0 0 24 0 15 0 0
1525369269 58 133 0 9 73 1 40 0 6 0 0 0 0 0 0 24 0 15 0 0
1525716975 59 133 0 9 73 1 40 0 6 0 0 0 0 0 0 24 0 15 0 0
1525721490 59 134 0 9 73 1 40 0 6 0 0 0 0 0 0 24 0 15 0 0
1525726618 60 134 0 9 73 1 40 0 6 0 0 0 0 0 0 24 0 15 0 0
1525726684 60 135 0 9 73 1 40 0 6 0 0 0 0 0 0 24 0 15 0 0
1525796110 60 135 0 9 74 1 40 0 6 0 0 0 0 0 0 24 0 15 0 0
1525799594 60 135 0 9 74 1 41 0 6 0 0 0 0 0 0 24 0 15 0 0
1525811759 60 136 0 9 74 1 41 0 6 0 0 0 0 0 0 24 0 15 0 0
1525814353 60 136 0 9 74 1 42 0 6 0 0 0 0 0 0 24 0 15 0 0
1525892736 61 136 0 9 74 1 42 0 6 0 0 0 0 0 0 24 0 15 0 0
1525895861 61 137 0 9 74 1 42 0 6 0 0 0 0 0 0 24 0 15 0 0
1525900473 61 137 0 9 74 1 43 0 6 0 0 0 0 0 0 24 0 15 0 0
1525975172 62 137 0 9 74 1 43 0 6 0 0 0 0 0 0 24 0 15 0 0
1526055935 62 137 0 9 74 1 43 0 6 0 0 0 0 0 0 24 0 15 0 1
1526059258 62 137 0 9 74 1 44 0 6 0 0 0 0 0 0 24 0 15 0 1
1526333078 62 137 0 9 74 1 45 0 6 0 0 0 0 0 0 24 0 15 0 1
1526411368 63 137 0 9 74 1 45 0 6 0 0 0 0 0 0 24 0 15 0 1
1526417511 63 137 0 9 74 1 45 0 6 0 0 0 0 0 0 24 0 15 0 2
1526482288 63 137 0 9 74 1 45 0 6 0 0 0 0 0 0 24 0 15 0 3
1526584210 63 138 0 9 74 1 45 0 6 0 0 0 0 0 0 24 0 15 0 3
1526591806 64 138 0 9 74 1 45 0 6 0 0 0 0 0 0 24 0 15 0 3
1526593160 65 138 0 9 74 1 45 0 6 0 0 0 0 0 0 24 0 15 0 3
1526661796 65 138 0 9 75 1 45 0 6 0 0 0 0 0 0 24 0 15 0 3
1526667070 65 138 0 9 76 1 45 0 6 0 0 0 0 0 0 24 0 15 0 3
1526936971 65 139 0 9 76 1 45 0 6 0 0 0 0 0 0 24 0 15 0 3
1527097589 66 139 0 9 76 1 45 0 6 0 0 0 0 0 0 24 0 15 0 3
1527182606 67 139 0 9 76 1 45 0 6 0 0 0 0 0 0 24 0 15 0 3
1527618151 68 139 0 9 76 1 45 0 6 0 0 0 0 0 0 24 0 15 0 3
1527628773 68 140 0 9 76 1 45 0 6 0 0 0 0 0 0 24 0 15 0 3
1527692489 68 141 0 9 76 1 45 0 6 0 0 0 0 0 0 24 0 15 0 3
1527782792 68 142 0 9 76 1 45 0 6 0 0 0 0 0 0 24 0 15 0 3
1528140980 68 143 0 9 76 1 45 0 6 0 0 0 0 0 0 24 0 15 0 3
1528147528 68 144 0 9 76 1 45 0 6 0 0 0 0 0 0 24 0 15 0 3
1528218551 68 145 0 9 76 1 45 0 6 0 0 0 0 0 0 24 0 15 0 3
1528296001 68 146 0 9 76 1 45 0 6 0 0 0 0 0 0 24 0 15 0 3
1528403753 69 146 0 9 76 1 45 0 6 0 0 0 0 0 0 24 0 15 0 3
1528482667 70 146 0 9 76 1 45 0 6 0 0 0 0 0 0 24 0 15 0 3
1528494057 70 146 0 9 76 1 46 0 6 0 0 0 0 0 0 24 0 15 0 3
1528736659 70 147 0 9 76 1 46 0 6 0 0 0 0 0 0 24 0 15 0 3
1528826922 70 148 0 9 76 1 46 0 6 0 0 0 0 0 0 24 0 15 0 3
1528901529 70 149 0 9 76 1 46 0 6 0 0 0 0 0 0 24 0 15 0 3
1528915120 70 150 0 9 76 1 46 0 6 0 0 0 0 0 0 24 0 15 0 3
1528934296 71 150 0 9 76 1 46 0 6 0 0 0 0 0 0 24 0 15 0 3
1528995711 71 150 0 9 76 1 46 0 7 0 0 0 0 0 0 24 0 15 0 3
1528995812 71 150 0 9 76 1 46 0 8 0 0 0 0 0 0 24 0 15 0 3
1528999912 71 150 0 9 76 1 46 0 9 0 0 0 0 0 0 24 0 15 0 3
1529092362 72 150 0 9 76 1 46 0 9 0 0 0 0 0 0 24 0 15 0 3
1529096536 73 150 0 9 76 1 46 0 9 0 0 0 0 0 0 24 0 15 0 3
1529102593 73 150 0 9 76 1 46 0 9 0 0 0 0 0 0 24 0 15 0 3
1529103388 73 150 0 9 76 1 46 0 9 0 0 0 0 0 1 24 0 15 0 3
1529103987 73 150 0 9 77 1 46 0 9 0 0 0 0 0 1 24 0 15 0 3
1529104238 73 150 0 9 78 1 46 0 9 0 0 0 0 0 1 24 0 15 0 3
1529345007 74 150 0 9 78 1 46 0 9 0 0 0 0 0 1 24 0 15 0 3
1529346493 74 150 0 9 79 1 46 0 9 0 0 0 0 0 1 24 0 15 0 3
1529356462 74 150 0 9 79 1 46 0 9 0 0 0 0 0 2 24 0 15 0 3
1529426294 75 150 0 9 79 1 46 0 9 0 0 0 0 0 2 24 0 15 0 3
1529526866 75 150 0 9 79 1 46 0 9 0 0 0 0 0 3 24 0 15 0 3
1529591702 76 150 0 9 79 1 46 0 9 0 0 0 0 0 3 24 0 15 0 3
1529594335 77 150 0 9 79 1 46 0 9 0 0 0 0 0 3 24 0 15 0 3
1529604555 78 150 0 9 79 1 46 0 9 0 0 0 0 0 3 24 0 15 0 3
1529604626 79 150 0 9 79 1 46 0 9 0 0 0 0 0 3 24 0 15 0 3
1529604648 80 150 0 9 79 1 46 0 9 0 0 0 0 0 3 24 0 15 0 3
1529604815 81 150 0 9 79 1 46 0 9 0 0 0 0 0 3 24 0 15 0 3
1529616333 82 150 0 9 79 1 46 0 9 0 0 0 0 0 3 24 0 15 0 3
1529705662 82 150 0 9 79 1 46 0 9 0 0 0 0 0 4 24 0 15 0 3
1529939992 83 150 0 9 79 1 46 0 9 0 0 0 0 0 4 24 0 15 0 3
1529958100 84 150 0 9 79 1 46 0 9 0 0 0 0 0 4 24 0 15 0 3
1529960750 85 150 0 9 79 1 46 0 9 0 0 0 0 0 4 24 0 15 0 3
1529963457 85 150 0 9 80 1 46 0 9 0 0 0 0 0 4 24 0 15 0 3
1530038001 85 150 0 9 80 1 46 0 9 0 0 0 0 0 5 24 0 15 0 3
1530050514 86 150 0 9 80 1 46 0 9 0 0 0 0 0 5 24 0 15 0 3
1530050945 87 150 0 9 80 1 46 0 9 0 0 0 0 0 5 24 0 15 0 3
1530119618 87 150 0 9 80 1 46 0 9 0 0 0 0 0 6 24 0 15 0 3
1530125740 87 150 0 9 80 1 46 0 9 0 0 0 0 0 6 24 0 15 0 4
1530127749 88 150 0 9 80 1 46 0 9 0 0 0 0 0 6 24 0 15 0 4
1530127773 89 150 0 9 80 1 46 0 9 0 0 0 0 0 6 24 0 15 0 4
1530127848 90 150 0 9 80 1 46 0 9 0 0 0 0 0 6 24 0 15 0 4
1530130837 90 150 0 9 80 1 46 0 9 0 0 0 0 0 6 24 0 15 0 5
1530143775 91 150 0 9 80 1 46 0 9 0 0 0 0 0 6 24 0 15 0 5
1530194125 92 150 0 9 80 1 46 0 9 0 0 0 0 0 6 24 0 15 0 5
1530194132 93 150 0 9 80 1 46 0 9 0 0 0 0 0 6 24 0 15 0 5
1530206868 94 150 0 9 80 1 46 0 9 0 0 0 0 0 6 24 0 15 0 5
1530210687 95 150 0 9 80 1 46 0 9 0 0 0 0 0 6 24 0 15 0 5
1530211507 96 150 0 9 80 1 46 0 9 0 0 0 0 0 6 24 0 15 0 5
1530224146 96 150 0 9 80 1 47 0 9 0 0 0 0 0 6 24 0 15 0 5
1530225021 97 150 0 9 80 1 47 0 9 0 0 0 0 0 6 24 0 15 0 5
1530225428 97 150 0 9 80 1 47 0 9 0 0 0 0 0 7 24 0 15 0 5
1530281659 98 150 0 9 80 1 47 0 9 0 0 0 0 0 7 24 0 15 0 5
1530289572 99 150 0 9 80 1 47 0 9 0 0 0 0 0 7 24 0 15 0 5
1530291104 100 150 0 9 80 1 47 0 9 0 0 0 0 0 7 24 0 15 0 5
1530293981 101 150 0 9 80 1 47 0 9 0 0 0 0 0 7 24 0 15 0 5
1530303764 102 150 0 9 80 1 47 0 9 0 0 0 0 0 7 24 0 15 0 5
1530304360 103 150 0 9 80 1 47 0 9 0 0 0 0 0 7 24 0 15 0 5
1530312942 103 150 0 9 80 1 47 0 9 0 0 0 0 0 7 24 0 15 0 5
1530313300 103 150 0 9 80 1 47 0 9 0 0 0 0 0 8 24 0 15 0 5
1530542104 103 150 0 9 80 1 48 0 9 0 0 0 0 0 8 24 0 15 0 5
1530553092 103 150 0 9 80 1 48 0 9 0 0 0 0 0 9 24 0 15 0 5
1530564447 103 150 0 9 80 1 48 0 9 0 0 0 0 0 10 24 0 15 0 5
1530632853 103 150 0 9 80 1 48 0 9 0 0 0 0 0 11 24 0 15 0 5
1530655768 103 150 0 9 80 1 48 0 9 0 0 0 0 0 12 24 0 15 0 5
1530789116 103 150 0 9 80 1 49 0 9 0 0 0 0 0 12 24 0 15 0 5
1530893834 104 150 0 9 80 1 49 0 9 0 0 0 0 0 12 24 0 15 0 5
1530904017 105 150 0 9 80 1 49 0 9 0 0 0 0 0 12 24 0 15 0 5
1530913889 106 150 0 9 80 1 49 0 9 0 0 0 0 0 12 24 0 15 0 5
1530913953 107 150 0 9 80 1 49 0 9 0 0 0 0 0 12 24 0 15 0 5
1531143712 108 150 0 9 80 1 49 0 9 0 0 0 0 0 12 24 0 15 0 5
1531166413 108 150 0 9 80 1 49 0 9 0 0 0 0 0 12 24 0 15 0 5
1531324782 108 150 0 9 80 1 49 0 9 0 0 0 0 0 13 24 0 15 0 5
1531343879 108 150 0 9 80 1 50 0 9 0 0 0 0 0 13 24 0 15 0 5
1531345284 109 150 0 9 80 1 50 0 9 0 0 0 0 0 13 24 0 15 0 5
1531419993 109 151 0 9 80 1 50 0 9 0 0 0 0 0 13 24 0 15 0 5
1531420724 109 152 0 9 80 1 50 0 9 0 0 0 0 0 13 24 0 15 0 5
1531421544 109 153 0 9 80 1 50 0 9 0 0 0 0 0 13 24 0 15 0 5
1531427865 109 154 0 9 80 1 50 0 9 0 0 0 0 0 13 24 0 15 0 5
1531758534 109 154 0 9 80 1 50 0 9 0 0 0 0 0 14 24 0 15 0 5
1531848263 109 154 0 9 80 1 50 0 9 0 0 0 0 0 15 24 0 15 0 5
1531929327 109 154 0 9 80 1 50 0 9 0 0 0 0 0 16 24 0 15 0 5
1531934158 109 155 0 9 80 1 50 0 9 0 0 0 0 0 16 24 0 15 0 5
1531942260 109 155 0 9 80 1 51 0 9 0 0 0 0 0 16 24 0 15 0 5
1531950986 110 155 0 9 80 1 51 0 9 0 0 0 0 0 16 24 0 15 0 5
1531954585 111 155 0 9 80 1 51 0 9 0 0 0 0 0 16 24 0 15 0 5
1532103327 111 155 0 9 80 1 51 0 9 0 0 0 0 0 17 24 0 15 0 5
1532108763 111 155 0 9 80 1 51 0 9 0 0 0 0 0 18 24 0 15 0 5
1532109079 111 155 0 9 80 1 51 0 9 0 0 0 0 0 19 24 0 15 0 5
1532112056 112 155 0 9 80 1 51 0 9 0 0 0 0 0 19 24 0 15 0 5
1532126614 112 155 0 9 81 1 51 0 9 0 0 0 0 0 19 24 0 15 0 5
1532144953 112 155 0 9 82 1 51 0 9 0 0 0 0 0 19 24 0 15 0 5
1532363831 112 155 0 9 83 1 51 0 9 0 0 0 0 0 19 24 0 15 0 5
1532370449 112 155 0 9 83 1 51 0 9 0 0 0 0 0 20 24 0 15 0 5
1532374446 112 155 0 9 83 1 51 0 9 0 0 0 0 0 21 24 0 15 0 5
1532379021 112 155 0 9 83 1 51 0 9 0 0 0 0 0 21 24 0 15 0 5
1532448478 112 155 0 9 83 1 51 0 9 0 0 0 0 0 22 24 0 15 0 5
1532450195 112 155 0 9 83 1 51 0 9 0 0 0 0 0 23 24 0 15 0 5
1532461394 113 155 0 9 83 1 51 0 9 0 0 0 0 0 23 24 0 15 0 5
1532463408 113 155 0 9 83 1 51 0 9 0 0 0 0 0 24 24 0 15 0 5
1532471433 114 155 0 9 83 1 51 0 9 0 0 0 0 0 24 24 0 15 0 5
1532531542 114 155 0 9 83 1 51 0 9 0 0 0 0 0 25 24 0 15 0 5
1532539875 114 155 0 9 83 1 51 0 9 0 0 0 0 0 26 24 0 15 0 5
1532640935 114 155 0 9 83 1 51 0 9 0 0 0 0 0 26 24 0 15 0 5
1532645233 114 155 0 9 83 1 52 0 9 0 0 0 0 0 26 24 0 15 0 5
1532725544 115 155 0 9 83 1 52 0 9 0 0 0 0 0 26 24 0 15 0 5
1532961532 116 155 0 9 83 1 52 0 9 0 0 0 0 0 26 24 0 15 0 5
1532963292 117 155 0 9 83 1 52 0 9 0 0 0 0 0 26 24 0 15 0 5
1532972653 117 155 0 9 83 1 52 0 9 0 0 0 0 0 26 24 0 15 0 5
1532980451 118 155 0 9 83 1 52 0 9 0 0 0 0 0 26 24 0 15 0 5
1532980516 118 155 0 9 83 1 52 0 9 0 0 0 0 0 26 24 0 15 0 5
1532988325 119 155 0 9 83 1 52 0 9 0 0 0 0 0 26 24 0 15 0 5
1533004683 119 155 0 9 83 1 53 0 9 0 0 0 0 0 26 24 0 15 0 5
1533055338 120 155 0 9 83 1 53 0 9 0 0 0 0 0 26 24 0 15 0 5
1533060975 121 155 0 9 83 1 53 0 9 0 0 0 0 0 26 24 0 15 0 5
1533071124 122 155 0 10 83 1 53 0 9 0 0 0 0 0 26 24 0 15 0 5
1533073038 123 155 0 10 83 1 53 0 9 0 0 0 0 0 26 24 0 15 0 5
1533131114 124 155 0 10 83 1 53 0 9 0 0 0 0 0 26 24 0 15 0 5
1533139212 124 155 0 10 83 1 53 0 9 0 0 0 0 0 26 24 0 15 0 5
1533148658 124 156 0 10 83 1 53 0 9 0 0 0 0 0 26 24 0 15 0 5
1533241465 125 156 0 10 83 1 53 0 9 0 0 0 0 0 26 24 0 15 0 5
1533580475 126 156 0 10 83 1 53 0 9 0 0 0 0 0 26 24 0 15 0 5
1533592189 127 156 0 10 83 1 53 0 9 0 0 0 0 0 26 24 0 15 0 5
1533593073 128 156 0 10 83 1 53 0 9 0 0 0 0 0 26 24 0 15 0 5
1533747504 128 156 0 10 83 1 54 0 9 0 0 0 0 0 26 24 0 15 0 5
1533751201 129 156 0 10 83 1 54 0 9 0 0 0 0 0 26 24 0 15 0 5
1533753587 130 156 0 10 83 1 54 0 9 0 0 0 0 0 26 24 0 15 0 5
1533754064 131 156 0 10 83 1 54 0 9 0 0 0 0 0 26 24 0 15 0 5
1533759628 132 156 0 10 83 1 54 0 9 0 0 0 0 0 26 24 0 15 0 5
1533760257 132 157 0 10 83 1 54 0 9 0 0 0 0 0 26 24 0 15 0 5
1533761668 133 157 0 10 83 1 54 0 9 0 0 0 0 0 26 24 0 15 0 5
1533765138 134 157 0 10 83 1 54 0 9 0 0 0 0 0 26 24 0 15 0 5
1533770684 135 157 0 10 83 1 54 0 9 0 0 0 0 0 26 24 0 15 0 5
1533775561 136 157 0 10 83 1 54 0 9 0 0 0 0 0 26 24 0 15 0 5
1533838818 137 157 0 10 83 1 54 0 9 0 0 0 0 0 26 24 0 15 0 5
1533838902 138 157 0 10 83 1 54 0 9 0 0 0 0 0 26 24 0 15 0 5
1533841130 139 157 0 10 83 1 54 0 9 0 0 0 0 0 26 24 0 15 0 5
1533848686 140 157 0 10 83 1 54 0 9 0 0 0 0 0 26 24 0 15 0 5
1533849799 141 157 0 10 83 1 54 0 9 0 0 0 0 0 26 24 0 15 0 5
1533853351 142 157 0 10 83 1 54 0 9 0 0 0 0 0 26 24 0 15 0 5
1533856258 142 157 0 10 83 1 54 0 9 0 0 0 1 0 26 24 0 15 0 5
1533857337 143 157 0 10 83 1 54 0 9 0 0 0 1 0 26 24 0 15 0 5
1533926174 144 157 0 10 83 1 54 0 9 0 0 0 1 0 26 24 0 15 0 5
1533937338 145 157 0 10 83 1 54 0 9 0 0 0 1 0 26 24 0 15 0 5
1533939717 146 157 0 10 83 1 54 0 9 0 0 0 1 0 26 24 0 15 0 5
1534174414 147 157 0 10 83 1 54 0 9 0 0 0 1 0 26 24 0 15 0 5
1534176472 148 157 0 10 83 1 54 0 9 0 0 0 1 0 26 24 0 15 0 5
1534180105 149 157 0 10 83 1 54 0 9 0 0 0 1 0 26 24 0 15 0 5
1534184502 150 157 0 10 83 1 54 0 9 0 0 0 1 0 26 24 0 15 0 5
1534187363 151 157 0 10 83 1 54 0 9 0 0 0 1 0 26 24 0 15 0 5
1534189446 152 157 0 10 83 1 54 0 9 0 0 0 1 0 26 24 0 15 0 5
1534197446 153 157 0 10 83 1 54 0 9 0 0 0 1 0 26 24 0 15 0 5
1534202066 154 157 0 10 83 1 54 0 9 0 0 0 1 0 26 24 0 15 0 5
1534260155 155 157 0 10 83 1 54 0 9 0 0 0 1 0 26 24 0 15 0 5
1534260176 156 157 0 10 83 1 54 0 9 0 0 0 1 0 26 24 0 15 0 5
1534262214 157 157 0 10 83 1 54 0 9 0 0 0 1 0 26 24 0 15 0 5
1534267520 158 157 0 10 83 1 54 0 9 0 0 0 1 0 26 24 0 15 0 5
1534275094 158 157 0 10 83 1 54 0 9 0 0 0 1 0 27 24 0 15 0 5
1534284221 158 157 0 10 84 1 54 0 9 0 0 0 1 0 27 24 0 15 0 5
1534284483 159 157 0 10 84 1 54 0 9 0 0 0 1 0 27 24 0 15 0 5
1534284499 160 157 0 10 84 1 54 0 9 0 0 0 1 0 27 24 0 15 0 5
1534284962 161 157 0 10 84 1 54 0 9 0 0 0 1 0 27 24 0 15 0 5
1534285749 162 157 0 10 84 1 54 0 9 0 0 0 1 0 27 24 0 15 0 5
1534348056 163 157 0 10 84 1 54 0 9 0 0 0 1 0 27 24 0 15 0 5
1534363665 163 157 0 10 84 1 54 0 9 0 0 0 1 0 27 24 0 15 0 5
1534432765 164 157 0 10 84 1 54 0 9 0 0 0 1 0 27 24 0 15 0 5
1534433378 164 157 0 10 84 1 54 0 9 0 0 0 1 0 27 24 0 15 0 6
1534433530 165 157 0 10 84 1 54 0 9 0 0 0 1 0 27 24 0 15 0 6
1534437929 166 157 0 10 84 1 54 0 9 0 0 0 1 0 27 24 0 15 0 6
1534437932 167 157 0 10 84 1 54 0 9 0 0 0 1 0 27 24 0 15 0 6
1534452120 168 157 0 10 84 1 54 0 9 0 0 0 1 0 27 24 0 15 0 6
1534454415 169 157 0 10 84 1 54 0 9 0 0 0 1 0 27 24 0 15 0 6
1534515651 170 157 0 10 84 1 54 0 9 0 0 0 1 0 27 24 0 15 0 6
1534532144 171 157 0 10 84 1 54 0 9 0 0 0 1 0 27 24 0 15 0 6
1534532179 172 157 0 10 84 1 54 0 9 0 0 0 1 0 27 24 0 15 0 6
1534533394 173 157 0 10 84 1 54 0 9 0 0 0 1 0 27 24 0 15 0 6
1534533766 174 157 0 10 84 1 54 0 9 0 0 0 1 0 27 24 0 15 0 6
1534542326 175 157 0 10 84 1 54 0 9 0 0 0 1 0 27 24 0 15 0 6
1534542708 176 157 0 10 84 1 54 0 9 0 0 0 1 0 27 24 0 15 0 6
1534776787 176 157 1 10 84 1 54 0 9 0 0 0 1 0 27 24 0 15 0 6
1534795591 177 157 1 10 84 1 54 0 9 0 0 0 1 0 27 24 0 15 0 6
1534862821 178 157 1 10 84 1 54 0 9 0 0 0 1 0 27 24 0 15 0 6
1534953888 179 157 1 10 84 1 54 0 9 0 0 0 1 0 27 24 0 15 0 6
1534964512 180 157 1 10 84 1 54 0 9 0 0 0 1 0 27 24 0 15 0 6
1534965118 181 157 1 10 84 1 54 0 9 0 0 0 1 0 27 24 0 15 0 6
1534965208 182 157 1 10 84 1 54 0 9 0 0 0 1 0 27 24 0 15 0 6
1534965262 183 157 1 10 84 1 54 0 9 0 0 0 1 0 27 24 0 15 0 6
1534965968 184 157 1 10 84 1 54 0 9 0 0 0 1 0 27 24 0 15 0 6
1534967303 185 157 1 10 84 1 54 0 9 0 0 0 1 0 27 24 0 15 0 6
1534967477 186 157 1 10 84 1 54 0 9 0 0 0 1 0 27 24 0 15 0 6
1534971158 187 157 1 10 84 1 54 0 9 0 0 0 1 0 27 24 0 15 0 6
1534975074 188 157 1 10 84 1 54 0 9 0 0 0 1 0 27 24 0 15 0 6
1535034315 189 157 1 10 84 1 54 0 9 0 0 0 1 0 27 24 0 15 0 6
1535043777 190 157 1 10 84 1 54 0 9 0 0 0 1 0 27 24 0 15 0 6
1535048058 191 157 1 10 84 1 54 0 9 0 0 0 1 0 27 24 0 15 0 6
1535055974 192 157 1 10 84 1 54 0 9 0 0 0 1 0 27 24 0 15 0 6
1535389479 193 157 1 10 84 1 54 0 9 0 0 0 1 0 27 24 0 15 0 6
1535393906 194 157 1 10 84 1 54 0 9 0 0 0 1 0 27 24 0 15 0 6
1535404595 195 157 1 10 84 1 54 0 9 0 0 0 1 0 27 24 0 15 0 6
1535408635 196 157 1 10 84 1 54 0 9 0 0 0 1 0 27 24 0 15 0 6
1535465022 196 158 1 10 84 1 54 0 9 0 0 0 1 0 27 24 0 15 0 6
1535476432 197 158 1 10 84 1 54 0 9 0 0 0 1 0 27 24 0 15 0 6
1535480765 198 158 1 10 84 1 54 0 9 0 0 0 1 0 27 24 0 15 0 6
1535482575 199 158 1 10 84 1 54 0 9 0 0 0 1 0 27 24 0 15 0 6
1535484501 200 158 1 10 84 1 54 0 9 0 0 0 1 0 27 24 0 15 0 6
1535492417 201 158 1 10 84 1 54 0 9 0 0 0 1 0 27 24 0 15 0 6
1535562446 201 158 1 10 84 1 55 0 9 0 0 0 1 0 27 24 0 15 0 6
1535658202 202 158 1 10 84 1 55 0 9 0 0 0 1 0 27 24 0 15 0 6
1535660711 203 158 1 10 84 1 55 0 9 0 0 0 1 0 27 24 0 15 0 6
1535667835 204 158 1 10 84 1 55 0 9 0 0 0 1 0 27 24 0 15 0 6
1536265375 204 158 1 10 84 1 55 0 9 0 0 0 1 0 27 24 0 15 0 7
1536272932 204 158 1 10 84 1 55 0 9 0 0 0 1 0 27 24 0 15 0 8
1536284483 204 158 1 10 84 1 56 0 9 0 0 0 1 0 27 24 0 15 0 8
1536335109 204 158 1 10 85 1 56 0 9 0 0 0 1 0 27 24 0 15 0 8
1536343147 205 158 1 10 85 1 56 0 9 0 0 0 1 0 27 24 0 15 0 8
1536587169 206 158 1 10 85 1 56 0 9 0 0 0 1 0 27 24 0 15 0 8
1536602465 206 158 1 10 85 1 56 0 9 0 0 0 1 0 27 24 0 15 0 8
1536684293 207 158 1 10 85 1 56 0 9 0 0 0 1 0 27 24 0 15 0 8
1536687860 208 158 1 10 85 1 56 0 9 0 0 0 1 0 27 24 0 15 0 8
1536696777 209 158 1 10 85 1 56 0 9 0 0 0 1 0 27 24 0 15 0 8
1536698297 210 158 1 10 85 1 56 0 9 0 0 0 1 0 27 24 0 15 0 8
1536778160 210 158 1 10 85 1 57 0 9 0 0 0 1 0 27 24 0 15 0 8
1537169830 211 158 1 10 85 1 57 0 9 0 0 0 1 0 27 24 0 15 0 8
1537374153 211 158 1 10 85 1 58 0 9 0 0 0 1 0 27 24 0 15 0 8
1537451988 212 158 1 10 85 1 58 0 9 0 0 0 1 0 27 24 0 15 0 8
1537554907 212 159 1 10 85 1 58 0 9 0 0 0 1 0 27 24 0 15 0 8
1537554951 212 160 1 10 85 1 58 0 9 0 0 0 1 0 27 24 0 15 0 8
1537564937 212 161 1 10 85 1 58 0 9 0 0 0 1 0 27 24 0 15 0 8
1537567840 212 161 1 10 85 1 59 0 9 0 0 0 1 0 27 24 0 15 0 8
1537802431 212 162 1 10 85 1 59 0 9 0 0 0 1 0 27 24 0 15 0 8
1538406327 213 162 1 10 85 1 59 0 9 0 0 0 1 0 27 24 0 15 0 8
1538494522 214 162 1 10 85 1 59 0 9 0 0 0 1 0 27 24 0 15 0 8
1538495632 214 162 1 11 85 1 59 0 9 0 0 0 1 0 27 24 0 15 0 8
1538585093 215 162 1 11 85 1 59 0 9 0 0 0 1 0 27 24 0 15 0 8
1538599606 216 162 1 11 85 1 59 0 9 0 0 0 1 0 27 24 0 15 0 8
1538766539 217 162 1 11 85 1 59 0 9 0 0 0 1 0 27 24 0 15 0 8
1539122816 218 162 1 11 85 1 59 0 9 0 0 0 1 0 27 24 0 15 0 8
1539186176 219 162 1 11 85 1 59 0 9 0 0 0 1 0 27 24 0 15 0 8
1539285000 220 162 1 11 85 1 59 0 9 0 0 0 1 0 27 24 0 15 0 8
1539286321 221 162 1 11 85 1 59 0 9 0 0 0 1 0 27 24 0 15 0 8
1539297718 222 162 1 11 85 1 59 0 9 0 0 0 1 0 27 24 0 15 0 8
1539297804 223 162 1 11 85 1 59 0 9 0 0 0 1 0 27 24 0 15 0 8
1539814048 224 162 1 11 85 1 59 0 9 0 0 0 1 0 27 24 0 15 0 8
1539866003 225 162 1 11 85 1 59 0 9 0 0 0 1 0 27 24 0 15 0 8
1539876390 225 163 1 11 85 1 59 0 9 0 0 0 1 0 27 24 0 15 0 8
1539884699 226 163 1 11 85 1 59 0 9 0 0 0 1 0 27 24 0 15 0 8
1539958441 227 163 1 11 85 1 59 0 9 0 0 0 1 0 27 24 0 15 0 8
1540228512 228 163 1 11 85 1 59 0 9 0 0 0 1 0 27 24 0 15 0 8
1541437346 229 163 1 11 85 1 59 0 9 0 0 0 1 0 27 24 0 15 0 8
1541529626 230 163 1 11 85 1 59 0 9 0 0 0 1 0 27 24 0 15 0 8
1541615641 231 163 1 11 85 1 59 0 9 0 0 0 1 0 27 24 0 15 0 8
1541642940 232 163 1 11 85 1 59 0 9 0 0 0 1 0 27 24 0 15 0 8
1542037636 233 163 1 11 85 1 59 0 9 0 0 0 1 0 27 24 0 15 0 8
1542059462 233 164 1 11 85 1 59 0 9 0 0 0 1 0 27 24 0 15 0 8
1542125075 233 165 1 11 85 1 59 0 9 0 0 0 1 0 27 24 0 15 0 8
1542126620 233 166 1 11 85 1 59 0 9 0 0 0 1 0 27 24 0 15 0 8
1542130241 234 166 1 11 85 1 59 0 9 0 0 0 1 0 27 24 0 15 0 8
1542133869 235 166 1 11 85 1 59 0 9 0 0 0 1 0 27 24 0 15 0 8
1542135937 236 166 1 11 85 1 59 0 9 0 0 0 1 0 27 24 0 15 0 8
1542141500 237 166 1 11 85 1 59 0 9 0 0 0 1 0 27 24 0 15 0 8
1542207928 237 166 1 11 85 1 60 0 9 0 0 0 1 0 27 24 0 15 0 8
1542307655 238 166 1 11 85 1 60 0 9 0 0 0 1 0 27 24 0 15 0 8
1542314446 238 166 2 11 85 1 60 0 9 0 0 0 1 0 27 24 0 15 0 8
1542637740 239 166 2 11 85 1 60 0 9 0 0 0 1 0 27 24 0 15 0 8
1542641314 240 166 2 11 85 1 60 0 9 0 0 0 1 0 27 24 0 15 0 8
1542641811 240 166 2 11 86 1 60 0 9 0 0 0 1 0 27 24 0 15 0 8
1542732055 240 166 2 11 86 1 60 0 9 0 0 0 1 0 27 24 0 15 0 8
1542735303 240 166 2 11 86 1 60 0 9 0 0 0 1 0 27 24 0 15 0 8
1542812701 240 166 3 11 86 1 60 0 9 0 0 0 1 0 27 24 0 15 0 8
1542816749 240 166 4 11 86 1 60 0 9 0 0 0 1 0 27 24 0 15 0 8
1542817151 241 166 4 11 86 1 60 0 9 0 0 0 1 0 27 24 0 15 0 8
1542830361 241 167 4 11 86 1 60 0 9 0 0 0 1 0 27 24 0 15 0 8
1542830962 241 168 4 11 86 1 60 0 9 0 0 0 1 0 27 24 0 15 0 8
1542832789 241 169 4 11 86 1 60 0 9 0 0 0 1 0 27 24 0 15 0 8
1542833422 241 170 4 11 86 1 60 0 9 0 0 0 1 0 27 24 0 15 0 8
1542835912 241 171 4 11 86 1 60 0 9 0 0 0 1 0 27 24 0 15 0 8
1542836893 241 172 4 11 86 1 60 0 9 0 0 0 1 0 27 24 0 15 0 8
1543244806 241 172 4 11 86 1 61 0 9 0 0 0 1 0 27 24 0 15 0 8
1543244848 241 173 4 11 86 1 61 0 9 0 0 0 1 0 27 24 0 15 0 8
1543247776 241 174 4 11 86 1 61 0 9 0 0 0 1 0 27 24 0 15 0 8
1543247843 241 175 4 11 86 1 61 0 9 0 0 0 1 0 27 24 0 15 0 8
1543250524 241 176 4 11 86 1 61 0 9 0 0 0 1 0 27 24 0 15 0 8
1543260801 241 177 4 11 86 1 61 0 9 0 0 0 1 0 27 24 0 15 0 8
1543263671 241 178 4 11 86 1 61 0 9 0 0 0 1 0 27 24 0 15 0 8
1543267604 241 178 5 11 86 1 61 0 9 0 0 0 1 0 27 24 0 15 0 8
1543268125 241 178 6 11 86 1 61 0 9 0 0 0 1 0 27 24 0 15 0 8
1543269064 241 178 7 11 86 1 61 0 9 0 0 0 1 0 27 24 0 15 0 8
1543270707 241 179 7 11 86 1 61 0 9 0 0 0 1 0 27 24 0 15 0 8
1543273825 242 179 7 11 86 1 61 0 9 0 0 0 1 0 27 24 0 15 0 8
1543274234 242 180 7 11 86 1 61 0 9 0 0 0 1 0 27 24 0 15 0 8
1543325422 243 180 7 11 86 1 61 0 9 0 0 0 1 0 27 24 0 15 0 8
1543340684 244 180 7 11 86 1 61 0 9 0 0 0 1 0 27 24 0 15 0 8
1543345294 245 180 7 11 86 1 61 0 9 0 0 0 1 0 27 24 0 15 0 8
1543351927 245 180 7 11 86 1 62 0 9 0 0 0 1 0 27 24 0 15 0 8
1543506185 246 180 7 11 86 1 62 0 9 0 0 0 1 0 27 24 0 15 0 8
1543521814 247 180 7 11 86 1 62 0 9 0 0 0 1 0 27 24 0 15 0 8
1543522214 248 180 7 11 86 1 62 0 9 0 0 0 1 0 27 24 0 15 0 8
1543523431 249 180 7 11 86 1 62 0 9 0 0 0 1 0 27 24 0 15 0 8
1543527477 250 180 7 11 86 1 62 0 9 0 0 0 1 0 27 24 0 15 0 8
1543844457 251 180 7 11 86 1 62 0 9 0 0 0 1 0 27 24 0 15 0 8
1543866924 252 180 7 11 86 1 62 0 9 0 0 0 1 0 27 24 0 15 0 8
1543870621 253 180 7 11 86 1 62 0 9 0 0 0 1 0 27 24 0 15 0 8
1543885743 254 180 7 11 86 1 62 0 9 0 0 0 1 0 27 24 0 15 0 8
1543934042 255 180 7 11 86 1 62 0 9 0 0 0 1 0 27 24 0 15 0 8
1543934186 255 180 7 11 86 1 63 0 9 0 0 0 1 0 27 24 0 15 0 8
1543935594 256 180 7 11 86 1 63 0 9 0 0 0 1 0 27 24 0 15 0 8
1543942541 257 180 7 11 86 1 63 0 9 0 0 0 1 0 27 24 0 15 0 8
1543949871 257 181 7 11 86 1 63 0 9 0 0 0 1 0 27 24 0 15 0 8
1543956653 258 181 7 11 86 1 63 0 9 0 0 0 1 0 27 24 0 15 0 8
1543959178 259 181 7 11 86 1 63 0 9 0 0 0 1 0 27 24 0 15 0 8
1544141392 260 181 7 11 86 1 63 0 9 0 0 0 1 0 27 24 0 15 0 8
1544196530 261 181 7 11 86 1 63 0 9 0 0 0 1 0 27 24 0 15 0 8
1544196865 262 181 7 11 86 1 63 0 9 0 0 0 1 0 27 24 0 15 0 8
1544197352 262 182 7 11 86 1 63 0 9 0 0 0 1 0 27 24 0 15 0 8
1544215216 262 183 7 11 86 1 63 0 9 0 0 0 1 0 27 24 0 15 0 8
1544217154 263 183 7 11 86 1 63 0 9 0 0 0 1 0 27 24 0 15 0 8
1544470375 264 183 7 11 86 1 63 0 9 0 0 0 1 0 27 24 0 15 0 8
1544475268 265 183 7 11 86 1 63 0 9 0 0 0 1 0 27 24 0 15 0 8
1544540974 266 183 7 11 86 1 63 0 9 0 0 0 1 0 27 24 0 15 0 8
1544543486 267 183 7 11 86 1 63 0 9 0 0 0 1 0 27 24 0 15 0 8
1544544457 268 183 7 11 86 1 63 0 9 0 0 0 1 0 27 24 0 15 0 8
1544561825 269 183 7 11 86 1 63 0 9 0 0 0 1 0 27 24 0 15 0 8
1544567804 270 183 7 11 86 1 63 0 9 0 0 0 1 0 27 24 0 15 0 8
1544633746 271 183 7 11 86 1 63 0 9 0 0 0 1 0 27 24 0 15 0 8
1544639984 271 183 8 11 86 1 63 0 9 0 0 0 1 0 27 24 0 15 0 8
1544643264 272 183 8 11 86 1 63 0 9 0 0 0 1 0 27 24 0 15 0 8
1544644544 273 183 8 11 86 1 63 0 9 0 0 0 1 0 27 24 0 15 0 8
1544648441 273 183 9 11 86 1 63 0 9 0 0 0 1 0 27 24 0 15 0 8
1544648456 273 183 9 11 86 1 63 0 9 0 0 0 2 0 27 24 0 15 0 8
1544648468 274 183 9 11 86 1 63 0 9 0 0 0 2 0 27 24 0 15 0 8
1544649391 274 183 10 11 86 1 63 0 9 0 0 0 2 0 27 24 0 15 0 8
1544649741 275 183 10 11 86 1 63 0 9 0 0 0 2 0 27 24 0 15 0 8
1544651064 275 183 11 11 86 1 63 0 9 0 0 0 2 0 27 24 0 15 0 8
1544654139 276 183 11 11 86 1 63 0 9 0 0 0 2 0 27 24 0 15 0 8
1544719208 277 183 11 11 86 1 63 0 9 0 0 0 2 0 27 24 0 15 0 8
1544732337 278 183 11 11 86 1 63 0 9 0 0 0 2 0 27 24 0 15 0 8
1544734781 279 183 11 11 86 1 63 0 9 0 0 0 2 0 27 24 0 15 0 8
1544738540 279 184 11 11 86 1 63 0 9 0 0 0 2 0 27 24 0 15 0 8
1544742979 279 185 11 11 86 1 63 0 9 0 0 0 2 0 27 24 0 15 0 8
1544743679 279 186 11 11 86 1 63 0 9 0 0 0 2 0 27 24 0 15 0 8
1544744460 279 187 11 11 86 1 63 0 9 0 0 0 2 0 27 24 0 15 0 8
1544801733 279 188 11 11 86 1 63 0 9 0 0 0 2 0 27 24 0 15 0 8
1544803226 279 188 11 11 86 1 63 0 9 0 0 0 2 0 27 24 0 15 0 8
1544805170 280 188 11 11 86 1 63 0 9 0 0 0 2 0 27 24 0 15 0 8
1544810752 280 189 11 11 86 1 63 0 9 0 0 0 2 0 27 24 0 15 0 8
1544824168 281 189 11 11 86 1 63 0 9 0 0 0 2 0 27 24 0 15 0 8
1544824645 281 189 11 11 87 1 63 0 9 0 0 0 2 0 27 24 0 15 0 8
1544825866 282 189 11 11 87 1 63 0 9 0 0 0 2 0 27 24 0 15 0 8
1544826449 283 189 11 11 87 1 63 0 9 0 0 0 2 0 27 24 0 15 0 8
1545062659 283 190 11 11 87 1 63 0 9 0 0 0 2 0 27 24 0 15 0 8
1545064760 283 191 11 11 87 1 63 0 9 0 0 0 2 0 27 24 0 15 0 8
1545064783 283 192 11 11 87 1 63 0 9 0 0 0 2 0 27 24 0 15 0 8
1545066078 283 192 11 11 87 1 64 0 9 0 0 0 2 0 27 24 0 15 0 8
1545067586 283 193 11 11 87 1 64 0 9 0 0 0 2 0 27 24 0 15 0 8
1545072014 284 193 11 11 87 1 64 0 9 0 0 0 2 0 27 24 0 15 0 8
1545075829 285 193 11 11 87 1 64 0 9 0 0 0 2 0 27 24 0 15 0 8
1545076854 285 193 11 11 87 1 65 0 9 0 0 0 2 0 27 24 0 15 0 8
1545077932 285 194 11 11 87 1 65 0 9 0 0 0 2 0 27 24 0 15 0 8
1545079549 285 194 11 11 87 1 65 0 9 0 0 0 2 0 27 24 0 15 0 8
1545088062 286 194 11 11 87 1 65 0 9 0 0 0 2 0 27 24 0 15 0 8
1545088646 287 194 11 11 87 1 65 0 9 0 0 0 2 0 27 24 0 15 0 8
1545089457 288 194 11 11 87 1 65 0 9 0 0 0 2 0 27 24 0 15 0 8
1545148609 288 194 11 11 87 1 65 0 9 0 0 0 2 0 27 24 0 15 0 8
1545148794 289 194 11 11 87 1 65 0 9 0 0 0 2 0 27 24 0 15 0 8
1545155429 290 194 11 11 87 1 65 0 9 0 0 0 2 0 27 24 0 15 0 8
1545159437 291 194 11 11 87 1 65 0 9 0 0 0 2 0 27 24 0 15 0 8
1545159907 291 195 11 11 87 1 65 0 9 0 0 0 2 0 27 24 0 15 0 8
1545161566 291 196 11 11 87 1 65 0 9 0 0 0 2 0 27 24 0 15 0 8
1545162100 291 197 11 11 87 1 65 0 9 0 0 0 2 0 27 24 0 15 0 8
1545162639 292 197 11 11 87 1 65 0 9 0 0 0 2 0 27 24 0 15 0 8
1545164868 293 197 11 11 87 1 65 0 9 0 0 0 2 0 27 24 0 15 0 8
1545165790 294 197 11 11 87 1 65 0 9 0 0 0 2 0 27 24 0 15 0 8
1545166780 294 198 11 11 87 1 65 0 9 0 0 0 2 0 27 24 0 15 0 8
1545171333 295 198 11 11 87 1 65 0 9 0 0 0 2 0 27 24 0 15 0 8
1545171923 295 199 11 11 87 1 65 0 9 0 0 0 2 0 27 24 0 15 0 8
1545235697 295 200 11 11 87 1 65 0 9 0 0 0 2 0 27 24 0 15 0 8
1545236111 295 201 11 11 87 1 65 0 9 0 0 0 2 0 27 24 0 15 0 8
1545236825 296 201 11 11 87 1 65 0 9 0 0 0 2 0 27 24 0 15 0 8
1545236833 296 202 11 11 87 1 65 0 9 0 0 0 2 0 27 24 0 15 0 8
1545259023 296 203 11 11 87 1 65 0 9 0 0 0 2 0 27 24 0 15 0 8
1545261075 296 204 11 11 87 1 65 0 9 0 0 0 2 0 27 24 0 15 0 8
1545263095 296 204 11 11 87 1 65 0 9 0 0 0 3 0 27 24 0 15 0 8
1545316344 296 205 11 11 87 1 65 0 9 0 0 0 3 0 27 24 0 15 0 8
1545317244 297 205 11 11 87 1 65 0 9 0 0 0 3 0 27 24 0 15 0 8
1545318146 297 205 11 11 87 1 65 0 9 0 0 0 3 0 27 24 0 15 0 8
1545319252 298 205 11 11 87 1 65 0 9 0 0 0 3 0 27 24 0 15 0 8
1545331058 298 206 11 11 87 1 65 0 9 0 0 0 3 0 27 24 0 15 0 8
1545331410 299 206 11 11 87 1 65 0 9 0 0 0 3 0 27 24 0 15 0 8
1545333645 299 206 11 11 88 1 65 0 9 0 0 0 3 0 27 24 0 15 0 8
1545334886 299 207 11 11 88 1 65 0 9 0 0 0 3 0 27 24 0 15 0 8
1545337010 299 208 11 11 88 1 65 0 9 0 0 0 3 0 27 24 0 15 0 8
1545337692 299 209 11 11 88 1 65 0 9 0 0 0 3 0 27 24 0 15 0 8
1545339296 300 209 11 11 88 1 65 0 9 0 0 0 3 0 27 24 0 15 0 8
1545344471 300 209 11 11 89 1 65 0 9 0 0 0 3 0 27 24 0 15 0 8
1545360787 301 209 11 11 89 1 65 0 9 0 0 0 3 0 27 24 0 15 0 8
1545410131 302 209 11 11 89 1 65 0 9 0 0 0 3 0 27 24 0 15 0 8
1545426634 303 209 11 11 89 1 65 0 9 0 0 0 3 0 27 24 0 15 0 8
1545926454 304 209 11 11 89 1 65 0 9 0 0 0 3 0 27 24 0 15 0 8
1545936727 305 209 11 11 89 1 65 0 9 0 0 0 3 0 27 24 0 15 0 8
1546426427 305 209 11 11 89 1 66 0 9 0 0 0 3 0 27 24 0 15 0 8
1546444830 305 210 11 11 89 1 66 0 9 0 0 0 3 0 27 24 0 15 0 8
1546444901 306 210 11 11 89 1 66 0 9 0 0 0 3 0 27 24 0 15 0 8
1546446096 306 211 11 11 89 1 66 0 9 0 0 0 3 0 27 24 0 15 0 8
1546452013 307 211 11 11 89 1 66 0 9 0 0 0 3 0 27 24 0 15 0 8
1546456619 307 212 11 11 89 1 66 0 9 0 0 0 3 0 27 24 0 15 0 8
1546462555 307 213 11 11 89 1 66 0 9 0 0 0 3 0 27 24 0 15 0 8
1546462593 307 214 11 11 89 1 66 0 9 0 0 0 3 0 27 24 0 15 0 8
1546462954 307 215 11 11 89 1 66 0 9 0 0 0 3 0 27 24 0 15 0 8
1546467600 307 216 11 11 89 1 66 0 9 0 0 0 3 0 27 24 0 15 0 8
1546518556 307 217 11 11 89 1 66 0 9 0 0 0 3 0 27 24 0 15 0 8
1546522596 308 217 11 11 89 1 66 0 9 0 0 0 3 0 27 24 0 15 0 8
1546526001 308 218 11 11 89 1 66 0 9 0 0 0 3 0 27 24 0 15 0 8
1546527991 309 218 11 11 89 1 66 0 9 0 0 0 3 0 27 24 0 15 0 8
1546538565 309 219 11 11 89 1 66 0 9 0 0 0 3 0 27 24 0 15 0 8
1546549803 310 219 11 11 89 1 66 0 9 0 0 0 3 0 27 24 0 15 0 8
1546614781 310 219 12 11 89 1 66 0 9 0 0 0 3 0 27 24 0 15 0 8
1546614856 310 219 13 11 89 1 66 0 9 0 0 0 3 0 27 24 0 15 0 8
1546617076 310 219 13 11 89 1 66 0 9 0 0 0 3 0 27 24 0 15 0 8
1546623657 311 219 13 11 89 1 66 0 9 0 0 0 3 0 27 24 0 15 0 8
1546626278 312 219 13 11 89 1 66 0 9 0 0 0 3 0 27 24 0 15 0 8
1546633998 313 219 13 11 89 1 66 0 9 0 0 0 3 0 27 24 0 15 0 8
1546637270 313 220 13 11 89 1 66 0 9 0 0 0 3 0 27 24 0 15 0 8
1546638220 313 221 13 11 89 1 66 0 9 0 0 0 3 0 27 24 0 15 0 8
1546875149 313 221 13 11 90 1 66 0 9 0 0 0 3 0 27 24 0 15 0 8
1546878096 313 221 13 11 91 1 66 0 9 0 0 0 3 0 27 24 0 15 0 8
1546891457 313 222 13 11 91 1 66 0 9 0 0 0 3 0 27 24 0 15 0 8
1546891704 313 223 13 11 91 1 66 0 9 0 0 0 3 0 27 24 0 15 0 8
1546981999 313 224 13 11 91 1 66 0 9 0 0 0 3 0 27 24 0 15 0 8
1547048431 314 224 13 11 91 1 66 0 9 0 0 0 3 0 27 24 0 15 0 8
1547056211 315 224 13 11 91 1 66 0 9 0 0 0 3 0 27 24 0 15 0 8
1547064195 315 225 13 11 91 1 66 0 9 0 0 0 3 0 27 24 0 15 0 8
1547067863 316 225 13 11 91 1 66 0 9 0 0 0 3 0 27 24 0 15 0 8
1547071221 317 225 13 11 91 1 66 0 9 0 0 0 3 0 27 24 0 15 0 8
1547131534 317 225 14 11 91 1 66 0 9 0 0 0 3 0 27 24 0 15 0 8
1547137997 318 225 14 11 91 1 66 0 9 0 0 0 3 0 27 24 0 15 0 8
1547139447 318 226 14 11 91 1 66 0 9 0 0 0 3 0 27 24 0 15 0 8
1547146220 318 227 14 11 91 1 66 0 9 0 0 0 3 0 27 24 0 15 0 8
1547152172 318 228 14 11 91 1 66 0 9 0 0 0 3 0 27 24 0 15 0 8
1547157497 319 228 14 11 91 1 66 0 9 0 0 0 3 0 27 24 0 15 0 8
1547220363 320 228 14 11 91 1 66 0 9 0 0 0 3 0 27 24 0 15 0 8
1547222994 321 228 14 11 91 1 66 0 9 0 0 0 3 0 27 24 0 15 0 8
1547227685 322 228 14 11 91 1 66 0 9 0 0 0 3 0 27 24 0 15 0 8
1547239630 323 228 14 11 91 1 66 0 9 0 0 0 3 0 27 24 0 15 0 8
1547244496 323 229 14 11 91 1 66 0 9 0 0 0 3 0 27 24 0 15 0 8
1547244520 323 230 14 11 91 1 66 0 9 0 0 0 3 0 27 24 0 15 0 8
1547246935 323 231 14 11 91 1 66 0 9 0 0 0 3 0 27 24 0 15 0 8
1547255649 323 232 14 11 91 1 66 0 9 0 0 0 3 0 27 24 0 15 0 8
1547482102 323 232 14 11 92 1 66 0 9 0 0 0 3 0 27 24 0 15 0 8
1547482816 323 233 14 11 92 1 66 0 9 0 0 0 3 0 27 24 0 15 0 8
1547498711 324 233 14 11 92 1 66 0 9 0 0 0 3 0 27 24 0 15 0 8
1547565312 324 234 14 11 92 1 66 0 9 0 0 0 3 0 27 24 0 15 0 8
1547565316 324 235 14 11 92 1 66 0 9 0 0 0 3 0 27 24 0 15 0 8
1547565326 324 236 14 11 92 1 66 0 9 0 0 0 3 0 27 24 0 15 0 8
1547569626 325 236 14 11 92 1 66 0 9 0 0 0 3 0 27 24 0 15 0 8
1547573435 326 236 14 11 92 1 66 0 9 0 0 0 3 0 27 24 0 15 0 8
1547573465 326 237 14 11 92 1 66 0 9 0 0 0 3 0 27 24 0 15 0 8
1547574557 326 238 14 11 92 1 66 0 9 0 0 0 3 0 27 24 0 15 0 8
1547583012 327 238 14 11 92 1 66 0 9 0 0 0 3 0 27 24 0 15 0 8
1547590024 327 239 14 11 92 1 66 0 9 0 0 0 3 0 27 24 0 15 0 8
1547607374 327 239 14 11 92 1 67 0 9 0 0 0 3 0 27 24 0 15 0 8
1547661306 328 239 14 11 92 1 67 0 9 0 0 0 3 0 27 24 0 15 0 8
1547663058 329 239 14 11 92 1 67 0 9 0 0 0 3 0 27 24 0 15 0 8
1547671334 330 239 14 11 92 1 67 0 9 0 0 0 3 0 27 24 0 15 0 8
1547680746 331 239 14 11 92 1 67 0 9 0 0 0 3 0 27 24 0 15 0 8
1547735704 331 240 14 11 92 1 67 0 9 0 0 0 3 0 27 24 0 15 0 8
1547739425 331 241 14 11 92 1 67 0 9 0 0 0 3 0 27 24 0 15 0 8
1547758528 332 241 14 11 92 1 67 0 9 0 0 0 3 0 27 24 0 15 0 8
1547766367 333 241 14 11 92 1 67 0 9 0 0 0 3 0 27 24 0 15 0 8
1547832854 333 242 14 11 92 1 67 0 9 0 0 0 3 0 27 24 0 15 0 8
1547835065 333 243 14 11 92 1 67 0 9 0 0 0 3 0 27 24 0 15 0 8
1547835907 334 243 14 11 92 1 67 0 9 0 0 0 3 0 27 24 0 15 0 8
1547839739 335 243 14 11 92 1 67 0 9 0 0 0 3 0 27 24 0 15 0 8
1547845581 336 243 14 11 92 1 67 0 9 0 0 0 3 0 27 24 0 15 0 8
1547846697 337 243 14 11 92 1 67 0 9 0 0 0 3 0 27 24 0 15 0 8
1547849527 338 243 14 11 92 1 67 0 9 0 0 0 3 0 27 24 0 15 0 8
1548187283 338 243 14 11 92 1 67 0 9 0 0 0 3 0 27 24 0 15 0 8
1548192892 339 243 14 11 92 1 67 0 9 0 0 0 3 0 27 24 0 15 0 8
1548196147 340 243 14 11 92 1 67 0 9 0 0 0 3 0 27 24 0 15 0 8
1548276734 341 243 14 11 92 1 67 0 9 0 0 0 3 0 27 24 0 15 0 8
1548346889 341 243 14 11 92 1 68 0 9 0 0 0 3 0 27 24 0 15 0 8
1548358472 342 243 14 11 92 1 68 0 9 0 0 0 3 0 27 24 0 15 0 8
1548361361 343 243 14 11 92 1 68 0 9 0 0 0 3 0 27 24 0 15 0 8
1548433301 343 243 14 11 92 1 69 0 9 0 0 0 3 0 27 24 0 15 0 8
1548705212 344 243 14 11 92 1 69 0 9 0 0 0 3 0 27 24 0 15 0 8
1548804934 344 243 14 11 92 1 70 0 9 0 0 0 3 0 27 24 0 15 0 8
1548820193 344 244 14 11 92 1 70 0 9 0 0 0 3 0 27 24 0 15 0 8
1548859696 344 244 15 11 92 1 70 0 9 0 0 0 3 0 27 24 0 15 0 8
1548859716 344 244 16 11 92 1 70 0 9 0 0 0 3 0 27 24 0 15 0 8
1548860850 344 244 17 11 92 1 70 0 9 0 0 0 3 0 27 24 0 15 0 8
1548861272 344 244 17 11 92 1 70 0 9 0 0 0 3 0 27 24 0 15 0 8
1548958233 344 244 17 11 92 1 70 0 9 0 0 0 3 0 27 24 0 15 0 8
1548967613 345 244 17 11 92 1 70 0 9 0 0 0 3 0 27 24 0 15 0 8
1549071883 345 244 18 11 92 1 70 0 9 0 0 0 3 0 27 24 0 15 0 8
1549299516 345 245 18 11 92 1 70 0 9 0 0 0 3 0 27 24 0 15 0 8
1549302511 345 246 18 11 92 1 70 0 9 0 0 0 3 0 27 24 0 15 0 8
1549310888 345 246 18 11 92 1 71 0 9 0 0 0 3 0 27 24 0 15 0 8
1549310929 345 247 18 11 92 1 71 0 9 0 0 0 3 0 27 24 0 15 0 8
1549317349 345 247 19 11 92 1 71 0 9 0 0 0 3 0 27 24 0 15 0 8
1549324049 346 247 19 11 92 1 71 0 9 0 0 0 3 0 27 24 0 15 0 8
1549393052 346 248 19 11 92 1 71 0 9 0 0 0 3 0 27 24 0 15 0 8
1549469089 347 248 19 11 92 1 71 0 9 0 0 0 3 0 27 24 0 15 0 8
1549564565 348 248 19 11 92 1 71 0 9 0 0 0 3 0 27 24 0 15 0 8
1549564713 349 248 19 11 92 1 71 0 9 0 0 0 3 0 27 24 0 15 0 8
1549578608 349 249 19 11 92 1 71 0 9 0 0 0 3 0 27 24 0 15 0 8
1549660213 349 249 19 11 92 1 71 0 9 0 0 0 3 0 27 24 0 15 0 8
1549898818 350 249 19 11 92 1 71 0 9 0 0 0 3 0 27 24 0 15 0 8
1549899143 350 250 19 11 92 1 71 0 9 0 0 0 3 0 27 24 0 15 0 8
1549902315 350 251 19 11 92 1 71 0 9 0 0 0 3 0 27 24 0 15 0 8
1549903116 351 251 19 11 92 1 71 0 9 0 0 0 3 0 27 24 0 15 0 8
1549912502 352 251 19 11 92 1 71 0 9 0 0 0 3 0 27 24 0 15 0 8
1549916998 352 252 19 11 92 1 71 0 9 0 0 0 3 0 27 24 0 15 0 8
1549920926 352 253 19 11 92 1 71 0 9 0 0 0 3 0 27 24 0 15 0 8
1549984797 352 254 19 11 92 1 71 0 9 0 0 0 3 0 27 24 0 15 0 8
1549986692 352 254 19 11 92 1 72 0 9 0 0 0 3 0 27 24 0 15 0 8
1549993977 352 255 19 11 92 1 72 0 9 0 0 0 3 0 27 24 0 15 0 8
1549997086 352 256 19 11 92 1 72 0 9 0 0 0 3 0 27 24 0 15 0 8
1549998074 352 257 19 11 92 1 72 0 9 0 0 0 3 0 27 24 0 15 0 8
1550001504 352 258 19 11 92 1 72 0 9 0 0 0 3 0 27 24 0 15 0 8
1550098672 353 258 19 11 92 1 72 0 9 0 0 0 3 0 27 24 0 15 0 8
1550176782 354 258 19 11 92 1 72 0 9 0 0 0 3 0 27 24 0 15 0 8
1550510877 354 258 19 11 92 1 73 0 9 0 0 0 3 0 27 24 0 15 0 8
1550592496 354 259 19 11 92 1 73 0 9 0 0 0 3 0 27 24 0 15 0 8
1550592513 354 260 19 11 92 1 73 0 9 0 0 0 3 0 27 24 0 15 0 8
1550851771 355 260 19 11 92 1 73 0 9 0 0 0 3 0 27 24 0 15 0 8
1550859542 356 260 19 11 92 1 73 0 9 0 0 0 3 0 27 24 0 15 0 8
1550864718 357 260 19 11 92 1 73 0 9 0 0 0 3 0 27 24 0 15 0 8
1550887564 357 260 19 11 92 1 74 0 9 0 0 0 3 0 27 24 0 15 0 8
1551021820 357 260 19 11 92 1 75 0 9 0 0 0 3 0 27 24 0 15 0 8
1551193143 357 260 19 11 92 1 76 0 9 0 0 0 3 0 27 24 0 15 0 8
1551209929 357 260 19 11 92 1 77 0 9 0 0 0 3 0 27 24 0 15 0 8
1551215461 358 260 19 11 92 1 77 0 9 0 0 0 3 0 27 24 0 15 0 8
1551217184 359 260 19 11 92 1 77 0 9 0 0 0 3 0 27 24 0 15 0 8
1551219043 359 260 19 11 92 1 78 0 9 0 0 0 3 0 27 24 0 15 0 8
1551239482 360 260 19 11 92 1 78 0 9 0 0 0 3 0 27 24 0 15 0 8
1551280683 361 260 19 11 92 1 78 0 9 0 0 0 3 0 27 24 0 15 0 8
1551282689 362 260 19 11 92 1 78 0 9 0 0 0 3 0 27 24 0 15 0 8
1551292359 362 261 19 11 92 1 78 0 9 0 0 0 3 0 27 24 0 15 0 8
1551293483 363 261 19 11 92 1 78 0 9 0 0 0 3 0 27 24 0 15 0 8
1551359285 363 261 20 11 92 1 78 0 9 0 0 0 3 0 27 24 0 15 0 8
1551364390 363 261 20 11 92 1 79 0 9 0 0 0 3 0 27 24 0 15 0 8
1551367027 363 262 20 11 92 1 79 0 9 0 0 0 3 0 27 24 0 15 0 8
1551367451 363 262 21 11 92 1 79 0 9 0 0 0 3 0 27 24 0 15 0 8
1551367468 363 262 22 11 92 1 79 0 9 0 0 0 3 0 27 24 0 15 0 8
1551369052 363 262 23 11 92 1 79 0 9 0 0 0 3 0 27 24 0 15 0 8
1551374261 363 263 23 11 92 1 79 0 9 0 0 0 3 0 27 24 0 15 0 8
1551374771 363 264 23 11 92 1 79 0 9 0 0 0 3 0 27 24 0 15 0 8
1551376083 363 264 24 11 92 1 79 0 9 0 0 0 3 0 27 24 0 15 0 8
1551379165 363 264 24 11 92 1 80 0 9 0 0 0 3 0 27 24 0 15 0 8
1551387651 364 264 24 11 92 1 80 0 9 0 0 0 3 0 27 24 0 15 0 8
1551716019 364 265 24 11 92 1 80 0 9 0 0 0 3 0 27 24 0 15 0 8
1551722603 365 265 24 11 92 1 80 0 9 0 0 0 3 0 27 24 0 15 0 8
1551726609 366 265 24 11 92 1 80 0 9 0 0 0 3 0 27 24 0 15 0 8
1551732984 367 265 24 11 92 1 80 0 9 0 0 0 3 0 27 24 0 15 0 8
1551735842 368 265 24 11 92 1 80 0 9 0 0 0 3 0 27 24 0 15 0 8
1551739526 368 266 24 11 92 1 80 0 9 0 0 0 3 0 27 24 0 15 0 8
1551906640 368 266 24 11 92 1 81 0 9 0 0 0 3 0 27 24 0 15 0 8
1551910087 368 266 24 11 92 1 82 0 9 0 0 0 3 0 27 24 0 15 0 8
1551973735 368 266 24 11 92 1 82 0 9 0 0 0 3 0 27 24 0 15 0 8
1551982566 369 266 24 11 92 1 82 0 9 0 0 0 3 0 27 24 0 15 0 8
1552069475 369 266 25 11 92 1 82 0 9 0 0 0 3 0 27 24 0 15 0 8
1552069594 369 267 25 11 92 1 82 0 9 0 0 0 3 0 27 24 0 15 0 8
1552407734 369 267 25 11 92 1 83 0 9 0 0 0 3 0 27 24 0 15 0 8
1552575034 370 267 25 11 92 1 83 0 9 0 0 0 3 0 27 24 0 15 0 8
1552576181 370 267 25 11 92 1 83 0 9 0 0 0 4 0 27 24 0 15 0 8
1553101312 370 267 25 11 92 1 83 0 9 0 0 0 4 0 27 24 0 15 0 8
1553111282 371 267 25 11 92 1 83 0 9 0 0 0 4 0 27 24 0 15 0 8
1553170633 371 267 26 11 92 1 83 0 9 0 0 0 4 0 27 24 0 15 0 8
1553173839 371 267 26 11 92 1 83 0 9 0 0 0 4 0 27 24 0 15 0 8
1553174118 372 267 26 11 92 1 83 0 9 0 0 0 4 0 27 24 0 15 0 8
1553174286 372 267 26 11 92 1 83 0 9 0 0 0 4 0 27 24 0 15 0 8
1553284799 372 268 26 11 92 1 83 0 9 0 0 0 4 0 27 24 0 15 0 8
1553286227 372 269 26 11 92 1 83 0 9 0 0 0 4 0 27 24 0 15 0 8
1553619946 373 269 26 11 92 1 83 0 9 0 0 0 4 0 27 24 0 15 0 8
1553620612 374 269 26 11 92 1 83 0 9 0 0 0 4 0 27 24 0 15 0 8
1553628286 375 269 26 11 92 1 83 0 9 0 0 0 4 0 27 24 0 15 0 8
1553878883 375 269 26 11 92 1 84 0 9 0 0 0 4 0 27 24 0 15 0 8
1553899427 375 269 26 11 92 1 84 0 9 0 0 0 4 0 27 24 0 15 0 8
1554132811 375 269 27 11 92 1 84 0 9 0 0 0 4 0 27 24 0 15 0 8
1554145301 376 269 27 11 92 1 84 0 9 0 0 0 4 0 27 24 0 15 0 8
1554148154 377 269 27 11 92 1 84 0 9 0 0 0 4 0 27 24 0 15 0 8
1554152095 377 270 27 11 92 1 84 0 9 0 0 0 4 0 27 24 0 15 0 8
1554153672 378 270 27 11 92 1 84 0 9 0 0 0 4 0 27 24 0 15 0 8
1554228530 378 271 27 11 92 1 84 0 9 0 0 0 4 0 27 24 0 15 0 8
1554303027 378 271 28 11 92 1 84 0 9 0 0 0 4 0 27 24 0 15 0 8
1554305039 379 271 28 11 92 1 84 0 9 0 0 0 4 0 27 24 0 15 0 8
1554330188 379 271 29 11 92 1 84 0 9 0 0 0 4 0 27 24 0 15 0 8
1554390028 380 271 29 11 92 1 84 0 9 0 0 0 4 0 27 24 0 15 0 8
1554395541 381 271 29 11 92 1 84 0 9 0 0 0 4 0 27 24 0 15 0 8
1554398700 381 271 29 11 92 1 85 0 9 0 0 0 4 0 27 24 0 15 0 8
1554413536 381 272 29 12 92 1 85 0 9 0 0 0 4 0 27 24 0 15 0 8
1554482586 381 272 29 13 92 1 85 0 9 0 0 0 4 0 27 24 0 15 0 8
1554496463 381 272 29 13 92 1 85 0 9 0 0 1 4 0 27 24 0 15 0 8
1554497228 381 272 29 14 92 1 85 0 9 0 0 1 4 0 27 24 0 15 0 8
1554769259 381 272 29 14 92 1 85 0 10 0 0 1 4 0 27 24 0 15 0 8
1554826249 381 272 29 14 92 2 85 0 10 0 0 1 4 0 27 24 0 15 0 8
1554953161 381 272 29 14 92 3 85 0 10 0 0 1 4 0 27 24 0 15 0 8
1554953307 381 272 29 14 92 3 85 0 10 0 0 1 4 0 27 24 0 15 0 8
1555006291 381 272 29 14 92 4 85 0 10 0 0 1 4 0 27 24 0 15 0 8
1555031842 381 272 29 14 92 5 85 0 10 0 0 1 4 0 27 24 0 15 0 8
1555033506 381 272 29 14 92 6 85 0 10 0 0 1 4 0 27 24 0 15 0 8
1555100755 381 272 29 14 92 7 85 0 10 0 0 1 4 0 27 24 0 15 0 8
1555442660 381 272 29 14 92 8 85 0 10 0 0 1 4 0 27 24 0 15 0 8
1555453653 381 272 30 14 92 8 85 0 10 0 0 1 4 0 27 24 0 15 0 8
1555509460 381 272 30 14 92 8 85 0 10 0 0 2 4 0 27 24 0 15 0 8
1555526250 381 272 30 14 92 8 85 0 10 0 0 2 4 0 27 24 0 15 0 8
1555604652 381 272 30 14 92 9 85 0 10 0 0 2 4 0 27 24 0 15 0 8
1555607824 381 272 30 15 92 9 85 0 10 0 0 2 4 0 27 24 0 15 0 8
1555611259 381 272 30 15 92 10 85 0 10 0 0 2 4 0 27 24 0 15 0 8
1555622498 381 272 30 15 92 10 85 0 10 0 0 2 4 0 27 24 0 15 0 8
1555627660 381 272 30 15 92 11 85 0 10 0 0 2 4 0 27 24 0 15 0 8
1555628516 381 272 30 15 92 11 85 0 10 0 0 3 4 0 27 24 0 15 0 8
1556121245 381 272 30 15 92 11 85 0 10 1 0 3 4 0 27 24 0 15 0 8
1556215388 381 272 30 15 92 12 85 0 10 1 0 3 4 0 27 24 0 15 0 8
1556246485 381 272 31 15 92 12 85 0 10 1 0 3 4 0 27 24 0 15 0 8
1556288765 381 272 31 15 92 12 85 0 10 1 0 4 4 0 27 24 0 15 0 8
1556297050 381 272 31 16 92 12 85 0 10 1 0 4 4 0 27 24 0 15 0 8
1556570476 381 272 31 16 92 13 85 0 10 1 0 4 4 0 27 24 0 15 0 8
1556660052 381 272 31 16 92 14 85 0 10 1 0 4 4 0 27 24 0 15 0 8
1556730714 381 272 31 16 92 15 85 0 10 1 0 4 4 0 27 24 0 15 0 8
1556834474 381 272 31 17 92 15 85 0 10 1 0 4 4 0 27 24 0 15 0 8
1556906642 381 272 31 17 92 16 85 0 10 1 0 4 4 0 27 24 0 15 0 8
1556910861 381 272 31 17 92 17 85 0 10 1 0 4 4 0 27 24 0 15 0 8
1556914622 381 272 31 17 92 18 85 0 10 1 0 4 5 0 27 24 0 15 0 8
1556917629 381 272 31 18 92 18 85 0 10 1 0 4 5 0 27 24 0 15 0 8
1557131584 381 272 31 18 92 18 85 0 10 2 0 4 5 0 27 24 0 15 0 8
1557238056 381 272 31 19 92 18 85 0 10 2 0 4 5 0 27 24 0 15 0 8
1557239747 381 272 31 19 92 18 85 0 10 2 0 5 5 0 27 24 0 15 0 8
1557252996 381 272 31 19 92 19 85 0 10 2 0 5 5 0 27 24 0 15 0 8
1557254152 381 272 31 19 92 20 85 0 10 2 0 5 5 0 27 24 0 15 0 8
1557257367 381 272 31 19 92 21 85 0 10 2 0 5 5 0 27 24 0 15 0 8
1557260805 381 272 31 19 92 22 85 0 10 2 0 5 5 0 27 24 0 15 0 8
1557324251 381 272 31 20 92 22 85 0 10 2 0 5 5 0 27 24 0 15 0 8
1557328877 381 272 31 20 92 23 85 0 10 2 0 5 5 0 27 24 0 15 0 8
1557423928 381 272 31 20 92 24 85 0 10 2 0 5 5 0 27 24 0 15 0 8
1557431154 381 272 31 20 92 25 85 0 10 2 0 5 5 0 27 24 0 15 0 8
1557434099 381 272 31 20 92 26 85 0 10 2 0 5 5 0 27 24 0 15 0 8
1557434768 381 272 31 20 92 27 85 0 10 2 0 5 5 0 27 24 0 15 0 8
1557447016 381 272 32 20 92 27 85 0 10 2 0 5 5 0 27 24 0 15 0 8
1557513805 381 272 32 20 92 27 85 0 10 2 2 6 5 0 27 24 0 15 0 8
1557765968 381 272 32 20 92 27 85 0 10 2 2 7 5 0 27 24 0 15 0 8
1557767266 381 272 32 20 92 28 85 0 10 2 2 7 5 0 27 24 0 15 0 8
1557771813 381 272 33 20 92 29 85 0 10 2 2 7 5 0 27 24 0 15 0 8
1557775590 381 272 33 20 92 29 85 0 10 2 2 8 5 0 27 24 0 15 0 8
1557931911 381 272 33 20 92 29 85 0 10 2 2 8 5 0 27 24 0 15 0 8
1558373202 381 272 33 20 92 29 85 0 10 2 2 8 5 0 27 24 0 15 0 8
1558376933 381 272 33 21 92 29 85 0 10 2 2 8 5 0 27 24 0 15 0 8
1558381988 381 272 33 21 92 30 85 0 10 2 2 8 5 0 27 24 0 15 0 8
1558382214 381 272 34 21 92 30 85 0 10 2 2 9 5 0 27 24 0 15 0 8
1558384494 381 272 34 22 92 30 85 0 10 2 2 9 5 0 27 24 0 15 0 8
1558385309 381 272 34 22 92 30 85 0 10 2 2 10 5 0 27 24 0 15 0 8
1558389024 381 272 34 22 92 31 85 0 10 2 2 10 5 0 27 24 0 15 0 8
1558465426 381 272 34 22 92 32 85 0 10 2 2 10 5 0 27 24 0 15 0 8
1558722350 381 272 34 22 92 32 85 0 10 2 2 11 5 0 27 24 0 15 0 8
1559052773 381 272 34 22 92 33 85 0 10 2 2 11 5 0 27 24 0 15 0 8
1559052980 381 272 34 22 92 34 85 0 10 2 2 11 5 0 27 24 0 15 0 8
1559054934 381 272 34 22 92 35 85 0 10 2 2 11 5 0 27 24 0 15 0 8
1559097524 381 272 34 22 92 36 85 0 10 2 2 11 5 0 27 24 0 15 0 8
1559227003 381 272 34 22 92 37 85 0 10 2 2 11 5 0 27 24 0 15 0 8
1559315022 381 272 34 22 92 38 85 0 10 2 2 11 5 0 27 24 0 15 0 8
1559316077 381 272 34 22 92 39 85 0 10 2 2 11 5 0 27 24 0 15 0 8
1559750648 381 272 34 23 92 39 85 0 10 2 2 11 5 0 27 24 0 15 0 8
1559755306 381 272 34 24 92 39 85 0 10 2 2 11 5 0 27 24 0 15 0 8
1559824553 381 272 34 25 92 39 85 0 10 2 2 11 5 0 27 24 0 15 0 8
1559832122 381 272 34 26 92 39 85 0 10 2 2 11 5 0 27 24 0 15 0 8
1559832167 381 272 34 27 92 39 85 0 10 2 2 11 5 0 27 24 0 15 0 8
1559833538 381 272 34 28 92 39 85 0 10 2 2 11 5 0 27 24 0 15 0 8
1559835093 381 272 34 28 92 40 85 0 10 2 2 11 5 0 27 24 0 15 0 8
1559843593 381 272 34 29 92 40 85 0 10 2 2 11 5 0 27 24 0 15 0 8
1559858900 381 272 34 29 92 41 85 0 10 2 2 11 5 0 27 24 0 15 0 8
1559922487 381 272 34 30 92 41 85 0 10 2 2 11 5 0 27 24 0 15 0 8
1560186561 381 272 34 31 92 41 85 0 10 2 2 11 5 0 27 24 0 15 0 8
1560187413 381 272 34 32 92 41 85 0 10 2 2 11 5 0 27 24 0 15 0 8
1560189430 381 272 34 33 92 41 85 0 10 2 2 11 5 0 27 24 0 15 0 8
1560197833 381 272 34 34 92 41 85 0 10 2 2 11 5 0 27 24 0 15 0 8
1560198972 381 272 34 35 92 41 85 0 10 2 2 11 5 0 27 24 0 15 0 8
1560306074 381 272 34 35 92 41 85 0 10 2 3 11 5 0 27 24 0 15 0 8
1560306863 381 272 34 35 92 41 85 0 10 2 4 11 5 0 27 24 0 15 0 8
1560361073 381 272 34 35 92 41 85 0 10 2 4 12 5 0 27 24 0 15 0 8
1560538916 381 272 34 35 92 42 85 0 10 2 4 12 5 0 27 24 0 15 0 8
1560542897 381 272 34 35 92 43 85 0 10 2 4 12 5 0 27 24 0 15 0 8
1560875417 381 272 34 35 92 44 85 0 10 2 4 12 5 0 27 24 0 15 0 8
1560883176 381 272 35 35 92 44 85 0 10 2 4 12 5 0 27 24 0 15 0 8
1560885199 381 272 35 35 92 44 85 0 10 2 4 13 5 0 27 24 0 15 0 8
1561133512 381 272 35 35 92 44 85 0 10 3 4 13 5 0 27 24 0 15 0 8
1562785505 381 272 35 35 92 44 85 0 10 4 4 13 5 0 27 24 0 15 0 8
1562797049 381 272 35 35 92 44 85 0 10 4 4 13 6 0 27 24 0 15 0 8
1562886203 381 272 35 35 92 44 85 0 10 5 4 13 6 0 27 24 0 15 0 8
1562971412 381 272 35 35 92 45 85 0 10 5 4 13 6 0 27 24 0 15 0 8
1563210747 381 272 35 35 92 45 85 0 10 5 4 13 7 0 27 24 0 15 0 8
1563210928 381 272 35 35 92 45 85 0 10 5 4 13 8 0 27 24 0 15 0 8
1563213289 381 272 35 35 92 46 85 0 10 5 4 13 8 0 27 24 0 15 0 8
1563215770 381 272 35 35 92 46 85 0 10 5 4 14 8 0 27 24 0 15 0 8
1563315796 381 272 36 35 92 46 85 0 10 5 4 14 8 0 27 24 0 15 0 8
1563377538 381 272 36 36 92 46 85 0 10 5 4 14 8 0 27 24 0 15 0 8
1563378206 381 272 36 36 92 47 85 0 10 5 4 14 8 0 27 24 0 15 0 8
1563380964 381 272 36 36 92 47 85 0 10 5 4 15 8 0 27 24 0 15 0 8
1563387197 381 272 36 37 92 47 85 0 10 5 4 15 8 0 27 24 0 15 0 8
1563393202 381 272 36 37 92 48 85 0 10 5 4 15 8 0 27 24 0 15 0 8
1563897499 381 272 36 37 92 48 85 0 10 6 4 15 8 0 27 24 0 15 0 8
1563980509 381 272 36 37 92 48 85 0 10 7 4 15 8 0 27 24 0 15 0 8
1563998361 381 272 36 37 92 48 85 0 10 8 4 15 8 0 27 24 0 15 0 8
1564001028 381 272 36 37 92 48 85 0 10 8 4 15 8 0 27 24 1 15 0 8
1564005534 381 272 36 37 92 49 85 0 10 8 4 15 8 0 27 24 1 15 0 8
1564171337 381 272 36 37 92 49 85 0 10 8 4 15 8 0 27 24 2 15 0 8
1564612270 381 272 38 37 92 50 85 0 10 8 4 15 8 0 27 24 2 15 0 8
1564615230 381 272 38 37 92 51 85 0 10 8 4 15 8 0 27 24 2 15 0 8
1565021538 381 272 38 38 92 51 85 0 10 8 4 15 8 0 27 24 2 15 0 8
1565024536 381 272 38 39 92 51 85 0 10 8 4 15 8 0 27 24 2 15 0 8
1565025723 381 272 39 39 92 51 85 0 10 8 4 15 8 0 27 24 2 15 0 8
1565025762 381 272 40 39 92 51 85 0 10 8 4 15 8 0 27 24 2 15 0 8
1565040452 381 272 42 39 92 52 85 0 10 8 4 15 8 0 27 24 2 15 0 8
1565044178 381 272 43 39 92 52 85 0 10 8 4 15 8 0 27 24 2 15 0 8
1565044441 381 272 44 39 92 52 85 0 10 8 4 15 8 0 27 24 2 15 0 8
1565044675 381 272 45 39 92 52 85 0 10 8 4 15 8 0 27 24 2 15 0 8
1565047332 381 272 46 39 92 52 85 0 10 8 4 15 8 0 27 24 2 15 0 8
1565111075 381 272 46 39 92 52 85 0 10 8 4 16 8 0 27 24 2 15 0 8
1565273520 381 272 46 39 92 52 85 0 10 8 4 17 8 0 27 24 2 15 0 8
1565276159 381 272 46 39 92 52 85 0 10 8 4 17 8 0 27 24 3 15 0 8
1565287742 381 272 46 39 92 53 85 0 10 8 4 17 8 0 27 24 3 15 0 8
1565288975 381 272 46 39 92 53 85 0 10 8 4 18 8 0 27 24 3 15 0 8
1565289671 381 272 46 39 92 53 85 0 10 8 4 18 8 0 27 24 4 15 0 8
1565289968 381 272 46 39 92 53 85 0 10 8 4 18 8 0 27 24 5 15 0 8
1565302301 381 272 46 39 92 53 85 0 10 8 4 18 8 0 27 24 5 15 0 8
1565366301 381 272 46 39 92 53 85 0 10 8 4 18 8 0 27 24 6 15 0 8
1565374628 381 272 46 40 92 53 85 0 10 8 4 18 8 0 27 24 6 15 0 8
1565377701 381 272 46 41 92 53 85 0 10 8 4 18 8 0 27 24 6 15 0 8
1565379443 381 272 46 41 92 54 85 0 10 8 4 18 8 0 27 24 6 15 0 8
1565379778 381 272 46 42 92 54 85 0 10 8 4 18 8 0 27 24 6 15 0 8
1565380705 381 272 46 42 92 54 85 0 10 8 4 18 8 0 27 24 6 15 0 8
1565630915 381 272 46 42 92 54 85 0 10 8 4 18 8 0 27 24 6 15 0 8
1565632726 381 272 46 42 92 54 85 0 10 8 4 18 8 0 27 24 7 15 0 8
1565710401 381 272 46 42 92 55 85 0 10 8 4 18 8 0 27 24 7 15 0 8
1565710636 381 272 46 42 92 56 85 0 10 8 4 18 8 0 27 24 7 15 0 8
1565897545 381 272 46 42 92 57 85 0 10 8 4 18 8 0 27 24 7 15 0 8
1565903183 381 272 46 42 92 58 85 0 10 8 4 18 8 0 27 24 7 15 0 8
1565976280 381 272 46 42 92 58 85 0 10 8 4 18 8 0 27 24 8 15 0 8
1565980976 381 272 46 42 92 59 85 0 10 8 4 18 8 0 27 24 8 15 0 8
1565988673 381 272 46 42 92 60 85 0 10 8 4 18 8 0 27 24 8 15 0 8
1565991076 381 272 46 42 92 60 85 0 10 9 4 18 8 0 27 24 8 15 0 8
1566229449 381 272 46 42 92 61 85 0 10 9 4 18 8 0 27 24 8 15 0 8
1566244514 381 272 46 42 92 62 85 0 10 9 4 18 8 0 27 24 8 15 0 8
1566249941 381 272 46 43 92 62 85 0 10 9 4 18 8 0 27 24 8 15 0 8
1566326208 381 272 46 43 92 62 85 0 10 9 4 19 8 0 27 24 8 15 0 8
1566328550 381 272 46 43 92 63 85 0 10 9 4 19 8 0 27 24 8 15 0 8
1566437562 381 272 46 43 92 63 85 0 10 9 5 19 8 0 27 24 8 15 0 8
1566592536 381 272 46 43 92 64 85 0 10 9 5 19 8 0 27 24 8 15 0 8
1566595567 381 272 46 43 92 64 85 0 10 10 5 19 8 0 27 24 8 15 0 8
1566833510 381 272 46 43 92 64 85 0 10 10 5 19 8 0 27 24 9 15 0 8
1566846455 381 272 46 43 92 65 85 0 10 10 5 19 8 0 27 24 9 15 0 8
1566863440 381 272 46 43 92 66 85 0 10 10 5 19 8 0 27 24 9 15 0 8
1566917535 381 272 46 43 92 66 85 0 10 10 5 19 8 0 27 24 10 15 0 8
1566925081 381 272 46 44 92 66 85 0 10 10 5 19 8 0 27 24 10 15 0 8
1566930471 381 272 46 44 92 66 85 0 10 10 5 20 8 0 27 24 10 15 0 8
1567114032 381 272 46 44 92 66 85 0 10 10 5 20 8 0 27 24 10 15 0 8
1567116087 381 272 46 45 92 66 85 0 10 10 5 20 8 0 27 24 10 15 0 8
1567189329 381 272 47 45 92 66 85 0 10 10 5 20 8 0 27 24 10 15 0 8
1567192792 381 272 48 45 92 66 85 0 10 10 5 20 8 0 27 24 10 15 0 8
1567194771 381 272 48 45 92 66 85 0 10 10 5 21 8 0 27 24 10 15 0 8
1567203498 381 272 49 45 92 66 85 0 10 10 5 21 8 0 27 24 10 15 0 8
1567537727 381 272 49 45 92 66 85 0 10 10 5 22 8 0 27 24 10 15 0 8
1567546581 381 272 49 45 92 67 85 0 10 10 5 22 8 0 27 24 10 15 0 8
1567555123 381 272 49 45 92 68 85 0 10 10 5 22 8 0 27 24 10 15 0 8
1567618378 381 272 49 45 92 69 85 0 10 10 5 22 8 0 27 24 10 15 0 8
1567619360 381 272 49 45 92 69 85 0 10 10 5 22 8 0 27 24 10 15 0 8
1567627946 381 272 49 45 92 70 85 0 10 10 5 22 9 0 27 24 10 15 0 8
1567716173 381 272 49 45 92 70 85 0 10 10 5 22 10 0 27 24 10 15 0 8
1567719430 381 272 49 45 92 70 85 0 10 10 5 22 11 0 27 24 10 15 0 8
1567721038 381 272 49 45 92 70 85 0 10 10 5 22 12 0 27 24 10 15 0 8
1567722075 381 272 49 45 92 70 85 0 10 10 5 22 13 0 27 24 10 15 0 8
1567782403 381 272 49 45 92 70 85 0 10 10 5 22 13 0 27 24 11 15 0 8
1567785078 381 272 49 45 92 70 85 0 10 10 5 22 14 0 27 24 11 15 0 8
1567786137 381 272 49 45 92 70 85 0 10 10 5 22 15 0 27 24 11 15 0 8
1567794850 381 272 49 45 92 70 85 0 10 10 5 23 15 0 27 24 11 15 0 8
1567799625 381 272 49 45 92 71 85 0 10 10 5 23 15 0 27 24 11 15 0 8
1567801631 381 272 49 45 92 72 85 0 10 10 5 23 15 0 27 24 11 15 0 8
1567803647 381 272 49 45 92 72 85 0 10 10 5 23 15 0 27 24 12 15 0 8
1568063098 381 272 49 45 92 72 85 0 10 10 5 23 16 0 27 24 12 15 0 8
1568065774 381 272 49 45 92 73 85 0 10 10 5 23 16 0 27 24 12 15 0 8
1568143620 381 272 49 45 92 74 85 0 10 10 5 23 16 0 27 24 12 15 0 8
1568145755 381 272 49 45 92 74 85 0 10 10 5 23 16 0 27 24 12 15 0 8
1568151028 381 272 49 45 92 74 85 0 10 10 5 23 16 0 27 24 13 15 0 8
1568153626 381 272 49 45 92 75 85 0 10 10 5 23 16 0 27 24 13 15 0 8
1568215144 381 272 49 45 92 75 85 0 10 10 5 23 16 0 27 24 14 15 0 8
1568225574 381 272 50 45 92 75 85 0 10 10 5 23 16 0 27 24 14 15 0 8
1568230810 381 272 50 45 92 75 85 0 10 10 5 23 16 0 27 24 15 15 0 8
1568233275 381 272 50 45 92 75 85 0 10 10 5 24 16 0 27 24 15 15 0 8
1568238418 381 272 51 45 92 75 85 0 10 11 5 24 16 0 27 24 15 15 0 8
1568246414 381 272 52 45 92 75 85 0 10 11 5 24 16 0 27 24 15 15 0 8
1568301936 381 272 52 45 92 75 85 0 10 11 5 24 16 0 27 24 16 15 0 8
1568306778 381 272 52 45 92 75 85 0 10 12 5 24 16 0 27 24 16 15 0 8
1568306957 381 272 52 45 92 75 85 0 10 13 5 24 16 0 27 24 16 15 0 8
1568310024 381 272 52 45 92 76 85 0 10 13 5 24 16 0 27 24 16 15 0 8
1568312062 381 272 52 45 92 76 85 0 10 13 5 25 16 0 27 24 16 15 0 8
1568319393 381 272 53 45 92 77 85 0 10 13 5 25 16 0 27 24 16 15 0 8
1568385986 381 272 53 45 92 77 85 0 10 13 5 26 16 0 27 24 16 15 0 8
1568753262 381 272 53 45 92 77 85 0 10 14 5 26 16 0 27 24 16 15 0 8
1568986268 381 272 53 45 92 77 85 0 10 14 5 26 16 0 27 24 16 15 0 8
1568990195 381 272 53 45 92 77 85 0 10 14 5 27 16 0 27 24 16 15 0 8
1569249213 381 272 53 45 92 78 85 0 10 14 5 27 16 0 27 24 16 15 0 8
1569253361 381 272 53 45 92 79 85 0 10 14 5 27 16 0 27 24 16 15 0 8
1569348187 381 272 54 45 92 79 85 0 10 14 5 27 16 0 27 24 16 15 0 8
1569415325 381 272 54 45 92 79 85 0 10 14 5 28 16 0 27 24 16 15 0 8
1569431590 381 272 54 45 92 80 85 0 10 14 5 28 16 0 27 24 16 15 0 8
1569442938 381 272 54 46 92 80 85 0 10 14 5 28 16 0 27 24 16 15 0 8
1569589979 381 272 54 46 92 80 85 0 10 14 5 29 16 0 27 24 16 15 0 8
1569593360 381 272 54 46 92 81 85 0 10 14 5 29 16 0 27 24 16 15 0 8
1569940284 381 272 54 47 92 81 85 0 10 14 5 29 16 0 27 24 16 15 0 8
1569941754 381 272 54 47 92 82 85 0 10 14 5 29 16 0 27 24 16 15 0 8
1570039464 381 272 54 47 92 83 85 0 10 14 5 29 16 0 27 24 16 15 0 8
1570041190 381 272 54 47 92 84 85 0 10 14 5 29 16 0 27 24 16 15 0 8
1570646583 381 272 54 47 92 85 85 0 10 14 5 29 16 0 27 24 16 15 0 8
1570649166 381 272 54 47 92 86 85 0 10 14 5 29 16 0 27 24 16 15 0 8
1570656674 381 272 54 47 92 87 85 0 10 14 5 29 16 0 27 24 16 15 0 8
1570658880 381 272 54 47 92 88 85 0 10 14 5 29 16 0 27 24 16 15 0 8
1570721003 381 272 54 47 92 88 85 0 10 15 5 29 16 0 27 24 16 15 0 8
1570831064 381 272 54 47 92 89 85 0 10 15 5 29 16 0 27 24 16 15 0 8
1571115907 381 272 54 47 92 89 85 0 10 15 5 29 17 0 27 24 16 15 0 8
1571165900 381 272 54 48 92 89 85 0 10 15 5 29 17 0 27 24 16 15 0 8
1571330963 381 272 54 48 92 90 85 0 10 15 5 29 17 0 27 24 16 15 0 8
1571341109 381 272 54 49 92 90 85 0 10 15 5 29 17 0 27 24 16 15 0 8
1571748658 381 272 54 49 92 90 85 0 10 15 5 30 17 0 27 24 16 15 0 8
1572429067 381 272 54 49 92 90 85 0 10 15 5 30 17 0 27 24 16 15 0 8
1572449853 381 272 56 49 92 90 85 0 10 15 5 31 17 0 27 24 16 15 0 8
1572450450 381 272 56 49 92 90 85 0 10 16 5 31 17 0 27 24 16 15 0 8
1572450819 381 272 57 49 92 90 85 0 10 16 5 31 17 0 27 24 16 15 0 8
1572459468 381 272 57 49 92 90 85 0 10 16 5 32 17 0 27 24 16 15 0 8
1572534279 381 272 57 49 92 90 85 0 10 16 5 33 17 0 27 24 16 15 0 8
1572535791 381 272 57 49 92 90 85 0 10 17 5 33 17 0 27 24 16 15 0 8
1572537245 381 272 57 49 92 90 85 0 11 17 5 33 17 0 27 24 16 15 0 8
1572621598 381 272 57 49 92 90 85 0 11 17 5 33 18 0 27 24 16 15 0 8
1572624584 381 272 57 49 92 90 85 0 11 17 5 34 18 0 27 24 16 15 0 8
1572899045 381 272 57 49 92 90 85 0 12 17 5 34 18 0 27 24 16 15 0 8
1572980608 381 272 57 49 92 90 85 0 12 17 5 34 18 0 27 24 17 15 0 8
1572988003 381 272 57 49 92 90 85 0 13 17 5 34 32 0 27 24 17 15 0 8
1573000258 381 272 57 49 92 90 85 0 13 17 5 34 33 0 27 24 17 15 0 8
1573059699 381 272 57 49 92 90 85 0 13 17 5 34 34 0 27 24 17 15 0 8
1573059882 381 272 57 49 92 90 85 0 13 17 5 34 35 0 27 24 17 15 0 8
1573150275 381 272 57 49 92 90 85 0 13 17 5 35 35 0 27 24 17 15 0 8
1573776010 381 272 57 49 92 90 85 0 14 17 5 35 35 0 27 24 17 15 0 8
1573846837 381 272 57 50 92 90 85 0 14 17 5 35 35 0 27 24 17 15 0 8
1573853844 381 272 57 50 92 90 85 0 15 17 5 35 35 0 27 24 17 15 0 8
1574115917 381 272 57 50 92 90 85 0 16 17 5 35 35 0 27 24 17 15 0 8
1574206168 381 272 57 50 92 90 85 0 17 17 5 35 35 0 27 24 17 15 0 8
1576719289 381 272 57 50 92 90 85 0 17 18 5 35 35 0 27 24 17 15 0 8
1577483810 381 272 57 50 92 90 85 0 17 19 5 35 35 0 27 24 17 15 0 8
1577724554 381 272 57 51 92 90 85 0 17 19 5 35 35 0 27 24 17 15 0 8
1578527633 381 272 58 51 92 90 85 0 17 19 5 35 35 0 27 24 17 15 0 8
1578586511 381 272 58 51 92 90 85 0 17 19 5 36 35 0 27 24 17 15 0 8
1579360771 381 272 58 51 92 90 85 0 17 19 5 36 35 0 27 24 17 15 0 8
1580143021 381 272 58 52 92 90 85 0 17 19 5 36 35 0 27 24 17 15 0 8
1580950112 381 272 58 52 92 90 85 0 17 20 5 36 35 0 27 24 17 15 0 8
1581368965 381 272 58 52 92 90 85 1 17 20 5 36 35 0 27 24 17 15 0 8
1581467224 381 272 58 52 92 90 85 1 17 20 5 36 35 0 27 24 17 15 0 8
1581535252 381 272 58 53 92 90 85 1 17 20 5 36 35 0 27 24 17 15 0 8
1581536108 381 272 58 54 92 90 85 1 17 20 5 36 35 0 27 24 17 15 0 8
1581630686 381 272 58 55 92 90 85 1 17 20 5 36 35 0 27 24 17 15 0 8
1581634275 381 272 58 56 92 90 85 1 17 20 5 36 35 0 27 24 17 15 0 8
1581693429 381 272 58 57 92 90 85 1 17 20 5 36 35 0 27 24 17 15 0 8
1582581337 381 272 58 57 92 90 85 2 17 20 5 36 35 0 27 24 17 15 0 8
1582581922 381 272 58 57 92 90 85 2 17 20 5 36 35 1 27 24 17 15 0 8
1582587905 381 272 58 57 92 90 85 2 17 20 5 36 35 2 27 24 17 15 0 8
1582592063 381 272 58 57 92 90 85 2 17 20 5 36 35 3 27 24 17 15 0 8
1582818111 381 272 58 57 92 90 85 3 17 20 5 36 35 3 27 24 17 15 0 8
1582926208 381 272 58 57 92 90 85 3 17 21 5 36 35 3 27 24 17 15 0 8
1583851880 381 272 58 58 92 90 85 3 17 21 5 36 35 3 27 24 17 15 0 8
1584400246 381 272 58 58 92 90 85 4 17 21 5 36 35 3 27 24 17 15 0 8
1585159166 381 272 58 58 92 90 85 5 17 21 5 36 35 3 27 24 17 15 0 8
1585618653 381 272 58 58 92 90 85 6 17 21 5 36 35 3 27 24 17 15 0 8
1585673334 381 272 58 58 92 90 85 7 17 21 5 36 35 3 27 24 17 15 0 8
1585779410 381 272 58 58 92 90 85 8 17 21 5 36 35 3 27 24 17 15 0 8
1585847161 381 272 58 58 92 90 85 9 17 21 5 36 35 3 27 24 17 15 0 8
1585937633 381 272 58 58 92 90 85 10 17 21 5 36 35 3 27 24 17 15 0 8
1585938383 381 272 58 58 92 90 85 11 17 21 5 36 35 3 27 24 17 15 0 8
1587042106 381 272 58 58 92 90 85 11 17 22 5 36 35 3 27 24 17 15 0 8
1587565286 381 272 58 58 92 90 85 11 17 22 5 36 35 3 27 24 17 15 0 8
1587614504 381 272 58 58 92 90 85 11 17 22 5 36 35 3 27 24 17 15 0 8
1588177369 381 272 58 58 92 90 85 11 17 22 5 36 35 3 27 24 17 15 0 8
1588376746 381 272 58 58 92 90 85 11 17 23 5 36 35 3 27 24 17 15 0 8
1588615745 381 272 58 58 92 90 85 11 18 23 5 36 35 3 27 24 17 15 0 8
1588736602 381 272 58 58 92 90 85 11 18 24 5 36 35 3 27 24 17 15 0 8
1588877003 381 272 58 58 92 90 85 11 19 24 5 36 35 3 27 24 17 15 0 8
1588880754 381 272 58 58 92 90 85 11 19 25 5 36 35 3 27 24 17 15 0 8
1589211248 381 272 58 59 92 90 85 11 19 25 5 36 35 3 27 24 17 15 0 8
1590514246 381 272 58 59 92 90 85 11 20 25 5 36 35 3 27 24 17 15 0 8
1590529670 381 272 58 59 92 90 85 11 20 26 5 36 35 3 27 24 17 15 0 8
1590530194 381 272 58 59 92 90 85 11 20 27 5 36 35 3 27 24 17 15 0 8
1590706445 381 272 58 59 92 90 85 11 21 27 5 36 35 3 27 24 17 15 0 8
1590707125 381 272 58 59 92 90 85 11 21 28 5 36 35 3 27 24 17 15 0 8
1590709006 381 272 58 59 92 90 85 12 21 28 5 36 35 3 27 24 17 15 0 8
1590715432 381 272 58 59 92 90 85 12 21 29 5 36 35 3 27 24 17 15 0 8
1591058299 381 272 58 59 92 90 85 13 21 29 5 36 35 3 27 24 17 15 0 8
1591062566 381 272 58 59 92 90 85 13 21 30 5 36 35 3 27 24 17 15 0 8
1591124446 381 272 58 59 92 90 85 13 22 30 5 36 35 3 27 24 17 15 0 8
1591125251 381 272 58 60 92 90 85 13 22 30 5 36 35 3 27 24 17 15 0 8
1591125490 381 272 58 60 92 90 85 13 23 30 5 36 35 3 27 24 17 15 0 8
1591126519 381 272 58 61 92 90 85 13 23 30 5 36 35 3 27 24 17 15 0 8
1591137141 381 272 58 61 92 90 85 13 24 30 5 36 35 3 27 24 17 15 0 8
1591139631 381 272 58 61 92 90 85 13 25 30 5 36 35 3 27 24 17 15 0 8
1591142694 381 272 58 61 92 90 85 14 25 30 5 36 35 3 27 24 17 15 0 8
1591204133 381 272 58 61 92 90 85 14 26 30 5 36 35 3 27 24 17 15 0 8
1591213905 381 272 58 61 92 90 85 15 26 30 5 36 35 3 27 24 17 15 0 8
1591218162 381 272 58 61 92 90 85 15 27 30 5 36 35 3 27 24 17 15 0 8
1591291267 381 272 58 61 92 90 85 15 28 30 5 36 35 3 27 24 17 15 0 8
1591301516 381 272 58 61 92 90 85 16 28 30 5 36 35 3 27 24 17 15 0 8
1591372492 381 272 58 61 92 90 85 17 28 30 5 36 35 3 27 24 17 15 0 8
1591372608 381 272 58 61 92 90 85 17 29 30 5 36 35 3 27 24 17 15 0 8
1591636557 381 272 58 61 92 90 85 18 29 30 5 36 35 3 27 24 17 15 0 8
1591656216 381 272 58 61 92 90 85 19 29 30 5 36 35 3 27 24 17 15 0 8
1591657987 381 272 58 61 92 90 85 20 29 30 5 36 35 3 27 24 17 15 0 8
1591720196 381 272 58 61 92 90 85 20 29 30 5 37 35 3 27 24 17 15 0 8
1591730261 381 272 58 62 92 90 85 20 29 30 5 37 35 3 27 24 17 15 0 8
1591742392 381 272 58 62 92 90 85 20 30 30 5 37 35 3 27 24 17 15 0 8
1592235199 381 272 58 62 92 90 85 20 30 30 5 37 35 4 27 24 17 15 0 8
1592324520 381 272 58 62 92 90 85 20 30 30 5 37 35 5 27 24 17 15 0 8
1592329338 381 272 58 62 92 90 85 20 30 30 5 37 35 6 27 24 17 15 0 8
1592330287 381 272 58 62 92 90 85 20 30 30 5 37 35 7 27 24 17 15 0 8
1592344599 381 272 58 62 92 90 85 20 30 30 5 37 35 8 27 24 17 15 0 8
1592411899 381 272 58 62 92 90 85 20 30 30 5 37 35 9 27 24 17 15 0 8
1592412420 381 272 58 62 92 90 85 20 30 30 5 37 35 10 27 24 17 15 0 8
1592413242 381 272 58 62 92 90 85 20 30 30 5 37 35 11 27 24 17 15 0 8
1592414020 381 272 58 63 92 90 85 20 30 30 5 37 35 11 27 24 17 15 0 8
1592940253 381 272 58 63 92 90 85 20 30 31 5 37 35 11 27 24 17 15 0 8
1594157353 381 272 58 64 92 90 85 20 30 31 5 37 35 11 27 24 17 15 0 8
1594158024 381 272 58 65 92 90 85 20 30 31 5 37 35 11 27 24 17 15 0 8
1594158195 381 272 58 65 92 90 85 20 30 31 5 37 35 11 27 24 17 15 0 8
1594248078 381 272 58 65 92 90 85 20 30 31 5 37 35 11 27 24 17 15 0 8
1594308455 381 272 58 65 92 90 85 20 30 31 5 37 35 11 27 24 17 15 0 8
1594312657 381 272 58 66 92 90 85 20 30 31 5 37 35 11 27 24 17 15 0 8
1594732972 381 272 58 66 92 90 85 20 30 32 5 37 35 11 27 24 17 15 0 8
1594747830 381 272 58 66 92 90 85 21 30 32 5 37 35 11 27 24 17 15 0 8
1594833884 381 272 58 66 92 90 85 22 30 32 5 37 35 11 27 24 17 15 0 8
1594910605 381 272 58 66 92 90 85 23 30 32 5 37 35 11 27 24 17 15 0 8
1594926533 381 272 58 66 92 90 85 23 31 32 5 37 35 11 27 24 17 15 0 8
1594964654 381 272 58 66 92 90 85 24 31 32 5 37 35 11 27 24 17 15 0 8
1595010461 381 272 58 67 92 90 85 24 31 32 5 37 35 11 27 24 17 15 0 8
1595020796 381 272 58 68 92 90 85 24 31 32 5 37 35 11 27 24 17 15 0 8
1595261710 381 272 58 69 92 90 85 24 31 32 5 37 35 11 27 24 17 15 0 8
1595269973 381 272 58 70 92 90 85 24 31 32 5 37 35 11 27 24 17 15 0 8
1595434281 381 272 58 70 92 90 85 24 32 32 5 37 35 11 27 24 17 15 0 8
1595874999 381 272 58 70 92 90 85 24 32 32 5 37 35 11 27 24 17 15 0 8
1596587929 381 272 58 70 92 90 85 24 32 33 5 37 35 11 27 24 17 15 0 8
1596830068 381 272 59 70 92 90 85 24 32 33 5 37 35 11 27 24 17 15 0 8
1596832518 381 272 59 70 92 90 85 24 32 33 6 37 35 11 27 24 17 15 0 8
1596832794 381 272 60 70 92 90 85 24 32 33 6 37 35 11 27 24 17 15 0 8
1596832820 381 272 61 70 92 90 85 24 32 33 6 37 35 11 27 24 17 15 0 8
1596832838 381 272 62 70 92 90 85 24 32 33 6 37 35 11 27 24 17 15 0 8
1596832925 381 272 62 70 92 90 85 24 32 33 6 37 35 11 27 24 17 15 0 8
1596832941 381 272 63 70 92 90 85 24 32 33 6 37 35 11 27 24 17 15 0 8
1596832958 381 272 64 70 92 90 85 24 32 33 6 37 35 11 27 24 17 15 0 8
1596833146 381 272 64 70 92 90 85 24 32 33 6 37 35 11 27 24 17 15 0 8
1596838516 381 272 64 70 92 90 85 24 32 33 7 37 35 11 27 24 17 15 0 8
1596840169 381 272 65 70 92 90 85 24 32 33 7 37 35 11 27 24 17 15 0 8
1597086079 381 272 65 70 92 90 85 24 32 33 8 37 35 11 27 24 17 15 0 8
1597095405 381 272 65 71 92 90 85 24 32 33 8 37 35 11 27 24 17 15 0 8
1597099269 381 272 66 71 92 90 85 24 32 33 8 37 35 11 27 24 17 15 0 8
1597100792 381 272 67 71 92 90 85 24 32 33 8 37 35 11 27 24 17 15 0 8
1597101262 381 272 67 71 92 90 85 24 32 33 8 37 35 11 27 24 17 15 0 8
1597103065 381 272 68 71 92 90 85 24 32 33 8 37 35 11 27 24 17 15 0 8
1597108998 381 272 68 71 92 90 85 24 32 33 8 37 35 11 27 24 17 15 0 8
1597109534 381 272 69 71 92 90 85 24 32 33 8 37 35 11 27 24 17 15 0 8
1597109589 381 272 70 71 92 90 85 24 32 33 8 37 35 11 27 24 17 15 0 8
1597117105 381 272 70 71 92 90 85 24 32 33 8 37 35 11 27 24 17 15 0 8
1597188639 381 272 71 71 92 90 85 24 32 33 8 37 35 11 27 24 17 15 0 8
1597339025 381 272 71 71 92 90 85 24 32 34 8 37 35 11 27 24 17 15 0 8
1597340839 381 272 72 71 92 90 85 24 32 34 8 37 35 11 27 24 17 15 0 8
1597340847 381 272 73 71 92 90 85 24 32 34 8 37 35 11 27 24 17 15 0 8
1597454772 381 272 73 71 92 90 85 25 32 34 8 37 35 11 27 24 17 15 0 8
1597773424 381 272 73 71 92 90 85 25 32 34 9 37 35 11 27 24 17 15 0 8
1597794442 381 272 73 71 92 90 85 25 32 34 10 37 35 11 27 24 17 15 0 8
1597951416 381 272 73 71 92 90 85 25 32 34 10 37 35 11 27 24 17 15 1 8
1598373222 381 272 73 71 92 90 85 25 32 34 11 37 35 11 27 24 17 15 1 8
1598544636 381 272 73 71 92 90 85 25 32 34 11 37 35 11 27 24 17 15 1 8
1598569686 381 272 73 71 92 90 85 25 32 34 12 37 35 11 27 24 17 15 1 8
1598595326 381 272 73 71 92 90 85 25 32 34 13 37 35 11 27 24 17 15 1 8
1598894088 381 272 73 71 92 90 85 25 32 34 13 37 35 11 27 24 17 15 1 8
1599065789 381 272 73 72 92 90 85 25 32 34 13 37 35 11 27 24 17 15 1 8
1599078885 381 272 73 72 92 90 85 25 32 34 13 37 35 11 27 24 17 15 1 8
1599086191 381 272 74 72 92 90 85 25 32 34 13 37 35 11 27 24 17 15 1 8
1599086680 381 272 75 72 92 90 85 25 32 34 13 37 35 11 27 24 17 15 1 8
1599087611 381 272 76 72 92 90 85 25 32 34 13 37 35 11 27 24 17 15 1 8
1599094106 381 272 77 72 92 90 85 25 32 34 13 37 35 11 27 24 17 15 1 8
1599094175 381 272 78 72 92 90 85 25 32 34 13 37 35 11 27 24 17 15 1 8
1599095946 381 272 79 72 92 90 85 25 32 34 13 37 35 11 27 24 17 15 1 8
1599095968 381 272 79 72 92 90 85 25 32 34 14 37 35 11 27 24 17 15 1 8
1599252834 381 272 79 72 92 90 85 25 32 34 15 37 35 11 27 24 17 15 1 8
1599579887 381 272 80 72 92 90 85 26 32 34 15 37 35 11 27 24 17 15 1 8
1599838929 381 272 81 72 92 90 85 26 32 34 15 37 35 11 27 24 17 15 1 8
1599852431 381 272 81 74 92 90 85 27 32 34 16 37 35 11 27 24 17 15 1 8
1600110316 381 272 82 74 92 90 85 27 32 34 17 37 35 11 27 24 17 15 1 8
1600287681 381 272 82 74 92 90 85 27 32 34 17 37 35 12 27 24 17 15 1 8
1600293459 381 272 82 74 92 90 85 27 32 34 17 37 35 13 27 24 17 15 1 8
1600725450 381 272 83 74 92 90 85 27 32 34 17 37 35 13 27 24 17 15 1 8
1600726014 381 272 84 74 92 90 85 28 32 34 17 37 35 13 27 24 17 15 1 8
1600737221 381 272 84 74 92 90 85 28 32 34 18 37 35 13 27 24 17 15 1 8
1600988050 381 272 86 74 92 90 85 28 33 34 18 37 35 13 27 24 17 15 1 8
1601317865 381 272 86 75 92 90 85 28 33 34 18 37 35 13 27 24 17 15 1 8
1601326432 381 272 87 75 92 90 85 28 33 34 18 37 35 13 27 24 17 15 1 8
1601933033 381 272 89 75 92 90 85 28 34 34 18 37 35 13 27 24 17 15 1 8
1601933321 381 272 94 75 92 90 85 29 34 34 18 37 35 13 27 24 17 15 1 8
1601936927 381 272 94 75 92 90 85 30 34 34 19 37 35 13 27 24 17 15 1 8
1602260035 381 272 94 75 92 90 85 30 34 34 19 37 35 13 27 24 17 15 1 8
1602519955 381 272 94 75 92 90 85 31 34 34 19 37 35 13 27 24 17 15 1 8
1602526997 381 272 94 75 92 90 85 37 35 34 19 37 35 13 27 24 17 15 1 8
1602551352 381 272 94 75 92 90 85 37 35 34 19 37 35 13 27 24 17 15 1 8
1602632230 381 272 94 75 92 90 85 39 36 34 19 37 35 13 27 24 17 15 1 8
1603128431 381 272 95 78 92 90 85 40 38 35 20 37 35 13 27 24 17 15 1 8
1603211148 381 272 95 79 92 90 85 40 38 35 20 37 35 13 27 24 17 15 1 8
1603313130 381 272 96 79 92 90 85 40 38 35 20 37 35 13 27 24 17 15 1 8
1603319588 381 272 97 79 92 90 85 40 38 35 20 37 35 13 27 24 17 15 1 8
1603372438 381 272 97 79 92 90 85 40 38 35 20 37 35 13 27 24 17 15 1 8
1603472316 381 272 97 79 92 90 85 40 38 35 20 37 35 13 27 24 17 15 1 8
1603791341 381 272 97 79 92 90 85 40 38 35 20 37 35 13 27 24 17 15 2 8
1604064815 381 272 97 79 92 90 85 40 38 35 21 37 35 13 27 24 17 15 2 8
1604085475 381 272 97 79 92 90 85 40 38 35 21 37 35 13 27 24 17 15 2 8
1604346847 381 272 98 79 92 90 85 40 38 35 21 37 35 13 27 24 17 15 2 8
1604371880 381 272 98 79 92 90 85 40 38 35 21 37 35 13 27 24 17 15 2 8
1604505940 381 272 99 79 92 90 85 40 38 35 21 37 35 13 27 24 17 15 2 8
1604506528 381 272 99 79 92 90 85 40 38 35 22 37 35 13 27 24 17 15 2 8
1604515667 381 272 100 79 92 90 85 40 38 35 22 37 35 13 27 24 17 15 2 8
1604523776 381 272 101 79 92 90 85 40 38 35 22 37 35 13 27 24 17 15 2 8
1604524338 381 272 101 79 92 90 85 40 38 35 23 37 35 13 27 24 17 15 2 8
1604524732 381 272 102 79 92 90 85 40 38 35 23 37 35 13 27 24 17 15 2 8
1604525331 381 272 103 79 92 90 85 40 38 35 23 37 35 13 27 24 17 15 2 8
1604534297 381 272 104 79 92 90 85 40 38 35 23 37 35 13 27 24 17 15 2 8
1604538526 381 272 104 79 92 90 85 40 38 35 24 37 35 13 27 24 17 15 2 8
1604970757 381 272 105 79 92 90 85 40 38 35 24 37 35 13 27 24 17 15 2 8
1604971051 381 272 106 79 92 90 85 40 38 35 24 37 35 13 27 24 17 15 2 8
1605121983 381 272 106 79 92 90 85 40 38 35 24 37 35 13 27 24 17 15 2 8
1605297128 381 272 107 79 92 90 85 40 38 35 24 37 35 13 27 24 17 15 2 8
1605474716 381 272 107 79 92 90 85 40 38 35 24 37 35 13 27 24 17 15 2 8
1605707837 381 272 107 79 92 90 85 40 38 35 24 37 35 13 27 24 17 15 2 8
1605718771 381 272 107 79 92 90 85 41 38 35 24 37 35 13 27 24 17 15 2 8
1605724145 381 272 107 79 92 90 85 41 38 36 24 37 35 13 27 24 17 15 2 8
1606173542 381 272 108 79 92 90 85 41 38 36 24 37 35 13 27 24 17 15 2 8
1606225735 381 272 108 79 92 90 85 41 38 36 24 37 35 13 27 24 17 15 2 8
1606322172 381 272 108 80 92 90 85 41 38 36 24 37 35 13 27 24 17 15 2 8
1606859641 381 272 109 82 92 90 85 41 38 36 24 37 35 15 27 24 17 15 2 8
1606861639 381 272 110 83 92 90 85 41 38 36 24 37 35 15 27 24 17 15 2 8
1606871227 381 272 111 83 92 90 85 41 38 36 24 37 35 15 27 24 17 15 2 8
1606873583 381 272 112 83 92 90 85 41 38 36 24 37 35 15 27 24 17 15 2 8
1607020317 381 272 112 83 92 90 85 41 38 36 24 37 35 15 27 24 17 15 2 8
1607973868 381 272 112 83 92 90 85 41 38 36 24 37 35 15 27 24 17 15 2 8
1608244590 381 272 113 83 92 90 85 41 38 36 24 37 35 15 27 24 17 15 2 8
1608314704 381 272 113 83 92 90 85 41 38 36 24 37 35 15 27 24 17 15 2 8
1608326128 381 272 113 83 92 90 85 41 38 36 25 37 35 15 27 24 17 15 2 8
1609876621 381 272 114 83 92 90 85 41 38 36 25 37 35 15 27 24 17 15 2 8
1609894883 381 272 115 83 92 90 85 41 38 36 25 37 35 15 27 24 17 15 2 8
1609978801 381 272 115 83 92 90 85 41 38 37 26 37 35 15 27 24 17 15 2 8
1609980373 381 272 115 83 92 90 85 41 38 37 26 37 35 15 27 24 17 15 2 8
1609980388 381 272 117 85 92 90 85 42 38 38 26 37 35 15 27 24 17 15 2 8
1609982201 381 272 118 85 92 90 85 42 38 39 26 37 35 15 27 24 17 15 2 8
1609985070 381 272 119 85 92 90 85 42 38 39 26 37 35 15 27 24 17 15 2 8
1609985180 381 272 120 85 92 90 85 42 38 39 26 37 35 15 27 24 17 15 2 8
1610027379 381 272 120 85 92 90 85 42 38 39 27 37 35 15 27 24 17 15 2 8
1610133062 381 272 121 85 92 90 85 42 38 39 27 37 35 15 27 24 17 15 2 8
1610570693 381 272 121 85 92 90 85 42 38 39 27 37 35 15 27 24 17 15 3 8
1610574092 381 272 121 85 92 90 85 42 38 39 27 37 35 15 27 24 17 15 4 8
1610631283 381 272 121 85 92 90 85 42 38 39 27 37 35 15 27 24 17 15 4 8
1610631418 381 272 121 85 92 90 85 42 38 39 27 37 35 15 27 24 17 15 4 8
1611586292 381 272 121 85 92 90 85 42 38 39 27 37 35 15 27 24 17 15 4 8
1611598463 381 272 121 85 92 90 85 42 38 39 27 37 35 15 27 24 17 15 5 8
1611620907 381 272 122 85 92 90 85 42 39 39 27 37 35 15 27 24 17 15 5 8
1611684723 381 272 123 85 92 90 85 43 39 39 27 37 35 15 27 24 17 15 5 8
1611684844 381 272 124 85 92 90 85 44 39 39 27 37 35 15 27 24 17 15 5 8
1611686312 381 272 125 86 92 90 85 45 39 39 27 37 35 15 27 24 17 15 5 8
1611688942 381 272 126 86 92 90 85 46 39 39 27 37 35 15 27 24 17 15 5 8
1611693200 381 272 127 86 92 90 85 46 39 39 27 37 35 16 27 24 17 15 5 8
1611694394 381 272 128 86 92 90 85 48 39 39 27 37 35 17 27 24 17 15 5 8
1611858187 381 272 129 86 92 90 85 48 39 39 27 37 35 17 27 24 17 15 5 8
1611865087 381 272 130 86 92 90 85 48 39 39 27 37 35 17 27 24 17 15 5 8
1611947455 381 272 131 86 92 90 85 48 39 39 27 37 35 17 27 24 17 15 5 8
1612195764 381 272 131 87 92 90 85 48 39 39 27 37 35 17 27 24 17 15 5 8
1612231889 381 272 131 87 92 90 85 48 39 39 28 37 35 17 27 24 17 15 5 8
1612286013 381 272 131 87 92 90 85 48 39 39 28 37 35 18 27 24 17 15 5 8
1612288273 381 272 131 88 92 90 85 48 39 39 28 37 35 18 27 24 17 15 5 8
1612290156 381 272 131 88 92 90 85 48 39 39 28 37 35 19 27 24 17 15 5 8
1612314322 381 272 131 88 92 90 85 48 39 39 29 37 35 19 27 24 17 15 5 8
1612371383 381 272 131 89 92 90 85 48 39 39 29 37 35 19 27 24 17 15 5 8
1612378276 381 272 132 89 92 90 85 48 39 39 29 37 35 19 27 24 17 15 5 8
1612402006 381 272 132 89 92 90 85 48 39 39 29 37 35 20 27 24 17 15 5 8
1612462259 381 272 132 90 92 90 85 48 39 39 29 37 35 21 27 24 17 15 5 8
1612463808 381 272 132 91 92 90 85 48 39 39 29 37 35 21 27 24 17 15 5 8
1612465072 381 272 132 92 92 90 85 48 39 39 29 37 35 21 27 24 17 15 5 8
1612805410 381 272 132 92 92 90 85 49 39 39 29 37 35 21 27 24 17 15 5 8
1612812268 381 272 133 92 92 90 85 49 39 39 29 37 35 21 27 24 17 15 5 8
1612826543 381 272 133 93 92 90 85 49 39 39 29 37 35 21 27 24 17 15 5 8
1612888207 381 272 134 93 92 90 85 49 39 39 29 37 35 22 27 24 17 15 5 8
1612891230 381 272 134 93 92 90 85 50 39 39 29 37 35 22 27 24 17 15 5 8
1612894239 381 272 135 93 92 90 85 50 39 39 29 37 35 22 27 24 17 15 5 8
1612894913 381 272 136 94 92 90 85 50 39 39 29 37 35 22 27 24 17 15 5 8
1612898243 381 272 136 94 92 90 85 50 39 39 29 37 35 23 27 24 17 15 5 8
1613063089 381 272 137 94 92 90 85 50 39 39 29 37 35 23 27 24 17 15 5 8
1613484657 381 272 137 94 92 90 85 50 39 39 30 37 35 23 27 24 17 15 5 8
1613775999 381 272 138 94 92 90 85 50 39 39 30 37 35 24 27 24 17 15 5 8
1614045045 381 272 139 94 92 90 85 50 39 39 30 37 35 25 27 24 17 15 5 8
1614088199 381 272 139 94 92 90 85 50 39 39 30 37 35 25 27 24 17 15 6 8
1614175498 381 272 139 94 92 90 85 50 39 39 30 37 35 25 27 24 17 15 6 8
1614420547 381 272 139 94 92 90 85 50 39 39 30 37 35 25 27 24 17 15 6 8
1614800079 381 272 139 94 92 90 85 50 39 39 30 37 35 25 27 24 17 15 7 8
1614864250 381 272 139 95 92 90 85 50 39 39 30 37 35 25 27 24 17 15 7 8
1614921053 381 272 139 95 92 90 85 50 39 39 31 37 35 26 27 24 17 15 7 8
1615316733 381 272 139 95 92 90 85 50 40 41 31 37 35 26 27 24 17 15 7 8
1615365858 381 272 139 95 92 90 85 50 40 41 31 37 35 27 27 24 17 15 7 8
1615517433 381 272 139 95 92 90 85 50 40 41 31 37 35 28 27 24 17 15 7 8
1615584804 381 272 140 95 92 90 85 50 40 41 31 37 35 28 27 24 17 15 7 8
1615585516 381 272 141 95 92 90 85 50 40 41 31 37 35 28 27 24 17 15 7 8
1615823407 381 272 141 95 92 90 85 50 40 41 32 37 35 28 27 24 17 15 7 8
1616094630 381 272 141 95 92 90 85 50 40 41 32 37 35 28 27 24 17 15 8 8
1617044933 381 272 141 95 92 90 85 50 40 41 32 37 35 28 27 24 17 15 8 8
1617296050 381 272 142 95 92 90 85 50 40 41 32 37 35 28 27 24 17 15 8 8
1617303513 381 272 143 95 92 90 85 50 40 41 32 37 35 28 27 24 17 15 8 8
1617394244 381 272 143 97 92 90 85 50 40 41 32 37 35 28 27 24 17 15 9 8
1617753376 381 272 144 97 92 90 85 50 41 41 32 37 35 28 27 24 17 15 9 8
1617755433 381 272 145 98 92 90 85 50 41 42 32 37 35 28 27 24 18 15 9 8
1617756497 381 272 146 98 92 90 85 50 41 42 32 37 35 28 27 24 18 15 9 8
1617759554 381 272 147 98 92 90 85 50 41 42 32 37 35 28 27 24 18 15 9 8
1617849589 381 272 147 99 92 90 85 50 41 42 32 37 35 28 27 24 18 15 9 8
1617899689 381 272 148 99 92 90 85 50 41 42 32 37 35 28 27 24 18 15 9 8
1617901100 381 272 149 99 92 90 85 50 41 42 32 37 35 28 27 24 18 15 9 8
1618294800 381 272 149 99 92 90 85 50 41 42 33 37 35 28 27 24 18 15 9 8
1618853737 381 272 150 99 92 90 85 50 41 42 33 37 35 28 27 24 18 15 9 8
1619803417 381 272 150 99 92 90 85 50 41 42 33 37 35 28 27 24 18 15 9 8
1619810121 381 272 150 99 92 90 85 50 41 42 33 37 35 28 27 24 18 15 9 8
1619826342 381 272 150 99 92 90 85 50 41 42 33 37 35 28 27 24 18 15 9 8
1620039371 381 272 150 99 92 90 85 50 41 42 33 37 35 28 27 24 18 15 9 8
1620091656 381 272 151 99 92 90 85 50 41 42 33 37 35 28 27 24 19 15 9 8
1620092041 381 272 152 99 92 90 85 50 41 42 33 37 35 28 27 24 19 15 9 8
1620093950 381 272 154 100 92 90 85 50 43 42 33 37 35 28 27 24 19 15 9 8
1620138762 381 272 154 101 92 90 85 50 43 42 33 37 35 28 27 24 19 15 9 8
1620172656 381 272 155 101 92 90 85 50 43 42 33 37 35 28 27 24 19 15 9 8
1620420749 381 272 156 101 92 90 85 50 43 42 33 37 35 28 27 24 19 15 9 8
1620769714 381 272 157 101 92 90 85 50 43 42 33 37 35 28 27 24 19 15 9 8
1620859019 381 272 157 101 92 90 85 50 43 42 34 37 35 28 27 24 19 15 9 8
1620859040 381 272 157 101 92 90 85 50 43 42 35 37 35 28 27 24 19 15 9 8
1621284690 381 272 157 101 92 90 85 50 43 43 37 37 35 28 27 24 19 15 9 8
1621380891 381 272 157 101 92 90 85 50 43 43 37 37 35 28 27 24 19 15 9 8
1621450302 381 272 157 101 92 90 85 50 43 43 37 37 35 28 27 24 19 15 9 8
1621494058 381 272 157 101 92 90 85 50 43 44 37 37 35 28 27 24 19 15 9 8
1621995424 381 272 157 101 92 90 85 50 43 44 37 37 35 28 27 24 19 15 9 8
1622076741 381 272 157 101 92 90 85 50 43 44 38 37 35 28 27 24 19 15 9 8
1622149882 381 272 157 101 92 90 85 50 43 44 38 37 35 28 27 24 19 15 9 8
1622152300 381 272 158 101 92 90 85 50 43 44 38 37 35 28 27 24 19 15 9 8
1622154081 381 272 159 101 92 90 85 50 44 44 38 37 35 29 27 24 19 15 9 8
1622241362 381 272 160 101 92 90 85 50 45 44 38 37 35 29 27 24 20 15 9 8
1622242755 381 272 161 101 92 90 85 50 46 44 39 37 35 29 27 24 23 15 9 8
1622242898 381 272 162 101 92 90 85 50 46 44 39 37 35 29 27 24 23 15 9 8
1622242928 381 272 163 101 92 90 85 50 46 44 39 37 35 29 27 24 23 15 9 8
1622243593 381 272 164 101 92 90 85 50 46 44 39 37 35 29 27 24 23 15 9 8
1622243864 381 272 165 101 92 90 85 50 46 44 39 37 35 29 27 24 23 15 9 8
