1490823764 14132
1490833404 14136
1491073126 14140
1491074506 14142
1491328286 14156
1491857419 16323
1492020491 16395
1492183183 16395
1492444147 17352
1492449831 17565
1492460172 17617
1492526314 17565
1492545280 17802
1492550693 18060
1492553828 18121
1492559164 18121
1492706964 18120
1492707824 18180
1492714121 18265
1492715112 18261
1492715582 18264
1492788544 18265
1493051764 18263
1493052056 18264
1493061160 18264
1493071110 18264
1493074507 18264
1493150588 18275
1493157478 18221
1493223250 18220
1493227210 18221
1493236865 18221
1493237950 18222
1493243001 18243
1493326391 18242
1493750338 18518
1493918498 19987
1494258056 20137
1494268360 20138
1494274847 20154
1494277075 20362
1494517026 21735
1494518374 21735
1494519747 21784
1494540194 22425
1494604280 22574
1494609323 22574
1494625224 22614
1494859250 22663
1494888258 22724
1494957310 22723
1494978949 22741
1495043348 22741
1495061879 22778
1495124153 22785
1495486491 22733
1495488859 22758
1495551857 22862
1495581248 22855
1495735882 22867
1495746440 22869
1496169137 23241
1496257575 23331
1496268373 23338
1496338478 23340
1496768778 23340
1496770687 23339
1497897912 24638
1497898465 24637
1497901524 24637
1497915240 24647
1497980690 24752
1497986448 24777
1498146189 35293
1498245484 24776
1498249703 24778
1498251525 24787
1498254120 24787
1498406600 24787
1498658382 24795
1498779021 24965
1498840653 24974
1499459034 25044
1499788287 25163
1499791378 25440
1499806376 25442
1499869427 26523
1499886214 26524
1499980761 27213
1499984961 27213
1500054343 27222
1500060446 28413
1500337461 28443
1500499142 28463
1500500086 28463
1500651468 28463
1500915783 29022
1500927982 29312
1500928441 29305
1500929752 29353
1500931623 29355
1500993250 29355
1500993545 29430
1501005217 29434
1501005911 29443
1501012504 29500
1501080649 29500
1501098316 29503
1501100955 29567
1501103662 30604
1501103804 30609
1501172295 31565
1501173426 31820
1501175745 31820
1501255273 31938
1501257779 31944
1501273153 32069
1501699758 32069
1501701664 32078
1501706458 32104
1502326378 32104
1502397800 32217
1502405805 32231
1502725076 32110
1502728279 32109
1502750813 32101
1502816337 32094
1502832731 32095
1502903869 32859
1502909608 32871
1503082910 32877
1503087591 32882
1503090751 32882
1503325614 32882
1503331424 33538
1503334494 33615
1507321624 35297
1507323497 35321
1507707745 35300
1507736806 35325
1507738701 35346
1507752356 35380
1507755031 35447
1507761510 35521
1507763088 35447
1507796960 35473
1507821873 35478
1507911949 35503
1507937961 37821
1508107635 35508
1508108415 35539
1508165386 35531
1508183414 35536
1508288281 35533
1508341423 35533
1508345059 35591
1508425855 35623
1508510280 35676
1508768984 35888
1508771353 35987
1508774101 36051
1508777501 36053
1508780117 36071
1508790490 36143
1508799967 37589
1508865354 37593
1508868306 37605
1508880368 37605
1508886735 37684
1508949395 37618
1508958441 37636
1509030871 37729
1509066576 37712
1509120889 37711
1509141158 37701
1509143821 37703
1509149370 37705
1509376121 37702
1509377019 37701
1509380688 37705
1509382827 37708
1509390385 37819
1509390724 37748
1509626567 37791
1509634540 37789
1509644004 37806
1509644629 37858
1509646022 37858
1509658684 37842
1509659690 37838
1509995613 37828
1510185846 37821
1510263863 37823
1510343064 37830
1510608803 37946
1510709506 37947
1510875470 37947
1510933609 38129
1510942323 38133
1511194022 38186
1511204342 38186
1511205047 38186
1511281771 38203
1511299687 38362
1511300558 38361
1511306085 38385
1515170320 38386
1515170447 38386
1516815174 40801
1518571354 42051
1518632919 42049
1518634351 42049
1518641733 46808
1518728959 46808
1518734420 46928
1518744520 46932
1518801410 46934
1518814818 46950
1518817374 47059
1518817993 47067
1518819753 47067
1519140184 47069
1519150407 47072
1519154328 47075
1519156991 47043
1519165358 47024
1519175483 47010
1519227303 46991
1519236887 46969
1519240310 47143
1519245948 47143
1519245983 47085
1519317604 47090
1519406952 47090
1519420306 47090
1519611571 47092
1519669828 47092
1519742656 47094
1519744096 47218
1519744330 47199
1519843323 47213
1519845962 47247
1519848964 47216
1519914275 47231
1520271603 47249
1520274915 47249
1520275415 47282
1520284834 47283
1520297012 47284
1520348448 47203
1520442493 47207
1520513376 47209
1520524720 47216
1520869152 47183
1520891231 47179
1520891548 47225
1520944651 47232
1520959933 47277
1520966699 47279
1520967596 47283
1520976931 47283
1520979389 47283
1520980304 47283
1521037411 47293
1521040209 47519
1521048727 47517
1521057298 47517
1521130109 47517
1521130949 47576
1521134655 47583
1521145651 47613
1521148288 47618
1521235257 47648
1521236225 47648
1521238565 47717
1521485274 48148
1521490343 48148
1521556376 48288
1521556613 48289
1521556707 48545
1521568641 48829
1521575350 48828
1521645468 48828
1521751879 48828
1521758421 48828
1521824994 49190
1521826429 49190
1521830923 49189
1521832310 49189
1521834318 49195
1521835047 49194
1521837026 49194
1521838347 49194
1522078949 49209
1522082486 49215
1522095624 49216
1522100589 49124
1522159974 49128
1522173474 49138
1522173532 49181
1522249569 49181
1522254225 49182
1522255738 49140
1522342780 49143
1522347502 49143
1522364158 49206
1522690848 49206
1522764862 49207
1522774602 49203
1522784216 49262
1522874204 49262
1522884740 49223
1522934038 49168
1522938005 49164
1522939575 49171
1522940961 49195
1522941683 49193
1522947831 49229
1522967475 49283
1523049076 49381
1523053034 49382
1523296215 49387
1523298525 49357
1523308601 49377
1523370722 49364
1523388725 49392
1523471419 49526
1523547362 49559
1523629760 49627
1523632336 49626
1523641520 50212
1523653129 50381
1523888297 50338
1523983923 50546
1524074994 50519
1524256160 50519
1524513549 50517
1524589906 50519
1524599698 50618
1524669566 50904
1524680134 50929
1524684169 50643
1524758529 50635
1524759731 50641
1524765360 50641
1524769768 50641
1524769791 50704
1524841293 50676
1524842465 50691
1525121766 50717
1525123634 50729
1525180825 50743
1525184700 50741
1525199627 50741
1525207167 50742
1525207296 50742
1525211894 50747
1525270795 50746
1525275804 50747
1525276494 50748
1525291866 50801
1525292626 50770
1525357621 50760
1525361318 51072
1525367333 51072
1525369269 51068
1525716975 51111
1525721490 51173
1525726618 51181
1525726684 51222
1525796110 51221
1525799594 51283
1525811759 51283
1525814353 51479
1525892736 51479
1525895861 51479
1525900473 51480
1525975172 51483
1526055935 51478
1526059258 51479
1526333078 51509
1526411368 51761
1526417511 51762
1526482288 51793
1526584210 51905
1526591806 51901
1526593160 51902
1526661796 51945
1526667070 51948
1526936971 51939
1527097589 51939
1527182606 51939
1527618151 51942
1527628773 51957
1527692489 51969
1527782792 51939
1528140980 51979
1528147528 51984
1528218551 51984
1528296001 51937
1528403753 51953
1528482667 52048
1528494057 52057
1528736659 52065
1528826922 52064
1528901529 52070
1528915120 52076
1528934296 52511
1528995711 52616
1528995812 52616
1528999912 52621
1529092362 52640
1529096536 52966
1529102593 52966
1529103388 53086
1529103987 53087
1529104238 53088
1529345007 53100
1529346493 53100
1529356462 53204
1529426294 53293
1529526866 53328
1529591702 53823
1529594335 53870
1529604555 53874
1529604626 53875
1529604648 53875
1529604815 54103
1529616333 54159
1529705662 54223
1529939992 54534
1529958100 54695
1529960750 54695
1529963457 54771
1530038001 54881
1530050514 54998
1530050945 55027
1530119618 55053
1530125740 55063
1530127749 55063
1530127773 55063
1530127848 55218
1530130837 55219
1530143775 55219
1530194125 55217
1530194132 55267
1530206868 55383
1530210687 55383
1530211507 55488
1530224146 55487
1530225021 55544
1530225428 55488
1530281659 55537
1530289572 55534
1530291104 55534
1530293981 55626
1530303764 55656
1530304360 55877
1530312942 55879
1530313300 55929
1530542104 55931
1530553092 55944
1530564447 56007
1530632853 56079
1530655768 56079
1530789116 56782
1530893834 56882
1530904017 56883
1530913889 56881
1530913953 56885
1531143712 57085
1531166413 57091
1531324782 57092
1531343879 57091
1531345284 57162
1531419993 57170
1531420724 57170
1531421544 57173
1531427865 57173
1531758534 57226
1531848263 57225
1531929327 57218
1531934158 57232
1531942260 57233
1531950986 57233
1531954585 57672
1532103327 57668
1532108763 57765
1532109079 57766
1532112056 57771
1532126614 57740
1532144953 57771
1532363831 57740
1532370449 57748
1532374446 57768
1532379021 57819
1532448478 57733
1532450195 57580
1532461394 57583
1532463408 57473
1532471433 57516
1532531542 57352
1532539875 57248
1532640935 57262
1532645233 57248
1532725544 57242
1532961532 57359
1532963292 57359
1532972653 57473
1532980451 57476
1532980516 57476
1532988325 57476
1533004683 57476
1533055338 57485
1533060975 57485
1533061485 57489
1533071124 57485
1533073038 57535
1533131114 57589
1533139212 57588
1533148658 57591
1533241465 57588
1533580475 57588
1533592189 57629
1533593073 57631
1533747504 57631
1533751201 57634
1533753587 57730
1533754064 57730
1533759628 57802
1533760257 57807
1533761668 57807
1533765138 57810
1533770684 57811
1533775561 57822
1533838818 57846
1533838902 57843
1533841130 57897
1533848686 57897
1533849799 57897
1533853351 57898
1533856258 57897
1533857337 57905
1533926174 57907
1533937338 57963
1533939717 57968
1534174414 57968
1534176472 58013
1534180105 58071
1534184502 58135
1534187363 58219
1534189446 58235
1534197446 58235
1534202066 58235
1534260155 58309
1534260176 58309
1534262214 58311
1534267520 58330
1534271197 58477
1534275094 58383
1534284221 58480
1534284483 58514
1534284499 58530
1534284962 58549
1534285749 58554
1534348056 58554
1534363665 58561
1534432765 58730
1534433378 58741
1534433530 58905
1534437929 58903
1534437932 58903
1534452120 58952
1534454415 58984
1534515651 59053
1534532144 59053
1534532179 59057
1534533394 59167
1534533766 59172
1534542326 59303
1534542708 59359
1534776787 59359
1534795591 59468
1534862821 59468
1534953888 59538
1534964512 59547
1534965118 59455
1534965208 59470
1534965262 59651
1534965968 59651
1534967303 59717
1534967477 59733
1534971158 59733
1534975074 59733
1535034315 59739
1535043777 59739
1535048058 59777
1535055974 59858
1535389479 59852
1535393906 59934
1535404595 59938
1535408635 59956
1535465022 59956
1535476432 59999
1535480765 60136
1535482575 60170
1535484501 60191
1535492417 60323
1535562446 60322
1535658202 60325
1535660711 60335
1535667835 60334
1536265375 60351
1536272932 60369
1536284483 60369
1536335109 60378
1536343147 60381
1536587169 60381
1536602465 60383
1536684293 60383
1536687860 60383
1536696777 60383
1536698297 60386
1536778160 60391
1537169830 60375
1537374153 60532
1537451988 60589
1537554907 60589
1537554951 59974
1537564937 58899
1537567840 58902
1537802431 58806
1538406327 58814
1538494522 58814
1538495632 58821
1538585093 58826
1538599606 58843
1538766539 59631
1539122816 59464
1539186176 60414
1539285000 60429
1539286321 60430
1539297718 60512
1539297804 60724
1539814048 61048
1539866003 61070
1539876390 60974
1539884699 61214
1539958441 61571
1540228512 61934
1541437346 61937
1541529626 62085
1541615641 62088
1541642940 62099
1542037636 62099
1542059462 62068
1542125075 62068
1542126620 62068
1542130241 62067
1542133869 61938
1542135937 61952
1542141500 61949
1542207928 61951
1542307655 61999
1542314446 61986
1542637740 61983
1542641314 61985
1542641811 62011
1542732055 62011
1542735303 62013
1542812701 62013
1542816749 62013
1542817151 62013
1542830361 62007
1542830962 62006
1542832789 62006
1542833422 62006
1542835912 62016
1542836893 62016
1543244806 62116
1543244848 62116
1543247776 62150
1543247843 62146
1543250524 62150
1543260801 62159
1543263671 62162
1543267604 62164
1543268125 62164
1543269064 62193
1543270707 62178
1543273825 62178
1543274234 62190
1543325422 62190
1543340684 62188
1543345294 62184
1543351927 62505
1543506185 62511
1543521814 62512
1543522214 62648
1543523431 62646
1543527477 62697
1543844457 62697
1543866924 62730
1543870621 62730
1543885743 62731
1543934042 62741
1543934186 62744
1543935594 62744
1543942541 62760
1543949871 62760
1543956653 62751
1543959178 62832
1544141392 62836
1544196530 62841
1544196865 62848
1544197352 62848
1544215216 62850
1544217154 62857
1544470375 62837
1544475268 62877
1544540974 62894
1544543486 60175
1544544457 60633
1544561825 60641
1544567804 60704
1544633746 60697
1544639984 60697
1544643264 60677
1544644544 60684
1544648441 60668
1544648456 60668
1544648468 60489
1544649391 60491
1544649741 60876
1544651064 60877
1544654139 60854
1544719208 60857
1544732337 60855
1544734781 59013
1544738540 59009
1544742979 58998
1544743679 58997
1544744460 58997
1544801733 59002
1544803226 59002
1544805170 59006
1544810752 59013
1544824168 59014
1544824645 59036
1544825866 59038
1544826449 59436
1545062659 59435
1545064760 59440
1545064783 59436
1545066078 59438
1545067586 59438
1545072014 59452
1545075829 59456
1545076854 59456
1545077932 59414
1545079549 59420
1545088062 59424
1545088646 59434
1545089457 59305
1545148609 59374
1545148794 59348
1545155429 59300
1545159437 58941
1545159907 58924
1545161566 58872
1545162100 58851
1545162639 58861
1545164868 58832
1545165790 58639
1545166780 58653
1545171333 58636
1545171923 58637
1545235697 58644
1545236111 58644
1545236825 58706
1545236833 58698
1545259023 58698
1545261075 58667
1545263095 58699
1545316344 58679
1545317244 58607
1545318146 58636
1545319252 58636
1545331058 58686
1545331410 58686
1545333645 58691
1545334886 58691
1545337010 58691
1545337692 58691
1545339296 58595
1545344471 58595
1545360787 58557
1545410131 58556
1545426634 57872
1545926454 57886
1545936727 57872
1546426427 57866
1546444830 57634
1546444901 58054
1546446096 58142
1546452013 59194
1546456619 59194
1546462555 59194
1546462593 59194
1546462954 59193
1546467600 59193
1546518556 59176
1546522596 59183
1546526001 59183
1546527991 59778
1546538565 59701
1546549803 59703
1546614781 59703
1546614856 59774
1546617076 59827
1546623657 59414
1546626278 59369
1546633998 59355
1546637270 59335
1546638220 59335
1546875149 59335
1546878096 59335
1546891457 59330
1546891704 59326
1546981999 59326
1547048431 59337
1547056211 59350
1547064195 59432
1547067863 59501
1547071221 59488
1547131534 59480
1547137997 59101
1547139447 59086
1547146220 59086
1547152172 59066
1547157497 58705
1547220363 58705
1547222994 58651
1547227685 58681
1547239630 58789
1547244496 58784
1547244520 58781
1547246935 58786
1547255649 58782
1547482102 58782
1547482816 58787
1547498711 58788
1547565312 58788
1547565316 58788
1547565326 58795
1547569626 58273
1547573435 58237
1547573465 58211
1547574557 58247
1547583012 58253
1547590024 58251
1547607374 58251
1547661306 58258
1547663058 58258
1547671334 58257
1547680746 58255
1547735704 58112
1547739425 58106
1547758528 58125
1547766367 58076
1547832854 58076
1547835065 58075
1547835907 58075
1547839739 58017
1547845581 58024
1547846697 58024
1547849527 57972
1548187283 57974
1548192892 58001
1548196147 58010
1548276734 58009
1548346889 58010
1548358472 58016
1548361361 58017
1548433301 58024
1548705212 57658
1548804934 57684
1548820193 57686
1548859696 57686
1548859716 57679
1548860850 57679
1548861272 57677
1548958233 57678
1548967613 57678
1549071883 57678
1549299516 57690
1549302511 57690
1549310888 57691
1549310929 57691
1549317349 57718
1549324049 57691
1549393052 57684
1549469089 57712
1549564565 57708
1549564713 57708
1549578608 57706
1549660213 57706
1549898818 57711
1549899143 57711
1549902315 57772
1549903116 57771
1549912502 57774
1549916998 57774
1549920926 57766
1549984797 57726
1549986692 57726
1549993977 57722
1549997086 57691
1549998074 57687
1550001504 57687
1550098672 57715
1550176782 57721
1550510877 57721
1550592496 57708
1550592513 57702
1550851771 57683
1550859542 57682
1550864718 57660
1550887564 57663
1551021820 59808
1551193143 59810
1551209929 61100
1551215461 61092
1551217184 61063
1551219043 61092
1551239482 61092
1551280683 61126
1551282689 61097
1551292359 61116
1551293483 61867
1551359285 61937
1551364390 61937
1551367027 61944
1551367451 62022
1551367468 62022
1551369052 62031
1551374261 62031
1551374771 62035
1551376083 62031
1551379165 62403
1551387651 62360
1551716019 62273
1551722603 62320
1551726609 62360
1551732984 61612
1551735842 61667
1551739526 61674
1551906640 61676
1551910087 62058
1551973735 62058
1551982566 62058
1552069475 62058
1552069594 62054
1552407734 62062
1552575034 62539
1552576181 62538
1553101312 62538
1553111282 62542
1553170633 62542
1553173839 62620
1553174118 62623
1553174286 62636
1553284799 62636
1553286227 62634
1553619946 62629
1553620612 62644
1553628286 62644
1553878883 62712
1553899427 62712
1554132811 62671
1554145301 62673
1554148154 62675
1554152095 62671
1554153672 62672
1554228530 62703
1554303027 62702
1554305039 62710
1554330188 62710
1554390028 62710
1554395541 62699
1554398700 62699
1554413536 62699
1554482586 62698
1554496463 62704
1554497228 62539
1554769259 62542
1554826249 62568
1554953161 62569
1554953307 62569
1555006291 62548
1555031842 62552
1555033506 62552
1555100755 62554
1555442660 62972
1555509460 62972
1555604652 62972
1555607824 62972
1555611259 62983
1555627660 62981
1555628516 62982
1556121245 62995
1556215388 62995
1556288765 62995
1556297050 62993
1556570476 62895
1556660052 62950
1556730714 62953
1556834474 62952
1556906642 62956
1556910861 63898
1556914622 64841
1556917629 64849
1557131584 64841
1557238056 64839
1557239747 64858
1557252996 64930
1557254152 64019
1557257367 64019
1557260805 64019
1557324251 64093
1557328877 64084
1557423928 64084
1557431154 64075
1557434099 64645
1557434768 64478
1557513805 64478
1557765968 64490
1557767266 64687
1557771813 64531
1557775590 64532
1558376933 64537
1558381988 64542
1558382214 64542
1558384494 64564
1558385309 64581
1558389024 64584
1558465426 64579
1558722350 64587
1559052773 64587
1559052980 64536
1559054934 64523
1559097524 64544
1559227003 64545
1559315022 64555
1559316077 64555
1559750648 64561
1559755306 64561
1559824553 64565
1559832122 64565
1559832167 64565
1559833538 64555
1559835093 64653
1559843593 64653
1559858900 64669
1559922487 64671
1560186561 64783
1560187413 64775
1560189430 64775
1560197833 64789
1560198972 64777
1560361073 64790
1560538916 64793
1560542897 64849
1560875417 64843
1560885199 64848
1561133512 64847
1562785505 65101
1562886203 65102
1562971412 65147
1563213289 65264
1563215770 65265
1563377538 65267
1563378206 65272
1563380964 65272
1563387197 65272
1563393202 65337
1563897499 65365
1563980509 65560
1563998361 65560
1564001028 65562
1564005534 65750
1564171337 65858
1564612270 65859
1564615230 65865
1565021538 65880
1565024536 65880
1565040452 65880
1565111075 65966
1565273520 65966
1565276159 65967
1565287742 65971
1565288975 65971
1565289671 65985
1565289968 65989
1565302301 66307
1565366301 66346
1565374628 66346
1565377701 66346
1565379443 66356
1565379778 66356
1565380705 66353
1565630915 66353
1565632726 66475
1565710401 66451
1565710636 66456
1565897545 66616
1565903183 66456
1565976280 66531
1565980976 66616
1565988673 66618
1565991076 66618
1566229449 66768
1566244514 66769
1566249941 66772
1566326208 66776
1566328550 66787
1566592536 66795
1566595567 66795
1566833510 66876
1566846455 66789
1566863440 66800
1566917535 66838
1566925081 66837
1566930471 66849
1567114032 66849
1567116087 66849
1567194771 66849
1567537727 66857
1567546581 66860
1567555123 66876
1567618378 66876
1567619360 66876
1567627946 66874
1567782403 66911
1567794850 67263
1567799625 67363
1567801631 67376
1567803647 67441
1568065774 67446
1568143620 67445
1568145755 67525
1568151028 67530
1568153626 67549
1568215144 67614
1568230810 68280
1568233275 68280
1568238418 68280
1568301936 68282
1568306778 68385
1568306957 68385
1568310024 68386
1568312062 68392
1568319393 68386
1568385986 68386
1568753262 68392
1568990195 68392
1569249213 68364
1569253361 68375
1569415325 68375
1569431590 68375
1569442938 68375
1569589979 68375
1569593360 68363
1569940284 68365
1569941754 68761
1570039464 68820
1570041190 68822
1570646583 68822
1570649166 68822
1570656674 68822
1570658880 69228
1570721003 69202
1570831064 69094
1571165900 69118
1571330963 69130
1571341109 69130
1571748658 69130
1572449853 69130
1572450450 69163
1572459468 69165
1572534279 69326
1572535791 69165
1572537245 69331
1572624584 69329
1572899045 69329
1572980608 69657
1572988003 69658
1573150275 69521
1573776010 69528
1573846837 69528
1573853844 69169
1574115917 69183
1574206168 69193
1576719289 69193
1577483810 69193
1577724554 69193
1578586511 69193
1579360771 69324
1580143021 69328
1580950112 69353
1581368965 69349
1581467224 69351
1581535252 69351
1581536108 69351
1581630686 69349
1581634275 69354
1581693429 69361
1582581337 69976
1582581922 70044
1582587905 70072
1582592063 70074
1582818111 70076
1582926208 70108
1583851880 70110
1584400246 70212
1585159166 70454
1585618653 71100
1585673334 71093
1585779410 71043
1585847161 71044
1585937633 71179
1585938383 71180
1587042106 71180
1587565286 71186
1587614504 71190
1588177369 71190
1588376746 71190
1588615745 71191
1588736602 71177
1588877003 71182
1588880754 71184
1589211248 71195
1590514246 71150
1590529670 71191
1590530194 71454
1590706445 71031
1590707125 71033
1590709006 71318
1590715432 71336
1591058299 71405
1591062566 71409
1591124446 71410
1591125251 71410
1591125490 71536
1591126519 71536
1591137141 71646
1591139631 71665
1591142694 71763
1591204133 71785
1591213905 71786
1591218162 71741
1591291267 71816
1591301516 71627
1591372492 71562
1591372608 71495
1591636557 71526
1591656216 71697
1591657987 71568
1591720196 71585
1591730261 71585
1591742392 71710
1592235199 71690
1592324520 71521
1592329338 71269
1592330287 70970
1592344599 70785
1592411899 70785
1592412420 70703
1592413242 70642
1592414020 70638
1592940253 70638
1593639381 79347
1594157353 70613
1594158024 70606
1594158195 70607
1594248078 70607
1594308455 70606
1594312657 70606
1594732972 70624
1594747830 70922
1594833884 71056
1594910605 71216
1594926533 71519
1594964654 71544
1595010461 71549
1595020796 72823
1595261710 72847
1595269973 72850
1595434281 73323
1595874999 73324
1596587929 73324
1596830068 73327
1596832518 73331
1596832794 73331
1596832820 73334
1596832838 73334
1596832925 73335
1596832941 73409
1596832958 73409
1596833146 73409
1596838516 73415
1596840169 73415
1597086079 73422
1597094033 73701
1597095405 73548
1597099269 73548
1597100792 73551
1597101262 73553
1597103065 73552
1597108998 73559
1597109534 73648
1597109589 73699
1597117105 73708
1597188639 73692
1597339025 73703
1597340839 73680
1597340847 73697
1597454772 73694
1597773424 73858
1597794442 73931
1597951416 74063
1598373222 74062
1598544636 74062
1598569686 74303
1598595326 74518
1598613801 77155
1598631608 74863
1598894088 74463
1598972772 74468
1598984788 74892
1599065789 74468
1599078885 74632
1599086191 74633
1599086680 74669
1599087611 74741
1599094106 74739
1599094175 74732
1599095946 74734
1599095968 74744
1599187613 75122
1599252834 74857
1599579887 74857
1599764944 75108
1599838929 74843
1599851747 74900
1599852431 74845
1600110316 75108
1600287681 75667
1600293459 75668
1600711726 76553
1600725450 75671
1600726014 75672
1600737221 76607
1600879366 77110
1600972705 76612
1600978532 76612
1600988050 76632
1601314938 76511
1601317865 76607
1601324450 77117
1601324819 77108
1601324925 76511
1601325910 77138
1601326147 77138
1601326432 76607
1601394289 78018
1601398565 78184
1601420046 77125
1601513524 78751
1601568582 78643
1601666296 78987
1601915428 78834
1601933033 76610
1601933321 76518
1601936927 77136
1602003297 78635
1602009336 78633
1602048222 79301
1602260035 77164
1602274692 78688
1602289875 79215
1602519955 77164
1602526997 77163
1602551352 78633
1602632230 78679
1602692762 79013
1602694182 79013
1602694708 79013
1602707669 79247
1602786079 78988
1602878999 79013
1603128431 78987
1603211148 79301
1603313130 79301
1603319588 79292
1603372438 79293
1603472316 79295
1603791341 79295
1603820886 82421
1603900304 84019
1604064815 79356
1604085475 79460
1604346847 79464
1604371880 79464
1604505940 79455
1604506528 79809
1604515667 79809
1604523776 79809
1604524338 79813
1604524732 79790
1604525331 79804
1604534297 79804
1604538526 79800
1604970757 79800
1604971051 79800
1605121983 79803
1605297128 79716
1605474716 79726
1605707837 79749
1605718771 79751
1605724145 79752
1606173542 79757
1606225735 79754
1606322172 79765
1606544923 80218
1606759212 80349
1606763135 79770
1606826939 79970
1606839600 79981
1606859641 79765
1606861639 79967
1606871227 79970
1606873583 79970
1606928246 82352
1606957135 82410
1607020317 80031
1607973868 82081
1608244590 82082
1608314704 82344
1608326128 82352
1609279972 84251
1609346701 82415
1609348223 84229
1609348546 82421
1609359181 82433
1609359190 82431
1609876621 82360
1609894883 82365
1609966679 82535
1609978801 82409
1609980331 82421
1609980373 82412
1609980388 82412
1609982201 82535
1609985070 82635
1609985180 82616
1610027379 82621
1610133062 82737
1610570693 82740
1610574092 82741
1610631283 83644
1610631418 83749
1610641721 84232
1610648818 84517
1610662570 84523
1610665880 84557
1610731327 84666
1610739024 84559
1611586292 83946
1611598463 83948
1611605108 84648
1611620907 83939
1611684723 84123
1611684844 84349
1611686312 84234
1611688942 84523
1611693200 84523
1611694394 84550
1611858187 84672
1611865087 84672
1611947455 84672
1612195764 84672
1612231889 84763
1612286013 84789
1612288273 84761
1612290156 84745
1612314322 84744
1612371383 84732
1612378276 84733
1612402006 84779
1612461342 84919
1612462259 84807
1612463808 84931
1612465072 84931
1612546303 85053
1612805410 84926
1612812268 84927
1612826543 84939
1612842639 84942
1612888207 84948
1612891230 84939
1612892311 84929
1612894239 84941
1612894913 84941
1612898243 84932
1612978651 85215
1613063089 84938
1613484657 84935
1613775999 84937
1614045045 85079
1614088199 85227
1614175498 85494
1614420547 85496
1614800079 85501
1614864250 85449
1614918563 85371
1614921053 85370
1615231462 85397
1615235249 85438
1615316733 85385
1615365858 85430
1615517433 85360
1615584804 85360
1615585516 85360
1615813987 85505
1615823407 85483
1616094630 85515
1616182837 85536
1616615853 85556
1616616125 85562
1617044933 85514
1617232434 85389
1617296050 85509
1617303513 85509
1617316769 85573
1617382891 85512
1617394244 85564
1617753376 85572
1617755433 85573
1617756497 85387
1617759554 85387
1617825567 84905
1617849589 85392
1617897171 84922
1617899689 85542
1617901100 85542
1618294800 85542
1618503497 84926
1618853737 85542
1618930802 84883
1619446427 84909
1619803417 85548
1619810121 85554
1619826342 84972
1620039371 84772
1620091656 84792
1620092041 84905
1620092253 84911
1620093950 84905
1620138762 84914
1620172656 84919
1620416800 84446
1620420749 84919
1620634165 84034
1620634871 84401
1620707238 82936
1620769714 84907
1620859019 84907
1620859040 84907
1621252765 83336
1621284690 84253
1621354944 83000
1621380891 83251
1621450302 83338
1621494058 83336
1621613378 82936
1621872802 82594
1621873050 83505
1621891420 83507
1621970440 83507
1621995424 82081
1622006606 82907
1622076741 82081
1622134682 83003
1622142153 82999
1622149882 82592
1622152300 82592
1622154081 82592
1622241362 82998
1622242755 82936
1622242898 83513
1622242928 83596
1622243593 83593
1622243864 83593
