1650424469 976
1650428259 1179
1650480074 1181
1651015873 1476
1651266881 1515
1651511820 1822
1651858855 1823
1652501297 1758
1654028836 2006
1654104738 2004
1654275379 2047
1654297751 2051
1654906858 2096
1655303643 2096
1655444047 2096
1655444089 2083
1655784603 2083
1656029537 2088
1656385749 2088
1659043251 2088
1659044973 2088
1659071798 2088
1659152269 2088
1659153742 2088
1659374570 2088
1659481158 2124
1659639225 2124
1659711647 2124
1659711661 2124
1659711680 2124
1659732284 2124
1659916598 2125
1661276809 2125
1661575781 2152
1662053308 2152
1662059381 2152
1662849283 2152
1662956360 2152
1663133797 2156
1663624287 2156
1663918587 2156
1663971295 2156
1664214701 2146
1664232388 2146
1664232396 2146
1664838766 2146
1664929380 2146
1665158904 2146
1665183102 2146
1666281624 2144
1667435220 1631
1667455456 1631
1667457845 1661
1667493632 1661
1667594619 1661
1667893732 1661
1668804590 1661
1668812035 1661
1668965659 1661
1669255426 1661
1670110172 1654
1670112247 1659
1672817837 1659
1672818840 1659
1673848313 1659
1674036485 1659
1675316364 1670
1675317816 1670
1675562488 1671
1675784444 1723
1675884779 1702
1675900474 1693
1675900680 1702
1675904778 1724
1675989066 1728
1676084647 1728
1676742180 1739
1677143111 1739
1677957468 1739
1678227267 1739
1679428081 1727
1679434260 1727
1679624390 1723
1680459064 1813
1686698584 1860
1688443079 1860
1688445630 1861
