1512744411 1501
1512744555 1258
1576273532 2287
1576518340 2301
1576602754 2340
1576605552 2348
1576863227 2356
1582781846 2482
1582781951 2483
1584086349 2483
1584086710 2484
1584086815 2482
1584373676 2495
1584661037 2565
1585074228 2566
1585149330 2587
1585329206 2748
1588086647 2750
1588203982 2753
1595904000 2755
1596063127 2753
1597261176 2770
1599147784 2882
1600456683 2884
1600718961 2918
1600719058 2918
1600901286 2940
1601417279 6528
1601418109 6547
1601418125 6547
1601418149 6547
1601614328 6547
1602879192 6548
1603904509 6558
1604078700 6564
1604508371 6565
1604524265 6566
1605018791 6566
1605555137 6534
1605557403 6539
1606318590 6518
1607401381 6634
1607402079 6634
1607547547 6644
1607572077 6647
1607649775 6824
1607650005 6832
1607668153 6837
1607675670 6848
1607704960 6866
1607705123 6865
1607759754 6887
1607760723 6942
1607805227 6948
1607805408 6955
1607806393 6978
1607845135 6992
1607888253 6995
1607888887 6997
1607899763 6996
1608063231 7774
1608075390 7905
1608076735 7932
1608076777 7932
1608098342 7935
1608099765 7968
1608100447 7970
1608110274 7976
1608226135 8013
1608227166 8016
1608227291 8018
1609184368 8022
1609778035 8068
1609780673 8070
1609806767 8108
1609807128 8110
1609807213 8110
1609809584 8114
1609870886 8116
1609949336 8116
1609955755 8116
1610655645 8424
1610751511 8424
1611333464 8447
1611338387 8447
1611679209 8447
1612198673 9815
1615615209 9815
1615996082 9773
1615996837 9765
1615997510 9762
1616006080 9766
1616006258 9766
1618526644 9543
1618536841 9684
1618554724 9830
1618555662 10120
1618580574 10110
1618581339 10119
1618582077 10132
1618586062 10229
1618706053 10233
1618712413 10239
1618723199 10240
1619024050 10242
1619029801 10283
1619137802 10282
1619139479 10280
1619146188 10280
1619162917 10390
1619373048 10390
1619373673 10392
1619716547 10394
1620266333 10394
1620921348 10394
1621296297 10394
1621465425 10398
1621465555 10397
1621990963 10398
1622177363 10418
1622178429 10428
1623174805 10428
1623177233 10428
1623257669 10436
1624923646 10458
1624942096 10458
1624944621 10459
1626303738 10453
1629010608 10454
1629330681 10454
1634064699 10456
1637284582 10461
1637285620 10461
1637287978 10462
1650692549 10474
1650693804 10474
1656023908 10470
1656024177 10500
1659049850 11035
1664603304 11045
1674885548 11079
1675105312 11079
1687265997 11080
1687777002 11080
1688568737 11098
1688630040 11098
1690497246 11350
1690504025 11484
1690505272 11489
