1443015040 0 0 0 0 0 0 0 0 1 0 0 0 0 0 0 0 0 0 0 0
1443181136 0 0 0 0 0 0 0 0 2 0 0 0 0 0 0 0 0 0 0 0
1443189415 0 0 0 0 1 0 0 0 2 0 0 0 0 0 0 0 0 0 0 0
1445598082 0 0 0 0 1 0 0 0 2 1 0 0 0 0 0 0 0 0 0 0
1449235538 0 0 0 0 1 0 0 0 2 2 0 0 0 0 0 0 0 0 0 0
1452187902 0 0 0 0 1 0 0 0 3 2 0 0 0 0 0 0 0 0 0 0
1454322534 0 0 0 0 2 0 0 0 3 2 0 0 0 0 0 0 0 0 0 0
1455025641 0 0 0 0 3 0 0 0 3 2 0 0 0 0 0 0 0 0 0 0
1455286675 0 0 0 0 4 0 0 0 3 2 0 0 0 0 0 0 0 0 0 0
1455747240 0 0 0 0 4 0 0 0 3 2 0 0 0 0 0 0 0 0 0 0
1456958394 0 0 0 0 4 0 0 0 3 3 0 0 0 0 0 0 0 0 0 0
1457546064 0 0 0 0 4 0 0 0 3 3 0 0 0 0 0 0 0 0 0 0
1458055478 0 0 0 0 4 0 0 0 3 3 0 0 0 0 0 0 0 0 0 0
1478543237 0 0 0 0 4 0 0 0 3 3 0 0 1 0 0 0 0 0 0 0
1478546312 0 0 0 0 4 0 0 0 3 3 0 0 1 0 0 0 0 0 1 0
1486634744 0 0 0 0 4 0 0 0 3 3 0 0 1 0 0 0 0 0 2 0
1486666794 0 0 0 0 4 0 0 0 3 3 0 0 1 0 1 0 0 0 2 0
1486666805 0 0 0 0 4 0 0 0 3 3 0 0 1 0 2 0 0 0 2 0
1493109679 0 0 0 0 5 0 0 0 3 3 0 0 1 0 2 0 0 0 2 0
1502890065 0 0 0 0 5 0 0 0 3 3 0 0 2 0 2 0 0 0 2 0
1506471781 0 0 0 0 5 0 0 0 3 3 0 0 2 0 2 0 0 0 2 0
1519398788 0 0 0 0 5 0 0 0 3 3 0 0 2 0 2 0 0 0 2 0
1522865987 0 0 0 0 5 0 0 0 3 3 0 0 2 0 2 0 0 0 2 0
1522866029 0 0 0 0 5 0 0 0 3 3 0 0 2 0 2 0 0 0 2 0
1522866053 0 0 0 0 5 0 0 0 3 3 0 0 2 0 2 0 0 0 2 0
1523017754 0 0 0 0 5 0 1 0 3 3 0 0 2 0 2 0 0 0 2 0
1524872709 0 0 0 0 5 0 1 0 3 3 0 0 2 0 2 0 1 0 2 0
1525293480 0 0 0 0 5 0 1 0 3 3 0 0 2 0 2 0 2 0 2 0
1525383605 0 0 0 0 5 0 1 0 3 3 1 0 2 0 2 0 2 0 2 0
1527637583 0 1 0 0 5 0 1 0 3 3 1 0 2 0 2 0 2 0 2 0
1527871713 0 2 0 0 5 0 1 0 3 3 1 0 2 0 2 0 2 0 2 0
1528131660 0 3 0 0 5 0 1 0 3 3 1 0 2 0 2 0 2 0 2 0
1528153134 0 4 0 0 5 0 1 0 3 3 1 0 2 0 2 0 2 0 2 0
1528153189 0 5 0 0 5 0 1 0 3 3 1 0 2 0 2 0 2 0 2 0
1528400523 0 6 0 0 5 0 1 0 3 3 1 0 2 0 2 0 2 0 2 0
1529622458 0 7 0 0 5 0 1 0 3 3 1 0 2 0 2 0 2 0 2 0
1530047500 0 8 0 0 5 0 1 0 3 3 1 0 2 0 2 0 2 0 2 0
1530052195 0 8 1 0 5 0 1 0 3 3 1 0 2 0 2 0 2 0 2 0
1530054660 0 9 1 0 5 0 1 0 3 3 1 0 2 0 2 0 2 0 2 0
1530664946 1 9 1 0 5 0 1 0 3 3 1 0 2 0 2 0 2 0 2 0
1531247669 1 9 1 0 5 0 1 0 3 3 1 0 2 0 2 0 2 1 2 0
1531248851 1 10 1 0 5 0 1 0 3 3 1 0 2 0 2 0 2 1 2 0
1531954713 2 10 1 0 5 0 1 0 3 3 1 0 2 0 2 0 2 1 2 0
1532471163 2 10 2 0 5 0 1 0 3 3 1 0 2 0 2 0 2 1 2 0
1532472194 2 10 3 0 5 0 1 0 3 3 1 0 2 0 2 0 2 1 2 0
1532479271 3 10 3 0 5 0 1 0 3 3 1 0 2 0 2 0 2 1 2 0
1532549821 3 11 3 0 5 0 1 0 3 3 1 0 2 0 2 0 2 1 2 0
1532549840 3 12 3 0 5 0 1 0 3 3 1 0 2 0 2 0 2 1 2 0
1532549864 3 13 3 0 5 0 1 0 3 3 1 0 2 0 2 0 2 1 2 0
1532633636 3 13 4 0 5 0 1 0 3 3 1 0 2 0 2 0 2 1 2 0
1533253865 4 13 4 0 5 0 1 0 3 3 1 0 2 0 2 0 2 1 2 0
1533333275 5 13 4 0 5 0 1 0 3 3 1 0 2 0 2 0 2 1 2 0
1534194947 6 13 4 0 5 0 1 0 3 3 1 0 2 0 2 0 2 1 2 0
1534276089 6 13 5 0 5 0 1 0 3 3 1 0 2 0 2 0 2 1 2 0
1534366621 7 13 5 0 5 0 1 0 3 3 1 0 2 0 2 0 2 1 2 0
1534539795 8 13 5 0 5 0 1 0 3 3 1 0 2 0 2 0 2 1 2 0
1534912921 8 13 6 0 5 0 1 0 3 3 1 0 2 0 2 0 2 1 2 0
1535762781 9 13 6 0 5 0 1 0 3 3 1 0 2 0 2 0 2 1 2 0
1536188665 10 13 6 0 5 0 1 0 3 3 1 0 2 0 2 0 2 1 2 0
1536695251 11 13 6 0 5 0 1 0 3 3 1 0 2 0 2 0 2 1 2 0
1536699039 11 13 7 0 5 0 1 0 3 3 1 0 2 0 2 0 2 1 2 0
1536702626 11 13 8 0 5 0 1 0 3 3 1 0 2 0 2 0 2 1 2 0
1536703723 12 13 8 0 5 0 1 0 3 3 1 0 2 0 2 0 2 1 2 0
1536705015 12 13 9 0 5 0 1 0 3 3 1 0 2 0 2 0 2 1 2 0
1537208275 12 13 9 0 5 0 1 0 3 3 1 0 2 0 2 0 2 1 2 0
1540220860 12 13 9 0 5 0 1 0 3 3 1 1 2 0 2 0 2 1 2 0
1540512863 12 14 9 0 5 0 1 0 3 3 1 1 2 0 2 0 2 1 2 0
1540597289 12 14 9 1 5 0 1 0 3 3 1 1 2 0 2 0 2 1 2 0
1540981265 12 15 9 1 5 0 1 0 3 3 1 1 2 0 2 0 2 1 2 0
1541175527 12 15 9 1 5 0 1 0 3 3 1 2 2 0 2 0 2 1 2 0
1542058850 12 15 9 2 5 0 1 0 3 3 1 2 2 0 2 0 2 1 2 0
1542069572 12 15 9 2 5 0 1 0 3 3 1 2 2 0 2 0 2 1 2 0
1542966119 12 15 9 2 5 0 1 1 3 3 1 2 2 0 2 0 2 1 2 0
1544141243 13 15 9 2 5 0 1 1 3 3 1 2 2 0 2 0 2 1 2 0
1544210338 13 15 9 3 5 0 1 1 3 3 1 2 2 0 2 0 2 1 2 0
1546636230 14 15 9 3 5 0 1 1 3 3 1 2 2 0 2 0 2 1 2 0
1546890110 14 15 9 3 5 0 1 2 3 3 1 2 2 0 2 0 2 1 2 0
1547081518 15 15 9 3 5 0 1 2 3 3 1 2 2 0 2 0 2 1 2 0
1547245816 15 15 9 3 5 0 1 2 3 3 1 2 2 0 2 0 2 1 2 0
1547768610 16 15 9 3 5 0 1 2 3 3 1 2 2 0 2 0 2 1 2 0
1548855048 16 15 9 3 5 0 1 2 3 3 1 2 2 0 2 0 2 2 2 0
1549925879 16 15 9 3 5 0 1 2 3 3 1 2 2 1 2 0 2 2 2 0
1550018937 16 15 10 3 5 0 1 2 3 3 1 2 2 1 2 0 2 2 2 0
1550881887 17 15 10 3 5 0 1 2 3 3 1 2 2 1 2 0 2 2 2 0
1551488536 17 15 11 3 5 0 1 2 3 3 1 2 2 1 2 0 2 2 2 0
1551919508 17 15 11 3 5 0 1 2 3 3 1 2 2 2 2 0 2 2 2 0
1552432970 17 15 11 3 5 0 1 2 3 3 1 2 2 2 2 0 2 2 2 0
1552681658 18 15 11 3 5 0 1 2 3 3 1 2 2 2 2 0 2 2 2 0
1552952138 18 15 11 3 5 0 1 2 3 3 1 2 2 2 2 0 2 2 2 0
1554762550 19 15 11 3 5 0 1 2 3 3 1 2 2 2 2 0 2 2 2 0
1555636579 20 15 11 3 5 0 1 2 3 3 1 2 2 2 2 0 2 2 2 0
1556037144 20 15 11 3 5 0 2 2 3 3 1 2 2 2 2 0 2 2 2 0
1556210179 20 15 11 3 5 0 2 3 3 3 1 2 2 2 2 0 2 2 2 0
1556649124 20 15 11 3 5 0 2 3 3 3 1 2 2 2 2 1 2 2 2 0
1558654377 20 15 11 3 5 1 2 3 3 3 1 2 2 2 2 1 2 2 2 0
1559321492 21 15 11 3 5 1 2 3 3 3 1 2 2 2 2 1 2 2 2 0
1559855364 22 15 11 3 5 1 2 3 3 3 1 2 2 2 2 1 2 2 2 0
1560209871 22 15 11 3 5 2 2 3 3 3 1 2 2 2 2 1 2 2 2 0
1560957413 22 15 11 3 5 3 2 3 3 3 1 2 2 2 2 1 2 2 2 0
1561422583 23 15 11 3 5 3 2 3 3 3 1 2 2 2 2 1 2 2 2 0
1561594328 24 15 11 3 5 3 2 3 3 3 1 2 2 2 2 1 2 2 2 0
1561660415 24 15 11 3 5 3 2 3 3 3 1 2 2 2 2 1 2 2 2 1
1562016386 25 15 11 3 5 3 2 3 3 3 1 2 2 2 2 1 2 2 2 1
1562204510 26 15 11 3 5 3 2 3 3 3 1 2 2 2 2 1 2 2 2 1
1562886474 26 15 12 3 5 3 2 3 3 3 1 2 2 2 2 1 2 2 2 1
1562896577 27 15 12 3 5 3 2 3 3 3 1 2 2 2 2 1 2 2 2 1
1563229732 28 15 12 3 5 3 2 3 3 3 1 2 2 2 2 1 2 2 2 1
1563405384 29 15 12 3 5 3 2 3 3 3 1 2 2 2 2 1 2 2 2 1
1563485866 30 15 12 3 5 3 2 3 3 3 1 2 2 2 2 1 2 2 2 1
1564011609 31 15 12 3 5 3 2 3 3 3 1 2 2 2 2 1 2 2 2 1
1564439170 32 15 12 3 5 3 2 3 3 3 1 2 2 2 2 1 2 2 2 1
1565990547 33 15 12 3 5 3 2 3 3 3 1 2 2 2 2 1 2 2 2 1
1566003637 33 15 12 3 5 3 2 3 3 3 1 2 2 2 2 2 2 2 2 1
1568038214 33 15 12 4 5 3 2 3 3 3 1 2 2 2 2 2 2 2 2 1
1568237350 34 15 12 4 5 3 2 3 3 3 1 2 2 2 2 2 2 2 2 1
1569980058 35 15 12 4 5 3 2 3 3 3 1 2 2 2 2 2 2 2 2 1
1570833548 35 15 12 4 5 3 2 3 3 3 1 2 2 2 2 2 2 2 2 1
1571254846 35 15 12 4 5 3 2 3 3 3 1 2 2 2 2 2 2 2 2 1
1571790982 36 15 12 4 5 3 2 3 3 3 1 2 2 2 2 2 2 2 2 1
1571945995 36 15 12 4 5 3 2 3 3 3 2 2 2 2 2 2 2 2 2 1
1572464081 37 15 12 4 5 3 2 3 3 3 2 2 2 2 2 2 2 2 2 1
1572590248 38 15 12 4 5 3 2 3 3 3 2 2 2 2 2 2 2 2 2 1
1573472352 38 15 12 4 5 3 2 3 3 3 2 2 2 2 2 2 2 2 2 1
1573868981 39 15 12 4 5 3 2 3 3 3 2 2 2 2 2 2 2 2 2 1
1574206465 40 15 12 4 5 3 2 3 3 3 2 2 2 2 2 2 2 2 2 1
1576774975 40 15 12 4 5 4 2 3 3 3 2 2 2 2 2 2 2 2 2 1
1576868924 41 15 12 4 5 4 2 3 3 3 2 2 2 2 2 2 2 2 2 1
1578098320 42 15 12 4 5 4 2 3 3 3 2 2 2 2 2 2 2 2 2 1
1578437127 43 15 12 4 5 4 2 3 3 3 2 2 2 2 2 2 2 2 2 1
1578607279 44 15 12 4 5 4 2 3 3 3 2 2 2 2 2 2 2 2 2 1
1579213728 45 15 12 4 5 4 2 3 3 3 2 2 2 2 2 2 2 2 2 1
1579213971 45 15 12 5 5 4 2 3 3 3 2 2 2 2 2 2 2 2 2 1
1579305074 46 15 12 5 5 4 2 3 3 3 2 2 2 2 2 2 2 2 2 1
1582670896 47 15 12 5 5 4 2 3 3 3 2 2 2 2 2 2 2 2 2 1
1582747085 47 15 13 5 5 4 2 3 3 3 2 2 2 2 2 2 2 2 2 1
1582936307 48 15 13 5 5 4 2 3 3 3 2 2 2 2 2 2 2 2 2 1
1583967443 49 15 13 5 5 4 2 3 3 3 2 2 2 2 2 2 2 2 2 1
1585865076 49 15 13 5 5 4 2 3 3 3 2 2 2 2 2 2 2 2 2 1
1586888436 49 15 13 5 5 4 2 3 3 3 2 2 2 2 2 2 2 2 2 1
1589402587 49 15 13 5 5 4 2 3 3 3 2 2 2 2 2 2 2 2 2 1
1590712042 50 15 13 5 5 4 2 3 3 3 2 2 2 2 2 2 2 2 2 1
1591317877 51 15 13 5 5 4 2 3 3 3 2 2 2 2 2 2 2 2 2 1
1592864007 52 15 13 5 5 4 2 3 3 3 2 2 2 2 2 2 2 2 2 1
1594077575 53 15 13 5 5 4 2 3 3 3 2 2 2 2 2 2 2 2 2 1
1600453100 54 15 13 5 5 4 2 3 3 3 2 2 2 2 2 2 2 2 2 1
1601954838 55 15 13 5 5 4 2 3 3 3 2 2 2 2 2 2 2 2 2 1
1602117955 56 15 13 5 5 4 2 3 3 3 2 2 2 2 2 2 2 2 2 1
1604007423 57 15 13 5 5 4 2 3 3 3 2 2 2 2 2 2 2 2 2 1
1604014575 58 15 13 5 5 4 2 3 3 3 2 2 2 2 2 2 2 2 2 1
1604538371 59 15 13 5 5 4 2 3 3 3 2 2 2 2 2 2 2 2 2 1
1605121734 59 15 13 5 5 4 2 3 3 3 2 2 2 2 2 2 2 2 2 1
1607116152 59 15 13 5 5 4 2 3 3 3 3 2 2 2 2 2 2 2 2 1
1607124514 60 15 13 5 5 4 2 3 3 3 3 2 2 2 2 2 2 2 2 1
1608677286 60 15 13 5 5 4 2 3 3 3 3 2 2 2 2 2 2 2 2 1
1608760529 60 15 13 5 5 4 2 3 3 3 3 2 2 2 2 2 2 2 2 1
1609287460 61 15 13 5 5 4 2 3 3 3 3 2 2 2 2 2 2 2 2 1
1609969659 62 15 13 5 5 4 2 3 3 3 3 2 2 2 2 2 2 2 2 1
1609977978 63 15 13 5 5 4 2 3 3 3 3 2 2 2 2 2 2 2 2 1
1612222085 64 15 13 5 5 4 2 3 3 3 3 2 2 2 2 2 2 2 2 1
1612391213 64 15 13 5 5 4 2 3 3 3 3 2 2 2 2 2 2 2 2 1
1612919469 65 15 13 5 5 4 2 3 3 3 3 2 2 2 2 2 2 2 2 1
1613686235 66 15 13 5 5 4 2 3 3 3 3 2 2 2 2 2 2 2 2 1
1618605037 67 15 13 5 5 4 2 3 3 3 3 2 2 2 2 2 2 2 2 1
1618617449 68 15 13 5 5 4 2 3 3 3 3 2 2 2 2 2 2 2 2 1
1618862518 69 15 13 5 5 4 2 3 3 3 3 2 2 2 2 2 2 2 2 1
1619646657 70 15 13 5 5 4 2 3 3 3 3 2 2 2 2 2 2 2 2 1
1620836966 71 15 13 5 5 4 2 3 3 3 3 2 2 2 2 2 2 2 2 1
1621558831 72 15 13 5 5 4 2 3 3 3 3 2 2 2 2 2 2 2 2 1
1621664331 73 15 13 5 5 4 2 3 3 3 3 2 2 2 2 2 2 2 2 1
1622671807 74 15 13 5 5 4 2 3 3 3 3 2 2 2 2 2 2 2 2 1
1623718792 75 15 13 5 5 4 2 3 3 3 3 2 2 2 2 2 2 2 2 1
1623790539 76 15 13 5 5 4 2 3 3 3 3 2 2 2 2 2 2 2 2 1
1625086731 76 15 13 5 5 4 3 3 3 3 3 2 2 2 2 2 2 2 2 1
1625686417 77 15 13 5 5 4 3 3 3 3 3 2 2 2 2 2 2 2 2 1
1627075492 78 15 13 5 5 4 3 3 3 3 3 2 2 2 2 2 2 2 2 1
1627689186 79 15 13 5 5 4 3 3 3 3 3 2 2 2 2 2 2 2 2 1
1627941838 80 15 13 5 5 4 3 3 3 3 3 2 2 2 2 2 2 2 2 1
1627949863 81 15 13 5 5 4 3 3 3 3 3 2 2 2 2 2 2 2 2 1
1628028523 82 15 13 5 5 4 3 3 3 3 3 2 2 2 2 2 2 2 2 1
1628034255 83 15 13 5 5 4 3 3 3 3 3 2 2 2 2 2 2 2 2 1
1628041534 84 15 13 5 5 4 3 3 3 3 3 2 2 2 2 2 2 2 2 1
1629159404 85 15 13 5 5 4 3 3 3 3 3 2 2 2 2 2 2 2 2 1
1629762837 86 15 13 5 5 4 3 3 3 3 3 2 2 2 2 2 2 2 2 1
1629933824 86 15 13 6 5 4 3 3 3 3 3 2 2 2 2 2 2 2 2 1
1630138326 87 15 13 6 5 4 3 3 3 3 3 2 2 2 2 2 2 2 2 1
1630368824 87 15 13 7 5 4 3 3 3 3 3 2 2 2 2 2 2 2 2 1
1630544967 88 15 13 7 5 4 3 3 3 3 3 2 2 2 2 2 2 2 2 1
1631229512 89 15 13 7 5 4 3 3 3 3 3 2 2 2 2 2 2 2 2 1
1631232464 90 15 13 7 5 4 3 3 3 3 3 2 2 2 2 2 2 2 2 1
1631577331 91 15 13 7 5 4 3 3 3 3 3 2 2 2 2 2 2 2 2 1
1631610134 92 15 13 7 5 4 3 3 3 3 3 2 2 2 2 2 2 2 2 1
1631661568 93 15 13 7 5 4 3 3 3 3 3 2 2 2 2 2 2 2 2 1
1631830597 94 15 13 7 5 4 3 3 3 3 3 2 2 2 2 2 2 2 2 1
1637797120 95 15 13 7 5 4 3 3 3 3 3 2 2 2 2 2 2 2 2 1
1638238788 96 15 13 7 5 4 3 3 3 3 3 2 2 2 2 2 2 2 2 1
1638316175 97 15 13 7 5 4 3 3 3 3 3 2 2 2 2 2 2 2 2 1
1638487054 98 15 13 7 5 4 3 3 3 3 3 2 2 2 2 2 2 2 2 1
1639176336 99 15 13 7 5 4 3 3 3 3 3 2 2 2 2 2 2 2 2 1
1640046831 100 15 13 7 5 4 3 3 3 3 3 2 2 2 2 2 2 2 2 1
1640910075 101 15 13 7 5 4 3 3 3 3 3 2 2 2 2 2 2 2 2 1
1641430742 102 15 13 7 5 4 3 3 3 3 3 2 2 2 2 2 2 2 2 1
1641598215 103 15 13 7 5 4 3 3 3 3 3 2 2 2 2 2 2 2 2 1
1642042655 104 15 13 7 5 4 3 3 3 3 3 2 2 2 2 2 2 2 2 1
