1443015040 399
1443181136 399
1443189415 399
1445598082 455
1449235538 464
1452187902 466
1454322534 466
1455025641 466
1455286675 472
1455747240 472
1456958394 472
1457546064 782
1458055478 788
1478546312 789
1486634744 789
1486666794 790
1486666805 791
1493109679 786
1502890065 786
1506471781 786
1519398788 805
1522865987 806
1522866029 807
1522866053 823
1523017754 828
1524872709 885
1525293480 1086
1525383605 1199
1527637583 932
1527871713 919
1528131660 924
1528153134 924
1528153189 925
1528400523 858
1529622458 860
1530047500 885
1530052195 896
1530054660 953
1530664946 953
1531247669 954
1531248851 1994
1531954713 1994
1532471163 1994
1532472194 1994
1532479271 1994
1532549821 1994
1532549840 1994
1532549864 2003
1532633636 2003
1533253865 2003
1533333275 2003
1534194947 2003
1534276089 2006
1534366621 2006
1534539795 2006
1534912921 2013
1535762781 2013
1536188665 2013
1536695251 2013
1536699039 2031
1536702626 2031
1536703723 2031
1536705015 2031
1537208275 2031
1540220860 2036
1540512863 2036
1540597289 2272
1540981265 2271
1541175527 2270
1542058850 2274
1542069572 2275
1542966119 2274
1544141243 2274
1544210338 2274
1546636230 2274
1546890110 2275
1547081518 2275
1547245816 2279
1547768610 2279
1548855048 2280
1549925879 2456
1550018937 2456
1550881887 2456
1551488536 2481
1551919508 2482
1552432970 2523
1552681658 2523
1552952138 2523
1554762550 2523
1555636579 2523
1556037144 2523
1556210179 2523
1556649124 2523
1558654377 2526
1559321492 2526
1559855364 2526
1560209871 2522
1560957413 2523
1561422583 2523
1561594328 1424
1561660415 1424
1562016386 1424
1562204510 1424
1562886474 1419
1562896577 1419
1563229732 1419
1563405384 1419
1563485866 1419
1564011609 1419
1564439170 1419
1565990547 1419
1566003637 1553
1568038214 1553
1568237350 1553
1569980058 1553
1570833548 1553
1571254846 1553
1571790982 1553
1571945995 1553
1572464081 1553
1572590248 1553
1573472352 1550
1573868981 1550
1574206465 1550
1576774975 1549
1576868924 1549
1578098320 1549
1578437127 1549
1578607279 1549
1579213728 1549
1579213971 1556
1579305074 1556
1582670896 1556
1582747085 1556
1582936307 1556
1583967443 1556
1585865076 1558
1586888436 1558
1589402587 1558
1590712042 1558
1591317877 1558
1592864007 1558
1594077575 1558
1600453100 1558
1601954838 1558
1602117955 1558
1604007423 1558
1604014575 1558
1604538371 1558
1605121734 1558
1607116152 1564
1607124514 1564
1608677286 1568
1608760529 1568
1609287460 1568
1609969659 1568
1609977978 1568
1612222085 1568
1612391213 1569
1612919469 1569
1613686235 1569
1618605037 1574
1618617449 1574
1618862518 1574
1619646657 1574
1620836966 1574
1621558831 1574
1621664331 1574
1622671807 1574
1623718792 1574
1623790539 1574
1625086731 1574
1625686417 1574
1627075492 1574
1627689186 1574
1627941838 1574
1627949863 1574
1628028523 1574
1628034255 1574
1628041534 1574
1629159404 1574
1629762837 1574
1629933824 1771
1630138326 1771
1630368824 1771
1630544967 1771
1631229512 1771
1631232464 1771
1631577331 1771
1631610134 1771
1631661568 1771
1631830597 1771
1637797120 1771
1638238788 1777
1638316175 1777
1638487054 1783
1639176336 1783
1640046831 1783
1640910075 1783
1641430742 1783
1641598215 1783
1642042655 1783
