1443015040 0 0 0 0 0 0 0 0 399 0 0 0 0 0 0 0 0 0 0 0
1443181136 0 0 0 0 0 0 0 0 400 0 0 0 0 0 0 0 0 0 0 0
1443189415 0 0 0 0 2 0 0 0 400 0 0 0 0 0 0 0 0 0 0 0
1445598082 0 0 0 0 2 0 0 0 400 76 0 0 0 0 0 0 0 0 0 0
1449235538 0 0 0 0 2 0 0 0 400 99 0 0 0 0 0 0 0 0 0 0
1452187902 0 0 0 0 2 0 0 0 411 99 0 0 0 0 0 0 0 0 0 0
1454322534 0 0 0 0 5 0 0 0 411 99 0 0 0 0 0 0 0 0 0 0
1455025641 0 0 0 0 8 0 0 0 411 99 0 0 0 0 0 0 0 0 0 0
1455286675 0 0 0 0 45 0 0 0 411 99 0 0 0 0 0 0 0 0 0 0
1455747240 0 0 0 0 45 0 0 0 411 99 0 0 0 0 0 0 0 0 0 0
1456958394 0 0 0 0 45 0 0 0 411 101 0 0 0 0 0 0 0 0 0 0
1457546064 0 0 0 0 45 0 0 0 411 101 0 0 0 0 0 0 0 0 0 0
1458055478 0 0 0 0 45 0 0 0 411 101 0 0 0 0 0 0 0 0 0 0
1478543237 0 0 0 0 45 0 0 0 411 101 0 0 1 0 0 0 0 0 0 0
1478546312 0 0 0 0 45 0 0 0 411 101 0 0 1 0 0 0 0 0 0 0
1486634744 0 0 0 0 45 0 0 0 411 101 0 0 1 0 0 0 0 0 1 0
1486666794 0 0 0 0 45 0 0 0 411 101 0 0 1 0 3 0 0 0 1 0
1486666805 0 0 0 0 45 0 0 0 411 101 0 0 1 0 4 0 0 0 1 0
1493109679 0 0 0 0 45 0 0 0 411 101 0 0 1 0 4 0 0 0 1 0
1502890065 0 0 0 0 45 0 0 0 411 101 0 0 3 0 4 0 0 0 1 0
1506471781 0 0 0 0 45 0 0 0 411 101 0 0 3 0 4 0 0 0 1 0
1519398788 0 0 0 0 45 0 0 0 411 101 0 0 3 0 4 0 0 0 1 0
1522865987 0 0 0 0 45 0 0 0 411 101 0 0 3 0 4 0 0 0 1 0
1522866029 0 0 0 0 45 0 0 0 411 101 0 0 3 0 4 0 0 0 1 0
1522866053 0 0 0 0 45 0 0 0 411 101 0 0 3 0 4 0 0 0 1 0
1523017754 0 0 0 0 45 0 5 0 411 101 0 0 3 0 4 0 0 0 1 0
1524872709 0 0 0 0 45 0 5 0 411 101 0 0 3 0 4 0 64 0 1 0
1525293480 0 0 0 0 45 0 5 0 411 101 0 0 3 0 4 0 265 0 1 0
1525383605 0 0 0 0 45 0 5 0 411 101 318 0 3 0 4 0 265 0 1 0
1527637583 0 47 0 0 45 0 5 0 411 101 318 0 3 0 4 0 265 0 1 0
1527871713 0 59 0 0 45 0 5 0 411 101 318 0 3 0 4 0 265 0 1 0
1528131660 0 66 0 0 45 0 5 0 411 101 318 0 3 0 4 0 265 0 1 0
1528153134 0 68 0 0 45 0 5 0 411 101 318 0 3 0 4 0 265 0 1 0
1528153189 0 84 0 0 45 0 5 0 411 101 318 0 3 0 4 0 265 0 1 0
1528400523 0 85 0 0 45 0 5 0 411 101 318 0 3 0 4 0 265 0 1 0
1529622458 0 90 0 0 45 0 5 0 411 101 318 0 3 0 4 0 265 0 1 0
1530047500 0 128 0 0 45 0 5 0 411 101 318 0 3 0 4 0 265 0 1 0
1530052195 0 128 14 0 45 0 5 0 411 101 318 0 3 0 4 0 265 0 1 0
1530054660 0 215 14 0 45 0 5 0 411 101 318 0 3 0 4 0 265 0 1 0
1530664946 1 215 14 0 45 0 5 0 411 101 318 0 3 0 4 0 265 0 1 0
1531247669 1 215 14 0 45 0 5 0 411 101 318 0 3 0 4 0 265 1 1 0
1531248851 1 1261 14 0 45 0 5 0 411 101 318 0 3 0 4 0 265 1 1 0
1531954713 5 1261 14 0 45 0 5 0 411 101 318 0 3 0 4 0 265 1 1 0
1532471163 5 1261 15 0 45 0 5 0 411 101 318 0 3 0 4 0 265 1 1 0
1532472194 5 1261 16 0 45 0 5 0 411 101 318 0 3 0 4 0 265 1 1 0
1532479271 9 1261 16 0 45 0 5 0 411 101 318 0 3 0 4 0 265 1 1 0
1532549821 9 1263 16 0 45 0 5 0 411 101 318 0 3 0 4 0 265 1 1 0
1532549840 9 1264 16 0 45 0 5 0 411 101 318 0 3 0 4 0 265 1 1 0
1532549864 9 1360 16 0 45 0 5 0 411 101 318 0 3 0 4 0 265 1 1 0
1532633636 9 1360 17 0 45 0 5 0 411 101 318 0 3 0 4 0 265 1 1 0
1533253865 13 1360 17 0 45 0 5 0 411 101 318 0 3 0 4 0 265 1 1 0
1533333275 17 1360 17 0 45 0 5 0 411 101 318 0 3 0 4 0 265 1 1 0
1534194947 21 1360 17 0 45 0 5 0 411 101 318 0 3 0 4 0 265 1 1 0
1534276089 21 1360 21 0 45 0 5 0 411 101 318 0 3 0 4 0 265 1 1 0
1534366621 25 1360 21 0 45 0 5 0 411 101 318 0 3 0 4 0 265 1 1 0
1534539795 29 1360 21 0 45 0 5 0 411 101 318 0 3 0 4 0 265 1 1 0
1534912921 29 1360 30 0 45 0 5 0 411 101 318 0 3 0 4 0 265 1 1 0
1535762781 33 1360 30 0 45 0 5 0 411 101 318 0 3 0 4 0 265 1 1 0
1536188665 37 1360 30 0 45 0 5 0 411 101 318 0 3 0 4 0 265 1 1 0
1536695251 41 1360 30 0 45 0 5 0 411 101 318 0 3 0 4 0 265 1 1 0
1536699039 41 1360 51 0 45 0 5 0 411 101 318 0 3 0 4 0 265 1 1 0
1536702626 41 1360 52 0 45 0 5 0 411 101 318 0 3 0 4 0 265 1 1 0
1536703723 45 1360 52 0 45 0 5 0 411 101 318 0 3 0 4 0 265 1 1 0
1536705015 45 1360 53 0 45 0 5 0 411 101 318 0 3 0 4 0 265 1 1 0
1537208275 45 1360 53 0 45 0 5 0 411 101 318 0 3 0 4 0 265 1 1 0
1540220860 45 1360 53 0 45 0 5 0 411 101 318 18 3 0 4 0 265 1 1 0
1540512863 45 1363 53 0 45 0 5 0 411 101 318 18 3 0 4 0 265 1 1 0
1540597289 45 1363 53 332 45 0 5 0 411 101 318 18 3 0 4 0 265 1 1 0
1540981265 45 1365 53 332 45 0 5 0 411 101 318 18 3 0 4 0 265 1 1 0
1541175527 45 1365 53 332 45 0 5 0 411 101 318 20 3 0 4 0 265 1 1 0
1542058850 45 1365 53 337 45 0 5 0 411 101 318 20 3 0 4 0 265 1 1 0
1542069572 45 1365 53 337 45 0 5 0 411 101 318 20 3 0 4 0 265 1 1 0
1542966119 45 1365 53 337 45 0 5 17 411 101 318 20 3 0 4 0 265 1 1 0
1544141243 50 1365 53 337 45 0 5 17 411 101 318 20 3 0 4 0 265 1 1 0
1544210338 50 1365 53 340 45 0 5 17 411 101 318 20 3 0 4 0 265 1 1 0
1546636230 55 1365 53 340 45 0 5 17 411 101 318 20 3 0 4 0 265 1 1 0
1546890110 55 1365 53 340 45 0 5 25 411 101 318 20 3 0 4 0 265 1 1 0
1547081518 60 1365 53 340 45 0 5 25 411 101 318 20 3 0 4 0 265 1 1 0
1547245816 60 1365 53 340 45 0 5 25 411 101 318 20 3 0 4 0 265 1 1 0
1547768610 65 1365 53 340 45 0 5 25 411 101 318 20 3 0 4 0 265 1 1 0
1548855048 65 1365 53 340 45 0 5 25 411 101 318 20 3 0 4 0 265 2 1 0
1549925879 65 1365 53 340 45 0 5 25 411 101 318 20 3 181 4 0 265 2 1 0
1550018937 65 1365 58 340 45 0 5 25 411 101 318 20 3 181 4 0 265 2 1 0
1550881887 70 1365 58 340 45 0 5 25 411 101 318 20 3 181 4 0 265 2 1 0
1551488536 70 1365 84 340 45 0 5 25 411 101 318 20 3 181 4 0 265 2 1 0
1551919508 70 1365 84 340 45 0 5 25 411 101 318 20 3 191 4 0 265 2 1 0
1552432970 70 1365 84 340 45 0 5 25 411 101 318 20 3 191 4 0 265 2 1 0
1552681658 75 1365 84 340 45 0 5 25 411 101 318 20 3 191 4 0 265 2 1 0
1552952138 75 1365 84 340 45 0 5 25 411 101 318 20 3 191 4 0 265 2 1 0
1554762550 80 1365 84 340 45 0 5 25 411 101 318 20 3 191 4 0 265 2 1 0
1555636579 85 1365 84 340 45 0 5 25 411 101 318 20 3 191 4 0 265 2 1 0
1556037144 85 1365 84 340 45 0 7 25 411 101 318 20 3 191 4 0 265 2 1 0
1556210179 85 1365 84 340 45 0 7 26 411 101 318 20 3 191 4 0 265 2 1 0
1556649124 85 1365 84 340 45 0 7 26 411 101 318 20 3 191 4 2 265 2 1 0
1558654377 85 1365 84 340 45 6 7 26 411 101 318 20 3 191 4 2 265 2 1 0
1559321492 90 1365 84 340 45 6 7 26 411 101 318 20 3 191 4 2 265 2 1 0
1559855364 95 1365 84 340 45 6 7 26 411 101 318 20 3 191 4 2 265 2 1 0
1560209871 95 1365 84 340 45 13 7 26 411 101 318 20 3 191 4 2 265 2 1 0
1560957413 95 1365 84 340 45 18 7 26 411 101 318 20 3 191 4 2 265 2 1 0
1561422583 100 1365 84 340 45 18 7 26 411 101 318 20 3 191 4 2 265 2 1 0
1561594328 182 1365 84 340 45 18 7 26 411 101 318 20 3 191 4 2 265 2 1 0
1561660415 182 1365 84 340 45 18 7 26 411 101 318 20 3 191 4 2 265 2 1 2
1562016386 187 1365 84 340 45 18 7 26 411 101 318 20 3 191 4 2 265 2 1 2
1562204510 192 1365 84 340 45 18 7 26 411 101 318 20 3 191 4 2 265 2 1 2
1562886474 192 1365 84 340 45 18 7 26 411 101 318 20 3 191 4 2 265 2 1 2
1562896577 197 1365 84 340 45 18 7 26 411 101 318 20 3 191 4 2 265 2 1 2
1563229732 202 1365 84 340 45 18 7 26 411 101 318 20 3 191 4 2 265 2 1 2
1563405384 207 1365 84 340 45 18 7 26 411 101 318 20 3 191 4 2 265 2 1 2
1563485866 212 1365 84 340 45 18 7 26 411 101 318 20 3 191 4 2 265 2 1 2
1564011609 217 1365 84 340 45 18 7 26 411 101 318 20 3 191 4 2 265 2 1 2
1564439170 222 1365 84 340 45 18 7 26 411 101 318 20 3 191 4 2 265 2 1 2
1565990547 227 1365 84 340 45 18 7 26 411 101 318 20 3 191 4 2 265 2 1 2
1566003637 227 1365 84 340 45 18 7 26 411 101 318 20 3 191 4 154 265 2 1 2
1568038214 227 1365 84 349 45 18 7 26 411 101 318 20 3 191 4 154 265 2 1 2
1568237350 232 1365 84 349 45 18 7 26 411 101 318 20 3 191 4 154 265 2 1 2
1569980058 237 1365 84 349 45 18 7 26 411 101 318 20 3 191 4 154 265 2 1 2
1570833548 237 1365 84 349 45 18 7 26 411 101 318 20 3 191 4 154 265 2 1 2
1571254846 237 1365 84 349 45 18 7 26 411 101 318 20 3 191 4 154 265 2 1 2
1571790982 242 1365 84 349 45 18 7 26 411 101 318 20 3 191 4 154 265 2 1 2
1571945995 242 1365 84 349 45 18 7 26 411 101 322 20 3 191 4 154 265 2 1 2
1572464081 247 1365 84 349 45 18 7 26 411 101 322 20 3 191 4 154 265 2 1 2
1572590248 252 1365 84 349 45 18 7 26 411 101 322 20 3 191 4 154 265 2 1 2
1573472352 252 1365 84 349 45 18 7 26 411 101 322 20 3 191 4 154 265 2 1 2
1573868981 257 1365 84 349 45 18 7 26 411 101 322 20 3 191 4 154 265 2 1 2
1574206465 262 1365 84 349 45 18 7 26 411 101 322 20 3 191 4 154 265 2 1 2
1576774975 262 1365 84 349 45 20 7 26 411 101 322 20 3 191 4 154 265 2 1 2
1576868924 267 1365 84 349 45 20 7 26 411 101 322 20 3 191 4 154 265 2 1 2
1578098320 272 1365 84 349 45 20 7 26 411 101 322 20 3 191 4 154 265 2 1 2
1578437127 277 1365 84 349 45 20 7 26 411 101 322 20 3 191 4 154 265 2 1 2
1578607279 282 1365 84 349 45 20 7 26 411 101 322 20 3 191 4 154 265 2 1 2
1579213728 287 1365 84 349 45 20 7 26 411 101 322 20 3 191 4 154 265 2 1 2
1579213971 287 1365 84 356 45 20 7 26 411 101 322 20 3 191 4 154 265 2 1 2
1579305074 292 1365 84 356 45 20 7 26 411 101 322 20 3 191 4 154 265 2 1 2
1582670896 297 1365 84 356 45 20 7 26 411 101 322 20 3 191 4 154 265 2 1 2
1582747085 297 1365 86 356 45 20 7 26 411 101 322 20 3 191 4 154 265 2 1 2
1582936307 302 1365 86 356 45 20 7 26 411 101 322 20 3 191 4 154 265 2 1 2
1583967443 307 1365 86 356 45 20 7 26 411 101 322 20 3 191 4 154 265 2 1 2
1585865076 307 1365 86 356 45 20 7 26 411 101 322 20 3 191 4 154 265 2 1 2
1586888436 307 1365 86 356 45 20 7 26 411 101 322 20 3 191 4 154 265 2 1 2
1589402587 307 1365 86 356 45 20 7 26 411 101 322 20 3 191 4 154 265 2 1 2
1590712042 312 1365 86 356 45 20 7 26 411 101 322 20 3 191 4 154 265 2 1 2
1591317877 317 1365 86 356 45 20 7 26 411 101 322 20 3 191 4 154 265 2 1 2
1592864007 322 1365 86 356 45 20 7 26 411 101 322 20 3 191 4 154 265 2 1 2
1594077575 327 1365 86 356 45 20 7 26 411 101 322 20 3 191 4 154 265 2 1 2
1600453100 332 1365 86 356 45 20 7 26 411 101 322 20 3 191 4 154 265 2 1 2
1601954838 337 1365 86 356 45 20 7 26 411 101 322 20 3 191 4 154 265 2 1 2
1602117955 342 1365 86 356 45 20 7 26 411 101 322 20 3 191 4 154 265 2 1 2
1604007423 347 1365 86 356 45 20 7 26 411 101 322 20 3 191 4 154 265 2 1 2
1604014575 352 1365 86 356 45 20 7 26 411 101 322 20 3 191 4 154 265 2 1 2
1604538371 357 1365 86 356 45 20 7 26 411 101 322 20 3 191 4 154 265 2 1 2
1605121734 357 1365 86 356 45 20 7 26 411 101 322 20 3 191 4 154 265 2 1 2
1607116152 357 1365 86 356 45 20 7 26 411 101 335 20 3 191 4 154 265 2 1 2
1607124514 362 1365 86 356 45 20 7 26 411 101 335 20 3 191 4 154 265 2 1 2
1608677286 362 1365 86 356 45 20 7 26 411 101 335 20 3 191 4 154 265 2 1 2
1608760529 362 1365 86 356 45 20 7 26 411 101 335 20 3 191 4 154 265 2 1 2
1609287460 367 1365 86 356 45 20 7 26 411 101 335 20 3 191 4 154 265 2 1 2
1609969659 372 1365 86 356 45 20 7 26 411 101 335 20 3 191 4 154 265 2 1 2
1609977978 377 1365 86 356 45 20 7 26 411 101 335 20 3 191 4 154 265 2 1 2
1612222085 382 1365 86 356 45 20 7 26 411 101 335 20 3 191 4 154 265 2 1 2
1612391213 382 1365 86 356 45 20 7 26 411 101 335 20 3 191 4 154 265 2 1 2
1612919469 387 1365 86 356 45 20 7 26 411 101 335 20 3 191 4 154 265 2 1 2
1613686235 392 1365 86 356 45 20 7 26 411 101 335 20 3 191 4 154 265 2 1 2
1618605037 436 1365 86 356 45 20 7 26 411 101 335 20 3 191 4 154 265 2 1 2
1618617449 441 1365 86 356 45 20 7 26 411 101 335 20 3 191 4 154 265 2 1 2
1618862518 446 1365 86 356 45 20 7 26 411 101 335 20 3 191 4 154 265 2 1 2
1619646657 451 1365 86 356 45 20 7 26 411 101 335 20 3 191 4 154 265 2 1 2
1620836966 456 1365 86 356 45 20 7 26 411 101 335 20 3 191 4 154 265 2 1 2
1621558831 461 1365 86 356 45 20 7 26 411 101 335 20 3 191 4 154 265 2 1 2
1621664331 466 1365 86 356 45 20 7 26 411 101 335 20 3 191 4 154 265 2 1 2
1622671807 471 1365 86 356 45 20 7 26 411 101 335 20 3 191 4 154 265 2 1 2
1623718792 476 1365 86 356 45 20 7 26 411 101 335 20 3 191 4 154 265 2 1 2
1623790539 481 1365 86 356 45 20 7 26 411 101 335 20 3 191 4 154 265 2 1 2
1625086731 481 1365 86 356 45 20 15 26 411 101 335 20 3 191 4 154 265 2 1 2
1625686417 486 1365 86 356 45 20 15 26 411 101 335 20 3 191 4 154 265 2 1 2
1627075492 491 1365 86 356 45 20 15 26 411 101 335 20 3 191 4 154 265 2 1 2
1627689186 496 1365 86 356 45 20 15 26 411 101 335 20 3 191 4 154 265 2 1 2
1627941838 501 1365 86 356 45 20 15 26 411 101 335 20 3 191 4 154 265 2 1 2
1627949863 506 1365 86 356 45 20 15 26 411 101 335 20 3 191 4 154 265 2 1 2
1628028523 511 1365 86 356 45 20 15 26 411 101 335 20 3 191 4 154 265 2 1 2
1628034255 516 1365 86 356 45 20 15 26 411 101 335 20 3 191 4 154 265 2 1 2
1628041534 521 1365 86 356 45 20 15 26 411 101 335 20 3 191 4 154 265 2 1 2
1629159404 526 1365 86 356 45 20 15 26 411 101 335 20 3 191 4 154 265 2 1 2
1629762837 531 1365 86 356 45 20 15 26 411 101 335 20 3 191 4 154 265 2 1 2
1629933824 531 1365 86 553 45 20 15 26 411 101 335 20 3 191 4 154 265 2 1 2
1630138326 536 1365 86 553 45 20 15 26 411 101 335 20 3 191 4 154 265 2 1 2
1630368824 536 1365 86 561 45 20 15 26 411 101 335 20 3 191 4 154 265 2 1 2
1630544967 541 1365 86 561 45 20 15 26 411 101 335 20 3 191 4 154 265 2 1 2
1631229512 546 1365 86 561 45 20 15 26 411 101 335 20 3 191 4 154 265 2 1 2
1631232464 551 1365 86 561 45 20 15 26 411 101 335 20 3 191 4 154 265 2 1 2
1631577331 556 1365 86 561 45 20 15 26 411 101 335 20 3 191 4 154 265 2 1 2
1631610134 561 1365 86 561 45 20 15 26 411 101 335 20 3 191 4 154 265 2 1 2
1631661568 566 1365 86 561 45 20 15 26 411 101 335 20 3 191 4 154 265 2 1 2
1631830597 571 1365 86 561 45 20 15 26 411 101 335 20 3 191 4 154 265 2 1 2
1637797120 576 1365 86 561 45 20 15 26 411 101 335 20 3 191 4 154 265 2 1 2
1638238788 587 1365 86 561 45 20 15 26 411 101 335 20 3 191 4 154 265 2 1 2
1638316175 592 1365 86 561 45 20 15 26 411 101 335 20 3 191 4 154 265 2 1 2
1638487054 603 1365 86 561 45 20 15 26 411 101 335 20 3 191 4 154 265 2 1 2
1639176336 608 1365 86 561 45 20 15 26 411 101 335 20 3 191 4 154 265 2 1 2
1640046831 613 1365 86 561 45 20 15 26 411 101 335 20 3 191 4 154 265 2 1 2
1640910075 618 1365 86 561 45 20 15 26 411 101 335 20 3 191 4 154 265 2 1 2
1641430742 623 1365 86 561 45 20 15 26 411 101 335 20 3 191 4 154 265 2 1 2
1641598215 628 1365 86 561 45 20 15 26 411 101 335 20 3 191 4 154 265 2 1 2
1642042655 633 1365 86 561 45 20 15 26 411 101 335 20 3 191 4 154 265 2 1 2
