1587483865 918
1587494104 10744
1587494380 11230
1587508940 11298
1587510590 11324
1587510745 11324
1587578171 11325
1587578501 11337
1587579395 11389
1587658113 12831
1587658578 11389
1587659424 11261
1587749036 11342
1589215367 11359
1590098645 12125
1612378449 12124
1612387507 12654
1616942872 12836
1616945889 12850
1618091574 12782
1618172834 12823
1618174303 12874
1618177906 12825
1618178353 12887
1618317314 12887
1618318236 12922
1618340514 12923
1618344174 12956
1618349403 12956
1618415272 12957
1618415354 13045
1618512813 13041
1618598357 13041
1618604018 13041
1619199954 13063
1619539374 13166
1619555123 13246
1619620663 13324
1619732571 13325
1619842381 13247
1619958662 13247
1619992561 13397
1620080320 13553
1620150376 13777
1620162363 13836
1620165680 13923
1620225056 13923
1620226951 13928
1620325913 13956
1620344984 14048
1620401220 14144
1620404794 13737
1620761412 12181
1620761504 12181
1620836490 12534
1620836945 12534
1620842829 12535
1620995266 12535
1621434046 12535
1621954182 12535
1622238680 12537
1622901808 12539
1622901855 12543
1625494244 12539
1642010681 12527
1644172394 12537
1644172499 12537
1644173439 12464
1650558322 12464
1668696732 12496
1669844748 12528
1670267905 12528
1675101915 12798
1675368492 13220
1675709052 13230
1675710178 13233
1675789690 13382
1675800181 13484
1675802472 13526
1675870114 12803
1675955423 13224
1676474289 13526
1676496042 13526
1676496145 13534
1676560695 13534
1676587238 13532
1676642249 13511
1676645420 13511
1678126275 13339
1680964484 13339
1680966038 13432
1681312567 13440
1681330944 13437
1683893010 13454
1689768340 13462
