1471135052 711
1471135087 713
1471135365 722
1471221045 745
1484952205 745
1485932742 745
1485932763 766
1486000009 770
1486000055 774
1488232062 774
1488294963 794
1488405151 794
1490026000 794
1495333819 813
1496517724 813
1496600103 860
1497488736 904
1497587516 904
1504882437 903
1507301198 900
1507646947 963
1509114964 1001
1509115016 1083
1509116405 1112
1509473331 1112
1509473474 1502
1509503082 1511
1509546584 1660
1509599083 1697
1510764532 1721
1510764541 1724
1511279391 1746
1511279410 1781
1511284285 1835
1511286926 1860
1511289959 1905
1511716314 1943
1513955510 1943
1514671003 2143
1514826984 2182
1514827013 2216
1514861596 2629
1515643262 2629
1515977019 2624
1516559500 2619
1516559818 2617
1516817325 2653
1516984460 2654
1518450647 2656
1518458451 2742
1518995007 2742
1518995449 2926
1518996983 2971
1519573955 3110
1522342531 3114
1524018843 3116
1526408198 3117
1526664133 3200
1526697189 3257
1528736556 3303
1528741568 3355
1529940968 3374
1531321606 3382
1531597065 3386
1531785568 3444
1532101668 3444
1533272353 3447
1533826370 3449
1534175467 3449
1534949161 3575
1536037525 3575
1536080638 3625
1537132832 3635
1539264226 3663
1539445487 3672
1541430787 3674
1541776045 3681
1541776075 3681
1541824772 3682
1542649706 3686
1543504701 3686
1543903644 3718
1546025048 3718
1546641660 3748
1548113975 3761
1548379013 3803
1548885761 3805
1549868493 3822
1550010766 3822
1553218222 3852
1554140340 3858
1554560787 3871
1554561457 3865
1554561469 3865
1554678821 3866
1555960072 3874
1556393934 3960
1556401984 3937
1559157961 3942
1563576329 3944
1565011303 3949
1568657701 3975
1568657971 4005
1568659902 3982
1569441002 5556
1569487118 5649
1569514440 5648
1570056263 5655
1570461603 5658
1572449693 5685
1573595745 5688
1573627949 5688
1573673427 5996
1573856705 6052
1574102671 6205
1574124049 6193
1574175524 6195
1575669936 6205
1575786379 6209
1575786477 6243
1575786499 6260
1576544148 6291
1576879360 6292
1579118399 6295
1580349362 6320
1580416893 6326
1582430722 6332
1582750641 6349
1586651267 6351
1586710985 6366
1586970484 6376
1588368648 6391
1590085191 6580
1591047380 6580
1591373965 6580
1591763352 6572
1591812253 6569
1593212068 6603
1596677845 6610
1604082913 6609
1604512376 6615
1606005456 6615
1606096833 6617
1606097530 6613
1606098386 6789
1606155806 6832
1610386445 6833
1610647167 6834
1611019749 6950
1613697143 7475
1613754085 7553
1614531317 7554
1618769431 7554
1619053724 7553
1621622895 7553
1621795657 7537
1622126833 7544
