1557921607 155
1557921861 156
1557922132 162
1557927524 157
1557936141 157
1557996994 157
1558074524 193
1558076790 191
1558077154 184
1558077395 184
1558078419 176
1558079881 183
1558080237 187
1558081532 187
1558087781 189
1558594414 189
1558597951 204
1558605547 211
1558606417 214
1558606699 213
1558609043 214
1558633916 216
1558636904 216
1558678602 216
1558938580 217
1559892286 217
1559907447 218
1560418380 285
1560420761 297
1560841089 298
1560927528 296
1560927569 296
1561018172 295
1561027648 295
1561028542 303
1561028745 303
1561029515 303
1561034112 311
1561039781 311
1561543635 311
1561578715 311
1561615280 328
1561617157 336
1561629493 326
1561629731 326
1561701556 326
1561703602 326
1561972822 331
1561982802 339
1567513179 339
1568097296 381
1568098747 376
1568098861 376
1568112275 379
1568125358 548
1568179241 548
1568272508 580
1584697587 588
1584942409 588
1594884425 587
1595596417 611
1595597884 608
1595865177 608
1595874524 608
1595874870 614
1595888743 612
1595925673 614
1595942915 615
1595944052 674
1595946939 679
1595947437 675
1595959481 676
1596094131 676
1596195015 680
1596195692 688
1596654112 688
1597394050 690
1604064030 799
1604065160 823
1604661333 823
1604759595 823
1604763919 825
1604764621 824
1604765475 820
1604766576 833
1604856034 859
1605282116 1105
1605343578 1296
1605367860 1497
1605377814 1387
1605470817 1341
1605471697 1341
1605471912 1341
1605473895 1296
1605822839 1297
1605864900 1297
