1513884032 259
1515519957 2027
1515585294 2029
1533822499 2052
1533822516 2043
1533822523 2054
1534401776 2079
1535034788 2080
1548866002 2081
1559765344 2085
1559765410 2085
1559791039 2127
1559848346 6911
1559915859 6903
1559934332 7227
1560184544 7229
1560262909 7230
1560265109 7230
1560544358 7240
1560554344 7255
1560797890 7256
1562083478 7248
1562188660 7339
1564110060 7465
1564153297 7493
1564162968 7494
1564406159 7494
1564406730 7494
1564539783 7542
1565028789 7554
1565028973 7575
1565292651 7575
1565840215 7574
1565901305 7618
1565948467 7591
1568310934 8024
1569000166 8024
1569002077 8039
1569003166 8089
1569834433 8111
1569847182 8111
1569855870 8112
1571737476 8205
1572281900 8204
1573841385 8219
1575494118 8219
1575495121 8219
1582556035 8218
1582868980 8244
1582869365 8245
1582869744 8334
1582870957 9811
1582871387 9802
1583952561 9802
1584040472 9821
1584040653 9821
1586222825 9835
1586227107 9836
1586227170 9836
1586989342 10890
1587076326 10888
1587141075 10890
1587143402 10890
1587431727 10925
1587740530 10891
1588016840 10959
1588017337 10953
1588034589 10953
1588093476 10972
1588176187 11000
1588605054 11000
1588616693 11095
1588800454 11097
1589856049 11097
1589907077 11102
1589911583 11102
1590173442 11116
1590526403 11403
1590625974 11403
1590628836 11403
1590628945 11412
1590676920 11429
1590688916 11428
1590689255 11445
1590689412 11445
1593613680 11451
1594306903 11450
1594324887 11491
1594772101 11521
1594772268 11518
1594772327 11518
1594830108 11530
1594831679 11517
1594839542 11526
1596511560 11303
1596813452 11304
1596813740 10469
1596814381 10476
1596835152 10745
1596835197 10719
1597934686 10681
1598495429 10687
1598497376 10899
1599613350 10983
1599746448 11018
1600911339 11017
1600949795 11220
1600974960 11196
1600975169 11395
1601043553 11401
1601433120 11562
1601482223 11608
1601495934 11608
1601587083 11622
1601589320 11754
1602708131 11967
1603773345 12017
1604943140 12065
1607150733 12065
1607356556 12067
1607441392 12067
1609819308 12067
1610598635 12072
1610600435 12614
1610602053 12623
1611084108 12618
1611088362 12904
1611092754 12923
1611154140 12923
1611169940 12931
1611256076 12941
1611512447 12941
1611603747 12975
1612364532 12977
1612364565 12977
1612415383 13267
1612994378 14446
1614209219 14567
1614723462 14620
1614782426 14620
1615054717 14623
1615236206 15087
1615238417 15349
1615340011 13700
1615433237 13701
1615994692 13736
1617721580 13884
1617725225 13955
1617924007 13994
1618583855 13992
1618836170 14031
1619029747 14117
1619455859 14117
1619459789 14727
1619472436 15041
1619555376 15208
1619713997 15224
1619783871 15358
1620137841 15342
1620231895 16296
1620249410 16406
1620339158 16717
1620834880 16718
1621275990 16730
1621276293 16729
1621298595 16719
1622302690 16720
1623163898 16393
1623165460 16370
1623174652 16371
1623185751 16358
1623205932 16364
1623255035 16435
1623261455 16431
1623261590 16432
1623261728 16432
1624324842 16471
1624332213 16590
1625592905 17282
1625595662 17749
1625681720 17749
1626122846 17808
1626191109 18073
1626282534 18072
1626302031 18116
1626319779 18210
1627665883 18867
1627676234 18884
1627942506 18939
1628194435 18960
1628195431 18990
1628444934 19041
1628517025 19084
1628518968 19111
1628536751 19634
1628783250 19647
1628783458 19648
1628785660 19649
1628787084 21045
1628796466 21055
1629160645 21056
1629292501 21063
1629293029 21105
1629293537 21122
1630498564 21081
1630546949 21119
1632508789 21224
1634575154 21391
1634590487 21451
1634591109 21510
1634616499 21519
1634654381 21521
1634689071 21625
1634841967 21625
1634852098 21642
1634875214 21642
1635365361 21642
1635794564 21686
1635993866 21679
1636051080 21679
1636054584 21868
1636055774 21939
1636056116 21944
1636114083 21935
1636133780 21935
1636344990 22022
1636460728 22153
1636506699 22153
1636659949 22176
1636995372 22232
1638850870 22305
1638850965 22412
1638852598 22524
1638855113 22512
1638857758 23317
1639589066 23382
1640149388 23382
1640409276 23381
1641511682 23381
1641866745 23439
1642720748 23486
