1505856301 1 0 0 0 0 0 0 0 0 0 0 0 0 0 0 0 0 0 0 0
1506019016 2 0 0 0 0 0 0 0 0 0 0 0 0 0 0 0 0 0 0 0
1506051017 3 0 0 0 0 0 0 0 0 0 0 0 0 0 0 0 0 0 0 0
1506101896 4 0 0 0 0 0 0 0 0 0 0 0 0 0 0 0 0 0 0 0
1506107500 5 0 0 0 0 0 0 0 0 0 0 0 0 0 0 0 0 0 0 0
1506355884 6 0 0 0 0 0 0 0 0 0 0 0 0 0 0 0 0 0 0 0
1506362922 7 0 0 0 0 0 0 0 0 0 0 0 0 0 0 0 0 0 0 0
1506388704 8 0 0 0 0 0 0 0 0 0 0 0 0 0 0 0 0 0 0 0
1506392401 8 0 0 1 0 0 0 0 0 0 0 0 0 0 0 0 0 0 0 0
1506465955 9 0 0 1 0 0 0 0 0 0 0 0 0 0 0 0 0 0 0 0
1506467036 10 0 0 1 0 0 0 0 0 0 0 0 0 0 0 0 0 0 0 0
1506467089 10 0 0 2 0 0 0 0 0 0 0 0 0 0 0 0 0 0 0 0
1506489891 10 0 0 2 0 0 0 0 0 0 0 0 0 0 0 0 0 0 0 0
1506491184 10 0 0 3 0 0 0 0 0 0 0 0 0 0 0 0 0 0 0 0
1506548882 10 0 0 3 0 0 0 0 0 0 0 0 0 0 0 1 0 0 0 0
1506549500 10 0 0 3 0 0 0 0 0 0 0 0 0 0 0 2 0 0 0 0
1506554307 12 0 0 4 0 0 0 0 0 0 0 0 0 0 0 2 0 0 0 0
1506630180 13 0 0 4 0 0 0 0 0 0 0 0 0 0 0 2 0 0 0 0
1506636362 14 0 0 4 0 0 0 0 0 0 0 0 0 0 0 2 0 0 0 0
1506641175 14 0 0 5 0 0 0 0 0 0 0 0 0 0 0 2 0 0 0 0
1506976529 15 0 0 5 0 0 0 0 0 0 0 0 0 0 0 2 0 0 0 0
1506984817 16 0 0 5 0 0 0 0 0 0 0 0 0 0 0 2 0 0 0 0
1506985759 17 0 0 5 0 0 0 0 0 0 0 0 0 0 0 2 0 0 0 0
1506992142 17 0 0 6 0 0 0 0 0 0 0 0 0 0 0 2 0 0 0 0
1507065761 18 0 0 6 0 0 0 0 0 0 0 0 0 0 0 2 0 0 0 0
1507244216 19 0 0 6 0 0 0 0 0 0 0 0 0 0 0 2 0 0 0 0
1507249479 20 0 0 6 0 0 0 0 0 0 0 0 0 0 0 2 0 0 0 0
1507310752 20 0 0 7 0 0 0 0 0 0 0 0 0 0 0 2 0 0 0 0
1507498689 20 0 0 7 0 0 0 0 0 0 0 0 0 0 0 2 0 0 0 0
1507573094 20 0 0 8 0 0 0 0 0 0 0 0 0 0 0 2 0 0 0 0
1507586193 21 0 0 8 0 0 0 0 0 0 0 0 0 0 0 2 0 0 0 0
1507586228 22 0 0 8 0 0 0 0 0 0 0 0 0 0 0 2 0 0 0 0
1507594906 23 0 0 8 0 0 0 0 0 0 0 0 0 0 0 2 0 0 0 0
1507660207 23 0 0 9 0 0 0 0 0 0 0 0 0 0 0 2 0 0 0 0
1508168303 23 0 0 9 0 0 0 1 0 0 0 0 0 0 0 2 0 0 0 0
1508182714 24 0 0 9 0 0 0 1 0 0 0 0 0 0 0 2 0 0 0 0
1508188344 25 0 0 9 0 0 0 1 0 0 0 0 0 0 0 2 0 0 0 0
1508195469 25 0 0 10 0 0 0 1 0 0 0 0 0 0 0 2 0 0 0 0
1508431079 26 0 0 10 0 0 0 1 0 0 0 0 0 0 0 2 0 0 0 0
1508790830 27 0 0 10 0 0 0 1 0 0 0 0 0 0 0 2 0 0 0 0
1508793608 28 0 0 10 0 0 0 1 0 0 0 0 0 0 0 2 0 0 0 0
1508801626 28 0 0 11 0 0 0 1 0 0 0 0 0 0 0 2 0 0 0 0
1509044606 29 0 0 11 0 0 0 1 0 0 0 0 0 0 0 2 0 0 0 0
1509062654 30 0 0 11 0 0 0 1 0 0 0 0 0 0 0 2 0 0 0 0
1509062683 30 0 0 12 0 0 0 1 0 0 0 0 0 0 0 2 0 0 0 0
1509750391 31 0 0 12 0 0 0 1 0 0 0 0 0 0 0 2 0 0 0 0
1510005618 32 0 0 12 0 0 0 1 0 0 0 0 0 0 0 2 0 0 0 0
1510005712 32 0 0 13 0 0 0 1 0 0 0 0 0 0 0 2 0 0 0 0
1510178611 33 0 0 13 0 0 0 1 0 0 0 0 0 0 0 2 0 0 0 0
1510181772 33 0 0 13 0 0 0 2 0 0 0 0 0 0 0 2 0 0 0 0
1510343479 34 0 0 13 0 0 0 2 0 0 0 0 0 0 0 2 0 0 0 0
1510385409 34 0 0 14 0 0 0 2 0 0 0 0 0 0 0 2 0 0 0 0
1510620886 35 0 0 14 0 0 0 2 0 0 0 0 0 0 0 2 0 0 0 0
1510700494 36 0 0 14 0 0 0 2 0 0 0 0 0 0 0 2 0 0 0 0
1510700521 36 0 0 15 0 0 0 2 0 0 0 0 0 0 0 2 0 0 0 0
1510872305 36 0 0 15 0 0 0 2 0 0 0 0 0 0 0 2 0 0 0 1
1510877432 36 1 0 15 0 0 0 2 0 0 0 0 0 0 0 2 0 0 0 1
1510886334 36 1 0 15 0 0 0 2 0 0 0 0 0 0 0 2 0 0 0 2
1510954739 36 2 0 15 0 0 0 2 0 0 0 0 0 0 0 2 0 0 0 2
1510959786 37 2 0 15 0 0 0 2 0 0 0 0 0 0 0 2 0 0 0 2
1510964838 37 3 0 15 0 0 0 2 0 0 0 0 0 0 0 2 0 0 0 2
1511203160 37 3 0 16 0 0 0 2 0 0 0 0 0 0 0 2 0 0 0 2
1511206252 38 3 0 16 0 0 0 2 0 0 0 0 0 0 0 2 0 0 0 2
1511211284 39 3 0 16 0 0 0 2 0 0 0 0 0 0 0 2 0 0 0 2
1511211660 40 3 0 16 0 0 0 2 0 0 0 0 0 0 0 2 0 0 0 2
1511214207 41 3 0 16 0 0 0 2 0 0 0 0 0 0 0 2 0 0 0 2
1511217836 41 3 0 17 0 0 0 2 0 0 0 0 0 0 0 2 0 0 0 2
1511292545 41 4 0 17 0 0 0 2 0 0 0 0 0 0 0 2 0 0 0 2
1511293910 42 4 0 17 0 0 0 2 0 0 0 0 0 0 0 2 0 0 0 2
1511375572 43 4 0 17 0 0 0 2 0 0 0 0 0 0 0 2 0 0 0 2
1511390913 43 4 0 18 0 0 0 2 0 0 0 0 0 0 0 2 0 0 0 2
1511393265 44 4 0 18 0 0 0 2 0 0 0 0 0 0 0 2 0 0 0 2
1511915479 45 4 0 18 0 0 0 2 0 0 0 0 0 0 0 2 0 0 0 2
1512072527 46 4 0 18 0 0 0 2 0 0 0 0 0 0 0 2 0 0 0 2
1512083511 46 4 1 18 0 0 0 2 0 0 0 0 0 0 0 2 0 0 0 2
1512086230 47 4 1 18 0 0 0 2 0 0 0 0 0 0 0 2 0 0 0 2
1512088365 48 4 1 18 0 0 0 2 0 0 0 0 0 0 0 2 0 0 0 2
1512168190 48 4 1 19 0 0 0 2 0 0 0 0 0 0 0 2 0 0 0 2
1512414193 49 4 1 19 0 0 0 2 0 0 0 0 0 0 0 2 0 0 0 2
1512426510 50 4 1 19 0 0 0 2 0 0 0 0 0 0 0 2 0 0 0 2
1512427631 50 4 1 20 0 0 0 2 0 0 0 0 0 0 0 2 0 0 0 2
1513020850 51 4 1 20 0 0 0 2 0 0 0 0 0 0 0 2 0 0 0 2
1513116452 52 4 1 20 0 0 0 2 0 0 0 0 0 0 0 2 0 0 0 2
1513128587 52 4 1 21 0 0 0 2 0 0 0 0 0 0 0 2 0 0 0 2
1513189532 53 4 1 21 0 0 0 2 0 0 0 0 0 0 0 2 0 0 0 2
1513371262 54 4 1 21 0 0 0 2 0 0 0 0 0 0 0 2 0 0 0 2
1513625772 55 4 1 21 0 0 0 2 0 0 0 0 0 0 0 2 0 0 0 2
1513630177 56 4 1 21 0 0 0 2 0 0 0 0 0 0 0 2 0 0 0 2
1513632371 57 4 1 21 0 0 0 2 0 0 0 0 0 0 0 2 0 0 0 2
1513638415 57 4 1 22 0 0 0 2 0 0 0 0 0 0 0 2 0 0 0 2
1513643610 58 4 1 22 0 0 0 2 0 0 0 0 0 0 0 2 0 0 0 2
1513729548 59 4 1 22 0 0 0 2 0 0 0 0 0 0 0 2 0 0 0 2
1513810440 59 5 1 22 0 0 0 2 0 0 0 0 0 0 0 2 0 0 0 2
1514508099 59 5 1 23 0 0 0 2 0 0 0 0 0 0 0 2 0 0 0 2
1514917842 60 5 1 23 0 0 0 2 0 0 0 0 0 0 0 2 0 0 0 2
1514921662 60 5 1 24 0 0 0 2 0 0 0 0 0 0 0 2 0 0 0 2
1515027702 61 5 1 24 0 0 0 2 0 0 0 0 0 0 0 2 0 0 0 2
1515109829 62 5 1 24 0 0 0 2 0 0 0 0 0 0 0 2 0 0 0 2
1515178184 62 5 1 25 0 0 0 2 0 0 0 0 0 0 0 2 0 0 0 2
1515545842 63 5 1 25 0 0 0 2 0 0 0 0 0 0 0 2 0 0 0 2
1515546311 64 5 1 25 0 0 0 2 0 0 0 0 0 0 0 2 0 0 0 2
1515547685 64 5 1 26 0 0 0 2 0 0 0 0 0 0 0 2 0 0 0 2
1515614006 64 5 1 26 0 0 0 2 0 0 0 0 0 0 0 2 0 0 0 2
1516142599 65 5 1 26 0 0 0 2 0 0 0 0 0 0 0 2 0 0 0 2
1516143922 66 5 1 26 0 0 0 2 0 0 0 0 0 0 0 2 0 0 0 2
1516148505 67 5 1 26 0 0 0 2 0 0 0 0 0 0 0 2 0 0 0 2
1516149500 67 5 1 27 0 0 0 2 0 0 0 0 0 0 0 2 0 0 0 2
1516175295 67 5 1 27 0 0 0 2 0 0 0 0 0 0 0 2 0 1 0 2
1516212280 67 5 1 27 0 0 0 2 0 0 0 0 0 0 0 2 0 2 0 2
1516215991 67 5 1 28 0 0 0 2 0 0 0 0 0 0 0 2 0 2 0 2
1516302764 68 5 1 28 0 0 0 2 0 0 0 0 0 0 0 2 0 2 0 2
1516708397 68 6 1 28 0 0 0 2 0 0 0 0 0 0 0 2 0 2 0 2
1516752494 68 7 1 28 0 0 0 2 0 0 0 0 0 0 0 2 0 2 0 2
1516815829 68 8 1 28 0 0 0 2 0 0 0 0 0 0 0 2 0 2 0 2
1516825757 69 8 1 28 0 0 0 2 0 0 0 0 0 0 0 2 0 2 0 2
1516843569 70 8 1 28 0 0 0 2 0 0 0 0 0 0 0 2 0 2 0 2
1516914521 70 8 1 29 0 0 0 2 0 0 0 0 0 0 0 2 0 2 0 2
1517011936 70 8 2 29 0 0 0 2 0 0 0 0 0 0 0 2 0 2 0 2
1517338687 71 8 2 29 0 0 0 2 0 0 0 0 0 0 0 2 0 2 0 2
1517341435 72 8 2 29 0 0 0 2 0 0 0 0 0 0 0 2 0 2 0 2
1517350836 73 8 2 29 0 0 0 2 0 0 0 0 0 0 0 2 0 2 0 2
1517355359 73 8 2 30 0 0 0 2 0 0 0 0 0 0 0 2 0 2 0 2
1520032653 74 8 2 30 0 0 0 2 0 0 0 0 0 0 0 2 0 2 0 2
1520276142 75 8 2 30 0 0 0 2 0 0 0 0 0 0 0 2 0 2 0 2
1520365086 76 8 2 30 0 0 0 2 0 0 0 0 0 0 0 2 0 2 0 2
1520365395 77 8 2 30 0 0 0 2 0 0 0 0 0 0 0 2 0 2 0 2
1520372508 77 8 2 31 0 0 0 2 0 0 0 0 0 0 0 2 0 2 0 2
1520461194 78 8 2 31 0 0 0 2 0 0 0 0 0 0 0 2 0 2 0 2
1520967891 79 8 2 31 0 0 0 2 0 0 0 0 0 0 0 2 0 2 0 2
1520968392 80 8 2 31 0 0 0 2 0 0 0 0 0 0 0 2 0 2 0 2
1520974259 80 8 2 32 0 0 0 2 0 0 0 0 0 0 0 2 0 2 0 2
1521225879 80 8 2 32 0 1 0 2 0 0 0 0 0 0 0 2 0 2 0 2
1521235792 80 8 2 32 0 2 0 2 0 0 0 0 0 0 0 2 0 2 0 2
1521503773 81 8 2 32 0 2 0 2 0 0 0 0 0 0 0 2 0 2 0 2
1521505008 81 8 2 33 0 2 0 2 0 0 0 0 0 0 0 2 0 2 0 2
1521576073 82 8 2 33 0 2 0 2 0 0 0 0 0 0 0 2 0 2 0 2
1521585775 83 8 2 33 0 2 0 2 0 0 0 0 0 0 0 2 0 2 0 2
1521590028 83 8 2 34 0 2 0 2 0 0 0 0 0 0 0 2 0 2 0 2
1521663899 84 8 2 34 0 2 0 2 0 0 0 0 0 0 0 2 0 2 0 2
1521667513 84 8 2 34 0 3 0 2 0 0 0 0 0 0 0 2 0 2 0 2
1521669000 85 8 2 34 0 3 0 2 0 0 0 0 0 0 0 2 0 2 0 2
1521674785 86 8 2 34 0 3 0 2 0 0 0 0 0 0 0 2 0 2 0 2
1521679099 86 8 2 35 0 3 0 2 0 0 0 0 0 0 0 2 0 2 0 2
1521854113 87 8 2 35 0 3 0 2 0 0 0 0 0 0 0 2 0 2 0 2
1522092565 88 8 2 35 0 3 0 2 0 0 0 0 0 0 0 2 0 2 0 2
1522110208 89 8 2 35 0 3 0 2 0 0 0 0 0 0 0 2 0 2 0 2
1522112562 89 8 2 36 0 3 0 2 0 0 0 0 0 0 0 2 0 2 0 2
1522194252 90 8 2 36 0 3 0 2 0 0 0 0 0 0 0 2 0 2 0 2
1522194360 91 8 2 36 0 3 0 2 0 0 0 0 0 0 0 2 0 2 0 2
1522198485 91 8 2 37 0 3 0 2 0 0 0 0 0 0 0 2 0 2 0 2
1523398793 92 8 2 37 0 3 0 2 0 0 0 0 0 0 0 2 0 2 0 2
1523400433 93 8 2 37 0 3 0 2 0 0 0 0 0 0 0 2 0 2 0 2
1523402544 93 8 2 38 0 3 0 2 0 0 0 0 0 0 0 2 0 2 0 2
1523470301 93 9 2 38 0 3 0 2 0 0 0 0 0 0 0 2 0 2 0 2
1523485206 93 9 2 38 0 4 0 2 0 0 0 0 0 0 0 2 0 2 0 2
1523491862 94 9 2 38 0 4 0 2 0 0 0 0 0 0 0 2 0 2 0 2
1523503151 94 9 2 38 0 5 0 2 0 0 0 0 0 0 0 2 0 2 0 2
1523582587 94 9 2 38 0 6 0 2 0 0 0 0 0 0 0 2 0 2 0 2
1523635669 94 9 3 38 0 6 0 2 0 0 0 0 0 0 0 2 0 2 0 2
1523917178 95 9 3 38 0 6 0 2 0 0 0 0 0 0 0 2 0 2 0 2
1523917238 96 9 3 38 0 6 0 2 0 0 0 0 0 0 0 2 0 2 0 2
1523919066 96 9 3 39 0 6 0 2 0 0 0 0 0 0 0 2 0 2 0 2
1523996435 97 9 3 39 0 6 0 2 0 0 0 0 0 0 0 2 0 2 0 2
1523996924 98 9 3 39 0 6 0 2 0 0 0 0 0 0 0 2 0 2 0 2
1524004260 98 9 3 40 0 6 0 2 0 0 0 0 0 0 0 2 0 2 0 2
1524009606 99 9 3 40 0 6 0 2 0 0 0 0 0 0 0 2 0 2 0 2
1524096496 100 9 3 40 0 6 0 2 0 0 0 0 0 0 0 2 0 2 0 2
1524097793 100 9 3 41 0 6 0 2 0 0 0 0 0 0 0 2 0 2 0 2
1525454213 100 9 3 41 0 7 0 2 0 0 0 0 0 0 0 2 0 2 0 2
1525890151 101 9 3 41 0 7 0 2 0 0 0 0 0 0 0 2 0 2 0 2
1526063092 102 9 3 41 0 7 0 2 0 0 0 0 0 0 0 2 0 2 0 2
1526333265 102 9 4 41 0 7 0 2 0 0 0 0 0 0 0 2 0 2 0 2
1526493018 102 9 5 41 0 7 0 2 0 0 0 0 0 0 0 2 0 2 0 2
1526501213 102 9 6 41 0 7 0 2 0 0 0 0 0 0 0 2 0 2 0 2
1526501354 102 9 7 41 0 7 0 2 0 0 0 0 0 0 0 2 0 2 0 2
1526503295 102 9 8 41 0 7 0 2 0 0 0 0 0 0 0 2 0 2 0 2
1526589226 103 9 8 41 0 7 0 2 0 0 0 0 0 0 0 2 0 2 0 2
1526925668 103 9 9 41 0 7 0 2 0 0 0 0 0 0 0 2 0 2 0 2
1527009276 103 9 10 41 0 7 0 2 0 0 0 0 0 0 0 2 0 2 0 2
1527011860 103 9 11 41 0 7 0 2 0 0 0 0 0 0 0 2 0 2 0 2
1527012777 103 9 12 41 0 7 0 2 0 0 0 0 0 0 0 2 0 2 0 2
1527797209 103 9 13 41 0 7 0 2 0 0 0 0 0 0 0 2 0 2 0 2
1528225029 103 9 14 41 0 7 0 2 0 0 0 0 0 0 0 2 0 2 0 2
1528233130 103 9 15 41 0 7 0 2 0 0 0 0 0 0 0 2 0 2 0 2
1530661487 103 10 15 41 0 7 0 2 0 0 0 0 0 0 0 2 0 2 0 2
1531944333 103 11 15 41 0 7 0 2 0 0 0 0 0 0 0 2 0 2 0 2
1531946735 103 12 15 41 0 7 0 2 0 0 0 0 0 0 0 2 0 2 0 2
1531957619 103 12 15 41 0 7 0 2 0 0 1 0 0 0 0 2 0 2 0 2
1532106535 103 13 15 41 0 7 0 2 0 0 1 0 0 0 0 2 0 2 0 2
1532385391 103 14 15 41 0 7 0 2 0 0 1 0 0 0 0 2 0 2 0 2
1532538100 103 14 16 41 0 7 0 2 0 0 1 0 0 0 0 2 0 2 0 2
1532538335 103 14 17 41 0 7 0 2 0 0 1 0 0 0 0 2 0 2 0 2
1532539983 103 14 18 41 0 7 0 2 0 0 1 0 0 0 0 2 0 2 0 2
1532642991 103 14 18 41 0 7 0 2 0 0 1 0 0 0 0 2 0 2 0 2
1532713777 103 14 18 41 0 7 0 2 0 0 1 0 0 0 0 2 0 2 0 2
1532727479 103 14 19 41 0 7 0 2 0 0 1 0 0 0 0 2 0 2 0 2
1533331538 103 14 20 41 0 7 0 2 0 0 1 0 0 0 0 2 0 2 0 2
1533666792 103 15 20 41 0 7 0 2 0 0 1 0 0 0 0 2 0 2 0 2
1533918612 103 16 20 41 0 7 0 2 0 0 1 0 0 0 0 2 0 2 0 2
1533931882 103 17 20 41 0 7 0 2 0 0 1 0 0 0 0 2 0 2 0 2
1533935635 103 18 20 41 0 7 0 2 0 0 1 0 0 0 0 2 0 2 0 2
1534179570 103 19 20 41 0 7 0 2 0 0 1 0 0 0 0 2 0 2 0 2
1534180716 103 19 21 41 0 7 0 2 0 0 1 0 0 0 0 2 0 2 0 2
1534183568 103 19 22 41 0 7 0 2 0 0 1 0 0 0 0 2 0 2 0 2
1534189782 103 19 23 41 0 7 0 2 0 0 1 0 0 0 0 2 0 2 0 2
1534204771 103 19 24 41 0 7 0 2 0 0 1 0 0 0 0 2 0 2 0 2
1534264329 103 19 25 41 0 7 0 2 0 0 1 0 0 0 0 2 0 2 0 2
1534267315 103 19 26 41 0 7 0 2 0 0 1 0 0 0 0 2 0 2 0 2
1534294703 103 19 27 41 0 7 0 2 0 0 1 0 0 0 0 2 0 2 0 2
1534305663 103 19 28 41 0 7 0 2 0 0 1 0 0 0 0 2 0 2 0 2
1534308657 103 19 29 41 0 7 0 2 0 0 1 0 0 0 0 2 0 2 0 2
1534332504 103 20 29 41 0 7 0 2 0 0 1 0 0 0 0 2 0 2 0 2
1534957850 103 21 29 41 0 7 0 2 0 0 1 0 0 0 0 2 0 2 0 2
1535134257 103 21 29 41 0 7 0 2 0 0 1 0 0 0 0 2 0 2 0 2
1535136333 103 21 30 41 0 7 0 2 0 0 1 0 0 0 0 2 0 2 0 2
1535137385 103 21 31 41 0 7 0 2 0 0 1 0 0 0 0 2 0 2 0 2
1535479474 103 21 32 41 0 7 0 2 0 0 1 0 0 0 0 2 0 2 0 2
1535487549 103 21 33 41 0 7 0 2 0 0 1 0 0 0 0 2 0 2 0 2
1535488918 103 21 34 41 0 7 0 2 0 0 1 0 0 0 0 2 0 2 0 2
1536603980 103 21 35 41 0 7 0 2 0 0 1 0 0 0 0 2 0 2 0 2
1536689712 103 21 36 41 0 7 0 2 0 0 1 0 0 0 0 2 0 2 0 2
1536691045 103 21 37 41 0 7 0 2 0 0 1 0 0 0 0 2 0 2 0 2
1537231983 103 21 38 41 0 7 0 2 0 0 1 0 0 0 0 2 0 2 0 2
1537238986 103 21 39 41 0 7 0 2 0 0 1 0 0 0 0 2 0 2 0 2
1537240485 103 21 40 41 0 7 0 2 0 0 1 0 0 0 0 2 0 2 0 2
1537403491 103 22 40 41 0 7 0 2 0 0 1 0 0 0 0 2 0 2 0 2
1537460230 103 23 40 41 0 7 0 2 0 0 1 0 0 0 0 2 0 2 0 2
1537490744 103 24 40 41 0 7 0 2 0 0 1 0 0 0 0 2 0 2 0 2
1537986539 103 25 40 41 0 7 0 2 0 0 1 0 0 0 0 2 0 2 0 2
1538090681 103 25 40 41 0 8 0 2 0 0 1 0 0 0 0 2 0 2 0 2
1538671069 103 25 41 41 0 8 0 2 0 0 1 0 0 0 0 2 0 2 0 2
1539282501 103 25 42 41 0 8 0 2 0 0 1 0 0 0 0 2 0 2 0 2
1539289091 103 25 43 41 0 8 0 2 0 0 1 0 0 0 0 2 0 2 0 2
1539624954 103 25 44 41 0 8 0 2 0 0 1 0 0 0 0 2 0 2 0 2
1539875416 103 26 44 41 0 8 0 2 0 0 1 0 0 0 0 2 0 2 0 2
1539961878 103 27 44 41 0 8 0 2 0 0 1 0 0 0 0 2 0 2 0 2
1540231491 103 27 45 41 0 8 0 2 0 0 1 0 0 0 0 2 0 2 0 2
1540231701 103 27 46 41 0 8 0 2 0 0 1 0 0 0 0 2 0 2 0 2
1540241514 103 27 47 41 0 8 0 2 0 0 1 0 0 0 0 2 0 2 0 2
1540323732 103 27 48 41 0 8 0 2 0 0 1 0 0 0 0 2 0 2 0 2
1540327339 103 27 49 41 0 8 0 2 0 0 1 0 0 0 0 2 0 2 0 2
1540585830 103 27 50 41 0 8 0 2 0 0 1 0 0 0 0 2 0 2 0 2
1540589054 103 27 51 41 0 8 0 2 0 0 1 0 0 0 0 2 0 2 0 2
1540591022 103 27 52 41 0 8 0 2 0 0 1 0 0 0 0 2 0 2 0 2
1542327259 103 27 52 41 0 8 0 2 0 0 1 0 0 0 0 2 0 2 0 2
1542657014 103 28 52 41 0 8 0 2 0 0 1 0 0 0 0 2 0 2 0 2
1542749773 103 29 52 41 0 8 0 2 0 0 1 0 0 0 0 2 0 2 0 2
1542809607 103 30 52 41 0 8 0 2 0 0 1 0 0 0 0 2 0 2 0 2
1542881931 103 31 52 41 0 8 0 2 0 0 1 0 0 0 0 2 0 2 0 2
1543224409 103 32 52 41 0 8 0 2 0 0 1 0 0 0 0 2 0 2 0 2
1543257627 103 33 52 41 0 8 0 2 0 0 1 0 0 0 0 2 0 2 0 2
1543270406 103 33 53 41 0 8 0 2 0 0 1 0 0 0 0 2 0 2 0 2
1543954590 103 33 54 41 0 8 0 2 0 0 1 0 0 0 0 2 0 2 0 2
1543971573 103 33 55 41 0 8 0 2 0 0 1 0 0 0 0 2 0 2 0 2
1544025966 103 33 56 41 0 8 0 2 0 0 1 0 0 0 0 2 0 2 0 2
1544134372 103 33 56 41 0 8 0 2 0 0 1 0 0 0 0 2 0 2 0 2
1544661790 103 33 57 41 0 8 0 2 0 0 1 0 0 0 0 2 0 2 0 2
1545072594 103 33 58 41 0 8 0 2 0 0 1 0 0 0 0 2 0 2 0 2
1545087567 103 33 59 41 0 8 0 2 0 0 1 0 0 0 0 2 0 2 0 2
1545257109 103 33 59 41 0 8 0 2 0 0 1 0 0 0 0 2 0 2 0 2
1546447820 103 34 59 41 0 8 0 2 0 0 1 0 0 0 0 2 0 2 0 2
1547045914 103 35 59 41 0 8 0 2 0 0 1 0 0 0 0 2 0 2 0 2
1547073716 103 36 59 41 0 8 0 2 0 0 1 0 0 0 0 2 0 2 0 2
1547077423 103 36 60 41 0 8 0 2 0 0 1 0 0 0 0 2 0 2 0 2
1547119604 103 37 60 41 0 8 0 2 0 0 1 0 0 0 0 2 0 2 0 2
1547138174 103 37 61 41 0 8 0 2 0 0 1 0 0 0 0 2 0 2 0 2
1547225552 103 37 62 41 0 8 0 2 0 0 1 0 0 0 0 2 0 2 0 2
1547226967 103 37 63 41 0 8 0 2 0 0 1 0 0 0 0 2 0 2 0 2
1547228269 103 37 64 41 0 8 0 2 0 0 1 0 0 0 0 2 0 2 0 2
1547229852 103 37 65 41 0 8 0 2 0 0 1 0 0 0 0 2 0 2 0 2
1547229908 103 37 66 41 0 8 0 2 0 0 1 0 0 0 0 2 0 2 0 2
1547684312 103 37 66 41 0 8 0 2 0 0 1 0 0 0 0 2 0 2 0 2
1549497174 103 37 66 41 0 8 0 2 1 0 1 0 0 0 0 2 0 2 0 2
1549664501 103 38 66 41 0 8 0 2 1 0 1 0 0 0 0 2 0 2 0 2
1550260232 103 38 66 41 0 8 0 2 2 0 1 0 0 0 0 2 0 2 0 2
1551208451 103 38 67 41 0 8 0 2 2 0 1 0 0 0 0 2 0 2 0 2
1551209751 103 38 68 41 0 8 0 2 2 0 1 0 0 0 0 2 0 2 0 2
1551290096 103 38 69 41 0 8 0 2 2 0 1 0 0 0 0 2 0 2 0 2
1551310949 103 38 70 41 0 8 0 2 2 0 1 0 0 0 0 2 0 2 0 2
1552003440 103 38 71 41 0 8 0 2 2 0 1 0 0 0 0 2 0 2 0 2
1552407842 103 38 72 41 0 8 0 2 2 0 1 0 0 0 0 2 0 2 0 2
1552408943 103 38 73 41 0 8 0 2 2 0 1 0 0 0 0 2 0 2 0 2
1552410780 103 38 74 41 0 8 0 2 2 0 1 0 0 0 0 2 0 2 0 2
1552413781 103 38 75 41 0 8 0 2 2 0 1 0 0 0 0 2 0 2 0 2
1552416035 103 38 76 41 0 8 0 2 2 0 1 0 0 0 0 2 0 2 0 2
1552420468 103 38 77 41 0 8 0 2 2 0 1 0 0 0 0 2 0 2 0 2
1552675753 103 38 78 41 0 8 0 2 2 0 1 0 0 0 0 2 0 2 0 2
1552942030 103 38 79 41 0 8 0 2 2 0 1 0 0 0 0 2 0 2 0 2
1553163153 103 39 79 41 0 8 0 2 2 0 1 0 0 0 0 2 0 2 0 2
1553543190 103 40 79 41 0 8 0 2 2 0 1 0 0 0 0 2 0 2 0 2
1553728131 103 41 79 41 0 8 0 2 2 0 1 0 0 0 0 2 0 2 0 2
1554826488 103 41 79 41 0 8 0 2 2 0 1 0 0 0 0 2 0 2 0 2
1555004940 103 41 80 41 0 8 0 2 2 0 1 0 0 0 0 2 0 2 0 2
1555364984 103 42 80 41 0 8 0 2 2 0 1 0 0 0 0 2 0 2 0 2
1556555494 103 42 80 41 0 8 0 3 2 0 1 0 0 0 0 2 0 2 0 2
1556570560 103 43 80 41 0 8 0 3 2 0 1 0 0 0 0 2 0 2 0 2
1556653744 103 43 80 41 0 8 0 4 2 0 1 0 0 0 0 2 0 2 0 2
1556669513 103 43 81 41 0 8 0 4 2 0 1 0 0 0 0 2 0 2 0 2
1556730515 103 44 81 41 0 8 0 4 2 0 1 0 0 0 0 2 0 2 0 2
1556814680 103 44 82 41 0 8 0 4 2 0 1 0 0 0 0 2 0 2 0 2
1556822380 103 44 83 41 0 8 0 4 2 0 1 0 0 0 0 2 0 2 0 2
1557531510 104 44 83 41 0 8 0 4 2 0 1 0 0 0 0 2 0 2 0 2
1557797066 104 45 83 41 0 8 0 4 2 0 1 0 0 0 0 2 0 2 0 2
1560956681 104 45 84 41 0 8 0 4 2 0 1 0 0 0 0 2 0 2 0 2
1560964525 104 46 84 41 0 8 0 4 2 0 1 0 0 0 0 2 0 2 0 2
1561069031 104 46 85 41 0 8 0 4 2 0 1 0 0 0 0 2 0 2 0 2
1562200655 104 47 85 41 0 8 0 4 2 0 1 0 0 0 0 2 0 2 0 2
1562205936 104 48 85 41 0 8 0 4 2 0 1 0 0 0 0 2 0 2 0 2
1563311758 104 48 86 41 0 8 0 4 2 0 1 0 0 0 0 2 0 2 0 2
1563379855 104 49 86 41 0 8 0 4 2 0 1 0 0 0 0 2 0 2 0 2
1563837264 104 50 86 41 0 8 0 4 2 0 1 0 0 0 0 2 0 2 0 2
1564094670 105 50 86 41 0 8 0 4 2 0 1 0 0 0 0 2 0 2 0 2
1564159985 106 50 86 41 0 8 0 4 2 0 1 0 0 0 0 2 0 2 0 2
1564437132 106 50 87 41 0 8 0 4 2 0 1 0 0 0 0 2 0 2 0 2
1564509954 107 50 87 41 0 8 0 4 2 0 1 0 0 0 0 2 0 2 0 2
1564692201 108 50 87 41 0 8 0 4 2 0 1 0 0 0 0 2 0 2 0 2
1565278411 109 50 87 41 0 8 0 4 2 0 1 0 0 0 0 2 0 2 0 2
1565311729 109 51 87 41 0 8 0 4 2 0 1 0 0 0 0 2 0 2 0 2
1565391660 109 52 87 41 0 8 0 4 2 0 1 0 0 0 0 2 0 2 0 2
1566849064 110 52 87 41 0 8 0 4 2 0 1 0 0 0 0 2 0 2 0 2
1566849860 111 52 87 41 0 8 0 4 2 0 1 0 0 0 0 2 0 2 0 2
1566858023 111 52 87 42 0 8 0 4 2 0 1 0 0 0 0 2 0 2 0 2
1569529276 112 52 87 42 0 8 0 4 2 0 1 0 0 0 0 2 0 2 0 2
1569862780 113 52 87 42 0 8 0 4 2 0 1 0 0 0 0 2 0 2 0 2
1569872477 113 52 88 42 0 8 0 4 2 0 1 0 0 0 0 2 0 2 0 2
1570555211 114 52 88 42 0 8 0 4 2 0 1 0 0 0 0 2 0 2 0 2
1570555391 115 52 88 42 0 8 0 4 2 0 1 0 0 0 0 2 0 2 0 2
1570557138 115 52 88 43 0 8 0 4 2 0 1 0 0 0 0 2 0 2 0 2
1570561685 116 52 88 43 0 8 0 4 2 0 1 0 0 0 0 2 0 2 0 2
1571933631 116 52 88 43 0 8 0 4 2 0 1 0 0 0 0 2 0 2 0 2
1572026222 116 52 88 44 0 8 0 4 2 0 1 0 0 0 0 2 0 2 0 2
1572281670 116 52 89 44 0 8 0 4 2 0 1 0 0 0 0 2 0 2 0 2
1572282039 117 52 89 44 0 8 0 4 2 0 1 0 0 0 0 2 0 2 0 2
1572298703 117 53 89 44 0 8 0 4 2 0 1 0 0 0 0 2 0 2 0 2
1572471217 117 53 90 44 0 8 0 4 2 0 1 0 0 0 0 2 0 2 0 2
1573477429 117 54 90 44 0 8 0 4 2 0 1 0 0 0 0 2 0 2 0 2
1573590454 117 55 90 44 0 8 0 4 2 0 1 0 0 0 0 2 0 2 0 2
1573845618 117 56 90 44 0 8 0 4 2 0 1 0 0 0 0 2 0 2 0 2
1573849255 117 57 90 44 0 8 0 4 2 0 1 0 0 0 0 2 0 2 0 2
1574102037 117 58 90 44 0 8 0 4 2 0 1 0 0 0 0 2 0 2 0 2
1575384204 117 59 90 44 0 8 0 4 2 0 1 0 0 0 0 2 0 2 0 2
1575483912 117 60 90 44 0 8 0 4 2 0 1 0 0 0 0 2 0 2 0 2
1576088711 117 60 90 44 0 8 0 4 2 0 1 0 0 0 0 2 0 2 0 2
1576103154 117 60 90 45 0 8 0 4 2 0 1 0 0 0 0 2 0 2 0 2
1576258547 117 60 90 46 0 8 0 4 2 0 1 0 0 0 0 2 0 2 0 2
1576277535 118 60 90 46 0 8 0 4 2 0 1 0 0 0 0 2 0 2 0 2
1576607502 119 60 90 46 0 8 0 4 2 0 1 0 0 0 0 2 0 2 0 2
1576621632 120 60 90 46 0 8 0 4 2 0 1 0 0 0 0 2 0 2 0 2
1576622780 120 60 90 47 0 8 0 4 2 0 1 0 0 0 0 2 0 2 0 2
1577999211 120 60 90 47 0 8 0 4 2 0 1 0 0 0 1 2 0 2 0 2
1580379734 120 61 90 47 0 8 0 4 2 0 1 0 0 0 1 2 0 2 0 2
1580511682 120 61 90 47 0 8 0 4 2 0 1 0 0 0 2 2 0 2 0 2
1581551920 120 62 90 47 0 8 0 4 2 0 1 0 0 0 2 2 0 2 0 2
1582223575 121 62 90 47 0 8 0 4 2 0 1 0 0 0 2 2 0 2 0 2
1582331901 121 63 90 47 0 8 0 4 2 0 1 0 0 0 2 2 0 2 0 2
1582575731 122 63 90 47 0 8 0 4 2 0 1 0 0 0 2 2 0 2 0 2
1583863683 122 63 90 47 0 8 0 4 2 0 1 0 0 0 3 2 0 2 0 2
1586198315 122 63 91 47 0 8 0 4 2 0 1 0 0 0 3 2 0 2 0 2
1586209227 122 64 91 47 0 8 0 4 2 0 1 0 0 0 3 2 0 2 0 2
1586216965 122 64 92 47 0 8 0 4 2 0 1 0 0 0 3 2 0 2 0 2
1586280523 122 65 92 47 0 8 0 4 2 0 1 0 0 0 3 2 0 2 0 2
1586363620 122 65 93 47 0 8 0 4 2 0 1 0 0 0 3 2 0 2 0 2
1586522781 122 66 93 47 0 8 0 4 2 0 1 0 0 0 3 2 0 2 0 2
1586806304 122 67 93 47 0 8 0 4 2 0 1 0 0 0 3 2 0 2 0 2
1586818630 122 67 94 47 0 8 0 4 2 0 1 0 0 0 3 2 0 2 0 2
1587401887 122 67 95 47 0 8 0 4 2 0 1 0 0 0 3 2 0 2 0 2
1587486328 122 67 96 47 0 8 0 4 2 0 1 0 0 0 3 2 0 2 0 2
1587575963 122 67 97 47 0 8 0 4 2 0 1 0 0 0 3 2 0 2 0 2
1588009757 122 67 98 47 0 8 0 4 2 0 1 0 0 0 3 2 0 2 0 2
1588097071 122 67 99 47 0 8 0 4 2 0 1 0 0 0 3 2 0 2 0 2
1589237968 123 67 99 47 0 8 0 4 2 0 1 0 0 0 3 2 0 2 0 2
1589306329 123 67 100 47 0 8 0 4 2 0 1 0 0 0 3 2 0 2 0 2
1589481440 123 68 100 47 0 8 0 4 2 0 1 0 0 0 3 2 0 2 0 2
1589488129 123 68 100 47 0 8 0 4 2 0 1 0 0 0 3 2 1 2 0 2
1589557385 123 68 100 47 0 8 0 4 2 0 1 0 0 0 3 2 1 2 0 2
1590682766 123 69 100 47 0 8 0 4 2 0 1 0 0 0 3 2 1 2 0 2
1590683856 123 70 100 47 0 8 0 4 2 0 1 0 0 0 3 2 1 2 0 2
1591707426 123 71 100 47 0 8 0 4 2 0 1 0 0 0 3 2 1 2 0 2
1591726175 123 72 100 47 0 8 0 4 2 0 1 0 0 0 3 2 1 2 0 2
1592901800 123 72 100 47 0 8 0 4 2 0 1 0 1 0 3 2 1 2 0 2
1592933283 124 72 100 47 0 8 0 4 2 0 1 0 1 0 3 2 1 2 0 2
1593103442 124 73 100 47 0 8 0 4 2 0 1 0 1 0 3 2 1 2 0 2
1595354656 124 73 101 47 0 8 0 4 2 0 1 0 1 0 3 2 1 2 0 2
1596240297 124 74 101 47 0 8 0 4 2 0 1 0 1 0 3 2 1 2 0 2
1596462392 124 75 101 47 0 8 0 4 2 0 1 0 1 0 3 2 1 2 0 2
1597859703 125 75 101 47 0 8 0 4 2 0 1 0 1 0 3 2 1 2 0 2
1597870565 126 75 101 47 0 8 0 4 2 0 1 0 1 0 3 2 1 2 0 2
1597873196 126 75 101 48 0 8 0 4 2 0 1 0 1 0 3 2 1 2 0 2
1598299004 126 75 101 48 0 8 0 4 2 0 1 0 1 0 3 2 1 2 0 2
1598461069 126 75 101 48 0 8 0 4 2 0 2 0 1 0 3 2 1 2 0 2
1598897800 126 75 101 48 0 8 0 4 2 0 2 0 1 0 3 2 1 2 0 2
1600120835 127 75 101 48 0 8 0 4 2 0 2 0 1 0 3 2 1 2 0 2
1600464442 127 76 101 48 0 8 0 4 2 0 2 0 1 0 3 2 1 2 0 2
1600796808 128 76 101 48 0 8 0 4 2 0 2 0 1 0 3 2 1 2 0 2
1600797206 129 76 101 48 0 8 0 4 2 0 2 0 1 0 3 2 1 2 0 2
1601057848 129 76 101 48 0 8 0 4 2 0 2 0 1 0 3 2 1 2 0 2
1601486170 129 76 101 48 0 8 0 4 3 0 2 0 1 0 3 2 1 2 0 2
1603379362 129 76 101 48 0 8 0 4 3 0 2 0 1 0 3 2 1 2 1 2
1603825198 130 76 101 48 0 8 0 4 3 0 2 0 1 0 3 2 1 2 1 2
1603827011 131 76 101 48 0 8 0 4 3 0 2 0 1 0 3 2 1 2 1 2
1603828962 131 76 101 49 0 8 0 4 3 0 2 0 1 0 3 2 1 2 1 2
1605829278 131 77 101 49 0 8 0 4 3 0 2 0 1 0 3 2 1 2 1 2
1605839714 131 77 101 49 0 8 0 4 3 0 2 0 1 0 3 2 1 2 1 2
1605905720 131 78 101 49 0 8 0 4 3 0 2 0 1 0 3 2 1 2 1 2
1606204077 131 79 101 49 0 8 0 4 3 0 2 0 1 0 3 2 1 2 1 2
1606252684 131 79 101 49 0 8 0 4 3 0 3 0 1 0 3 2 1 2 1 2
1606931713 132 79 101 49 0 8 0 4 3 0 3 0 1 0 3 2 1 2 1 2
1606935741 133 79 101 49 0 8 0 4 3 0 3 0 1 0 3 2 1 2 1 2
1606935854 134 79 101 49 0 8 0 4 3 0 3 0 1 0 3 2 1 2 1 2
1606942197 134 79 101 50 0 8 0 4 3 0 3 0 1 0 3 2 1 2 1 2
1607088288 134 80 101 50 0 8 0 4 3 0 3 0 1 0 3 2 1 2 1 2
1607720396 135 80 101 50 0 8 0 4 3 0 3 0 1 0 3 2 1 2 1 2
1607979722 135 81 101 50 0 8 0 4 3 0 3 0 1 0 3 2 1 2 1 2
1608066232 136 81 101 50 0 8 0 4 3 0 3 0 1 0 3 2 1 2 1 2
1608070257 136 81 101 50 1 8 0 4 3 0 3 0 1 0 3 2 1 2 1 2
1608077358 137 81 101 50 1 8 0 4 3 0 3 0 1 0 3 2 1 2 1 2
1608752654 137 82 101 50 1 8 0 4 3 0 3 0 1 0 3 2 1 2 1 2
1608758111 138 82 101 50 1 8 0 4 3 0 3 0 1 0 3 2 1 2 1 2
1609978136 139 82 101 50 1 8 0 4 3 0 3 0 1 0 3 2 1 2 1 2
1611106251 140 82 101 50 1 8 0 4 3 0 3 0 1 0 3 2 1 2 1 2
1611177277 140 83 101 50 1 8 0 4 3 0 3 0 1 0 3 2 1 2 1 2
1611702382 141 83 101 50 1 8 0 4 3 0 3 0 1 0 3 2 1 2 1 2
1611705705 142 83 101 50 1 8 0 4 3 0 3 0 1 0 3 2 1 2 1 2
1611944125 143 83 101 50 1 8 0 4 3 0 3 0 1 0 3 2 1 2 1 2
1611954671 144 83 101 50 1 8 0 4 3 0 3 0 1 0 3 2 1 2 1 2
1612819171 144 84 101 50 1 8 0 4 3 0 3 0 1 0 3 2 1 2 1 2
1612885545 144 85 101 50 1 8 0 4 3 0 3 0 1 0 3 2 1 2 1 2
1612900432 144 86 101 50 1 8 0 4 3 0 3 0 1 0 3 2 1 2 1 2
1613161863 144 87 101 50 1 8 0 4 3 0 3 0 1 0 3 2 1 2 1 2
1613749724 144 88 101 50 1 8 0 4 3 0 3 0 1 0 3 2 1 2 1 2
1614372988 144 89 101 50 1 8 0 4 3 0 3 0 1 0 3 2 1 2 1 2
1614618954 144 90 101 50 1 8 0 4 3 0 3 0 1 0 3 2 1 2 1 2
1614882482 145 90 101 50 1 8 0 4 3 0 3 0 1 0 3 2 1 2 1 2
1615236254 146 90 101 50 1 8 0 4 3 0 3 0 1 0 3 2 1 2 1 2
1615315801 147 90 101 50 1 8 0 4 3 0 3 0 1 0 3 2 1 2 1 2
1615323972 147 90 101 50 2 8 0 4 3 0 3 0 1 0 3 2 1 2 1 2
1615996915 148 90 101 50 2 8 0 4 3 0 3 0 1 0 3 2 1 2 1 2
1617117682 149 90 101 50 2 8 0 4 3 0 3 0 1 0 3 2 1 2 1 2
1617214348 149 91 101 50 2 8 0 4 3 0 3 0 1 0 3 2 1 2 1 2
1618222064 149 91 101 50 2 8 0 4 3 0 3 1 1 0 3 2 1 2 1 2
1618601227 150 91 101 50 2 8 0 4 3 0 3 1 1 0 3 2 1 2 1 2
1618860709 151 91 101 50 2 8 0 4 3 0 3 1 1 0 3 2 1 2 1 2
1619820760 151 92 101 50 2 8 0 4 3 0 3 1 1 0 3 2 1 2 1 2
1620052091 151 93 101 50 2 8 0 4 3 0 3 1 1 0 3 2 1 2 1 2
1623197162 152 93 101 50 2 8 0 4 3 0 3 1 1 0 3 2 1 2 1 2
1623705681 153 93 101 50 2 8 0 4 3 0 3 1 1 0 3 2 1 2 1 2
1623706004 154 93 101 50 2 8 0 4 3 0 3 1 1 0 3 2 1 2 1 2
1623707703 154 93 101 50 3 8 0 4 3 0 3 1 1 0 3 2 1 2 1 2
1623710400 155 93 101 50 3 8 0 4 3 0 3 1 1 0 3 2 1 2 1 2
1625850581 155 94 101 50 3 8 0 4 3 0 3 1 1 0 3 2 1 2 1 2
1625868702 155 95 101 50 3 8 0 4 3 0 3 1 1 0 3 2 1 2 1 2
1626719169 156 95 101 50 3 8 0 4 3 0 3 1 1 0 3 2 1 2 1 2
1626719273 157 95 101 50 3 8 0 4 3 0 3 1 1 0 3 2 1 2 1 2
1626739575 157 95 101 50 4 8 0 4 3 0 3 1 1 0 3 2 1 2 1 2
1627319551 157 96 101 50 4 8 0 4 3 0 3 1 1 0 3 2 1 2 1 2
1632185446 158 96 101 50 4 8 0 4 3 0 3 1 1 0 3 2 1 2 1 2
1632240757 159 96 101 50 4 8 0 4 3 0 3 1 1 0 3 2 1 2 1 2
1632257817 160 96 101 50 4 8 0 4 3 0 3 1 1 0 3 2 1 2 1 2
1632258097 161 96 101 50 4 8 0 4 3 0 3 1 1 0 3 2 1 2 1 2
1632262497 161 96 101 50 5 8 0 4 3 0 3 1 1 0 3 2 1 2 1 2
1632960090 162 96 101 50 5 8 0 4 3 0 3 1 1 0 3 2 1 2 1 2
1633022478 163 96 101 50 5 8 0 4 3 0 3 1 1 0 3 2 1 2 1 2
1633023209 164 96 101 50 5 8 0 4 3 0 3 1 1 0 3 2 1 2 1 2
1633031002 164 96 101 50 6 8 0 4 3 0 3 1 1 0 3 2 1 2 1 2
1633038899 165 96 101 50 6 8 0 4 3 0 3 1 1 0 3 2 1 2 1 2
1633043333 166 96 101 50 6 8 0 4 3 0 3 1 1 0 3 2 1 2 1 2
1633111293 166 96 101 50 7 8 0 4 3 0 3 1 1 0 3 2 1 2 1 2
1633386048 167 96 101 50 7 8 0 4 3 0 3 1 1 0 3 2 1 2 1 2
1633397059 168 96 101 50 7 8 0 4 3 0 3 1 1 0 3 2 1 2 1 2
1633626385 169 96 101 50 7 8 0 4 3 0 3 1 1 0 3 2 1 2 1 2
1633636181 170 96 101 50 7 8 0 4 3 0 3 1 1 0 3 2 1 2 1 2
1634163298 171 96 101 50 7 8 0 4 3 0 3 1 1 0 3 2 1 2 1 2
1634660643 172 96 101 50 7 8 0 4 3 0 3 1 1 0 3 2 1 2 1 2
1634661040 173 96 101 50 7 8 0 4 3 0 3 1 1 0 3 2 1 2 1 2
1634663527 173 96 101 50 8 8 0 4 3 0 3 1 1 0 3 2 1 2 1 2
1635202916 174 96 101 50 8 8 0 4 3 0 3 1 1 0 3 2 1 2 1 2
1635203016 175 96 101 50 8 8 0 4 3 0 3 1 1 0 3 2 1 2 1 2
1635205905 175 96 101 50 9 8 0 4 3 0 3 1 1 0 3 2 1 2 1 2
1635280600 176 96 101 50 9 8 0 4 3 0 3 1 1 0 3 2 1 2 1 2
1635284473 177 96 101 50 9 8 0 4 3 0 3 1 1 0 3 2 1 2 1 2
1635371980 178 96 101 50 9 8 0 4 3 0 3 1 1 0 3 2 1 2 1 2
1635374028 178 96 101 50 10 8 0 4 3 0 3 1 1 0 3 2 1 2 1 2
1635442070 179 96 101 50 10 8 0 4 3 0 3 1 1 0 3 2 1 2 1 2
1636133154 180 96 101 50 10 8 0 4 3 0 3 1 1 0 3 2 1 2 1 2
1636499464 181 96 101 50 10 8 0 4 3 0 3 1 1 0 3 2 1 2 1 2
1636504459 182 96 101 50 10 8 0 4 3 0 3 1 1 0 3 2 1 2 1 2
1636505883 183 96 101 50 10 8 0 4 3 0 3 1 1 0 3 2 1 2 1 2
1636564500 183 96 101 50 11 8 0 4 3 0 3 1 1 0 3 2 1 2 1 2
1637086842 184 96 101 50 11 8 0 4 3 0 3 1 1 0 3 2 1 2 1 2
1637169795 185 96 101 50 11 8 0 4 3 0 3 1 1 0 3 2 1 2 1 2
1637169891 186 96 101 50 11 8 0 4 3 0 3 1 1 0 3 2 1 2 1 2
1637171921 186 96 101 50 12 8 0 4 3 0 3 1 1 0 3 2 1 2 1 2
1642631281 186 96 101 50 12 8 0 4 3 0 3 1 1 0 3 2 1 2 1 2
1642641475 186 96 101 50 13 8 0 4 3 0 3 1 1 0 3 2 1 2 1 2
1642701813 187 96 101 50 13 8 0 4 3 0 3 1 1 0 3 2 1 2 1 2
1642792408 188 96 101 50 13 8 0 4 3 0 3 1 1 0 3 2 1 2 1 2
1643054899 189 96 101 50 13 8 0 4 3 0 3 1 1 0 3 2 1 2 1 2
1644006965 190 96 101 50 13 8 0 4 3 0 3 1 1 0 3 2 1 2 1 2
1644007038 191 96 101 50 13 8 0 4 3 0 3 1 1 0 3 2 1 2 1 2
1644009212 191 96 101 50 14 8 0 4 3 0 3 1 1 0 3 2 1 2 1 2
1644011280 191 96 101 50 15 8 0 4 3 0 3 1 1 0 3 2 1 2 1 2
1644017700 192 96 101 50 15 8 0 4 3 0 3 1 1 0 3 2 1 2 1 2
1644268687 193 96 101 50 15 8 0 4 3 0 3 1 1 0 3 2 1 2 1 2
1644359796 193 96 101 50 15 8 0 4 3 0 4 1 1 0 3 2 1 2 1 2
1645564567 193 97 101 50 15 8 0 4 3 0 4 1 1 0 3 2 1 2 1 2
1646425209 193 97 101 50 15 8 0 4 3 0 4 1 1 0 3 2 2 2 1 2
1647453746 194 97 101 50 15 8 0 4 3 0 4 1 1 0 3 2 2 2 1 2
1647877275 195 97 101 50 15 8 0 4 3 0 4 1 1 0 3 2 2 2 1 2
1647895202 196 97 101 50 15 8 0 4 3 0 4 1 1 0 3 2 2 2 1 2
1647987558 197 97 101 50 15 8 0 4 3 0 4 1 1 0 3 2 2 2 1 2
1648580098 197 97 101 50 15 8 1 4 3 0 4 1 1 0 3 2 2 2 1 2
1648583381 197 97 101 50 16 8 1 4 3 0 4 1 1 0 3 2 2 2 1 2
1649701239 198 97 101 50 16 8 1 4 3 0 4 1 1 0 3 2 2 2 1 2
1651792239 199 97 101 50 16 8 1 4 3 0 4 1 1 0 3 2 2 2 1 2
1651854862 200 97 101 50 16 8 1 4 3 0 4 1 1 0 3 2 2 2 1 2
1651879336 201 97 101 50 16 8 1 4 3 0 4 1 1 0 3 2 2 2 1 2
1653327017 201 97 101 50 16 8 1 4 3 0 4 1 1 0 3 2 2 2 1 2
1654115546 202 97 101 50 16 8 1 4 3 0 4 1 1 0 3 2 2 2 1 2
1654115646 202 97 101 50 16 8 2 4 3 0 4 1 1 0 3 2 2 2 1 2
1654117158 202 97 101 50 17 8 2 4 3 0 4 1 1 0 3 2 2 2 1 2
1654705765 203 97 101 50 17 8 2 4 3 0 4 1 1 0 3 2 2 2 1 2
1654821931 204 97 101 50 17 8 2 4 3 0 4 1 1 0 3 2 2 2 1 2
1655165969 204 98 101 50 17 8 2 4 3 0 4 1 1 0 3 2 2 2 1 2
1657839590 205 98 101 50 17 8 2 4 3 0 4 1 1 0 3 2 2 2 1 2
1658165598 206 98 101 50 17 8 2 4 3 0 4 1 1 0 3 2 2 2 1 2
1658175968 207 98 101 50 17 8 2 4 3 0 4 1 1 0 3 2 2 2 1 2
1658176239 207 98 101 50 17 8 3 4 3 0 4 1 1 0 3 2 2 2 1 2
1658179268 207 98 101 50 18 8 3 4 3 0 4 1 1 0 3 2 2 2 1 2
1658794554 207 99 101 50 18 8 3 4 3 0 4 1 1 0 3 2 2 2 1 2
1660927290 208 99 101 50 18 8 3 4 3 0 4 1 1 0 3 2 2 2 1 2
1660932996 208 99 101 50 18 8 3 4 3 0 4 1 1 0 3 2 2 2 1 2
1661206583 208 99 101 50 18 8 3 4 3 0 4 1 1 0 3 2 2 2 1 2
1661363112 209 99 101 50 18 8 3 4 3 0 4 1 1 0 3 2 2 2 1 2
1661363234 209 99 101 50 18 8 4 4 3 0 4 1 1 0 3 2 2 2 1 2
1661370727 209 99 101 50 19 8 4 4 3 0 4 1 1 0 3 2 2 2 1 2
1661474314 209 99 101 50 19 8 4 4 3 0 4 1 1 0 3 2 2 2 1 2
1661793122 209 99 101 50 19 8 4 4 3 0 4 1 1 0 3 2 2 2 2 2
1662749440 209 100 101 50 19 8 4 4 3 0 4 1 1 0 3 2 2 2 2 2
1663128956 209 101 101 50 19 8 4 4 3 0 4 1 1 0 3 2 2 2 2 2
1663699313 209 102 101 50 19 8 4 4 3 0 4 1 1 0 3 2 2 2 2 2
1664813598 209 103 101 50 19 8 4 4 3 0 4 1 1 0 3 2 2 2 2 2
1665510555 210 103 101 50 19 8 4 4 3 0 4 1 1 0 3 2 2 2 2 2
1665688203 210 103 101 50 19 8 5 4 3 0 4 1 1 0 3 2 2 2 2 2
1665693023 210 103 101 50 20 8 5 4 3 0 4 1 1 0 3 2 2 2 2 2
1667836969 211 103 101 50 20 8 5 4 3 0 4 1 1 0 3 2 2 2 2 2
1668032656 211 104 101 50 20 8 5 4 3 0 4 1 1 0 3 2 2 2 2 2
1669737807 211 105 101 50 20 8 5 4 3 0 4 1 1 0 3 2 2 2 2 2
1669740003 211 106 101 50 20 8 5 4 3 0 4 1 1 0 3 2 2 2 2 2
1669803472 211 106 101 50 20 8 5 4 3 0 4 1 1 1 3 2 2 2 2 2
1669805073 211 106 101 50 20 8 5 4 3 0 4 1 1 2 3 2 2 2 2 2
1669822861 211 107 101 50 20 8 5 4 3 0 4 1 1 2 3 2 2 2 2 2
1669825802 211 108 101 50 20 8 5 4 3 0 4 1 1 2 3 2 2 2 2 2
1669835321 211 108 101 50 21 8 5 4 3 0 4 1 1 2 3 2 2 2 2 2
1669839453 212 108 101 50 21 8 5 4 3 0 4 1 1 2 3 2 2 2 2 2
1669855459 212 108 101 50 21 8 5 4 3 0 4 1 1 2 3 2 2 2 2 2
1669890725 212 108 101 50 21 8 5 4 3 0 4 1 1 3 3 2 2 2 2 2
1670011337 212 109 101 50 21 8 5 4 3 0 4 1 1 3 3 2 2 2 2 2
1670519369 212 109 101 50 22 8 5 4 3 0 4 1 1 3 3 2 2 2 2 2
1670904872 213 109 101 50 22 8 5 4 3 0 4 1 1 3 3 2 2 2 2 2
1670911688 214 109 101 50 22 8 5 4 3 0 4 1 1 3 3 2 2 2 2 2
1671085170 214 109 101 50 23 8 5 4 3 0 4 1 1 3 3 2 2 2 2 2
1672162623 214 110 101 50 23 8 5 4 3 0 4 1 1 3 3 2 2 2 2 2
1672859384 215 110 101 50 23 8 5 4 3 0 4 1 1 3 3 2 2 2 2 2
1672861645 215 110 101 50 24 8 5 4 3 0 4 1 1 3 3 2 2 2 2 2
1673395881 216 110 101 50 24 8 5 4 3 0 4 1 1 3 3 2 2 2 2 2
1673395973 217 110 101 50 24 8 5 4 3 0 4 1 1 3 3 2 2 2 2 2
1673401277 217 110 101 50 25 8 5 4 3 0 4 1 1 3 3 2 2 2 2 2
1673476261 217 111 101 50 25 8 5 4 3 0 4 1 1 3 3 2 2 2 2 2
1673479384 218 111 101 50 25 8 5 4 3 0 4 1 1 3 3 2 2 2 2 2
1673483833 218 111 101 50 25 8 5 4 3 0 4 1 1 3 3 2 2 2 2 2
1673551112 219 111 101 50 25 8 5 4 3 0 4 1 1 3 3 2 2 2 2 2
1673551804 219 112 101 50 25 8 5 4 3 0 4 1 1 3 3 2 2 2 2 2
1673566403 220 112 101 50 25 8 5 4 3 0 4 1 1 3 3 2 2 2 2 2
1673634147 221 112 101 50 25 8 5 4 3 0 4 1 1 3 3 2 2 2 2 2
1673636839 222 112 101 50 26 8 5 4 3 0 4 1 1 3 3 2 2 2 2 2
1673640762 222 112 101 50 27 8 5 4 3 0 4 1 1 3 3 2 2 2 2 2
1673863369 222 112 101 50 27 8 5 4 3 1 4 1 1 3 3 2 2 2 2 2
1673863442 222 112 101 50 27 8 5 4 3 2 4 1 1 3 3 2 2 2 2 2
1673863983 222 112 101 50 27 8 5 4 3 3 4 1 1 3 3 2 2 2 2 2
1674033337 222 112 101 50 27 8 5 4 3 4 4 1 1 3 3 2 2 2 2 2
1674149124 222 112 101 50 28 8 5 4 3 4 4 1 1 3 3 2 2 2 2 2
1674149361 222 112 101 50 29 8 5 4 3 4 4 1 1 3 3 2 2 2 2 2
1674179556 222 112 101 50 30 8 5 4 3 4 4 1 1 3 3 2 2 2 2 2
1674180024 223 112 101 50 30 8 5 4 3 4 4 1 1 3 3 2 2 2 2 2
1675187938 223 113 101 50 30 8 5 4 3 4 4 1 1 3 3 2 2 2 2 2
1675451989 224 113 101 50 30 8 5 4 3 4 4 1 1 3 3 2 2 2 2 2
1675716952 224 113 101 50 30 8 5 4 3 4 4 2 1 3 3 2 2 2 2 2
1677262673 224 114 101 50 30 8 5 4 3 4 4 2 1 3 3 2 2 2 2 2
1678726757 224 115 101 50 30 8 5 4 3 4 4 2 1 3 3 2 2 2 2 2
1678910907 224 116 101 50 30 8 5 4 3 4 4 2 1 3 3 2 2 2 2 2
1679033848 224 116 101 50 30 8 5 4 3 4 4 2 1 3 3 2 2 2 2 2
1679338411 224 116 101 50 31 8 5 4 3 4 4 2 1 3 3 2 2 2 2 2
1679346771 224 116 101 50 32 8 5 4 3 4 4 2 1 3 3 2 2 2 2 2
1679351688 225 116 101 50 32 8 5 4 3 4 4 2 1 3 3 2 2 2 2 2
1679351962 226 116 101 50 32 8 5 4 3 4 4 2 1 3 3 2 2 2 2 2
1679416398 226 116 101 50 33 8 5 4 3 4 4 2 1 3 3 2 2 2 2 2
1679929126 226 117 101 50 33 8 5 4 3 4 4 2 1 3 3 2 2 2 2 2
1679930839 226 118 101 50 33 8 5 4 3 4 4 2 1 3 3 2 2 2 2 2
1679963190 226 118 101 50 33 8 5 4 4 4 4 2 1 3 3 2 2 2 2 2
1680039588 227 118 101 50 33 8 5 4 4 4 4 2 1 3 3 2 2 2 2 2
1680729846 228 118 101 50 33 8 5 4 4 4 4 2 1 3 3 2 2 2 2 2
1680821683 229 118 101 50 33 8 5 4 4 4 4 2 1 3 3 2 2 2 2 2
1680824398 229 118 101 50 34 8 5 4 4 4 4 2 1 3 3 2 2 2 2 2
1680895540 229 119 101 50 34 8 5 4 4 4 4 2 1 3 3 2 2 2 2 2
1680898558 229 120 101 50 34 8 5 4 4 4 4 2 1 3 3 2 2 2 2 2
1680900106 229 121 101 50 34 8 5 4 4 4 4 2 1 3 3 2 2 2 2 2
1680910864 229 122 101 50 34 8 5 4 4 4 4 2 1 3 3 2 2 2 2 2
1681145369 229 123 101 50 34 8 5 4 4 4 4 2 1 3 3 2 2 2 2 2
1681156944 229 124 101 50 34 8 5 4 4 4 4 2 1 3 3 2 2 2 2 2
1681247211 229 125 101 50 34 8 5 4 4 4 4 2 1 3 3 2 2 2 2 2
1681406199 230 125 101 50 34 8 5 4 4 4 4 2 1 3 3 2 2 2 2 2
1681410057 230 125 101 50 35 8 5 4 4 4 4 2 1 3 3 2 2 2 2 2
1681417539 230 126 101 50 35 8 5 4 4 4 4 2 1 3 3 2 2 2 2 2
1681437783 230 127 101 50 35 8 5 4 4 4 4 2 1 3 3 2 2 2 2 2
1681778989 230 128 101 50 35 8 5 4 4 4 4 2 1 3 3 2 2 2 2 2
1681783450 231 128 101 50 35 8 5 4 4 4 4 2 1 3 3 2 2 2 2 2
1681832326 232 128 101 50 35 8 5 4 4 4 4 2 1 3 3 2 2 2 2 2
1681839239 233 128 101 50 35 8 5 4 4 4 4 2 1 3 3 2 2 2 2 2
1681845611 234 128 101 50 35 8 5 4 4 4 4 2 1 3 3 2 2 2 2 2
1681857951 235 128 101 50 35 8 5 4 4 4 4 2 1 3 3 2 2 2 2 2
1681917349 236 128 101 50 35 8 5 4 4 4 4 2 1 3 3 2 2 2 2 2
1681945860 236 129 101 50 35 8 5 4 4 4 4 2 1 3 3 2 2 2 2 2
1682448032 237 129 101 50 35 8 5 4 4 4 4 2 1 3 3 2 2 2 2 2
1682481796 238 129 101 50 35 8 5 4 4 4 4 2 1 3 3 2 2 2 2 2
1684178496 238 129 101 50 35 8 5 4 4 4 4 2 2 3 3 2 2 2 2 2
1684781798 239 129 101 50 35 8 5 4 4 4 4 2 2 3 3 2 2 2 2 2
1684940627 239 129 101 50 36 8 5 4 4 4 4 2 3 3 3 2 2 2 2 2
1685662779 239 130 101 50 36 8 5 4 4 4 4 2 3 3 3 2 2 2 2 2
1685999709 239 130 102 50 36 8 5 4 4 4 4 2 3 3 3 2 2 2 2 2
1686598806 239 131 102 50 36 8 5 4 4 4 4 2 3 3 3 2 2 2 2 2
1687332865 239 132 102 50 36 8 5 4 4 4 4 2 3 3 3 2 2 2 2 2
1688601889 239 133 102 50 36 8 5 4 4 4 4 2 3 3 3 2 2 2 2 2
1689614967 239 133 102 50 36 8 5 4 4 4 4 3 3 3 3 2 2 2 2 2
