1505856301 22843
1506392401 22842
1506467089 22846
1506491184 22846
1506554307 22846
1506641175 22924
1506992142 22928
1507310752 22927
1507573094 22932
1507660207 22932
1508195469 22951
1508801626 22951
1509062683 22947
1510005712 22947
1510385409 22948
1510700521 22949
1511203160 23004
1511217836 23004
1511390913 22982
1512168190 23081
1512427631 23081
1513128587 23093
1513638415 23093
1514508099 23105
1514921662 23126
1515178184 23227
1515547685 23227
1516149500 23257
1516215991 23258
1516914521 23355
1517355359 23375
1520372508 23437
1520974259 23438
1521505008 23472
1521590028 23472
1521679099 23664
1522112562 23675
1522198485 23675
1523402544 23683
1523919066 24520
1524004260 24520
1524097793 24523
1526493018 24539
1526503295 24539
1527012777 24552
1528233130 24596
1532539983 24757
1532727479 24792
1534189782 24927
1534267315 25917
1534308657 25917
1535137385 26007
1535488918 26007
1536691045 26345
1537240485 26345
1539289091 26982
1540241514 26981
1540591022 27002
1544025966 27166
1547138174 27569
1547226967 27603
1547229908 27603
1551209751 27724
1552408943 27836
1552420468 27853
1566858023 28565
1570557138 28596
1572026222 28611
1576103154 28612
1576258547 28612
1576622780 28573
1597873196 30662
1603828962 30898
1606942197 30090
1608070257 30288
1615323972 31108
1623707703 31707
1626739575 31652
1632262497 31712
1633031002 31725
1633111293 31731
1634663527 31930
1635205905 31813
1635374028 30946
1636564500 30954
1637171921 30950
1642641475 30950
1644009212 30625
1644011280 30603
1648583381 30528
1654117158 30385
1658179268 30352
1661370727 30633
1665693023 31036
1670519369 31038
1671085170 31093
1672861645 31436
1673401277 31443
1673636839 31444
1673640762 31447
1674179556 31463
1679346771 31463
1679416398 31525
1680824398 31668
1681410057 31754
1684248767 31729
1684940627 31733
1685662779 31729
1685999709 31758
1686598806 31758
1687332865 31750
1688601889 31753
1689614967 31775
