1618785106 389
1618875911 1711
1619031612 1722
1619213516 2278
1619266660 2341
1619713051 2397
1620670026 2532
1620843670 2587
1621352226 2654
1621600238 2678
1622146000 2700
1624229933 2700
1625142561 2722
1625228337 2719
1626362210 2719
1629892981 2716
1631735736 2716
1632842379 2719
1634156939 2719
1636727647 2722
1643813062 2701
1643900421 2701
1648212383 2701
1649078106 2691
1653330611 2668
1659532814 2668
1659536856 2668
1672165992 3103
1673307649 3101
1673446678 3163
1673567486 3189
1674060888 3189
1674153509 3293
1674771587 3444
1675699644 3486
1675702209 3497
1676587901 3499
1676641862 3474
1676645814 3474
1678127120 3302
1678967497 3311
1678967720 3320
1680784283 3322
1680793410 3405
1681229443 3420
1683651669 3423
1683731522 3423
1683892963 3436
1687279000 3439
1688130470 3439
