1509958202 223
1509959097 245
1509959607 281
1509959675 282
1509960089 282
1510592236 353
1510657023 717
1510746732 828
1511077359 960
1511445967 963
1511446103 964
1512911632 964
1513292321 964
1513339028 983
1513368050 1683
1513444512 1593
1513444675 1642
1513444808 1640
1513447341 1693
1513499939 1696
1513499954 1698
1513500124 1696
1513760983 1859
1514228058 1956
1514242784 1952
1514242801 1952
1514293917 2260
1514375615 2157
1514378494 2261
1514387075 2247
1514409701 2246
1514457139 2248
1514462028 2279
1514465914 2309
1514539476 2311
1514547168 2646
1514550587 2725
1514551013 2725
1514551230 2753
1514558578 2754
1514558588 2790
1514558844 2845
1514579677 2927
1514618370 2925
1514623709 2925
1514625289 2948
1514628550 2947
1514636754 2947
1514636905 2956
1514636913 2956
1514646245 2956
1514654574 2957
1514900082 2921
1514925039 2935
1515020025 2937
1515079948 3051
1515325451 2917
1515330734 3109
1515334924 2931
1515348528 2936
1515365722 3077
1515544994 3110
1515582680 3144
1515669488 3145
1516547907 3182
1516966151 3112
1516986346 3148
1517251720 3173
1517399835 3169
1517475634 3169
1517475698 3169
1517481518 3171
1517579755 3175
1517583692 3323
1517821709 3323
1517838629 3369
1517922761 3447
1517923153 3477
1518002106 3510
1518096936 3558
1518257527 3552
1518260690 3558
1518335382 3557
1518355509 3564
1518374419 3589
1518419776 3602
1518419795 3708
1518448530 3839
1518449528 3841
1518506206 3845
1518506347 3845
1518506700 3845
1518508858 3914
1518519541 3930
1518519643 3930
1518526666 3931
1518527711 3931
1518555136 3931
1518608923 3931
1518956871 3931
1518956883 3931
1519125788 4023
1519217615 4031
1519217693 4032
1519217774 4041
1519220342 4041
1519294158 4049
1519484341 4049
1519495364 4090
1519709274 4090
1519739931 4091
1519741807 4164
1519747463 4203
1519804056 4201
1519917191 4201
1519988653 4201
1520149162 4201
1520231263 4202
1520231673 4251
1520326132 4262
1520429212 4262
1520754700 4553
1520780852 4556
1520942233 4612
1520955346 4624
1521031903 4639
1521034510 4639
1521110972 4639
1521112816 4639
1521119041 4644
1521123526 4690
1521123718 4696
1521370674 4711
1521377958 4706
1521989948 4707
1521990103 4708
1522186691 4763
1522228996 4950
1522242609 4964
1522327855 4991
1522395768 5052
1522400102 5064
1522492775 5259
1522497318 5271
1523185359 5278
1523187626 5271
1523376456 5279
1523530610 5295
1523531619 5299
1523531649 5355
1523563339 5439
1523695206 5469
1523780532 5482
1523785446 5482
1523786233 5515
1523786389 5515
1524463021 5516
1524672096 5562
1524672123 5570
1524924485 5586
1525207043 5686
1525207718 5694
1525246708 5399
1525255172 5406
1525259151 5405
1525294449 5439
1525358987 5448
1525365486 5444
1525365655 5470
1525365668 5509
1525767621 5519
1525843530 5519
1525849548 5541
1525944295 5547
1526292543 6110
1526328146 6224
1526372676 6267
1526379241 6265
1526453968 6340
1526454886 6341
1526499079 6344
1526549896 6475
1526575590 6530
1526594818 6543
1526631784 6543
1526640803 6560
1526713707 6567
1526923955 6530
1526970059 6531
1526983723 6532
1526984343 6475
1526990718 6464
1526993110 6456
1527083676 6455
1527085688 6468
1527090007 6467
1527133081 6499
1527154899 6499
1527162382 6508
1527166564 6561
1527167695 6555
1527171626 6544
1527176488 6542
1527344284 6548
1527347456 6548
1527519504 6565
1527530952 6571
1527537912 6708
1527539041 6709
1527605846 6715
1527749698 6715
1527784128 6833
1527929690 6845
1528181636 6901
1528188523 7003
1528263808 7004
1528402571 7022
1528456053 7013
1528461756 7031
1528488409 7092
1528541504 7072
1528541775 7064
1528697019 7066
1528701273 6975
1528786251 7108
1528908280 7121
1528921150 7145
1528957971 7153
1528958100 7214
1529070662 7216
1529169099 7226
1529222890 7228
1529243240 7260
1529246766 7269
1529387479 7297
1529752342 7305
1529839795 7305
1529865473 7306
1530540021 7420
1530544025 7420
1530686028 7458
1530696600 7460
1530696642 7442
1530699580 7496
1531191319 7578
1531572582 7840
1531575219 7896
1531724588 7783
1531893374 8035
1531905589 8144
1531907768 8136
1531907775 8137
1531909853 8137
1531982899 8081
1532002622 8114
1532006830 8475
1532011309 8118
1532011714 8203
1532015239 8228
1532032088 8449
1532032925 8448
1532032944 8447
1532033030 8445
1532033833 8450
1532035313 8448
1532088427 8783
1532103734 8755
1532163243 8864
1532258135 9031
1532377052 8981
1532377200 8955
1532380267 8929
1532384894 8931
1532418989 8946
1532422095 9042
1532425181 9058
1532435775 9037
1532450517 9067
1532450537 9055
1532505218 9049
1532514463 9061
1532625679 9093
1532626392 9093
1532679405 9094
1533231823 9152
1533289920 9202
1533319991 9212
1533320228 9214
1533490151 9213
1533561010 9220
1533561161 9398
1533831644 9376
1533882817 9378
1533886242 9440
1533895516 9443
1534026221 9436
1534254789 9434
1534268845 9434
1534269324 9436
1534671774 9888
1534672314 9954
1534672536 9954
1534754581 9957
1534861167 9961
1534889347 9961
1534945497 9961
1534945511 9961
1534945711 9961
1534968415 9964
1535350824 9939
1535629865 9939
1535981874 9941
1536573148 9941
1536576212 9941
1537324066 9976
1537713746 10029
1537863186 10058
1538406323 10118
1538993845 10124
1539188542 10155
1539344882 10157
1539629641 10160
1539630524 10148
1539631626 10165
1539633997 10161
1539700718 10167
1539901083 10090
1539901128 10098
1540215630 10150
1540329573 10192
1540541741 10206
1540679159 10207
1540740194 10253
1540740688 10262
1541089005 10378
1541375233 10414
1541375696 10617
1541419428 10738
1541446984 10739
1541540078 10739
1541685975 10769
1542360787 11163
1542497957 11206
1542546982 11299
1542742142 11299
1542876858 11383
1542968209 11568
1542994668 11579
1543012261 11562
1543014160 11562
1543343545 11571
1543825257 11575
1543912278 11579
1544029414 11577
1544180783 11578
1544299628 11578
1544438118 11577
1544647724 11593
1544690149 11594
1544783017 11598
1544791392 11599
1544816086 11617
1544898752 11621
1545223008 11622
1545302240 11623
1545304341 11558
1545315183 11563
1545330248 11606
1545645830 11680
1545646150 11691
1545646370 11832
1545646495 11903
1545647432 11906
1545647670 11916
1545650252 11950
1545650355 11950
1545653520 11950
1546249589 11950
1546502909 11953
1546599240 11952
1546629392 11982
1546867290 11982
1546964916 11916
1546965265 11922
1546968181 11927
1547030769 11927
1547033607 11947
1547043520 11947
1547298748 11947
1547381554 11940
1547409052 11940
1547409543 11941
1547471204 11952
1547476338 11845
1547477680 11861
1547551728 11978
1547574648 11982
1547583663 11981
1547587324 11968
1547629867 12050
1547655448 12068
1547667240 12082
1547730457 12171
1547739985 12185
1547810830 12194
1547812591 12387
1547820672 12389
1547840126 12443
1547840467 12447
1547840661 12707
1547842815 12707
1547916687 12707
1548114368 12766
1548114450 12803
1548146679 12803
1548147578 12855
1548147615 12909
1548150217 12908
1548152799 12909
1548153108 12888
1548154395 12889
1548156762 12890
1548160971 12904
1548176236 12905
1548183642 13086
1548234415 13092
1548250127 13105
1548266002 13121
1548280795 13139
1548331216 13272
1548411157 13353
1548420342 13373
1548541033 13347
1548541132 13347
1548667620 13352
1548670096 13358
1548674527 13358
1548677438 13370
1548701838 13404
1548722962 13456
1548761745 13473
1548762178 13551
1548765375 13562
1548770021 13567
1548772940 13569
1548775994 13566
1548779209 13568
1548780121 13581
1548800177 13581
1548836962 13590
1548843479 13600
1548844496 13601
1548847543 13610
1548850038 13614
1548864403 13631
1548876563 13628
1548884227 13644
1548884264 13809
1548929741 13826
1548935853 13834
1548948207 13835
1548948528 13835
1548949751 13803
1548952688 13807
1548955321 13825
1549304712 14122
1549463048 14122
1549470686 14670
1549473139 14682
1549487368 14686
1549489718 14684
1549532832 14680
1549621290 14730
1549898244 14729
1550072128 14795
1550072396 14814
1550136198 14894
1550170572 15060
1550316028 15057
1550320142 15057
1550322255 15057
1550479103 15058
1550486925 15048
1550747558 15338
1551281815 15339
1551343949 15345
1551898298 15728
1551898427 15779
1551951976 15569
1551960010 15574
1552297009 15575
1552312079 15575
1552386413 49052
1552670746 49113
1552918141 49117
1552927766 49115
1553011633 49052
1553066830 49055
1553073220 49096
1553084340 49175
1553084923 49895
1553093285 49895
1553101100 49887
1553163716 49887
1553172884 49893
1553237178 49902
1553545014 49905
1553546274 49907
1553546336 49926
1553600545 49930
1553700151 91378
1553705415 91393
1553767383 91393
1553767743 91393
1553777730 91417
1553778114 91417
1553780280 91418
1553785392 91426
1553787990 91430
1553790774 91476
1553790817 91477
1554041214 91477
1554132656 91490
1554162130 91562
1554195762 91569
1554199240 91588
1554213554 91594
1554226154 91886
1554291215 91879
1554529971 92087
1554543694 92091
1554607410 92091
1554610997 92090
1554630983 92078
1554668996 92088
1554733475 92097
1554737797 92087
1554911064 92113
1554997030 92159
1555067513 92181
1555067579 92172
1555087422 92200
1555156967 92200
1555160365 92190
1555325601 92191
1555344237 92198
1555344427 92238
1555344752 92278
1555358092 92277
1555388606 92217
1555410071 92219
1555423581 92253
1555433657 92394
1555496290 92403
1555942042 92404
1556004269 92425
1556123402 92425
1556184909 92440
1556206038 92453
1556210959 92512
1556530134 92514
1556533011 92514
1556533131 92512
1556538232 92504
1556538255 92508
1556546035 92905
1556637058 92905
1556639391 92916
1556643966 92864
1556807981 92874
1556811464 92881
1557167282 92876
1557229963 92876
1557336954 92876
1557396125 92895
1557405340 92936
1557419388 93062
1557735527 93062
1557735576 93123
1557757532 93159
1557758956 93159
1558088694 93606
1558441807 93607
1558452272 93637
1558557189 93906
1558559826 94263
1558634287 94263
1558684052 94265
1558688323 94262
1558688380 94263
1558690292 94421
1558691793 94409
1558708074 94448
1558711355 93986
1558942358 93816
1558946157 93879
1558961439 94006
1558984426 94024
1558984905 94016
1558992305 94016
1559039819 94014
1559045174 94023
1559074529 94030
1559076482 94055
1559081770 94070
1559083881 94067
1559084017 94068
1559120940 94093
1559139695 94146
1559161609 94146
1559202363 94142
1559202909 94148
1559226360 94182
1559235732 96055
1559241699 94183
1559289780 94156
1559320459 94156
1559328496 94225
1559329935 94225
1559375439 94225
1559398556 94225
1559550817 94225
1559575151 94232
1559653136 94232
1559715876 94232
1559765177 94262
1559817043 94074
1559900554 94075
1560087296 94075
1560089464 94075
1560090703 94075
1560090887 94078
1560171683 94151
1560186535 94170
1560240800 94190
1560253976 94193
1560262036 94192
1560290265 94199
1560332859 94285
1560336061 94069
1560381044 94077
1560445991 94085
1560769284 94126
1560784166 93923
1560861515 93976
1561117588 93977
1561123711 93979
1561462661 94008
1561467396 94069
1561477276 94109
1561639739 94196
1561800102 94213
1561810640 94222
1561843527 94243
1561911186 94196
1561969364 94203
1561969385 94223
1562102259 94234
1562104906 94240
1562228867 97076
1562242589 96202
1562249525 96204
1562479747 94212
1562499716 94207
1562500260 94225
1562501387 94227
1562501511 94229
1562509921 94229
1562689105 94237
1562765656 94295
1562860637 94324
1562885961 94348
1562920971 94351
1562936385 94483
1562957161 94516
1562961803 94508
1563280337 96757
1563357554 94509
1563376706 94509
1563388780 94538
1563612043 94529
1563616668 94513
1563801680 94517
1563817093 94566
1563867758 96797
1563896197 96824
1563899200 96824
1563956653 96834
1563958025 96836
1563958557 96837
1563970690 94494
1563976169 94501
1563990761 94501
1564047930 94502
1564069453 94504
1564158961 97024
1564235437 94610
1564434962 94610
1564441487 94643
1564506555 94624
1564506570 94623
1564591588 94628
1564991478 94705
1564992516 94686
1565173398 94694
1565365179 94688
1565527593 94258
1565528118 94257
1565550251 94249
1565595554 94273
1565603536 94271
1565604383 94288
1565609770 94333
1565611278 94339
1565683107 94362
1565687921 94840
1565697244 94806
1565699209 94807
1565702404 94807
1565705753 97032
1565775687 97030
1565858326 94805
1565877686 94793
1565888388 94804
1565899771 94847
1565903486 94847
1565948442 94855
1565971845 94880
1566140290 94880
1566142155 94880
1566231611 94885
1566296046 94886
1566566444 94891
1566576806 94905
1566580228 94912
1566818270 96077
1566820218 96099
1566905613 96135
1566907432 94927
1566910370 94979
1566976834 94990
1566992099 97031
1566993223 97052
1566993656 97056
1566994011 97060
1566995889 97065
1567018544 95937
1567065077 97070
1567065765 97070
1567069313 97091
1567071900 97172
1567073099 97180
1567073409 97201
1567074093 97201
1567077743 97201
1567078321 97212
1567078571 97229
1567078954 97236
1567079246 97236
1567188578 95975
1567430594 97248
1567435001 96087
1567505667 95978
1567531667 96192
1567591487 95975
1567630884 95977
1567676934 95998
1567682320 95998
1567682871 96004
1567683217 96007
1567684578 96026
1567685554 96039
1567690522 96036
1567696448 96077
1567789855 95983
1568100459 96206
1568113172 97248
1568113648 97261
1568120910 97262
1568128606 97262
1568200153 97355
1568204406 97381
1568360340 97435
1568362905 97454
1568374149 97468
1568634150 97494
1568709820 97569
1568819895 97569
1568823488 97606
1568825713 97609
1569178593 97611
1569182716 97618
1569253587 97628
1569261643 97628
1569835163 97701
1570178094 97662
1570451360 97707
1570454257 97707
1570706538 97710
1570726442 97754
1570729511 97754
1570806298 97826
1571062533 97829
1571127134 98280
1571324211 98280
1571670693 98283
1571835312 98346
1571837879 98406
1571840718 98408
1571843639 98409
1571846651 98420
1571847513 98457
1571857587 98462
1572858596 98468
1572870419 98475
1573563339 98475
1573745274 98515
1573746767 98471
1573747937 98068
1573809490 98119
1574081438 98119
1574087963 98147
1574093792 98123
1574175138 98141
1574176078 98144
1574428243 98150
1574438317 98164
1574630607 98186
1574691863 98184
1574783970 98190
1574786199 56582
1574849956 56585
1575464112 56590
1575561442 56638
1576250117 56640
1576674881 56639
1576675079 56639
1576854310 56643
1577134573 56649
1577353287 56649
1577721049 56649
1577725419 56652
1577727982 56661
1577786150 56669
1577788660 56672
1577789046 56676
1577814402 56704
1577973685 56705
1577981145 56704
1577990478 56725
1577990553 56738
1577990747 56738
1577990868 56753
1578056506 56740
1578058608 56750
1578060651 56750
1578325986 56779
1578494181 56779
1579022522 56807
1579178264 56807
1579870469 56807
1580119930 57198
1580119964 57208
1580122428 57208
1580134907 57218
1580142088 57229
1580326111 57239
1580334847 57238
1580374522 57242
1580481382 57400
1580721210 57400
1580723371 57236
1580729025 57237
1581333762 57237
1581337851 57238
1581342046 57252
1581343448 57253
1581617382 57253
1581626899 57253
1581670477 57253
1582117284 57933
1582120473 58243
1582278864 58283
1582296210 58284
1582625306 58298
1582629367 58264
1582631518 58301
1582793054 58506
1583145293 58318
1583231912 58258
1583245263 58258
1583333869 58280
1583416081 58345
1583426400 58345
1583448336 58353
1583488769 58569
1583829021 58573
1583923902 58575
1584003514 58575
1584100735 58689
1584105226 58708
1584362098 58784
1584373323 58784
1584522603 58783
1584524645 58783
1584531996 58909
1584546816 58910
1584548451 58909
1584802683 58955
1584976500 59019
1585065242 59144
1585142703 59149
1585304563 59183
1585590130 59259
1585827339 59261
1586706055 59261
1587048551 59306
1587465249 59307
1587505942 59382
1587556470 59396
1587844766 59396
1588434399 59388
1588932694 59396
1589373517 59397
1589811011 59403
1589815498 59403
1589818440 59417
1590416321 59396
1590419017 59410
1590422484 59464
1590425277 59529
1590508279 59660
1591091997 59661
1591094425 59666
1591108862 59771
1591257685 59787
1591265608 59794
1591270484 60201
1591275398 60228
1591361325 60231
1591644059 60207
1591691559 60207
1591780165 60190
1591783516 60217
1591786826 60299
1591879987 60308
1592322852 60339
1592506011 60402
1592840566 62762
1592845851 62887
1593587689 62993
1593676581 63114
1593686850 63889
1593692068 63950
1593695443 63979
1594110331 64241
1594376866 64288
1594896025 64380
1594910726 64383
1595001798 64382
1595251323 64382
1595492376 64695
1595941301 64695
1596799238 64699
1597079137 64700
1597139932 64714
1597221501 64713
1597652506 64715
1597671917 64730
1600332919 64741
1600453846 64774
1600621238 64774
1600621931 64774
1600632465 64774
1600633059 64774
1600633171 64774
1604328110 64774
1604341716 64793
1605284895 64792
1605614154 64825
1605692994 64825
1605719388 64826
1606730925 64851
1606818920 64912
1606834651 64917
1607009065 64917
1607347565 64926
1607423619 65015
1608131313 65041
1608315895 65042
1609322242 65056
1609353076 65056
1609439145 65498
1609567526 65056
1609571704 65059
1609588699 65043
1609831304 65043
1609836374 65054
1609841132 65682
1610281207 65558
1610281886 65558
1610282410 65497
1610953555 65560
1610953909 65497
1610964381 65569
1612169667 65498
1612182510 65611
1612194303 65622
1612291501 65622
1612877751 65629
1613156314 65647
1613467231 65694
1613468844 65695
1613488992 65701
1613644689 65667
1613655514 65663
1613987315 65663
1614183816 65666
1614251209 65699
1614357154 65756
1614361707 65784
1614536232 65814
1615886184 65813
1615912569 65813
1616162221 65901
1616173026 65914
1616433919 65914
1616493991 66453
1616665180 66453
1616760509 66481
1617191431 66891
1617210960 66951
1617821409 66951
1617823224 66953
1618230723 67080
1618234142 67121
1618235369 67193
1618260477 67196
1618324044 67196
1618326619 67227
1618385983 67325
1618389290 67320
1618481578 67322
1618489335 67363
1618933683 67548
1619094555 67552
1620135093 67551
1622448445 67600
1622822044 67604
1623172635 67726
1626194790 68184
1626246473 68343
1626703016 68396
1627478596 68448
1627481565 68480
1627490603 68480
1627571555 68587
1627906579 69377
1628068034 71746
1628074990 71754
1628083147 71842
1628261748 71833
1629193580 72041
1629291838 72122
1629710633 72122
1629727983 72122
1629792518 72148
1629965947 72148
1630340675 72201
1633428651 73268
1633512666 73277
1634138997 73277
1634213141 73348
1634558736 73392
1634735762 73392
1634738347 76162
1635241066 76295
1635417374 76316
1635424053 76797
1635865389 76690
1636551714 76965
1636621909 77016
1636714784 77126
1636995568 77159
1637140396 77831
1637232405 77835
1637317693 77838
1637662111 77866
1637674659 77872
1637754747 77875
1637775269 77885
1637785596 77893
1637833028 78071
1637924264 78077
1638262971 78069
1638457329 78040
1638540350 78041
1638809429 78044
1638874391 78044
1638876759 78048
1639479269 78464
1639563191 78476
1639672919 78561
1639738089 78561
1639741971 78561
1639743532 78562
1639749211 78563
1639754740 78565
1639755366 79108
1639756995 79108
1639992488 79108
1639994828 79107
1639995293 79107
1640017089 79107
1640042990 79956
