1315632991 1 0 0 0 0 0 0 0 0 0 0 0 0 0 0 0 0 0 0 0
1315633937 2 0 0 0 0 0 0 0 0 0 0 0 0 0 0 0 0 0 0 0
1315634594 3 0 0 0 0 0 0 0 0 0 0 0 0 0 0 0 0 0 0 0
1315634812 4 0 0 0 0 0 0 0 0 0 0 0 0 0 0 0 0 0 0 0
1315634855 5 0 0 0 0 0 0 0 0 0 0 0 0 0 0 0 0 0 0 0
1315634887 6 0 0 0 0 0 0 0 0 0 0 0 0 0 0 0 0 0 0 0
1315634908 7 0 0 0 0 0 0 0 0 0 0 0 0 0 0 0 0 0 0 0
1315634958 8 0 0 0 0 0 0 0 0 0 0 0 0 0 0 0 0 0 0 0
1315635021 9 0 0 0 0 0 0 0 0 0 0 0 0 0 0 0 0 0 0 0
1315635097 10 0 0 0 0 0 0 0 0 0 0 0 0 0 0 0 0 0 0 0
1315635207 11 0 0 0 0 0 0 0 0 0 0 0 0 0 0 0 0 0 0 0
1315635279 12 0 0 0 0 0 0 0 0 0 0 0 0 0 0 0 0 0 0 0
1315635317 13 0 0 0 0 0 0 0 0 0 0 0 0 0 0 0 0 0 0 0
1315635422 14 0 0 0 0 0 0 0 0 0 0 0 0 0 0 0 0 0 0 0
1315635437 15 0 0 0 0 0 0 0 0 0 0 0 0 0 0 0 0 0 0 0
1315635453 16 0 0 0 0 0 0 0 0 0 0 0 0 0 0 0 0 0 0 0
1315635537 17 0 0 0 0 0 0 0 0 0 0 0 0 0 0 0 0 0 0 0
1315635561 18 0 0 0 0 0 0 0 0 0 0 0 0 0 0 0 0 0 0 0
1315635595 19 0 0 0 0 0 0 0 0 0 0 0 0 0 0 0 0 0 0 0
1315635607 20 0 0 0 0 0 0 0 0 0 0 0 0 0 0 0 0 0 0 0
1315635615 21 0 0 0 0 0 0 0 0 0 0 0 0 0 0 0 0 0 0 0
1315635629 22 0 0 0 0 0 0 0 0 0 0 0 0 0 0 0 0 0 0 0
1315635642 23 0 0 0 0 0 0 0 0 0 0 0 0 0 0 0 0 0 0 0
1315635707 24 0 0 0 0 0 0 0 0 0 0 0 0 0 0 0 0 0 0 0
1315635717 25 0 0 0 0 0 0 0 0 0 0 0 0 0 0 0 0 0 0 0
1315635730 26 0 0 0 0 0 0 0 0 0 0 0 0 0 0 0 0 0 0 0
1315635741 27 0 0 0 0 0 0 0 0 0 0 0 0 0 0 0 0 0 0 0
1315635750 28 0 0 0 0 0 0 0 0 0 0 0 0 0 0 0 0 0 0 0
1315635757 29 0 0 0 0 0 0 0 0 0 0 0 0 0 0 0 0 0 0 0
1315635768 30 0 0 0 0 0 0 0 0 0 0 0 0 0 0 0 0 0 0 0
1315635781 31 0 0 0 0 0 0 0 0 0 0 0 0 0 0 0 0 0 0 0
1315635794 32 0 0 0 0 0 0 0 0 0 0 0 0 0 0 0 0 0 0 0
1315635807 33 0 0 0 0 0 0 0 0 0 0 0 0 0 0 0 0 0 0 0
1315635818 34 0 0 0 0 0 0 0 0 0 0 0 0 0 0 0 0 0 0 0
1315635825 35 0 0 0 0 0 0 0 0 0 0 0 0 0 0 0 0 0 0 0
1315635842 36 0 0 0 0 0 0 0 0 0 0 0 0 0 0 0 0 0 0 0
1315635864 37 0 0 0 0 0 0 0 0 0 0 0 0 0 0 0 0 0 0 0
1315635873 38 0 0 0 0 0 0 0 0 0 0 0 0 0 0 0 0 0 0 0
1315635883 39 0 0 0 0 0 0 0 0 0 0 0 0 0 0 0 0 0 0 0
1315635892 40 0 0 0 0 0 0 0 0 0 0 0 0 0 0 0 0 0 0 0
1315635917 41 0 0 0 0 0 0 0 0 0 0 0 0 0 0 0 0 0 0 0
1315635927 42 0 0 0 0 0 0 0 0 0 0 0 0 0 0 0 0 0 0 0
1315635938 43 0 0 0 0 0 0 0 0 0 0 0 0 0 0 0 0 0 0 0
1315635989 44 0 0 0 0 0 0 0 0 0 0 0 0 0 0 0 0 0 0 0
1315636000 45 0 0 0 0 0 0 0 0 0 0 0 0 0 0 0 0 0 0 0
1315636009 46 0 0 0 0 0 0 0 0 0 0 0 0 0 0 0 0 0 0 0
1315636018 47 0 0 0 0 0 0 0 0 0 0 0 0 0 0 0 0 0 0 0
1315636028 48 0 0 0 0 0 0 0 0 0 0 0 0 0 0 0 0 0 0 0
1315636037 49 0 0 0 0 0 0 0 0 0 0 0 0 0 0 0 0 0 0 0
1315636046 50 0 0 0 0 0 0 0 0 0 0 0 0 0 0 0 0 0 0 0
1315636356 51 0 0 0 0 0 0 0 0 0 0 0 0 0 0 0 0 0 0 0
1315636403 52 0 0 0 0 0 0 0 0 0 0 0 0 0 0 0 0 0 0 0
1315636439 53 0 0 0 0 0 0 0 0 0 0 0 0 0 0 0 0 0 0 0
1315636462 54 0 0 0 0 0 0 0 0 0 0 0 0 0 0 0 0 0 0 0
1315636470 55 0 0 0 0 0 0 0 0 0 0 0 0 0 0 0 0 0 0 0
1315636478 56 0 0 0 0 0 0 0 0 0 0 0 0 0 0 0 0 0 0 0
1315636485 57 0 0 0 0 0 0 0 0 0 0 0 0 0 0 0 0 0 0 0
1315636495 58 0 0 0 0 0 0 0 0 0 0 0 0 0 0 0 0 0 0 0
1315636510 59 0 0 0 0 0 0 0 0 0 0 0 0 0 0 0 0 0 0 0
1315764289 60 0 0 0 0 0 0 0 0 0 0 0 0 0 0 0 0 0 0 0
1315765001 61 0 0 0 0 0 1 0 0 0 0 0 0 0 0 0 0 0 0 0
1315767036 62 0 0 0 0 0 1 0 0 0 0 0 0 1 0 0 0 0 0 0
1316760300 63 0 0 0 0 0 1 0 0 0 0 0 0 1 0 0 0 0 0 0
1316760484 64 0 0 0 0 0 1 0 0 0 0 0 0 1 0 0 0 0 0 0
1316760931 65 0 0 0 0 0 1 0 0 0 0 0 0 1 0 0 0 0 0 0
1316796829 66 0 0 0 0 0 1 0 0 0 0 0 0 1 0 0 0 0 0 0
1316848171 67 0 0 0 0 0 1 0 0 0 0 0 0 1 0 0 0 0 0 0
1316849386 68 0 0 0 0 0 1 0 0 0 0 0 0 1 0 0 0 0 0 0
1316878418 69 0 0 0 0 0 1 0 0 0 0 0 0 1 0 0 0 0 0 0
1316885167 70 0 0 0 0 0 1 0 0 0 0 0 0 1 0 0 0 0 0 0
1317023846 71 0 0 0 0 0 1 0 0 0 0 0 0 1 0 0 0 0 0 0
1317086432 72 0 0 0 0 0 1 0 0 0 0 0 0 1 0 0 0 0 0 0
1317087247 73 0 0 0 0 0 1 0 0 0 0 0 0 1 0 0 0 0 0 0
1317102628 74 0 0 0 0 0 1 0 0 0 0 0 0 1 0 0 0 0 0 0
1317446352 75 0 0 0 0 0 1 0 0 0 0 0 0 1 0 0 0 0 0 0
1317446764 76 0 0 0 0 0 1 0 0 0 0 1 0 1 0 0 0 0 0 0
1317489364 77 0 0 0 0 0 1 0 0 0 0 1 0 1 0 0 0 0 0 0
1317489576 78 0 0 0 0 0 1 0 0 0 0 1 0 1 0 0 0 0 0 0
1317542507 79 0 0 0 0 0 1 0 0 0 0 1 0 1 0 0 0 0 0 0
1317579300 80 0 0 0 0 0 1 0 0 0 0 1 0 1 0 0 0 0 0 0
1317582569 81 0 0 0 0 0 1 0 0 0 0 1 0 1 0 0 0 0 0 0
1317582830 82 0 0 0 0 0 1 0 0 0 0 1 0 1 0 0 0 0 0 0
1317587083 83 0 0 0 0 0 1 0 0 0 0 1 0 1 0 0 0 0 0 0
1317606321 84 0 0 0 0 0 1 0 0 0 0 1 0 1 0 0 0 0 0 0
1317871952 85 0 0 0 0 0 1 0 0 0 0 1 0 1 0 0 0 0 0 0
1317977827 86 0 0 0 0 0 1 0 0 0 0 1 0 1 0 0 0 0 0 0
1318053642 87 0 0 0 0 0 1 0 0 0 0 1 0 1 0 0 0 0 0 0
1318179048 88 0 0 0 0 0 1 0 0 0 0 1 0 1 0 0 0 0 0 0
1318180603 89 0 0 0 0 0 1 0 0 0 0 1 0 1 0 0 0 0 0 0
1318199148 90 0 0 0 0 0 1 0 0 0 0 1 0 1 0 0 0 0 0 0
1319004337 91 0 0 0 0 0 1 0 0 0 0 1 0 1 0 0 0 0 0 0
1319126878 92 0 0 0 0 0 1 0 0 0 0 1 0 1 0 0 0 0 0 0
1319397955 93 0 0 0 0 0 1 0 0 0 0 1 0 1 0 0 0 0 0 0
1321216232 94 0 0 0 0 0 1 0 0 0 0 1 0 1 0 0 0 0 0 0
1321218266 95 0 0 0 0 0 1 0 0 0 0 1 0 1 0 0 0 0 0 0
1321220102 96 0 0 0 0 0 1 0 0 0 0 1 0 1 0 0 0 0 0 0
1321686854 97 0 0 0 0 0 1 0 0 0 0 1 0 1 0 0 0 0 0 0
1321929517 98 0 0 0 0 0 1 0 0 0 0 1 0 1 0 0 0 0 0 0
1321930562 102 0 0 0 0 0 1 0 0 0 0 1 0 1 0 0 0 0 0 0
1322713145 103 0 0 0 0 0 1 0 0 0 0 1 0 1 0 0 0 0 0 0
1323331057 104 0 0 0 0 0 1 0 0 0 0 1 0 1 0 0 0 0 0 0
1323368191 105 0 0 0 0 0 1 0 0 0 0 1 0 1 0 0 0 0 0 0
1323399836 106 0 0 0 0 0 1 0 0 0 0 1 0 1 0 0 0 0 0 0
1323584844 108 0 0 0 0 0 1 0 0 0 0 1 0 1 0 0 0 0 0 0
1323675056 109 0 0 0 0 0 1 0 0 0 0 1 0 1 0 0 0 0 0 0
1323843959 110 0 0 0 0 0 1 0 0 0 0 1 0 1 0 0 0 0 0 0
1323865260 111 0 0 0 0 0 1 0 0 0 0 1 0 1 0 0 0 0 0 0
1324160913 112 0 0 0 0 0 1 0 0 0 0 1 0 1 0 0 0 0 0 0
1324233585 113 0 0 0 0 0 1 0 0 0 0 1 0 1 0 0 0 0 0 0
1324238845 114 0 0 0 0 0 1 0 0 0 0 1 0 1 0 0 0 0 0 0
1324248428 115 0 0 0 0 0 1 0 0 0 0 1 0 1 0 0 0 0 0 0
1324275471 116 0 0 0 0 0 1 0 0 0 0 1 0 1 0 0 0 0 0 0
1324275602 117 0 0 0 0 0 1 0 0 0 0 1 0 1 0 0 0 0 0 0
1324276008 118 0 0 0 0 0 1 0 0 0 0 1 0 1 0 0 0 0 0 0
1324362662 119 0 0 0 0 0 1 0 0 0 0 1 0 1 0 0 0 0 0 0
1324702587 120 0 0 0 0 0 1 0 0 0 0 1 0 1 0 0 0 0 0 0
1325145434 121 0 0 0 0 0 1 0 0 0 0 1 0 1 0 0 0 0 0 0
1325145835 122 0 0 0 0 0 1 0 0 0 0 1 0 1 0 0 0 0 0 0
1325146544 123 0 0 0 0 0 1 0 0 0 0 1 0 1 0 0 0 0 0 0
1325958880 124 0 0 0 0 0 1 0 0 0 0 1 0 1 0 0 0 0 0 0
1325962837 126 0 0 0 0 0 1 0 0 0 0 1 0 1 0 0 0 0 0 0
1326520480 127 0 0 0 0 0 1 0 0 0 0 1 0 1 0 0 0 0 0 0
1326567203 128 0 0 0 0 0 1 0 0 0 0 1 0 1 0 0 0 0 0 0
1326682701 129 0 0 0 0 0 1 0 0 0 0 1 0 1 0 0 0 0 0 0
1326684691 130 0 0 0 0 0 1 0 0 0 0 1 0 1 0 0 0 0 0 0
1326689213 131 0 0 0 0 0 1 0 0 0 0 1 0 1 0 0 0 0 0 0
1326730977 132 0 0 0 0 0 1 0 0 0 0 1 0 1 0 0 0 0 0 0
1326748387 133 0 0 0 0 0 1 0 0 0 0 1 0 1 0 0 0 0 0 0
1326748599 134 0 0 0 0 0 1 0 0 0 0 1 0 1 0 0 0 0 0 0
1326754209 135 0 0 0 0 0 1 0 0 0 0 1 0 1 0 0 0 0 0 0
1326764394 136 0 0 0 0 0 1 0 0 0 0 1 0 1 0 0 0 0 0 0
1326764758 137 0 0 0 0 0 1 0 0 0 0 1 0 1 0 0 0 0 0 0
1326765171 138 0 0 0 0 0 1 0 0 0 0 1 0 1 0 0 0 0 0 0
1326765462 139 0 0 0 0 0 1 0 0 0 0 1 0 1 0 0 0 0 0 0
1326943982 140 0 0 0 0 0 1 0 0 0 0 1 0 1 0 0 0 0 0 0
1327131419 141 0 0 0 0 0 1 0 0 0 0 1 0 1 0 0 0 0 0 0
1327175294 142 0 0 0 0 0 1 0 0 0 0 1 0 1 0 0 0 0 0 0
1327175371 143 0 0 0 0 0 1 0 0 0 0 1 0 1 0 0 0 0 0 0
1327175436 144 0 0 0 0 0 1 0 0 0 0 1 0 1 0 0 0 0 0 0
1327175514 145 0 0 0 0 0 1 0 0 0 0 1 0 1 0 0 0 0 0 0
1327175692 146 0 0 0 0 0 1 0 0 0 0 1 0 1 0 0 0 0 0 0
1327175972 147 0 0 3 0 0 1 0 0 0 0 1 0 1 0 0 0 0 0 0
1327182954 147 0 0 4 0 0 1 0 0 0 0 1 0 1 0 0 0 0 0 0
1327790930 148 0 0 4 0 0 1 0 0 0 0 1 0 1 0 0 0 0 0 0
1327856033 149 0 0 4 0 0 1 0 0 0 0 1 0 1 0 0 0 0 0 0
1327857128 150 0 0 4 0 0 1 0 0 0 0 1 0 1 0 0 0 0 0 0
1327858061 151 0 0 4 0 0 1 0 0 0 0 1 0 1 0 0 0 0 0 0
1327859878 152 0 0 4 0 0 1 0 0 0 0 1 0 1 0 0 0 0 0 0
1327860795 153 0 0 4 0 0 1 0 0 0 0 1 0 1 0 0 0 0 0 0
1327893944 156 0 0 4 0 0 1 0 0 0 0 1 0 1 0 0 0 0 0 0
1327996514 157 0 0 4 0 0 1 0 0 0 0 1 0 1 0 0 0 0 0 0
1328164912 158 0 0 4 0 0 1 0 0 0 0 1 0 1 0 0 0 0 0 0
1328167534 159 0 0 4 0 0 1 0 0 0 0 1 0 1 0 0 0 0 0 0
1328168867 160 0 0 4 0 0 1 0 0 0 0 1 0 1 0 0 0 0 0 0
1328338576 161 0 0 4 0 0 1 0 0 0 0 1 0 1 0 0 0 0 0 0
1328379253 162 0 0 4 0 0 1 0 0 0 0 1 0 1 0 0 0 0 0 0
1328468109 163 0 0 4 0 0 1 0 0 0 0 1 0 1 0 0 0 0 0 0
1328946912 164 0 0 4 0 0 1 0 0 0 0 1 0 1 0 0 0 0 0 0
1328948798 165 0 0 4 0 0 1 0 0 0 0 1 0 1 0 0 0 0 0 0
1328949084 166 0 0 4 0 0 1 0 0 0 0 1 0 1 0 0 0 0 0 0
1329084708 167 0 0 4 0 0 1 0 0 0 0 1 0 1 0 0 0 0 0 0
1329092147 168 0 0 4 0 0 1 0 0 0 0 1 0 1 0 0 0 0 0 0
1329103686 169 0 0 4 0 0 1 0 0 0 0 1 0 1 0 0 0 0 0 0
1329202933 170 0 0 4 0 0 1 0 0 0 0 1 0 1 0 0 0 0 0 0
1329204888 171 0 0 4 0 0 1 0 0 0 0 1 0 1 0 0 0 0 0 0
1329581999 172 0 0 4 0 0 1 0 0 0 0 1 0 1 0 0 0 0 0 0
1329602109 173 0 0 4 0 0 1 0 0 0 0 1 0 1 0 0 0 0 0 0
1329603020 174 0 0 4 0 0 2 0 0 0 0 1 0 1 0 0 0 0 0 0
1329607184 175 0 0 4 0 0 2 0 0 0 0 1 0 1 0 0 0 0 0 0
1329607273 176 0 0 4 0 0 2 0 0 0 0 1 0 1 0 0 0 0 0 0
1329635509 177 0 0 4 0 0 2 0 0 0 0 1 0 1 0 0 0 0 0 0
1329719800 178 0 0 4 0 0 2 0 0 0 0 1 0 1 0 0 0 0 0 0
1329720310 179 0 0 4 0 0 2 0 0 0 0 1 0 1 0 0 0 0 0 0
1329723115 180 0 0 4 0 0 2 0 0 0 0 1 0 1 0 0 0 0 0 0
1329758670 181 0 0 4 0 0 2 0 0 0 0 1 0 1 0 0 0 0 0 0
1330760862 182 0 0 4 0 0 2 0 0 0 0 1 0 1 0 0 0 0 0 0
1330761017 183 0 0 4 0 0 2 0 0 0 0 1 0 1 0 0 0 0 0 0
1330761810 184 0 0 4 0 0 2 0 0 0 0 1 0 1 0 0 0 0 0 0
1330762800 185 0 0 4 0 0 2 0 0 0 0 1 0 1 0 0 0 0 0 0
1330795680 186 0 0 4 0 0 2 0 0 0 0 1 0 1 0 0 0 0 0 0
1330799084 187 0 0 4 0 0 2 0 0 0 0 1 0 1 0 0 0 0 0 0
1330843395 188 0 0 4 0 0 2 0 0 0 0 1 0 1 0 0 0 0 0 0
1330883185 189 0 0 4 0 0 2 0 0 0 0 1 0 1 0 0 0 0 0 0
1330889185 190 0 0 4 0 0 2 0 0 0 0 1 0 1 0 0 0 0 0 0
1331347430 191 0 0 4 0 0 2 0 0 0 0 1 1 1 0 0 0 0 0 0
1331402048 192 0 0 4 0 0 2 0 0 0 0 1 1 1 0 0 0 0 0 0
1331402317 193 0 0 4 0 0 2 0 0 0 0 1 1 1 0 0 0 0 0 0
1331447048 194 0 0 4 0 0 2 0 0 0 0 1 1 1 0 0 0 0 0 0
1331457331 194 0 1 4 0 0 2 0 0 0 0 1 1 1 0 0 0 0 0 0
1331457436 194 0 2 4 0 0 2 0 0 0 0 1 1 1 0 0 0 0 0 0
1331457477 194 0 3 4 0 0 2 0 0 0 0 1 1 1 0 0 0 0 0 0
1331457546 194 0 4 4 0 0 2 0 0 0 0 1 1 1 0 0 0 0 0 0
1331569918 194 0 5 4 0 0 2 0 0 0 0 1 1 1 0 0 0 0 0 0
1331615916 195 0 5 4 0 0 2 0 0 0 0 1 1 1 0 0 0 0 0 0
1331616084 196 0 5 4 0 0 2 0 0 0 0 1 1 1 0 0 0 0 0 0
1331705978 197 0 5 4 0 0 2 0 0 0 0 1 1 1 0 0 0 0 0 0
1331739290 198 0 5 4 0 0 2 0 0 0 0 1 1 1 0 0 0 0 0 0
1331741895 199 0 5 4 0 0 2 0 0 0 0 1 1 1 0 0 0 0 0 0
1331746241 200 0 5 4 0 0 2 0 0 0 0 1 1 1 0 0 0 0 0 0
1331748982 201 0 5 4 0 0 2 0 0 0 0 1 1 1 0 0 0 0 0 0
1331792053 202 0 5 4 0 0 2 0 0 0 0 1 1 1 0 0 0 0 0 0
1331956389 203 0 5 4 0 0 2 0 0 0 0 1 1 1 0 0 0 0 0 0
1332010563 203 0 5 4 1 0 2 0 0 0 0 1 1 1 0 0 0 0 0 0
1332010664 203 0 5 4 2 0 2 0 0 0 0 1 1 1 0 0 0 0 0 0
1332045750 204 0 5 4 2 0 2 0 0 0 0 1 1 1 0 0 0 0 0 0
1332088184 205 0 5 4 3 0 2 0 0 0 0 1 1 1 0 0 0 0 0 0
1332105900 206 0 5 4 3 0 2 0 0 0 0 1 1 1 0 0 0 0 0 0
1332107551 207 0 5 4 3 0 2 0 0 0 0 1 1 1 0 0 0 0 0 0
1332433321 207 0 5 4 3 0 2 0 1 0 0 1 1 1 0 0 0 0 0 0
1332785893 207 0 5 4 3 0 2 0 1 0 1 1 1 1 0 0 0 0 0 0
1333295197 208 0 5 4 3 0 2 0 1 0 1 1 1 1 0 0 0 0 0 0
1335144461 209 0 5 4 3 0 2 0 1 0 1 1 1 1 0 0 0 0 0 0
1335145271 210 0 5 4 3 0 2 0 1 0 1 1 1 1 0 0 0 0 0 0
1335160686 211 0 5 4 3 0 2 0 1 0 1 1 1 1 0 0 0 0 0 0
1335741492 212 0 5 4 3 0 2 0 1 0 1 1 1 1 0 0 0 0 0 0
1335749026 213 0 5 4 3 0 2 0 1 0 1 1 1 1 0 0 0 0 0 0
1335759312 214 0 5 4 3 0 2 0 1 0 1 1 1 1 0 0 0 0 0 0
1335932228 215 0 5 4 3 0 2 0 1 0 1 1 1 1 0 0 0 0 0 0
1336015079 216 0 5 4 3 0 2 0 1 0 1 1 1 1 0 0 0 0 0 0
1336015961 217 0 5 4 3 0 2 0 1 0 1 1 1 1 0 0 0 0 0 0
1336023506 218 0 5 4 3 0 2 0 1 0 1 1 1 1 0 0 0 0 0 0
1336025918 219 0 5 4 3 0 2 0 1 0 1 1 1 1 0 0 0 0 0 0
1336105425 220 0 5 4 3 0 2 0 1 0 1 1 1 1 0 0 0 0 0 0
1337314403 221 0 5 4 3 0 2 0 1 0 1 1 1 1 0 0 0 0 0 0
1337538733 222 0 5 4 3 0 2 0 1 0 1 1 1 1 0 0 0 0 0 0
1337751079 223 0 5 4 3 0 2 0 1 0 1 1 1 1 0 0 0 0 0 0
1338053837 224 0 5 4 3 0 2 0 1 0 1 1 1 1 0 0 0 0 0 0
1338657403 225 0 5 4 3 0 2 0 1 0 1 1 1 1 0 0 0 0 0 0
1338752755 226 0 5 4 3 0 2 0 1 0 1 1 1 1 0 0 0 0 0 0
1338766086 227 0 5 4 3 0 2 0 1 0 1 1 1 1 0 0 0 0 0 0
1339294536 228 0 5 4 3 0 2 0 1 0 1 1 1 1 0 0 0 0 0 0
1339307886 231 0 5 4 3 0 2 2 2 0 1 1 1 1 0 0 0 0 0 0
1341791316 232 0 5 4 3 0 2 2 2 0 1 1 1 1 0 0 0 0 0 0
1341792073 233 0 5 4 3 0 2 2 2 0 1 1 1 1 0 0 0 0 0 0
1344820132 234 0 5 4 3 0 2 2 2 0 1 1 1 1 0 0 0 0 0 0
1344919750 235 0 5 4 3 0 2 2 2 0 1 1 1 1 0 0 0 0 0 0
1344929398 236 0 5 4 3 0 2 2 2 0 1 1 1 1 0 0 0 0 0 0
1344929444 237 0 5 4 3 0 2 2 2 0 1 1 1 1 0 0 0 0 0 0
1344929483 238 0 5 4 3 0 2 2 2 0 1 1 1 1 0 0 0 0 0 0
1345337990 239 0 5 4 3 0 2 2 2 0 1 1 1 1 0 0 0 0 0 0
1345845748 240 0 5 4 3 0 2 2 2 0 1 1 1 1 0 0 0 0 0 0
1348980498 241 0 5 4 3 0 2 2 2 0 1 1 1 1 0 0 0 0 0 0
1348982627 242 0 5 4 3 0 2 2 2 0 1 1 1 1 0 0 0 0 0 0
1349156555 243 0 5 4 3 0 2 2 2 0 1 1 1 1 0 0 0 0 0 0
1349997059 244 0 5 4 3 0 2 2 2 0 1 1 1 1 0 0 0 0 0 0
1351144057 245 0 5 4 3 0 2 2 2 0 1 1 1 1 0 0 0 0 0 0
1351144223 246 0 5 4 3 0 2 2 2 0 1 1 1 1 0 0 0 0 0 0
1358792151 247 0 5 4 3 0 2 2 2 0 1 1 1 1 0 0 0 0 0 0
1361250395 248 0 5 4 3 0 2 2 2 0 1 1 1 1 0 0 0 0 0 0
1361679140 249 0 5 4 3 0 2 2 2 0 1 1 1 1 0 0 0 0 0 0
1361680033 250 0 5 4 3 0 2 2 2 0 1 1 1 1 0 0 0 0 0 0
1361681783 251 0 5 4 3 2 2 2 2 1 1 1 1 1 1 1 1 1 0 1
1361693784 252 0 5 4 3 2 2 2 2 1 1 1 1 1 1 1 1 1 0 1
1363999117 253 0 5 4 3 2 2 2 2 1 1 1 1 1 1 1 1 1 0 1
1364002357 254 0 5 4 3 2 2 2 2 1 1 1 1 1 1 1 1 1 0 1
1364071810 255 0 5 4 3 2 2 2 2 1 1 1 1 1 1 1 1 1 0 1
1364102863 256 0 5 4 3 2 2 2 2 1 1 1 1 1 1 1 1 1 0 1
1364104647 257 0 5 4 3 2 2 2 2 1 1 1 1 1 1 1 1 1 0 1
1364107635 258 0 5 4 3 2 2 2 2 1 1 1 1 1 1 1 1 1 0 1
1364163482 259 0 5 4 3 2 2 2 2 1 1 1 1 1 1 1 1 1 1 1
1364169365 260 0 5 4 3 2 2 2 2 1 1 1 1 1 1 1 1 1 1 1
1364169452 261 0 5 4 3 2 2 2 2 1 1 1 1 1 1 1 1 1 1 1
1364188351 262 0 5 4 3 2 2 2 2 1 1 1 1 1 1 1 1 1 1 1
1364189440 263 0 5 4 3 2 2 2 2 1 1 1 1 1 1 1 1 1 1 1
1364190400 264 0 5 4 3 2 2 2 2 1 1 1 1 1 1 1 1 1 1 1
1365865737 265 0 5 4 3 2 2 2 2 1 1 1 1 1 1 1 1 1 1 1
1365893643 266 0 5 4 3 2 2 2 2 1 1 1 1 1 1 1 1 1 1 1
1365900897 267 0 5 4 3 2 2 2 2 1 1 1 1 1 1 1 1 1 1 1
1365901446 268 0 5 4 3 2 2 2 2 1 1 1 1 1 1 1 1 1 1 1
1365902142 269 0 5 4 3 2 2 2 2 1 1 1 1 1 1 1 1 1 1 1
1365904726 270 0 5 4 3 2 2 2 2 1 1 1 1 1 1 1 1 1 1 1
1365905507 271 0 5 4 3 2 2 2 2 1 1 1 1 1 1 1 1 1 1 1
1365913115 272 0 5 4 3 2 2 2 2 1 1 1 1 1 1 1 1 1 1 1
1365914306 273 0 5 4 3 2 2 2 2 1 1 1 1 1 1 1 1 1 1 1
1365959143 274 0 5 4 3 2 2 2 2 1 1 1 1 1 1 1 1 1 1 1
1365960691 275 0 5 4 3 2 2 2 2 1 1 1 1 1 1 1 1 1 1 1
1366357095 276 0 5 4 3 2 2 2 2 1 1 1 1 1 1 1 1 1 1 1
1366357679 277 0 5 4 3 2 2 2 2 1 1 1 1 1 1 1 1 1 1 1
1367188585 278 0 5 4 3 2 2 2 2 1 1 1 1 1 1 1 1 1 1 1
1367194910 280 0 5 4 3 2 2 2 2 1 1 1 1 1 1 1 1 1 1 1
1367561574 281 0 5 4 3 2 2 2 2 1 1 1 1 1 1 1 1 1 1 1
1369365114 282 0 5 4 3 2 2 2 2 1 1 1 1 1 1 1 1 1 1 1
1375578803 283 0 5 4 3 2 2 2 2 1 1 1 1 1 1 1 1 1 1 1
1377334411 284 0 5 4 3 2 2 2 2 1 1 1 1 1 1 1 1 1 1 1
1398383136 285 0 5 4 3 2 2 2 2 1 1 1 1 1 1 1 1 1 1 1
1398487939 286 0 5 4 3 2 2 2 2 1 1 1 1 1 1 1 1 1 1 1
1398524649 287 0 5 4 3 2 2 2 2 1 1 1 1 1 1 1 1 1 1 1
1398525157 288 0 5 4 3 2 2 2 2 1 1 1 1 1 1 1 1 1 1 1
1404344062 289 0 5 4 3 2 2 2 2 1 1 1 1 1 1 1 1 1 1 1
1419841122 290 0 5 4 3 2 2 2 2 1 1 1 1 1 1 1 1 1 1 1
1422337286 291 0 5 4 3 2 2 2 2 1 1 1 1 1 1 1 1 1 1 1
1436129510 292 0 5 4 3 2 2 2 2 1 1 1 1 1 1 1 1 1 1 1
1436145293 293 0 5 4 3 2 2 2 2 1 1 1 1 1 1 1 1 1 1 1
1436325061 294 0 5 4 3 2 2 2 2 1 1 1 1 1 1 1 1 1 1 1
1438142766 295 0 5 4 3 2 2 2 2 1 1 1 1 1 1 1 1 1 1 1
1438144880 296 0 5 4 3 2 2 2 2 1 1 1 1 1 1 1 1 1 1 1
1438145709 297 0 5 4 3 2 2 2 2 1 1 1 1 1 1 1 1 1 1 1
1438148671 298 0 5 4 3 2 2 2 2 1 1 1 1 1 1 1 1 1 1 1
1438150433 299 0 5 4 3 2 2 2 2 1 1 1 1 1 1 1 1 1 1 1
1438150669 300 0 5 4 3 2 2 2 2 1 1 1 1 1 1 1 1 1 1 1
1438151555 301 0 5 4 3 2 2 2 2 1 1 1 1 1 1 1 1 1 1 1
1438475936 302 0 5 4 3 2 2 2 2 1 1 1 1 1 1 1 1 1 1 1
1438498927 303 0 5 4 3 2 2 2 2 1 1 1 1 1 1 1 1 1 1 1
1438559234 305 0 5 4 3 2 2 2 2 1 1 1 1 1 1 1 1 1 1 1
1439687090 306 0 5 4 3 2 2 2 2 1 1 1 1 1 1 1 1 1 1 1
1439687690 307 0 5 4 3 2 2 2 2 1 1 1 1 1 1 1 1 1 1 1
1441500355 308 0 5 4 3 2 2 2 2 1 1 1 1 1 1 1 1 1 1 1
1441504615 309 0 5 4 3 2 2 2 2 1 1 1 1 1 1 1 1 1 1 1
1442443200 310 0 5 4 3 2 2 2 2 1 1 1 1 1 1 1 1 1 1 1
1443984300 311 0 5 4 3 2 2 2 2 1 1 1 1 1 1 1 1 1 1 1
1448607145 312 0 5 4 3 2 2 2 2 1 1 1 1 1 1 1 1 1 1 1
1454138695 313 0 5 4 3 2 2 2 2 1 1 1 1 1 1 1 1 1 1 1
1459850999 314 0 5 4 3 2 2 2 2 1 1 1 1 1 1 1 1 1 1 1
1466217370 315 0 5 4 3 2 2 2 2 1 1 1 1 1 1 1 1 1 1 1
1468176197 316 0 5 4 3 2 2 2 2 1 1 1 1 1 1 1 1 1 1 1
1474417648 317 0 5 4 3 2 2 2 2 1 1 1 1 1 1 1 1 1 1 1
1474422561 318 0 5 4 3 2 2 2 2 1 1 1 1 1 1 1 1 1 1 1
1474472759 319 0 5 4 3 2 2 2 2 1 1 1 1 1 1 1 1 1 1 1
1474513657 320 0 5 4 3 2 2 2 2 1 1 1 1 1 1 1 1 1 1 1
1474521921 321 0 5 4 3 2 2 2 2 1 1 1 1 1 1 1 1 1 1 1
1474526150 322 0 5 4 3 2 2 2 2 1 1 1 1 1 1 1 1 1 1 1
1475119225 323 0 5 4 3 2 2 2 2 1 1 1 1 1 1 1 1 1 1 1
1475559206 324 0 5 4 3 2 2 2 2 1 1 1 1 1 1 1 1 1 1 1
1476236300 325 0 5 4 3 2 2 2 2 1 1 1 1 1 1 1 1 1 1 1
1476249350 326 0 5 4 3 2 2 2 2 1 1 1 1 1 1 1 1 1 1 1
1476249664 327 0 5 4 3 2 2 2 2 1 1 1 1 1 1 1 1 1 1 1
1476475854 328 0 5 4 3 2 2 2 2 1 1 1 1 1 1 1 1 1 1 1
1476476167 329 0 5 4 3 2 2 2 2 1 1 1 1 1 1 1 1 1 1 1
1476476338 330 0 5 4 3 2 2 2 2 1 1 1 1 1 1 1 1 1 1 1
1476477018 331 0 5 4 3 2 2 2 2 1 1 1 1 1 1 1 1 1 1 1
1477349539 332 0 5 4 3 2 2 2 2 1 1 1 1 1 1 1 1 1 1 1
1477350051 333 0 5 4 3 2 2 2 2 1 1 1 1 1 1 1 1 1 1 1
1477365101 334 0 5 4 3 2 2 2 2 1 1 1 1 1 1 1 1 1 1 1
1477453541 335 0 5 4 3 2 2 2 2 1 1 1 1 1 1 1 1 1 1 1
1477502710 336 0 5 4 3 2 2 2 2 1 1 1 1 1 1 1 1 1 1 1
1477633843 337 0 5 4 3 2 2 2 2 1 1 1 1 1 1 1 1 1 1 1
1477841773 338 0 5 4 3 2 2 2 2 1 1 1 1 1 1 1 1 1 1 1
1477844732 339 0 5 4 3 2 2 2 2 1 1 1 1 1 1 1 1 1 1 1
1477845205 340 0 5 4 3 2 2 2 2 1 1 1 1 1 1 1 1 1 1 1
1478411734 341 0 5 4 3 2 2 2 2 1 1 1 1 1 1 1 1 1 1 1
1479143965 342 0 5 4 3 2 2 2 2 1 1 1 1 1 1 1 1 1 1 1
1479267901 343 0 5 4 3 2 2 2 2 1 1 1 1 1 1 1 1 1 1 1
1479670575 344 0 5 4 3 2 2 2 2 1 1 1 1 1 1 1 1 1 1 1
1479844949 345 0 5 4 3 2 2 2 2 1 1 1 1 1 1 1 1 1 1 1
1479886159 347 0 5 4 3 2 2 2 2 1 1 1 1 1 1 1 1 1 1 1
1480781936 348 0 5 4 3 2 2 2 2 1 1 1 1 1 1 1 1 1 1 1
1480782597 349 0 5 4 3 2 2 2 2 1 1 1 1 1 1 1 1 1 1 1
1480789634 350 0 5 4 3 2 2 2 2 1 1 1 1 1 1 1 1 1 1 1
1480899049 351 0 5 4 3 2 2 2 2 1 1 1 1 1 1 1 1 1 1 1
1480900173 352 0 5 4 3 2 2 2 2 1 1 1 1 1 1 1 1 1 1 1
1480904983 353 0 5 4 3 2 2 2 2 1 1 1 1 1 1 1 1 1 1 1
1483137052 354 0 5 4 3 2 2 2 2 1 1 1 1 1 1 1 1 1 1 1
1483144196 355 0 5 4 3 2 2 2 2 1 1 1 1 1 1 1 1 1 1 1
1483146811 356 0 5 4 3 2 2 2 2 1 1 1 1 1 1 1 1 1 1 1
1483147244 357 0 5 4 3 2 2 2 2 1 1 1 1 1 1 1 1 1 1 1
1483150728 358 0 5 4 3 2 2 2 2 1 1 1 1 1 1 1 1 1 1 1
1483153126 359 0 5 4 3 2 2 2 2 1 1 1 1 1 1 1 1 1 1 1
1483156087 360 0 5 4 3 2 2 2 2 1 1 1 1 1 1 1 1 1 1 1
1483164262 361 0 5 4 3 2 2 2 2 1 1 1 1 1 1 1 1 1 1 1
1483164305 362 0 5 4 3 2 2 2 2 1 1 1 1 1 1 1 1 1 1 1
1483170043 363 0 5 4 3 2 2 2 2 1 1 1 1 1 1 1 1 1 1 1
1483202957 364 0 5 4 3 2 2 2 2 1 1 1 1 1 1 1 1 1 1 1
1483207389 365 0 5 4 3 2 2 2 2 1 1 1 1 1 1 1 1 1 1 1
1483231296 366 0 5 4 3 2 2 2 2 1 1 1 1 1 1 1 1 1 1 1
1483232246 367 0 5 4 3 2 2 2 2 1 1 1 1 1 1 1 1 1 1 1
1483239094 369 0 5 4 3 2 2 2 2 1 1 1 1 1 1 1 1 1 1 1
1483337532 370 0 5 4 3 2 2 2 2 1 1 1 1 1 1 1 1 1 1 1
1483338081 373 0 5 4 3 2 2 2 2 1 1 1 1 1 1 1 1 1 1 1
1483399079 374 0 5 4 3 2 2 2 2 1 1 1 1 1 1 1 1 1 1 1
1483402663 375 0 5 4 3 2 2 2 2 1 1 1 1 1 1 1 1 1 1 1
1483405478 376 0 5 4 3 2 2 2 2 1 1 1 1 1 1 1 1 1 1 1
1483406727 377 0 5 4 3 2 2 2 2 1 1 1 1 1 1 1 1 1 1 1
1483409911 379 0 5 4 3 2 2 2 2 1 1 1 1 1 1 1 1 1 1 1
1484499244 386 0 5 4 3 2 2 2 2 1 1 1 1 1 1 1 1 1 1 1
1484500726 387 0 5 4 3 2 2 2 2 1 1 1 1 1 1 1 1 1 1 1
1484549163 388 0 5 4 3 2 2 2 2 1 1 1 1 1 1 1 1 1 1 1
1484588316 389 0 5 4 3 2 2 2 2 1 1 1 1 1 1 1 1 1 1 1
1484588975 390 0 5 4 3 2 2 2 2 1 1 1 1 1 1 1 1 1 1 1
1484992226 391 0 5 4 3 2 2 2 2 1 1 1 1 1 1 1 1 1 1 1
1485029605 392 0 5 4 3 2 2 2 2 1 1 1 1 1 1 1 1 1 1 1
1485157132 393 0 5 4 3 2 2 2 2 1 1 1 1 1 1 1 1 1 1 1
1486281517 394 0 5 4 3 2 2 2 2 1 1 1 1 1 1 1 1 1 1 1
1486881489 395 0 5 4 3 2 2 2 2 1 1 1 1 1 1 1 1 1 1 1
1486881927 396 0 5 4 3 2 2 2 2 1 1 1 1 1 1 1 1 1 1 1
1486882111 397 0 5 4 3 2 2 2 2 1 1 1 1 1 1 1 1 1 1 1
1486884101 398 0 5 4 3 2 2 2 2 1 1 1 1 1 1 1 1 1 1 1
1486886057 399 0 5 4 3 2 2 2 2 1 1 1 1 1 1 1 1 1 1 1
1487488021 400 0 5 4 3 2 2 2 2 1 1 1 1 1 1 1 1 1 1 1
1490910523 401 0 5 4 3 2 2 2 2 1 1 1 1 1 1 1 1 1 1 1
1492356933 402 0 5 4 3 2 2 2 2 1 1 1 1 1 1 1 1 1 1 1
1496508579 403 0 5 4 3 2 2 2 2 1 1 1 1 1 1 1 1 1 1 1
1507861679 404 0 5 4 3 2 2 2 2 1 1 1 1 1 1 1 1 1 1 1
1507862091 405 0 5 4 3 2 2 2 2 1 1 1 1 1 1 1 1 1 1 1
1507862641 406 0 5 4 3 2 2 2 2 1 1 1 1 1 1 1 1 1 1 1
1507863831 407 0 5 4 3 2 2 2 2 1 1 1 1 1 1 1 1 1 1 1
1507864133 408 0 5 4 3 2 2 2 2 1 1 1 1 1 1 1 1 1 1 1
1507867642 409 0 5 4 3 2 2 2 2 1 1 1 1 1 1 1 1 1 1 1
1507870671 410 0 5 4 3 2 2 2 2 1 1 1 1 1 1 1 1 1 1 1
1515464165 411 0 5 4 3 2 2 2 2 1 1 1 1 1 1 1 1 1 1 1
1517433852 412 0 5 4 3 2 2 2 2 1 1 1 1 1 1 1 1 1 1 1
1524028162 413 0 5 4 3 2 2 2 2 1 1 1 1 1 1 1 1 1 1 1
1524030281 414 0 5 4 3 2 2 2 2 1 1 1 1 1 1 1 1 1 1 1
1533112623 415 0 5 4 3 2 2 2 2 1 1 1 1 1 1 1 1 1 1 1
1533112787 416 0 5 4 3 2 2 2 2 1 1 1 1 1 1 1 1 1 1 1
1533113385 417 0 5 4 3 2 2 2 2 1 1 1 1 1 1 1 1 1 1 1
1533173083 418 0 5 4 3 2 2 2 2 1 1 1 1 1 1 1 1 1 1 1
1533418022 419 0 5 4 3 2 2 2 2 1 1 1 1 1 1 1 1 1 1 1
1533418441 420 0 5 4 3 2 2 2 2 1 1 1 1 1 1 1 1 1 1 1
1538805996 421 0 5 4 3 2 2 2 2 1 1 1 1 1 1 1 1 1 1 1
1538972803 422 0 5 4 3 2 2 2 2 1 1 1 1 1 1 1 1 1 1 1
1541224514 423 0 5 4 3 2 2 2 2 1 1 1 1 1 1 1 1 1 1 1
1541356306 424 0 5 4 3 2 2 2 2 1 1 1 1 1 1 1 1 1 1 1
1544519498 425 0 5 4 3 2 2 2 2 1 1 1 1 1 1 1 1 1 1 1
1545861027 426 0 5 4 3 2 2 2 2 1 1 1 1 1 1 1 1 1 1 1
1546481440 427 0 5 4 3 2 2 2 2 1 1 1 1 1 1 1 1 1 1 1
1549252486 428 0 5 4 3 2 2 2 2 1 1 1 1 1 1 1 1 1 1 1
1550461737 429 0 5 4 3 2 2 2 2 1 1 1 1 1 1 1 1 1 1 1
1550465153 430 0 5 4 3 2 2 2 2 1 1 1 1 1 1 1 1 1 1 1
1554503267 431 0 5 4 3 2 2 2 2 1 1 1 1 1 1 1 1 1 1 1
1555200316 432 0 5 4 3 2 2 2 2 1 1 1 1 1 1 1 1 1 1 1
1558848200 433 0 5 4 3 2 2 2 2 1 1 1 1 1 1 1 1 1 1 1
1562687713 434 0 5 4 3 2 2 2 2 1 1 1 1 1 1 1 1 1 1 1
1598903638 435 0 5 4 3 2 2 2 2 1 1 1 1 1 1 1 1 1 1 1
1600366186 436 0 5 4 3 2 2 2 2 1 1 1 1 1 1 1 1 1 1 1
1610949008 437 0 5 4 3 2 2 2 2 1 1 1 1 1 1 1 1 1 1 1
1612998202 438 0 5 4 3 2 2 2 2 1 1 1 1 1 1 1 1 1 1 1
1625761912 439 0 5 4 3 2 2 2 2 1 1 1 1 1 1 1 1 1 1 1
1640998627 440 0 5 4 3 2 2 2 2 1 1 1 1 1 1 1 1 1 1 1
1641000157 441 0 5 4 3 2 2 2 2 1 1 1 1 1 1 1 1 1 1 1
1641067770 442 0 5 4 3 2 2 2 2 1 1 1 1 1 1 1 1 1 1 1
1641076337 443 0 5 4 3 2 2 2 2 1 1 1 1 1 1 1 1 1 1 1
1648365158 444 0 5 4 3 2 2 2 2 1 1 1 1 1 1 1 1 1 1 1
1648366122 445 0 5 4 3 2 2 2 2 1 1 1 1 1 1 1 1 1 1 1
1648368308 446 0 5 4 3 2 2 2 2 1 1 1 1 1 1 1 1 1 1 1
1648404110 447 0 5 4 3 2 2 2 2 1 1 1 1 1 1 1 1 1 1 1
1648414053 448 0 5 4 3 2 2 2 2 1 1 1 1 1 1 1 1 1 1 1
1648414099 449 0 5 4 3 2 2 2 2 1 1 1 1 1 1 1 1 1 1 1
1648421223 450 0 5 4 3 2 2 2 2 1 1 1 1 1 1 1 1 1 1 1
1648429669 451 0 5 4 3 2 2 2 2 1 1 1 1 1 1 1 1 1 1 1
1648489816 452 0 5 4 3 2 2 2 2 1 1 1 1 1 1 1 1 1 1 1
1648517650 453 0 5 4 3 2 2 2 2 1 1 1 1 1 1 1 1 1 1 1
1648518419 454 0 5 4 3 2 2 2 2 1 1 1 1 1 1 1 1 1 1 1
1648664093 455 0 5 4 3 2 2 2 2 1 1 1 1 1 1 1 1 1 1 1
1653580071 456 0 5 4 3 2 2 2 2 1 1 1 1 1 1 1 1 1 1 1
1654372333 457 0 5 4 3 2 2 2 2 1 1 1 1 1 1 1 1 1 1 1
1654380160 458 0 5 4 3 2 2 2 2 1 1 1 1 1 1 1 1 1 1 1
1656357336 459 0 5 4 3 2 2 2 2 1 1 1 1 1 1 1 1 1 1 1
1658688067 460 0 5 4 3 2 2 2 2 1 1 1 1 1 1 1 1 1 1 1
1659221471 461 0 5 4 3 2 2 2 2 1 1 1 1 1 1 1 1 1 1 1
1659285112 462 0 5 4 3 2 2 2 2 1 1 1 1 1 1 1 1 1 1 1
1659981009 463 0 5 4 3 2 2 2 2 1 1 1 1 1 1 1 1 1 1 1
1661199186 464 0 5 4 3 2 2 2 2 1 1 1 1 1 1 1 1 1 1 1
1661717597 465 0 5 4 3 2 2 2 2 1 1 1 1 1 1 1 1 1 1 1
1664668355 466 0 5 4 3 2 2 2 2 1 1 1 1 1 1 1 1 1 1 1
1664679329 467 0 5 4 3 2 2 2 2 1 1 1 1 1 1 1 1 1 1 1
1664852758 472 0 5 4 3 2 2 2 2 1 1 1 1 1 1 1 1 1 1 1
1665021058 473 0 5 4 3 2 2 2 2 1 1 1 1 1 1 1 1 1 1 1
1665043398 474 0 5 4 3 2 2 2 2 1 1 1 1 1 1 1 1 1 1 1
1665085969 475 0 5 4 3 2 2 2 2 1 1 1 1 1 1 1 1 1 1 1
1665086251 476 0 5 4 3 2 2 2 2 1 1 1 1 1 1 1 1 1 1 1
1665095342 477 0 5 4 3 2 2 2 2 1 1 1 1 1 1 1 1 1 1 1
1665096056 478 0 5 4 3 2 2 2 2 1 1 1 1 1 1 1 1 1 1 1
1665096544 479 0 5 4 3 2 2 2 2 1 1 1 1 1 1 1 1 1 1 1
1665099222 480 0 5 4 3 2 2 2 2 1 1 1 1 1 1 1 1 1 1 1
1665101783 481 0 5 4 3 2 2 2 2 1 1 1 1 1 1 1 1 1 1 1
1665101827 482 0 5 4 3 2 2 2 2 1 1 1 1 1 1 1 1 1 1 1
1665102318 483 0 5 4 3 2 2 2 2 1 1 1 1 1 1 1 1 1 1 1
1665118216 484 0 5 4 3 2 2 2 2 1 1 1 1 1 1 1 1 1 1 1
1665355235 485 0 5 4 3 2 2 2 2 1 1 1 1 1 1 1 1 1 1 1
1665359749 486 0 5 4 3 2 2 2 2 1 1 1 1 1 1 1 1 1 1 1
1665361970 487 0 5 4 3 2 2 2 2 1 1 1 1 1 1 1 1 1 1 1
1665369872 488 0 5 4 3 2 2 2 2 1 1 1 1 1 1 1 1 1 1 1
1665375999 489 0 5 4 3 2 2 2 2 1 1 1 1 1 1 1 1 1 1 1
1665388898 490 0 5 4 3 2 2 2 2 1 1 1 1 1 1 1 1 1 1 1
1665394773 491 0 5 4 3 2 2 2 2 1 1 1 1 1 1 1 1 1 1 1
1665394853 492 0 5 4 3 2 2 2 2 1 1 1 1 1 1 1 1 1 1 1
1665424849 493 0 5 4 3 2 2 2 2 1 1 1 1 1 1 1 1 1 1 1
1665425472 494 0 5 4 3 2 2 2 2 1 1 1 1 1 1 1 1 1 1 1
1665452313 494 1 5 4 3 2 2 2 2 1 1 1 1 1 1 1 1 1 1 1
1665452354 494 2 5 4 3 2 2 2 2 1 1 1 1 1 1 1 1 1 1 1
1665452409 494 4 5 4 3 2 2 2 2 1 1 1 1 1 1 1 1 1 1 1
1665511718 494 5 5 4 3 2 2 2 2 1 1 1 1 1 1 1 1 1 1 1
1665511817 494 10 5 4 3 2 2 2 2 1 1 1 1 1 1 1 1 1 1 1
1665622474 495 10 5 4 3 2 2 2 2 1 1 1 1 1 1 1 1 1 1 1
