1278439568 69774
1315632991 6146
1315633937 6565
1315634594 6398
1315634812 6981
1315634855 7005
1315634887 6979
1315634908 7029
1315634958 7398
1315635021 7483
1315635097 8541
1315635207 7855
1315635279 8988
1315635317 9248
1315635422 9358
1315635437 9370
1315635453 13459
1315635537 13797
1315635561 13792
1315635595 13986
1315635607 14093
1315635615 18736
1315635629 21921
1315635642 22942
1315635707 27700
1315635717 34027
1315635730 35956
1315635741 35686
1315635750 35929
1315635757 37881
1315635768 38565
1315635781 38338
1315635794 39749
1315635807 39756
1315635818 39797
1315635825 41754
1315635842 43727
1315635864 44632
1315635873 46633
1315635883 49343
1315635892 50241
1315635917 54653
1315635927 57799
1315635938 57421
1315635989 57764
1315636000 60554
1315636009 65819
1315636018 64770
1315636028 64962
1315636037 68443
1315636046 64864
1315636356 64667
1315636403 64670
1315636439 64529
1315636462 64647
1315636470 64675
1315636478 64724
1315636485 64781
1315636495 64794
1315636510 64807
1315724452 65292
1315764289 65289
1315765001 65292
1315766804 65311
1315767036 65311
1316375204 65283
1316760300 65312
1316760484 65312
1316760931 65317
1316796829 65317
1316848171 65317
1316849386 65317
1316878418 65317
1316885167 65326
1317023846 65240
1317086432 65241
1317087247 65239
1317102628 65267
1317446352 65270
1317446764 65270
1317489364 65287
1317489576 65291
1317542507 65294
1317579300 65314
1317582569 65321
1317582830 65319
1317587083 65362
1317606321 65362
1317871952 65362
1317977827 65704
1318053642 65727
1318179048 65740
1318180603 65751
1318199148 65751
1318487071 66575
1319004337 65769
1319126878 65773
1319397955 65775
1320620522 65810
1321216232 65827
1321218266 65831
1321220102 65831
1321686854 65837
1321807397 66495
1321807426 65808
1321929517 65841
1321930562 65834
1322713145 66493
1323331057 66552
1323368191 66559
1323399836 66565
1323584844 66566
1323675056 66575
1323843959 66575
1323865260 66589
1324160913 66589
1324233585 66638
1324238845 66641
1324248428 66652
1324275471 66652
1324275602 66655
1324276008 65346
1324362662 65365
1324702587 65369
1325145434 65372
1325145835 65397
1325146544 65400
1325193567 65401
1325958880 65413
1325962837 65388
1326520480 65420
1326567203 65423
1326682701 65435
1326684691 65438
1326689213 65476
1326730977 65476
1326748387 65476
1326748599 65478
1326754209 65494
1326764394 65503
1326764758 65505
1326765171 65510
1326765462 65510
1326831965 65527
1326832110 65528
1326834401 65533
1326943982 65510
1327131419 65510
1327175294 65511
1327175371 65511
1327175436 65517
1327175514 65527
1327175692 65527
1327175972 65527
1327182954 65547
1327790930 65606
1327856033 65610
1327857128 65610
1327858061 65613
1327859878 65610
1327860795 65634
1327887844 65637
1327893613 65636
1327893944 65637
1327996514 65642
1328164912 65636
1328167534 65615
1328168867 65618
1328338576 65621
1328379253 65621
1328468109 65632
1328946912 65625
1328948798 65631
1328949084 65630
1329084708 65641
1329092147 65644
1329103686 65647
1329202933 65646
1329204888 65630
1329216618 65672
1329581999 65635
1329602109 65649
1329603020 65672
1329607184 65674
1329607273 65683
1329635509 65683
1329719800 65683
1329720310 65683
1329723115 65693
1329758670 65693
1330760862 65694
1330761017 65737
1330761810 65726
1330762800 65722
1330795680 65724
1330799084 65737
1330843395 65737
1330883185 65761
1330889185 65764
1331256586 65773
1331347430 65773
1331402048 65782
1331402317 65781
1331447048 65781
1331457331 65786
1331457436 65806
1331457477 65802
1331457546 65805
1331569918 65806
1331615916 65805
1331616084 65805
1331705978 65829
1331739290 65829
1331741895 65829
1331746241 65835
1331748982 65838
1331792053 65839
1331956389 65875
1332010563 65875
1332010664 65875
1332045750 65879
1332073284 65893
1332088184 65892
1332105900 65893
1332107551 65910
1332433321 65908
1332785893 65925
1333295197 65957
1333463167 66046
1335144461 65970
1335145271 65970
1335160686 65973
1335741492 66046
1335749026 66046
1335759312 66046
1335932228 66046
1336015079 66050
1336015961 66095
1336023506 66098
1336025918 66127
1336105425 66133
1337314403 66137
1337538733 66137
1337751079 66139
1338053837 66198
1338657403 66198
1338752755 66206
1338766086 66210
1339003839 66241
1339025012 66241
1339025136 66241
1339294536 66214
1339296475 66214
1339306944 66241
1339307886 66214
1341791316 66239
1341792073 66240
1344820132 66246
1344919750 66247
1344929398 66248
1344929444 66249
1344929483 66251
1345337990 66254
1345845748 66256
1347655692 66300
1348980498 66261
1348982627 66260
1349156555 66261
1349997059 66264
1351144057 66269
1351144223 66270
1352831750 66300
1352832090 66302
1353990426 66302
1354301030 66302
1355258696 66278
1356035815 66281
1358792151 66273
1360608087 66317
1361250395 66273
1361679140 66274
1361680033 66281
1361681783 66284
1361693784 66317
1363999117 69652
1364002357 69681
1364071810 69683
1364102863 69639
1364104647 69654
1364107635 69664
1364163482 69665
1364169365 69774
1364169452 69774
1364188351 69776
1364189440 69777
1364190400 69824
1365865737 69827
1365893643 69827
1365900897 69827
1365901446 69828
1365902142 69830
1365904726 69833
1365905507 69833
1365913115 69833
1365914306 69836
1365959143 69908
1365960691 69908
1366357095 69908
1366357679 69362
1367188585 69362
1367190214 69366
1367194910 69362
1367561574 69369
1369365114 69369
1375578803 69370
1377334411 69398
1398383136 69400
1398487939 69406
1398524649 69427
1398525157 69428
1404344062 69428
1419841122 69437
1422337286 69437
1436129510 69437
1436145293 69456
1436325061 69474
1438142766 69482
1438144880 69484
1438145709 69484
1438148671 69484
1438150433 69485
1438150669 69485
1438151555 69489
1438475936 69493
1438498927 69506
1438552018 69642
1438559234 69506
1439687090 69642
1439687690 69642
1441500355 69643
1441504615 69643
1442443200 69643
1443984300 69647
1448607145 69647
1454138695 69647
1459850999 69652
1466217370 69653
1468176197 69653
1474417648 69654
1474422561 69675
1474472759 69675
1474513657 69647
1474521921 69628
1474526150 69626
1475119225 69624
1475559206 69636
1476236300 69636
1476249350 69641
1476249664 69643
1476475854 69643
1476476167 69643
1476476338 69644
1476477018 69644
1477349539 69644
1477350051 69648
1477365101 69679
1477453541 69695
1477502710 69695
1477633843 69696
1477841773 69696
1477844732 69673
1477845205 69679
1478360609 69877
1478411734 69701
1479143965 69717
1479267901 69738
1479670575 69738
1479844949 69738
1479886159 69740
1480781936 69880
1480782597 69880
1480789634 70007
1480899049 70013
1480900173 70099
1480904983 70171
1483137052 70169
1483144196 70212
1483146811 70211
1483147244 70211
1483150728 70242
1483153126 70243
1483156087 70317
1483164262 70317
1483164305 70319
1483170043 70334
1483202957 70334
1483207389 70286
1483213291 76218
1483231296 70298
1483232246 70328
1483239094 76021
1483302184 76221
1483329744 76222
1483337532 76218
1483338081 76221
1483399079 76223
1483402663 76224
1483405478 76229
1483406727 76232
1483408439 76236
1483409911 76232
1483599415 76212
1483600735 76212
1484286680 76212
1484377803 76212
1484496955 76216
1484497336 76218
1484499244 76236
1484500726 76222
1484549163 76225
1484588316 76225
1484588975 76226
1484992226 76234
1485029605 76234
1485157132 76237
1486281517 76237
1486881489 76237
1486881927 76235
1486882111 76235
1486884101 76235
1486886057 76238
1487488021 76238
1490910523 76238
1492356933 76240
1496508579 76232
1507861679 76232
1507862091 76232
1507862641 76233
1507863831 76233
1507864133 70061
1507867642 70063
1507870671 70066
1515464165 70068
1517433852 70067
1524028162 70076
1524030281 70077
1533112623 70080
1533112787 70076
1533113385 70067
1533173083 70071
1533418022 70071
1533418441 70102
1538805996 70576
1538972803 70687
1541224514 70991
1541356306 71088
1544519498 80201
1545861027 80271
1546481440 80277
1549252486 80278
1550461737 80392
1550465153 80396
1554503267 80398
1555200316 80410
1558848200 80412
1562687713 80412
1598903638 80411
1600366186 80411
1610949008 80411
1612998202 80422
1625761912 80422
1640998627 80422
1641000157 80424
1641067770 80427
1641076337 80436
1648365158 80460
1648366122 80460
1648368308 80465
1648404110 80463
1648414053 80469
1648414099 80471
1648421223 80565
1648429669 80568
1648489816 80568
1648517650 80571
1648518419 80576
1648664093 80576
1653580071 80577
1654372333 80577
1654380160 80577
1656357336 80578
1658688067 80580
1659221471 80581
1659285112 80581
1659981009 80581
1661199186 80581
1661717597 80581
1664668355 80581
1664669046 80618
1664679329 80580
1664812023 80604
1664812422 80613
1664823391 80626
1664852758 80595
1665021058 80626
1665043398 80626
1665085969 80203
1665086251 80201
1665095342 80201
1665096056 80201
1665096544 80198
1665099222 80202
1665101783 80212
1665101827 80212
1665102318 80234
1665118216 80367
1665355235 80365
1665359749 80365
1665361970 80386
1665369872 80385
1665375999 80385
1665388898 80385
1665394773 80385
1665394853 80392
1665424849 80394
1665425472 80395
1665450412 80424
1665452313 80397
1665452354 80416
1665452409 80418
1665452986 80492
1665453044 80487
1665453090 80502
1665453221 80512
1665511718 80455
1665511817 80457
1665622474 80521
