1315632991 6146 0 0 0 0 0 0 0 0 0 0 0 0 0 0 0 0 0 0 0
1315633937 6705 0 0 0 0 0 0 0 0 0 0 0 0 0 0 0 0 0 0 0
1315634594 6891 0 0 0 0 0 0 0 0 0 0 0 0 0 0 0 0 0 0 0
1315634812 7665 0 0 0 0 0 0 0 0 0 0 0 0 0 0 0 0 0 0 0
1315634855 7790 0 0 0 0 0 0 0 0 0 0 0 0 0 0 0 0 0 0 0
1315634887 8682 0 0 0 0 0 0 0 0 0 0 0 0 0 0 0 0 0 0 0
1315634908 8935 0 0 0 0 0 0 0 0 0 0 0 0 0 0 0 0 0 0 0
1315634958 9735 0 0 0 0 0 0 0 0 0 0 0 0 0 0 0 0 0 0 0
1315635021 9960 0 0 0 0 0 0 0 0 0 0 0 0 0 0 0 0 0 0 0
1315635097 11796 0 0 0 0 0 0 0 0 0 0 0 0 0 0 0 0 0 0 0
1315635207 12386 0 0 0 0 0 0 0 0 0 0 0 0 0 0 0 0 0 0 0
1315635279 14200 0 0 0 0 0 0 0 0 0 0 0 0 0 0 0 0 0 0 0
1315635317 14579 0 0 0 0 0 0 0 0 0 0 0 0 0 0 0 0 0 0 0
1315635422 14881 0 0 0 0 0 0 0 0 0 0 0 0 0 0 0 0 0 0 0
1315635437 14942 0 0 0 0 0 0 0 0 0 0 0 0 0 0 0 0 0 0 0
1315635453 19555 0 0 0 0 0 0 0 0 0 0 0 0 0 0 0 0 0 0 0
1315635537 20037 0 0 0 0 0 0 0 0 0 0 0 0 0 0 0 0 0 0 0
1315635561 21497 0 0 0 0 0 0 0 0 0 0 0 0 0 0 0 0 0 0 0
1315635595 21759 0 0 0 0 0 0 0 0 0 0 0 0 0 0 0 0 0 0 0
1315635607 21894 0 0 0 0 0 0 0 0 0 0 0 0 0 0 0 0 0 0 0
1315635615 26646 0 0 0 0 0 0 0 0 0 0 0 0 0 0 0 0 0 0 0
1315635629 30419 0 0 0 0 0 0 0 0 0 0 0 0 0 0 0 0 0 0 0
1315635642 31583 0 0 0 0 0 0 0 0 0 0 0 0 0 0 0 0 0 0 0
1315635707 38811 0 0 0 0 0 0 0 0 0 0 0 0 0 0 0 0 0 0 0
1315635717 49145 0 0 0 0 0 0 0 0 0 0 0 0 0 0 0 0 0 0 0
1315635730 56450 0 0 0 0 0 0 0 0 0 0 0 0 0 0 0 0 0 0 0
1315635741 56573 0 0 0 0 0 0 0 0 0 0 0 0 0 0 0 0 0 0 0
1315635750 56908 0 0 0 0 0 0 0 0 0 0 0 0 0 0 0 0 0 0 0
1315635757 71446 0 0 0 0 0 0 0 0 0 0 0 0 0 0 0 0 0 0 0
1315635768 72681 0 0 0 0 0 0 0 0 0 0 0 0 0 0 0 0 0 0 0
1315635781 73002 0 0 0 0 0 0 0 0 0 0 0 0 0 0 0 0 0 0 0
1315635794 74532 0 0 0 0 0 0 0 0 0 0 0 0 0 0 0 0 0 0 0
1315635807 74604 0 0 0 0 0 0 0 0 0 0 0 0 0 0 0 0 0 0 0
1315635818 74711 0 0 0 0 0 0 0 0 0 0 0 0 0 0 0 0 0 0 0
1315635825 77174 0 0 0 0 0 0 0 0 0 0 0 0 0 0 0 0 0 0 0
1315635842 79341 0 0 0 0 0 0 0 0 0 0 0 0 0 0 0 0 0 0 0
1315635864 80679 0 0 0 0 0 0 0 0 0 0 0 0 0 0 0 0 0 0 0
1315635873 82857 0 0 0 0 0 0 0 0 0 0 0 0 0 0 0 0 0 0 0
1315635883 94473 0 0 0 0 0 0 0 0 0 0 0 0 0 0 0 0 0 0 0
1315635892 95508 0 0 0 0 0 0 0 0 0 0 0 0 0 0 0 0 0 0 0
1315635917 106603 0 0 0 0 0 0 0 0 0 0 0 0 0 0 0 0 0 0 0
1315635927 110244 0 0 0 0 0 0 0 0 0 0 0 0 0 0 0 0 0 0 0
1315635938 110588 0 0 0 0 0 0 0 0 0 0 0 0 0 0 0 0 0 0 0
1315635989 111171 0 0 0 0 0 0 0 0 0 0 0 0 0 0 0 0 0 0 0
1315636000 114813 0 0 0 0 0 0 0 0 0 0 0 0 0 0 0 0 0 0 0
1315636009 121933 0 0 0 0 0 0 0 0 0 0 0 0 0 0 0 0 0 0 0
1315636018 122994 0 0 0 0 0 0 0 0 0 0 0 0 0 0 0 0 0 0 0
1315636028 123739 0 0 0 0 0 0 0 0 0 0 0 0 0 0 0 0 0 0 0
1315636037 128675 0 0 0 0 0 0 0 0 0 0 0 0 0 0 0 0 0 0 0
1315636046 132495 0 0 0 0 0 0 0 0 0 0 0 0 0 0 0 0 0 0 0
1315636356 135317 0 0 0 0 0 0 0 0 0 0 0 0 0 0 0 0 0 0 0
1315636403 135339 0 0 0 0 0 0 0 0 0 0 0 0 0 0 0 0 0 0 0
1315636439 135366 0 0 0 0 0 0 0 0 0 0 0 0 0 0 0 0 0 0 0
1315636462 135614 0 0 0 0 0 0 0 0 0 0 0 0 0 0 0 0 0 0 0
1315636470 135790 0 0 0 0 0 0 0 0 0 0 0 0 0 0 0 0 0 0 0
1315636478 135912 0 0 0 0 0 0 0 0 0 0 0 0 0 0 0 0 0 0 0
1315636485 136050 0 0 0 0 0 0 0 0 0 0 0 0 0 0 0 0 0 0 0
1315636495 136169 0 0 0 0 0 0 0 0 0 0 0 0 0 0 0 0 0 0 0
1315636510 136224 0 0 0 0 0 0 0 0 0 0 0 0 0 0 0 0 0 0 0
1315764289 137228 0 0 0 0 0 0 0 0 0 0 0 0 0 0 0 0 0 0 0
1315765001 137270 0 0 0 0 0 1 0 0 0 0 0 0 0 0 0 0 0 0 0
1315767036 137289 0 0 0 0 0 1 0 0 0 0 0 0 2 0 0 0 0 0 0
1316760300 137293 0 0 0 0 0 1 0 0 0 0 0 0 2 0 0 0 0 0 0
1316760484 137294 0 0 0 0 0 1 0 0 0 0 0 0 2 0 0 0 0 0 0
1316760931 137299 0 0 0 0 0 1 0 0 0 0 0 0 2 0 0 0 0 0 0
1316796829 137300 0 0 0 0 0 1 0 0 0 0 0 0 2 0 0 0 0 0 0
1316848171 137301 0 0 0 0 0 1 0 0 0 0 0 0 2 0 0 0 0 0 0
1316849386 137307 0 0 0 0 0 1 0 0 0 0 0 0 2 0 0 0 0 0 0
1316878418 137308 0 0 0 0 0 1 0 0 0 0 0 0 2 0 0 0 0 0 0
1316885167 137323 0 0 0 0 0 1 0 0 0 0 0 0 2 0 0 0 0 0 0
1317023846 137416 0 0 0 0 0 1 0 0 0 0 0 0 2 0 0 0 0 0 0
1317086432 137419 0 0 0 0 0 1 0 0 0 0 0 0 2 0 0 0 0 0 0
1317087247 137423 0 0 0 0 0 1 0 0 0 0 0 0 2 0 0 0 0 0 0
1317102628 137542 0 0 0 0 0 1 0 0 0 0 0 0 2 0 0 0 0 0 0
1317446352 137551 0 0 0 0 0 1 0 0 0 0 0 0 2 0 0 0 0 0 0
1317446764 137554 0 0 0 0 0 1 0 0 0 0 17 0 2 0 0 0 0 0 0
1317489364 137559 0 0 0 0 0 1 0 0 0 0 17 0 2 0 0 0 0 0 0
1317489576 137564 0 0 0 0 0 1 0 0 0 0 17 0 2 0 0 0 0 0 0
1317542507 137571 0 0 0 0 0 1 0 0 0 0 17 0 2 0 0 0 0 0 0
1317579300 137682 0 0 0 0 0 1 0 0 0 0 17 0 2 0 0 0 0 0 0
1317582569 137689 0 0 0 0 0 1 0 0 0 0 17 0 2 0 0 0 0 0 0
1317582830 137690 0 0 0 0 0 1 0 0 0 0 17 0 2 0 0 0 0 0 0
1317587083 137772 0 0 0 0 0 1 0 0 0 0 17 0 2 0 0 0 0 0 0
1317606321 137773 0 0 0 0 0 1 0 0 0 0 17 0 2 0 0 0 0 0 0
1317871952 137778 0 0 0 0 0 1 0 0 0 0 17 0 2 0 0 0 0 0 0
1317977827 138315 0 0 0 0 0 1 0 0 0 0 17 0 2 0 0 0 0 0 0
1318053642 138350 0 0 0 0 0 1 0 0 0 0 17 0 2 0 0 0 0 0 0
1318179048 138372 0 0 0 0 0 1 0 0 0 0 17 0 2 0 0 0 0 0 0
1318180603 138384 0 0 0 0 0 1 0 0 0 0 17 0 2 0 0 0 0 0 0
1318199148 138385 0 0 0 0 0 1 0 0 0 0 17 0 2 0 0 0 0 0 0
1319004337 138405 0 0 0 0 0 1 0 0 0 0 17 0 2 0 0 0 0 0 0
1319126878 138410 0 0 0 0 0 1 0 0 0 0 17 0 2 0 0 0 0 0 0
1319397955 138413 0 0 0 0 0 1 0 0 0 0 17 0 2 0 0 0 0 0 0
1321216232 138465 0 0 0 0 0 1 0 0 0 0 17 0 2 0 0 0 0 0 0
1321218266 138476 0 0 0 0 0 1 0 0 0 0 17 0 2 0 0 0 0 0 0
1321220102 138486 0 0 0 0 0 1 0 0 0 0 17 0 2 0 0 0 0 0 0
1321686854 138493 0 0 0 0 0 1 0 0 0 0 17 0 2 0 0 0 0 0 0
1321929517 138497 0 0 0 0 0 1 0 0 0 0 17 0 2 0 0 0 0 0 0
1321930562 139237 0 0 0 0 0 1 0 0 0 0 17 0 2 0 0 0 0 0 0
1322713145 139246 0 0 0 0 0 1 0 0 0 0 17 0 2 0 0 0 0 0 0
1323331057 139355 0 0 0 0 0 1 0 0 0 0 17 0 2 0 0 0 0 0 0
1323368191 139363 0 0 0 0 0 1 0 0 0 0 17 0 2 0 0 0 0 0 0
1323399836 139379 0 0 0 0 0 1 0 0 0 0 17 0 2 0 0 0 0 0 0
1323584844 139400 0 0 0 0 0 1 0 0 0 0 17 0 2 0 0 0 0 0 0
1323675056 139401 0 0 0 0 0 1 0 0 0 0 17 0 2 0 0 0 0 0 0
1323843959 139404 0 0 0 0 0 1 0 0 0 0 17 0 2 0 0 0 0 0 0
1323865260 139421 0 0 0 0 0 1 0 0 0 0 17 0 2 0 0 0 0 0 0
1324160913 139422 0 0 0 0 0 1 0 0 0 0 17 0 2 0 0 0 0 0 0
1324233585 139479 0 0 0 0 0 1 0 0 0 0 17 0 2 0 0 0 0 0 0
1324238845 139517 0 0 0 0 0 1 0 0 0 0 17 0 2 0 0 0 0 0 0
1324248428 139533 0 0 0 0 0 1 0 0 0 0 17 0 2 0 0 0 0 0 0
1324275471 139534 0 0 0 0 0 1 0 0 0 0 17 0 2 0 0 0 0 0 0
1324275602 139537 0 0 0 0 0 1 0 0 0 0 17 0 2 0 0 0 0 0 0
1324276008 139537 0 0 0 0 0 1 0 0 0 0 17 0 2 0 0 0 0 0 0
1324362662 139578 0 0 0 0 0 1 0 0 0 0 17 0 2 0 0 0 0 0 0
1324702587 139584 0 0 0 0 0 1 0 0 0 0 17 0 2 0 0 0 0 0 0
1325145434 139588 0 0 0 0 0 1 0 0 0 0 17 0 2 0 0 0 0 0 0
1325145835 139623 0 0 0 0 0 1 0 0 0 0 17 0 2 0 0 0 0 0 0
1325146544 139629 0 0 0 0 0 1 0 0 0 0 17 0 2 0 0 0 0 0 0
1325958880 139655 0 0 0 0 0 1 0 0 0 0 17 0 2 0 0 0 0 0 0
1325962837 139674 0 0 0 0 0 1 0 0 0 0 17 0 2 0 0 0 0 0 0
1326520480 139696 0 0 0 0 0 1 0 0 0 0 17 0 2 0 0 0 0 0 0
1326567203 139699 0 0 0 0 0 1 0 0 0 0 17 0 2 0 0 0 0 0 0
1326682701 139718 0 0 0 0 0 1 0 0 0 0 17 0 2 0 0 0 0 0 0
1326684691 139764 0 0 0 0 0 1 0 0 0 0 17 0 2 0 0 0 0 0 0
1326689213 139802 0 0 0 0 0 1 0 0 0 0 17 0 2 0 0 0 0 0 0
1326730977 139804 0 0 0 0 0 1 0 0 0 0 17 0 2 0 0 0 0 0 0
1326748387 139805 0 0 0 0 0 1 0 0 0 0 17 0 2 0 0 0 0 0 0
1326748599 139812 0 0 0 0 0 1 0 0 0 0 17 0 2 0 0 0 0 0 0
1326754209 139842 0 0 0 0 0 1 0 0 0 0 17 0 2 0 0 0 0 0 0
1326764394 139852 0 0 0 0 0 1 0 0 0 0 17 0 2 0 0 0 0 0 0
1326764758 139857 0 0 0 0 0 1 0 0 0 0 17 0 2 0 0 0 0 0 0
1326765171 139862 0 0 0 0 0 1 0 0 0 0 17 0 2 0 0 0 0 0 0
1326765462 139864 0 0 0 0 0 1 0 0 0 0 17 0 2 0 0 0 0 0 0
1326943982 139865 0 0 0 0 0 1 0 0 0 0 17 0 2 0 0 0 0 0 0
1327131419 139866 0 0 0 0 0 1 0 0 0 0 17 0 2 0 0 0 0 0 0
1327175294 139867 0 0 0 0 0 1 0 0 0 0 17 0 2 0 0 0 0 0 0
1327175371 139868 0 0 0 0 0 1 0 0 0 0 17 0 2 0 0 0 0 0 0
1327175436 139874 0 0 0 0 0 1 0 0 0 0 17 0 2 0 0 0 0 0 0
1327175514 139891 0 0 0 0 0 1 0 0 0 0 17 0 2 0 0 0 0 0 0
1327175692 139893 0 0 0 0 0 1 0 0 0 0 17 0 2 0 0 0 0 0 0
1327175972 139894 0 0 9 0 0 1 0 0 0 0 17 0 2 0 0 0 0 0 0
1327182954 139894 0 0 23 0 0 1 0 0 0 0 17 0 2 0 0 0 0 0 0
1327790930 140054 0 0 23 0 0 1 0 0 0 0 17 0 2 0 0 0 0 0 0
1327856033 140058 0 0 23 0 0 1 0 0 0 0 17 0 2 0 0 0 0 0 0
1327857128 140060 0 0 23 0 0 1 0 0 0 0 17 0 2 0 0 0 0 0 0
1327858061 140064 0 0 23 0 0 1 0 0 0 0 17 0 2 0 0 0 0 0 0
1327859878 140065 0 0 23 0 0 1 0 0 0 0 17 0 2 0 0 0 0 0 0
1327860795 140096 0 0 23 0 0 1 0 0 0 0 17 0 2 0 0 0 0 0 0
1327893944 140143 0 0 23 0 0 1 0 0 0 0 17 0 2 0 0 0 0 0 0
1327996514 140151 0 0 23 0 0 1 0 0 0 0 17 0 2 0 0 0 0 0 0
1328164912 140160 0 0 23 0 0 1 0 0 0 0 17 0 2 0 0 0 0 0 0
1328167534 140186 0 0 23 0 0 1 0 0 0 0 17 0 2 0 0 0 0 0 0
1328168867 140189 0 0 23 0 0 1 0 0 0 0 17 0 2 0 0 0 0 0 0
1328338576 140192 0 0 23 0 0 1 0 0 0 0 17 0 2 0 0 0 0 0 0
1328379253 140194 0 0 23 0 0 1 0 0 0 0 17 0 2 0 0 0 0 0 0
1328468109 140344 0 0 23 0 0 1 0 0 0 0 17 0 2 0 0 0 0 0 0
1328946912 140348 0 0 23 0 0 1 0 0 0 0 17 0 2 0 0 0 0 0 0
1328948798 140367 0 0 23 0 0 1 0 0 0 0 17 0 2 0 0 0 0 0 0
1328949084 140369 0 0 23 0 0 1 0 0 0 0 17 0 2 0 0 0 0 0 0
1329084708 140394 0 0 23 0 0 1 0 0 0 0 17 0 2 0 0 0 0 0 0
1329092147 140437 0 0 23 0 0 1 0 0 0 0 17 0 2 0 0 0 0 0 0
1329103686 140449 0 0 23 0 0 1 0 0 0 0 17 0 2 0 0 0 0 0 0
1329202933 140449 0 0 23 0 0 1 0 0 0 0 17 0 2 0 0 0 0 0 0
1329204888 140449 0 0 23 0 0 1 0 0 0 0 17 0 2 0 0 0 0 0 0
1329581999 140457 0 0 23 0 0 1 0 0 0 0 17 0 2 0 0 0 0 0 0
1329602109 140473 0 0 23 0 0 1 0 0 0 0 17 0 2 0 0 0 0 0 0
1329603020 140496 0 0 23 0 0 6 0 0 0 0 17 0 2 0 0 0 0 0 0
1329607184 140500 0 0 23 0 0 6 0 0 0 0 17 0 2 0 0 0 0 0 0
1329607273 140509 0 0 23 0 0 6 0 0 0 0 17 0 2 0 0 0 0 0 0
1329635509 140512 0 0 23 0 0 6 0 0 0 0 17 0 2 0 0 0 0 0 0
1329719800 140516 0 0 23 0 0 6 0 0 0 0 17 0 2 0 0 0 0 0 0
1329720310 140518 0 0 23 0 0 6 0 0 0 0 17 0 2 0 0 0 0 0 0
1329723115 140534 0 0 23 0 0 6 0 0 0 0 17 0 2 0 0 0 0 0 0
1329758670 140543 0 0 23 0 0 6 0 0 0 0 17 0 2 0 0 0 0 0 0
1330760862 140555 0 0 23 0 0 6 0 0 0 0 17 0 2 0 0 0 0 0 0
1330761017 140618 0 0 23 0 0 6 0 0 0 0 17 0 2 0 0 0 0 0 0
1330761810 140620 0 0 23 0 0 6 0 0 0 0 17 0 2 0 0 0 0 0 0
1330762800 140625 0 0 23 0 0 6 0 0 0 0 17 0 2 0 0 0 0 0 0
1330795680 140633 0 0 23 0 0 6 0 0 0 0 17 0 2 0 0 0 0 0 0
1330799084 140648 0 0 23 0 0 6 0 0 0 0 17 0 2 0 0 0 0 0 0
1330843395 140649 0 0 23 0 0 6 0 0 0 0 17 0 2 0 0 0 0 0 0
1330883185 140693 0 0 23 0 0 6 0 0 0 0 17 0 2 0 0 0 0 0 0
1330889185 140700 0 0 23 0 0 6 0 0 0 0 17 0 2 0 0 0 0 0 0
1331347430 140745 0 0 23 0 0 6 0 0 0 0 17 15 2 0 0 0 0 0 0
1331402048 140755 0 0 23 0 0 6 0 0 0 0 17 15 2 0 0 0 0 0 0
1331402317 140762 0 0 23 0 0 6 0 0 0 0 17 15 2 0 0 0 0 0 0
1331447048 140763 0 0 23 0 0 6 0 0 0 0 17 15 2 0 0 0 0 0 0
1331457331 140763 0 10 23 0 0 6 0 0 0 0 17 15 2 0 0 0 0 0 0
1331457436 140763 0 32 23 0 0 6 0 0 0 0 17 15 2 0 0 0 0 0 0
1331457477 140763 0 36 23 0 0 6 0 0 0 0 17 15 2 0 0 0 0 0 0
1331457546 140763 0 39 23 0 0 6 0 0 0 0 17 15 2 0 0 0 0 0 0
1331569918 140763 0 40 23 0 0 6 0 0 0 0 17 15 2 0 0 0 0 0 0
1331615916 140766 0 40 23 0 0 6 0 0 0 0 17 15 2 0 0 0 0 0 0
1331616084 140766 0 40 23 0 0 6 0 0 0 0 17 15 2 0 0 0 0 0 0
1331705978 140811 0 40 23 0 0 6 0 0 0 0 17 15 2 0 0 0 0 0 0
1331739290 140813 0 40 23 0 0 6 0 0 0 0 17 15 2 0 0 0 0 0 0
1331741895 140828 0 40 23 0 0 6 0 0 0 0 17 15 2 0 0 0 0 0 0
1331746241 140876 0 40 23 0 0 6 0 0 0 0 17 15 2 0 0 0 0 0 0
1331748982 140887 0 40 23 0 0 6 0 0 0 0 17 15 2 0 0 0 0 0 0
1331792053 140888 0 40 23 0 0 6 0 0 0 0 17 15 2 0 0 0 0 0 0
1331956389 140943 0 40 23 0 0 6 0 0 0 0 17 15 2 0 0 0 0 0 0
1332010563 140943 0 40 23 5 0 6 0 0 0 0 17 15 2 0 0 0 0 0 0
1332010664 140943 0 40 23 6 0 6 0 0 0 0 17 15 2 0 0 0 0 0 0
1332045750 140949 0 40 23 6 0 6 0 0 0 0 17 15 2 0 0 0 0 0 0
1332088184 140964 0 40 23 9 0 6 0 0 0 0 17 15 2 0 0 0 0 0 0
1332105900 140965 0 40 23 9 0 6 0 0 0 0 17 15 2 0 0 0 0 0 0
1332107551 140985 0 40 23 9 0 6 0 0 0 0 17 15 2 0 0 0 0 0 0
1332433321 140985 0 40 23 9 0 6 0 0 0 0 17 15 2 0 0 0 0 0 0
1332785893 140985 0 40 23 9 0 6 0 0 0 19 17 15 2 0 0 0 0 0 0
1333295197 141018 0 40 23 9 0 6 0 0 0 19 17 15 2 0 0 0 0 0 0
1335144461 141040 0 40 23 9 0 6 0 0 0 19 17 15 2 0 0 0 0 0 0
1335145271 141041 0 40 23 9 0 6 0 0 0 19 17 15 2 0 0 0 0 0 0
1335160686 141053 0 40 23 9 0 6 0 0 0 19 17 15 2 0 0 0 0 0 0
1335741492 141173 0 40 23 9 0 6 0 0 0 19 17 15 2 0 0 0 0 0 0
1335749026 141174 0 40 23 9 0 6 0 0 0 19 17 15 2 0 0 0 0 0 0
1335759312 141175 0 40 23 9 0 6 0 0 0 19 17 15 2 0 0 0 0 0 0
1335932228 141176 0 40 23 9 0 6 0 0 0 19 17 15 2 0 0 0 0 0 0
1336015079 141180 0 40 23 9 0 6 0 0 0 19 17 15 2 0 0 0 0 0 0
1336015961 141230 0 40 23 9 0 6 0 0 0 19 17 15 2 0 0 0 0 0 0
1336023506 141277 0 40 23 9 0 6 0 0 0 19 17 15 2 0 0 0 0 0 0
1336025918 141306 0 40 23 9 0 6 0 0 0 19 17 15 2 0 0 0 0 0 0
1336105425 141315 0 40 23 9 0 6 0 0 0 19 17 15 2 0 0 0 0 0 0
1337314403 141320 0 40 23 9 0 6 0 0 0 19 17 15 2 0 0 0 0 0 0
1337538733 141324 0 40 23 9 0 6 0 0 0 19 17 15 2 0 0 0 0 0 0
1337751079 141326 0 40 23 9 0 6 0 0 0 19 17 15 2 0 0 0 0 0 0
1338053837 141385 0 40 23 9 0 6 0 0 0 19 17 15 2 0 0 0 0 0 0
1338657403 141386 0 40 23 9 0 6 0 0 0 19 17 15 2 0 0 0 0 0 0
1338752755 141394 0 40 23 9 0 6 0 0 0 19 17 15 2 0 0 0 0 0 0
1338766086 141398 0 40 23 9 0 6 0 0 0 19 17 15 2 0 0 0 0 0 0
1339294536 141403 0 40 23 9 0 6 0 0 0 19 17 15 2 0 0 0 0 0 0
1339307886 141490 0 40 23 9 0 6 5 7 0 19 17 15 2 0 0 0 0 0 0
1341791316 141490 0 40 23 9 0 6 5 7 0 19 17 15 2 0 0 0 0 0 0
1341792073 141498 0 40 23 9 0 6 5 7 0 19 17 15 2 0 0 0 0 0 0
1344820132 141574 0 40 23 9 0 6 5 7 0 19 17 15 2 0 0 0 0 0 0
1344919750 141580 0 40 23 9 0 6 5 7 0 19 17 15 2 0 0 0 0 0 0
1344929398 141585 0 40 23 9 0 6 5 7 0 19 17 15 2 0 0 0 0 0 0
1344929444 141592 0 40 23 9 0 6 5 7 0 19 17 15 2 0 0 0 0 0 0
1344929483 141601 0 40 23 9 0 6 5 7 0 19 17 15 2 0 0 0 0 0 0
1345337990 141622 0 40 23 9 0 6 5 7 0 19 17 15 2 0 0 0 0 0 0
1345845748 141632 0 40 23 9 0 6 5 7 0 19 17 15 2 0 0 0 0 0 0
1348980498 141640 0 40 23 9 0 6 5 7 0 19 17 15 2 0 0 0 0 0 0
1348982627 141647 0 40 23 9 0 6 5 7 0 19 17 15 2 0 0 0 0 0 0
1349156555 141653 0 40 23 9 0 6 5 7 0 19 17 15 2 0 0 0 0 0 0
1349997059 141663 0 40 23 9 0 6 5 7 0 19 17 15 2 0 0 0 0 0 0
1351144057 141672 0 40 23 9 0 6 5 7 0 19 17 15 2 0 0 0 0 0 0
1351144223 141674 0 40 23 9 0 6 5 7 0 19 17 15 2 0 0 0 0 0 0
1358792151 141683 0 40 23 9 0 6 5 7 0 19 17 15 2 0 0 0 0 0 0
1361250395 141687 0 40 23 9 0 6 5 7 0 19 17 15 2 0 0 0 0 0 0
1361679140 141693 0 40 23 9 0 6 5 7 0 19 17 15 2 0 0 0 0 0 0
1361680033 141700 0 40 23 9 0 6 5 7 0 19 17 15 2 0 0 0 0 0 0
1361681783 141703 0 40 23 9 4 6 5 7 6 19 17 15 2 38 2 17 2 0 41
1361693784 141709 0 40 23 9 4 6 5 7 6 19 17 15 2 38 2 17 2 0 41
1363999117 145044 0 40 23 9 4 6 5 7 6 19 17 15 2 38 2 17 2 0 41
1364002357 145080 0 40 23 9 4 6 5 7 6 19 17 15 2 38 2 17 2 0 41
1364071810 145083 0 40 23 9 4 6 5 7 6 19 17 15 2 38 2 17 2 0 41
1364102863 145098 0 40 23 9 4 6 5 7 6 19 17 15 2 38 2 17 2 0 41
1364104647 145116 0 40 23 9 4 6 5 7 6 19 17 15 2 38 2 17 2 0 41
1364107635 145129 0 40 23 9 4 6 5 7 6 19 17 15 2 38 2 17 2 0 41
1364163482 145146 0 40 23 9 4 6 5 7 6 19 17 15 2 38 2 17 2 109 41
1364169365 145147 0 40 23 9 4 6 5 7 6 19 17 15 2 38 2 17 2 109 41
1364169452 145151 0 40 23 9 4 6 5 7 6 19 17 15 2 38 2 17 2 109 41
1364188351 145153 0 40 23 9 4 6 5 7 6 19 17 15 2 38 2 17 2 109 41
1364189440 145156 0 40 23 9 4 6 5 7 6 19 17 15 2 38 2 17 2 109 41
1364190400 145223 0 40 23 9 4 6 5 7 6 19 17 15 2 38 2 17 2 109 41
1365865737 145274 0 40 23 9 4 6 5 7 6 19 17 15 2 38 2 17 2 109 41
1365893643 145283 0 40 23 9 4 6 5 7 6 19 17 15 2 38 2 17 2 109 41
1365900897 145284 0 40 23 9 4 6 5 7 6 19 17 15 2 38 2 17 2 109 41
1365901446 145288 0 40 23 9 4 6 5 7 6 19 17 15 2 38 2 17 2 109 41
1365902142 145294 0 40 23 9 4 6 5 7 6 19 17 15 2 38 2 17 2 109 41
1365904726 145340 0 40 23 9 4 6 5 7 6 19 17 15 2 38 2 17 2 109 41
1365905507 145357 0 40 23 9 4 6 5 7 6 19 17 15 2 38 2 17 2 109 41
1365913115 145362 0 40 23 9 4 6 5 7 6 19 17 15 2 38 2 17 2 109 41
1365914306 145419 0 40 23 9 4 6 5 7 6 19 17 15 2 38 2 17 2 109 41
1365959143 145504 0 40 23 9 4 6 5 7 6 19 17 15 2 38 2 17 2 109 41
1365960691 145507 0 40 23 9 4 6 5 7 6 19 17 15 2 38 2 17 2 109 41
1366357095 145509 0 40 23 9 4 6 5 7 6 19 17 15 2 38 2 17 2 109 41
1366357679 146101 0 40 23 9 4 6 5 7 6 19 17 15 2 38 2 17 2 109 41
1367188585 146102 0 40 23 9 4 6 5 7 6 19 17 15 2 38 2 17 2 109 41
1367194910 146138 0 40 23 9 4 6 5 7 6 19 17 15 2 38 2 17 2 109 41
1367561574 146189 0 40 23 9 4 6 5 7 6 19 17 15 2 38 2 17 2 109 41
1369365114 146190 0 40 23 9 4 6 5 7 6 19 17 15 2 38 2 17 2 109 41
1375578803 146194 0 40 23 9 4 6 5 7 6 19 17 15 2 38 2 17 2 109 41
1377334411 146237 0 40 23 9 4 6 5 7 6 19 17 15 2 38 2 17 2 109 41
1398383136 146240 0 40 23 9 4 6 5 7 6 19 17 15 2 38 2 17 2 109 41
1398487939 146264 0 40 23 9 4 6 5 7 6 19 17 15 2 38 2 17 2 109 41
1398524649 146305 0 40 23 9 4 6 5 7 6 19 17 15 2 38 2 17 2 109 41
1398525157 146307 0 40 23 9 4 6 5 7 6 19 17 15 2 38 2 17 2 109 41
1404344062 146308 0 40 23 9 4 6 5 7 6 19 17 15 2 38 2 17 2 109 41
1419841122 146317 0 40 23 9 4 6 5 7 6 19 17 15 2 38 2 17 2 109 41
1422337286 146318 0 40 23 9 4 6 5 7 6 19 17 15 2 38 2 17 2 109 41
1436129510 146319 0 40 23 9 4 6 5 7 6 19 17 15 2 38 2 17 2 109 41
1436145293 146389 0 40 23 9 4 6 5 7 6 19 17 15 2 38 2 17 2 109 41
1436325061 146416 0 40 23 9 4 6 5 7 6 19 17 15 2 38 2 17 2 109 41
1438142766 146424 0 40 23 9 4 6 5 7 6 19 17 15 2 38 2 17 2 109 41
1438144880 146426 0 40 23 9 4 6 5 7 6 19 17 15 2 38 2 17 2 109 41
1438145709 146434 0 40 23 9 4 6 5 7 6 19 17 15 2 38 2 17 2 109 41
1438148671 146467 0 40 23 9 4 6 5 7 6 19 17 15 2 38 2 17 2 109 41
1438150433 146469 0 40 23 9 4 6 5 7 6 19 17 15 2 38 2 17 2 109 41
1438150669 146473 0 40 23 9 4 6 5 7 6 19 17 15 2 38 2 17 2 109 41
1438151555 146477 0 40 23 9 4 6 5 7 6 19 17 15 2 38 2 17 2 109 41
1438475936 146486 0 40 23 9 4 6 5 7 6 19 17 15 2 38 2 17 2 109 41
1438498927 146513 0 40 23 9 4 6 5 7 6 19 17 15 2 38 2 17 2 109 41
1438559234 146712 0 40 23 9 4 6 5 7 6 19 17 15 2 38 2 17 2 109 41
1439687090 146716 0 40 23 9 4 6 5 7 6 19 17 15 2 38 2 17 2 109 41
1439687690 146717 0 40 23 9 4 6 5 7 6 19 17 15 2 38 2 17 2 109 41
1441500355 146720 0 40 23 9 4 6 5 7 6 19 17 15 2 38 2 17 2 109 41
1441504615 146724 0 40 23 9 4 6 5 7 6 19 17 15 2 38 2 17 2 109 41
1442443200 146727 0 40 23 9 4 6 5 7 6 19 17 15 2 38 2 17 2 109 41
1443984300 146737 0 40 23 9 4 6 5 7 6 19 17 15 2 38 2 17 2 109 41
1448607145 146738 0 40 23 9 4 6 5 7 6 19 17 15 2 38 2 17 2 109 41
1454138695 146739 0 40 23 9 4 6 5 7 6 19 17 15 2 38 2 17 2 109 41
1459850999 146755 0 40 23 9 4 6 5 7 6 19 17 15 2 38 2 17 2 109 41
1466217370 146756 0 40 23 9 4 6 5 7 6 19 17 15 2 38 2 17 2 109 41
1468176197 146757 0 40 23 9 4 6 5 7 6 19 17 15 2 38 2 17 2 109 41
1474417648 146759 0 40 23 9 4 6 5 7 6 19 17 15 2 38 2 17 2 109 41
1474422561 146793 0 40 23 9 4 6 5 7 6 19 17 15 2 38 2 17 2 109 41
1474472759 146794 0 40 23 9 4 6 5 7 6 19 17 15 2 38 2 17 2 109 41
1474513657 146794 0 40 23 9 4 6 5 7 6 19 17 15 2 38 2 17 2 109 41
1474521921 146825 0 40 23 9 4 6 5 7 6 19 17 15 2 38 2 17 2 109 41
1474526150 146833 0 40 23 9 4 6 5 7 6 19 17 15 2 38 2 17 2 109 41
1475119225 146834 0 40 23 9 4 6 5 7 6 19 17 15 2 38 2 17 2 109 41
1475559206 146846 0 40 23 9 4 6 5 7 6 19 17 15 2 38 2 17 2 109 41
1476236300 146847 0 40 23 9 4 6 5 7 6 19 17 15 2 38 2 17 2 109 41
1476249350 146909 0 40 23 9 4 6 5 7 6 19 17 15 2 38 2 17 2 109 41
1476249664 146912 0 40 23 9 4 6 5 7 6 19 17 15 2 38 2 17 2 109 41
1476475854 146916 0 40 23 9 4 6 5 7 6 19 17 15 2 38 2 17 2 109 41
1476476167 146918 0 40 23 9 4 6 5 7 6 19 17 15 2 38 2 17 2 109 41
1476476338 146922 0 40 23 9 4 6 5 7 6 19 17 15 2 38 2 17 2 109 41
1476477018 146923 0 40 23 9 4 6 5 7 6 19 17 15 2 38 2 17 2 109 41
1477349539 146924 0 40 23 9 4 6 5 7 6 19 17 15 2 38 2 17 2 109 41
1477350051 146928 0 40 23 9 4 6 5 7 6 19 17 15 2 38 2 17 2 109 41
1477365101 147000 0 40 23 9 4 6 5 7 6 19 17 15 2 38 2 17 2 109 41
1477453541 147030 0 40 23 9 4 6 5 7 6 19 17 15 2 38 2 17 2 109 41
1477502710 147036 0 40 23 9 4 6 5 7 6 19 17 15 2 38 2 17 2 109 41
1477633843 147040 0 40 23 9 4 6 5 7 6 19 17 15 2 38 2 17 2 109 41
1477841773 147069 0 40 23 9 4 6 5 7 6 19 17 15 2 38 2 17 2 109 41
1477844732 147076 0 40 23 9 4 6 5 7 6 19 17 15 2 38 2 17 2 109 41
1477845205 147082 0 40 23 9 4 6 5 7 6 19 17 15 2 38 2 17 2 109 41
1478411734 147273 0 40 23 9 4 6 5 7 6 19 17 15 2 38 2 17 2 109 41
1479143965 147382 0 40 23 9 4 6 5 7 6 19 17 15 2 38 2 17 2 109 41
1479267901 147421 0 40 23 9 4 6 5 7 6 19 17 15 2 38 2 17 2 109 41
1479670575 147423 0 40 23 9 4 6 5 7 6 19 17 15 2 38 2 17 2 109 41
1479844949 147424 0 40 23 9 4 6 5 7 6 19 17 15 2 38 2 17 2 109 41
1479886159 147663 0 40 23 9 4 6 5 7 6 19 17 15 2 38 2 17 2 109 41
1480781936 147700 0 40 23 9 4 6 5 7 6 19 17 15 2 38 2 17 2 109 41
1480782597 147701 0 40 23 9 4 6 5 7 6 19 17 15 2 38 2 17 2 109 41
1480789634 147845 0 40 23 9 4 6 5 7 6 19 17 15 2 38 2 17 2 109 41
1480899049 147852 0 40 23 9 4 6 5 7 6 19 17 15 2 38 2 17 2 109 41
1480900173 147978 0 40 23 9 4 6 5 7 6 19 17 15 2 38 2 17 2 109 41
1480904983 148090 0 40 23 9 4 6 5 7 6 19 17 15 2 38 2 17 2 109 41
1483137052 148092 0 40 23 9 4 6 5 7 6 19 17 15 2 38 2 17 2 109 41
1483144196 148135 0 40 23 9 4 6 5 7 6 19 17 15 2 38 2 17 2 109 41
1483146811 148139 0 40 23 9 4 6 5 7 6 19 17 15 2 38 2 17 2 109 41
1483147244 148141 0 40 23 9 4 6 5 7 6 19 17 15 2 38 2 17 2 109 41
1483150728 148188 0 40 23 9 4 6 5 7 6 19 17 15 2 38 2 17 2 109 41
1483153126 148189 0 40 23 9 4 6 5 7 6 19 17 15 2 38 2 17 2 109 41
1483156087 148707 0 40 23 9 4 6 5 7 6 19 17 15 2 38 2 17 2 109 41
1483164262 148708 0 40 23 9 4 6 5 7 6 19 17 15 2 38 2 17 2 109 41
1483164305 148722 0 40 23 9 4 6 5 7 6 19 17 15 2 38 2 17 2 109 41
1483170043 148740 0 40 23 9 4 6 5 7 6 19 17 15 2 38 2 17 2 109 41
1483202957 148743 0 40 23 9 4 6 5 7 6 19 17 15 2 38 2 17 2 109 41
1483207389 148762 0 40 23 9 4 6 5 7 6 19 17 15 2 38 2 17 2 109 41
1483231296 148783 0 40 23 9 4 6 5 7 6 19 17 15 2 38 2 17 2 109 41
1483232246 148821 0 40 23 9 4 6 5 7 6 19 17 15 2 38 2 17 2 109 41
1483239094 155304 0 40 23 9 4 6 5 7 6 19 17 15 2 38 2 17 2 109 41
1483337532 155308 0 40 23 9 4 6 5 7 6 19 17 15 2 38 2 17 2 109 41
1483338081 155385 0 40 23 9 4 6 5 7 6 19 17 15 2 38 2 17 2 109 41
1483399079 155404 0 40 23 9 4 6 5 7 6 19 17 15 2 38 2 17 2 109 41
1483402663 155405 0 40 23 9 4 6 5 7 6 19 17 15 2 38 2 17 2 109 41
1483405478 155410 0 40 23 9 4 6 5 7 6 19 17 15 2 38 2 17 2 109 41
1483406727 155414 0 40 23 9 4 6 5 7 6 19 17 15 2 38 2 17 2 109 41
1483409911 155473 0 40 23 9 4 6 5 7 6 19 17 15 2 38 2 17 2 109 41
1484499244 155545 0 40 23 9 4 6 5 7 6 19 17 15 2 38 2 17 2 109 41
1484500726 155603 0 40 23 9 4 6 5 7 6 19 17 15 2 38 2 17 2 109 41
1484549163 155654 0 40 23 9 4 6 5 7 6 19 17 15 2 38 2 17 2 109 41
1484588316 155656 0 40 23 9 4 6 5 7 6 19 17 15 2 38 2 17 2 109 41
1484588975 155665 0 40 23 9 4 6 5 7 6 19 17 15 2 38 2 17 2 109 41
1484992226 155674 0 40 23 9 4 6 5 7 6 19 17 15 2 38 2 17 2 109 41
1485029605 155675 0 40 23 9 4 6 5 7 6 19 17 15 2 38 2 17 2 109 41
1485157132 155680 0 40 23 9 4 6 5 7 6 19 17 15 2 38 2 17 2 109 41
1486281517 155682 0 40 23 9 4 6 5 7 6 19 17 15 2 38 2 17 2 109 41
1486881489 155688 0 40 23 9 4 6 5 7 6 19 17 15 2 38 2 17 2 109 41
1486881927 155694 0 40 23 9 4 6 5 7 6 19 17 15 2 38 2 17 2 109 41
1486882111 155696 0 40 23 9 4 6 5 7 6 19 17 15 2 38 2 17 2 109 41
1486884101 155710 0 40 23 9 4 6 5 7 6 19 17 15 2 38 2 17 2 109 41
1486886057 155717 0 40 23 9 4 6 5 7 6 19 17 15 2 38 2 17 2 109 41
1487488021 155719 0 40 23 9 4 6 5 7 6 19 17 15 2 38 2 17 2 109 41
1490910523 155720 0 40 23 9 4 6 5 7 6 19 17 15 2 38 2 17 2 109 41
1492356933 155722 0 40 23 9 4 6 5 7 6 19 17 15 2 38 2 17 2 109 41
1496508579 155725 0 40 23 9 4 6 5 7 6 19 17 15 2 38 2 17 2 109 41
1507861679 155726 0 40 23 9 4 6 5 7 6 19 17 15 2 38 2 17 2 109 41
1507862091 155728 0 40 23 9 4 6 5 7 6 19 17 15 2 38 2 17 2 109 41
1507862641 155730 0 40 23 9 4 6 5 7 6 19 17 15 2 38 2 17 2 109 41
1507863831 155736 0 40 23 9 4 6 5 7 6 19 17 15 2 38 2 17 2 109 41
1507864133 155736 0 40 23 9 4 6 5 7 6 19 17 15 2 38 2 17 2 109 41
1507867642 155739 0 40 23 9 4 6 5 7 6 19 17 15 2 38 2 17 2 109 41
1507870671 155743 0 40 23 9 4 6 5 7 6 19 17 15 2 38 2 17 2 109 41
1515464165 155748 0 40 23 9 4 6 5 7 6 19 17 15 2 38 2 17 2 109 41
1517433852 155749 0 40 23 9 4 6 5 7 6 19 17 15 2 38 2 17 2 109 41
1524028162 155828 0 40 23 9 4 6 5 7 6 19 17 15 2 38 2 17 2 109 41
1524030281 155830 0 40 23 9 4 6 5 7 6 19 17 15 2 38 2 17 2 109 41
1533112623 155919 0 40 23 9 4 6 5 7 6 19 17 15 2 38 2 17 2 109 41
1533112787 155922 0 40 23 9 4 6 5 7 6 19 17 15 2 38 2 17 2 109 41
1533113385 156124 0 40 23 9 4 6 5 7 6 19 17 15 2 38 2 17 2 109 41
1533173083 156132 0 40 23 9 4 6 5 7 6 19 17 15 2 38 2 17 2 109 41
1533418022 156147 0 40 23 9 4 6 5 7 6 19 17 15 2 38 2 17 2 109 41
1533418441 156338 0 40 23 9 4 6 5 7 6 19 17 15 2 38 2 17 2 109 41
1538805996 156812 0 40 23 9 4 6 5 7 6 19 17 15 2 38 2 17 2 109 41
1538972803 157016 0 40 23 9 4 6 5 7 6 19 17 15 2 38 2 17 2 109 41
1541224514 157412 0 40 23 9 4 6 5 7 6 19 17 15 2 38 2 17 2 109 41
1541356306 157509 0 40 23 9 4 6 5 7 6 19 17 15 2 38 2 17 2 109 41
1544519498 167718 0 40 23 9 4 6 5 7 6 19 17 15 2 38 2 17 2 109 41
1545861027 167830 0 40 23 9 4 6 5 7 6 19 17 15 2 38 2 17 2 109 41
1546481440 167844 0 40 23 9 4 6 5 7 6 19 17 15 2 38 2 17 2 109 41
1549252486 167846 0 40 23 9 4 6 5 7 6 19 17 15 2 38 2 17 2 109 41
1550461737 167960 0 40 23 9 4 6 5 7 6 19 17 15 2 38 2 17 2 109 41
1550465153 167967 0 40 23 9 4 6 5 7 6 19 17 15 2 38 2 17 2 109 41
1554503267 167974 0 40 23 9 4 6 5 7 6 19 17 15 2 38 2 17 2 109 41
1555200316 167987 0 40 23 9 4 6 5 7 6 19 17 15 2 38 2 17 2 109 41
1558848200 167991 0 40 23 9 4 6 5 7 6 19 17 15 2 38 2 17 2 109 41
1562687713 167992 0 40 23 9 4 6 5 7 6 19 17 15 2 38 2 17 2 109 41
1598903638 168068 0 40 23 9 4 6 5 7 6 19 17 15 2 38 2 17 2 109 41
1600366186 168072 0 40 23 9 4 6 5 7 6 19 17 15 2 38 2 17 2 109 41
1610949008 168073 0 40 23 9 4 6 5 7 6 19 17 15 2 38 2 17 2 109 41
1612998202 168094 0 40 23 9 4 6 5 7 6 19 17 15 2 38 2 17 2 109 41
1625761912 168096 0 40 23 9 4 6 5 7 6 19 17 15 2 38 2 17 2 109 41
1640998627 168111 0 40 23 9 4 6 5 7 6 19 17 15 2 38 2 17 2 109 41
1641000157 168116 0 40 23 9 4 6 5 7 6 19 17 15 2 38 2 17 2 109 41
1641067770 168119 0 40 23 9 4 6 5 7 6 19 17 15 2 38 2 17 2 109 41
1641076337 168215 0 40 23 9 4 6 5 7 6 19 17 15 2 38 2 17 2 109 41
1648365158 168239 0 40 23 9 4 6 5 7 6 19 17 15 2 38 2 17 2 109 41
1648366122 168242 0 40 23 9 4 6 5 7 6 19 17 15 2 38 2 17 2 109 41
1648368308 168249 0 40 23 9 4 6 5 7 6 19 17 15 2 38 2 17 2 109 41
1648404110 168250 0 40 23 9 4 6 5 7 6 19 17 15 2 38 2 17 2 109 41
1648414053 168258 0 40 23 9 4 6 5 7 6 19 17 15 2 38 2 17 2 109 41
1648414099 168322 0 40 23 9 4 6 5 7 6 19 17 15 2 38 2 17 2 109 41
1648421223 168540 0 40 23 9 4 6 5 7 6 19 17 15 2 38 2 17 2 109 41
1648429669 168591 0 40 23 9 4 6 5 7 6 19 17 15 2 38 2 17 2 109 41
1648489816 168596 0 40 23 9 4 6 5 7 6 19 17 15 2 38 2 17 2 109 41
1648517650 168599 0 40 23 9 4 6 5 7 6 19 17 15 2 38 2 17 2 109 41
1648518419 168604 0 40 23 9 4 6 5 7 6 19 17 15 2 38 2 17 2 109 41
1648664093 168608 0 40 23 9 4 6 5 7 6 19 17 15 2 38 2 17 2 109 41
1653580071 168610 0 40 23 9 4 6 5 7 6 19 17 15 2 38 2 17 2 109 41
1654372333 168611 0 40 23 9 4 6 5 7 6 19 17 15 2 38 2 17 2 109 41
1654380160 168613 0 40 23 9 4 6 5 7 6 19 17 15 2 38 2 17 2 109 41
1656357336 168614 0 40 23 9 4 6 5 7 6 19 17 15 2 38 2 17 2 109 41
1658688067 168623 0 40 23 9 4 6 5 7 6 19 17 15 2 38 2 17 2 109 41
1659221471 168626 0 40 23 9 4 6 5 7 6 19 17 15 2 38 2 17 2 109 41
1659285112 168627 0 40 23 9 4 6 5 7 6 19 17 15 2 38 2 17 2 109 41
1659981009 168629 0 40 23 9 4 6 5 7 6 19 17 15 2 38 2 17 2 109 41
1661199186 168664 0 40 23 9 4 6 5 7 6 19 17 15 2 38 2 17 2 109 41
1661717597 168665 0 40 23 9 4 6 5 7 6 19 17 15 2 38 2 17 2 109 41
1664668355 168666 0 40 23 9 4 6 5 7 6 19 17 15 2 38 2 17 2 109 41
1664679329 168671 0 40 23 9 4 6 5 7 6 19 17 15 2 38 2 17 2 109 41
1664852758 168872 0 40 23 9 4 6 5 7 6 19 17 15 2 38 2 17 2 109 41
1665021058 168873 0 40 23 9 4 6 5 7 6 19 17 15 2 38 2 17 2 109 41
1665043398 168875 0 40 23 9 4 6 5 7 6 19 17 15 2 38 2 17 2 109 41
1665085969 169067 0 40 23 9 4 6 5 7 6 19 17 15 2 38 2 17 2 109 41
1665086251 169070 0 40 23 9 4 6 5 7 6 19 17 15 2 38 2 17 2 109 41
1665095342 169080 0 40 23 9 4 6 5 7 6 19 17 15 2 38 2 17 2 109 41
1665096056 169081 0 40 23 9 4 6 5 7 6 19 17 15 2 38 2 17 2 109 41
1665096544 169085 0 40 23 9 4 6 5 7 6 19 17 15 2 38 2 17 2 109 41
1665099222 169089 0 40 23 9 4 6 5 7 6 19 17 15 2 38 2 17 2 109 41
1665101783 169102 0 40 23 9 4 6 5 7 6 19 17 15 2 38 2 17 2 109 41
1665101827 169104 0 40 23 9 4 6 5 7 6 19 17 15 2 38 2 17 2 109 41
1665102318 169126 0 40 23 9 4 6 5 7 6 19 17 15 2 38 2 17 2 109 41
1665118216 169259 0 40 23 9 4 6 5 7 6 19 17 15 2 38 2 17 2 109 41
1665355235 169260 0 40 23 9 4 6 5 7 6 19 17 15 2 38 2 17 2 109 41
1665359749 169265 0 40 23 9 4 6 5 7 6 19 17 15 2 38 2 17 2 109 41
1665361970 169295 0 40 23 9 4 6 5 7 6 19 17 15 2 38 2 17 2 109 41
1665369872 169295 0 40 23 9 4 6 5 7 6 19 17 15 2 38 2 17 2 109 41
1665375999 169297 0 40 23 9 4 6 5 7 6 19 17 15 2 38 2 17 2 109 41
1665388898 169298 0 40 23 9 4 6 5 7 6 19 17 15 2 38 2 17 2 109 41
1665394773 169299 0 40 23 9 4 6 5 7 6 19 17 15 2 38 2 17 2 109 41
1665394853 169309 0 40 23 9 4 6 5 7 6 19 17 15 2 38 2 17 2 109 41
1665424849 169311 0 40 23 9 4 6 5 7 6 19 17 15 2 38 2 17 2 109 41
1665425472 169336 0 40 23 9 4 6 5 7 6 19 17 15 2 38 2 17 2 109 41
1665452313 169336 14 40 23 9 4 6 5 7 6 19 17 15 2 38 2 17 2 109 41
1665452354 169336 33 40 23 9 4 6 5 7 6 19 17 15 2 38 2 17 2 109 41
1665452409 169336 42 40 23 9 4 6 5 7 6 19 17 15 2 38 2 17 2 109 41
1665511718 169336 73 40 23 9 4 6 5 7 6 19 17 15 2 38 2 17 2 109 41
1665511817 169336 134 40 23 9 4 6 5 7 6 19 17 15 2 38 2 17 2 109 41
1665622474 169397 134 40 23 9 4 6 5 7 6 19 17 15 2 38 2 17 2 109 41
