1650424520 976
1651187951 1457
1651270788 1489
1652500319 1528
1654032346 1511
1654104744 1514
1654275355 1531
1654297700 1533
1654906855 1559
1655053685 1556
1655060676 1569
1655139843 1580
1655303593 1580
1655444370 1580
1655491726 1583
1655501095 1583
1655501119 1583
1655783995 1583
1656385717 1583
1659042869 1583
1659044389 1583
1659071784 1583
1659152011 1583
1659153719 1583
1659374307 1583
1659480974 1640
1659638906 1640
1659711822 1640
1659711839 1640
1659712421 1640
1659712501 1640
1659712773 1640
1659916560 1640
1661575842 1646
1662059366 1646
1662067764 1646
1662874233 1646
1663096221 1646
1663133758 1648
1663918623 1648
1664838739 1648
1664929381 1648
1665158813 1648
1665181449 1648
1667435183 1511
1667455433 1511
1667457738 1542
1667492509 1542
1667594588 1542
1667893702 1542
1668804560 1542
1668812017 1542
1668965636 1542
1669255319 1542
1670110149 1535
1670112146 1540
1672817810 1540
1672818816 1540
1673848281 1540
1674036431 1540
1675316352 1546
1675317778 1546
1675600949 1547
1675784186 1599
1675884759 1578
1675900422 1569
1675900704 1578
1675904753 1600
1675905906 1600
1675905962 1600
1676084633 1600
1676089304 1602
1676329100 1606
1676577247 1637
1676741807 1650
1677143085 1650
1677957408 1650
1678227244 1650
1679435213 1650
1679438624 1604
1679627820 1600
1681957147 1606
1681957172 1606
1683653895 1743
