1638354648 0 1 0 0 0 0 0 0 0 0 0 0 0 0 0 0 0 0 0 0
1638354751 0 2 0 0 0 0 0 0 0 0 0 0 0 0 0 0 0 0 0 0
1638354764 0 3 0 0 0 0 0 0 0 0 0 0 0 0 0 0 0 0 0 0
1638356305 0 4 0 0 0 0 0 0 0 0 0 0 0 0 0 0 0 0 0 0
1638358604 0 5 0 0 0 0 0 0 0 0 0 0 0 0 0 0 0 0 0 0
1638358635 0 6 0 0 0 0 0 0 0 0 0 0 0 0 0 0 0 0 0 0
1638366468 0 7 0 0 0 0 0 0 0 0 0 0 0 0 0 0 0 0 0 0
1638366717 0 8 0 0 0 0 0 0 0 0 0 0 0 0 0 0 0 0 0 0
1638368187 0 9 0 0 0 0 0 0 0 0 0 0 0 0 0 0 0 0 0 0
1638370875 0 10 0 0 0 0 0 0 0 0 0 0 0 0 0 0 0 0 0 0
1638373414 0 11 0 0 0 0 0 0 0 0 0 0 0 0 0 0 0 0 0 0
1638374204 0 12 0 0 0 0 0 0 0 0 0 0 0 0 0 0 0 0 0 0
1638374723 0 13 0 0 0 0 0 0 0 0 0 0 0 0 0 0 0 0 0 0
1638375861 0 14 0 0 0 0 0 0 0 0 0 0 0 0 0 0 0 0 0 0
1638376173 0 15 0 0 0 0 0 0 0 0 0 0 0 0 0 0 0 0 0 0
1638376882 0 16 0 0 0 0 0 0 0 0 0 0 0 0 0 0 0 0 0 0
1638377222 0 17 0 0 0 0 0 0 0 0 0 0 0 0 0 0 0 0 0 0
1639148121 0 18 0 0 0 0 0 0 0 0 0 0 0 0 0 0 0 0 0 0
1639593517 0 19 0 0 0 0 0 0 0 0 0 0 0 0 0 0 0 0 0 0
1639593529 0 20 0 0 0 0 0 0 0 0 0 0 0 0 0 0 0 0 0 0
1639593571 0 21 0 0 0 0 0 0 0 0 0 0 0 0 0 0 0 0 0 0
1639593827 0 22 0 0 0 0 0 0 0 0 0 0 0 0 0 0 0 0 0 0
1639595601 0 23 0 0 0 0 0 0 0 0 0 0 0 0 0 0 0 0 0 0
1639656100 0 24 0 0 0 0 0 0 0 0 0 0 0 0 0 0 0 0 0 0
1641304228 0 26 0 0 0 0 0 0 0 0 0 0 0 0 0 0 0 0 0 0
1641494801 0 27 0 0 0 0 0 0 0 0 0 0 0 0 0 0 0 0 0 0
1641572233 0 27 0 0 0 0 0 0 1 0 0 0 0 0 0 0 0 0 0 0
1641572249 0 27 0 0 0 0 0 0 2 0 0 0 0 0 0 0 0 0 0 0
1641572267 0 27 0 0 0 0 0 0 3 0 0 0 0 0 0 0 0 0 0 0
1642321781 0 27 0 0 0 0 0 0 3 2 0 0 0 0 0 0 0 0 0 0
1642427755 0 27 0 0 0 0 1 0 3 2 0 0 0 0 0 0 0 0 0 0
1642444270 0 27 0 0 0 0 2 0 3 2 0 0 0 0 0 0 0 0 0 0
1642592523 0 27 0 0 0 0 3 0 3 2 0 0 0 0 0 0 0 0 0 0
1642613603 0 27 0 0 0 0 4 0 3 2 0 0 0 0 0 0 0 0 0 0
1647849296 0 27 0 0 0 0 4 0 3 2 0 0 0 0 0 1 0 0 0 0
1649083336 0 27 0 1 0 0 4 0 3 2 0 0 0 0 0 1 0 0 0 0
1649148931 0 27 0 2 0 0 4 0 3 2 0 0 0 0 0 1 0 0 0 0
1650474466 0 27 1 2 0 0 4 0 3 2 0 0 0 0 0 1 0 0 0 0
1650545551 0 28 1 2 0 0 4 0 3 2 0 0 0 0 0 1 0 0 0 0
1651158621 0 28 1 2 1 0 4 0 3 2 0 0 0 0 0 1 0 0 0 0
1651576494 0 29 1 2 1 0 4 0 3 2 0 0 0 0 0 1 0 0 0 0
1652105349 0 29 1 2 2 0 4 0 3 2 0 0 0 0 0 1 0 0 0 0
1652265879 0 30 1 2 2 0 4 0 3 2 0 0 0 0 0 1 0 0 0 0
1652698695 1 30 1 2 2 0 4 0 3 2 0 0 0 0 0 1 0 0 0 0
1652781899 2 30 1 2 2 0 4 0 3 2 0 0 0 0 0 1 0 0 0 0
1652781909 3 30 1 2 2 0 4 0 3 2 0 0 0 0 0 1 0 0 0 0
1652782014 4 30 1 2 2 0 4 0 3 2 0 0 0 0 0 1 0 0 0 0
1653050255 4 30 2 2 2 0 4 0 3 2 0 0 0 0 0 1 0 0 0 0
1653486793 4 30 3 2 2 0 4 0 3 2 0 0 0 0 0 1 0 0 0 0
1654616823 4 31 3 2 2 0 4 0 3 2 0 0 0 0 0 1 0 0 0 0
1654874424 5 31 3 2 2 0 4 0 3 2 0 0 0 0 0 1 0 0 0 0
1655218206 6 31 3 2 2 0 4 0 3 2 0 0 0 0 0 1 0 0 0 0
1655218298 6 31 3 2 2 0 4 0 3 2 0 0 0 0 0 1 0 0 0 0
1655219412 7 31 3 2 2 0 4 0 3 2 0 0 0 0 0 1 0 0 0 0
1655912391 7 31 3 2 3 0 4 0 3 2 0 0 0 0 0 1 0 0 0 0
1655912400 7 31 3 2 4 0 4 0 3 2 0 0 0 0 0 1 0 0 0 0
1656071914 7 31 4 2 4 0 4 0 3 2 0 0 0 0 0 1 0 0 0 0
1656089532 8 31 4 2 4 0 4 0 3 2 0 0 0 0 0 1 0 0 0 0
1656501009 9 31 4 2 4 0 4 0 3 2 0 0 0 0 0 1 0 0 0 0
1656586084 10 31 4 2 4 0 4 0 3 2 0 0 0 0 0 1 0 0 0 0
1657106739 10 31 4 2 5 0 4 0 3 2 0 0 0 0 0 1 0 0 0 0
1657109821 11 31 4 2 5 0 4 0 3 2 0 0 0 0 0 1 0 0 0 0
1657140362 11 32 4 2 5 0 4 0 3 2 0 0 0 0 0 1 0 0 0 0
1658154870 22 32 5 2 5 0 4 0 3 2 0 0 0 0 0 1 0 0 0 0
1658246284 22 32 5 2 6 0 4 0 3 2 0 0 0 0 0 1 0 0 0 0
1658414537 23 32 5 2 6 0 4 0 3 2 0 0 0 0 0 1 0 0 0 0
1658506110 24 32 5 2 6 0 4 0 3 2 0 0 0 0 0 1 0 0 0 0
1658849766 25 32 5 2 6 0 4 0 3 2 0 0 0 0 0 1 0 0 0 0
1659011852 26 32 5 2 6 0 4 0 3 2 0 0 0 0 0 1 0 0 0 0
1659028199 26 32 6 2 6 0 4 0 3 2 0 0 0 0 0 1 0 0 0 0
1659361945 26 32 6 2 7 0 4 0 3 2 0 0 0 0 0 1 0 0 0 0
1659537986 27 32 6 2 7 0 4 0 3 2 0 0 0 0 0 1 0 0 0 0
1659542234 28 32 6 2 7 0 4 0 3 2 0 0 0 0 0 1 0 0 0 0
1659623845 28 32 6 2 7 0 4 1 3 2 0 0 0 0 0 1 0 0 0 0
1659624297 29 32 6 2 7 0 4 1 3 2 0 0 0 0 0 1 0 0 0 0
1660316336 29 32 7 2 7 0 4 1 3 2 0 0 0 0 0 1 0 0 0 0
1661464769 30 32 7 2 7 0 4 1 3 2 0 0 0 0 0 1 0 0 0 0
1661777571 31 32 7 2 7 0 4 1 3 2 0 0 0 0 0 1 0 0 0 0
1661787201 32 32 7 2 7 0 4 1 3 2 0 0 0 0 0 1 0 0 0 0
1661787209 33 32 7 2 7 0 4 1 3 2 0 0 0 0 0 1 0 0 0 0
1661865615 34 32 7 2 7 0 4 1 3 2 0 0 0 0 0 1 0 0 0 0
1661868390 35 32 7 2 7 0 4 1 3 2 0 0 0 0 0 1 0 0 0 0
1662042165 36 32 7 2 7 0 4 1 3 2 0 0 0 0 0 1 0 0 0 0
1662043169 37 32 7 2 7 0 4 1 3 2 0 0 0 0 0 1 0 0 0 0
1662049984 38 32 7 2 7 0 4 1 3 2 0 0 0 0 0 1 0 0 0 0
1662050080 39 32 7 2 7 0 4 1 3 2 0 0 0 0 0 1 0 0 0 0
1662063822 39 32 8 2 7 0 4 1 3 2 0 0 0 0 0 1 0 0 0 0
1662390759 40 32 8 2 7 0 4 1 3 2 0 0 0 0 0 1 0 0 0 0
1662390807 41 32 8 2 7 0 4 1 3 2 0 0 0 0 0 1 0 0 0 0
1663666830 41 32 8 3 7 0 4 1 3 2 0 0 0 0 0 1 0 0 0 0
1664373240 41 33 8 3 7 0 4 1 3 2 0 0 0 0 0 1 0 0 0 0
1664375732 41 34 8 3 7 0 4 1 3 2 0 0 0 0 0 1 0 0 0 0
1664454752 41 35 8 3 7 0 4 1 3 2 0 0 0 0 0 1 0 0 0 0
1664553364 41 36 8 3 7 0 4 1 3 2 0 0 0 0 0 1 0 0 0 0
1664554344 41 36 8 4 7 0 4 1 3 2 0 0 0 0 0 1 0 0 0 0
1664634563 41 36 8 5 7 0 4 1 3 2 0 0 0 0 0 1 0 0 0 0
1664795411 41 36 8 6 7 0 4 1 3 2 0 0 0 0 0 1 0 0 0 0
1664902916 42 36 8 6 7 0 4 1 3 2 0 0 0 0 0 1 0 0 0 0
1664967181 43 36 8 6 7 0 4 1 3 2 0 0 0 0 0 1 0 0 0 0
1664972732 44 36 8 6 7 0 4 1 3 2 0 0 0 0 0 1 0 0 0 0
1665407911 44 36 9 6 7 0 4 1 3 2 0 0 0 0 0 1 0 0 0 0
1665482852 44 36 9 7 7 0 4 1 3 2 0 0 0 0 0 1 0 0 0 0
1665595083 44 37 9 7 7 0 4 1 3 2 0 0 0 0 0 1 0 0 0 0
1666188999 44 37 9 7 8 0 4 1 3 2 0 0 0 0 0 1 0 0 0 0
1666359800 44 37 9 8 8 0 4 1 3 2 0 0 0 0 0 1 0 0 0 0
1666366435 44 38 9 8 8 0 4 1 3 2 0 0 0 0 0 1 0 0 0 0
1666868624 44 38 9 8 8 0 4 2 3 2 0 0 0 0 0 1 0 0 0 0
1666868678 44 38 9 9 8 0 4 2 3 2 0 0 0 0 0 1 0 0 0 0
1667991984 44 39 9 9 8 0 4 2 3 2 0 0 0 0 0 1 0 0 0 0
1668002333 44 40 9 9 8 0 4 2 3 2 0 0 0 0 0 1 0 0 0 0
1668006416 44 41 9 9 8 0 4 2 3 2 0 0 0 0 0 1 0 0 0 0
1668088738 44 41 9 9 8 0 4 2 3 2 0 0 0 0 0 1 0 0 0 0
1668095280 44 41 9 10 8 0 4 2 3 2 0 0 0 0 0 1 0 0 0 0
1668160128 44 41 9 11 8 0 4 2 3 2 0 0 0 0 0 1 0 0 0 0
1669904669 44 41 10 11 8 0 4 2 3 2 0 0 0 0 0 1 0 0 0 0
1669905550 44 41 10 11 8 0 4 2 3 2 0 0 0 0 0 1 0 0 0 1
1672754879 44 41 10 11 8 0 4 2 3 2 0 0 1 0 0 1 0 0 0 1
1672755625 44 42 10 11 8 0 4 2 3 2 0 0 1 0 0 1 0 0 0 1
1673364550 44 42 10 11 8 0 4 2 3 2 0 0 1 0 0 1 0 1 0 1
1673448081 44 42 10 11 8 0 4 2 3 2 1 0 1 0 0 1 0 1 0 1
1673520357 44 42 10 11 8 0 4 2 3 2 2 0 1 0 0 1 0 1 0 1
1675100062 44 42 10 11 9 0 4 2 3 2 2 0 1 0 0 1 0 1 0 1
1675179246 44 42 11 11 9 0 4 2 3 2 2 0 1 0 0 1 0 1 0 1
1675181279 44 42 12 11 9 0 4 2 3 2 2 0 1 0 0 1 0 1 0 1
1675181574 44 43 12 11 9 0 4 2 3 2 2 0 1 0 0 1 0 1 0 1
1675182720 44 44 12 11 9 0 4 2 3 2 2 0 1 0 0 1 0 1 0 1
1675277366 44 45 12 11 9 0 4 2 3 2 2 0 1 0 0 1 0 1 0 1
1675446596 44 46 12 11 9 0 4 2 3 2 2 0 1 0 0 1 0 1 0 1
1676279815 45 46 12 11 9 0 4 2 3 2 2 0 1 0 0 1 0 1 0 1
1676297152 46 46 12 11 9 0 4 2 3 2 2 0 1 0 0 1 0 1 0 1
1676383427 46 46 12 11 9 0 4 2 4 2 2 0 1 0 0 1 0 1 0 1
1676388288 46 46 13 11 9 0 4 2 4 2 2 0 1 0 0 1 0 1 0 1
1677065980 47 46 13 11 9 0 4 2 4 2 2 0 1 0 0 1 0 1 0 1
1677083500 48 46 13 11 9 0 4 2 4 2 2 0 1 0 0 1 0 1 0 1
1677086543 49 46 13 11 9 0 4 2 4 2 2 0 1 0 0 1 0 1 0 1
1677092710 50 46 13 11 9 0 4 2 4 2 2 0 1 0 0 1 0 1 0 1
1677149961 51 46 13 11 9 0 4 2 4 2 2 0 1 0 0 1 0 1 0 1
1677151324 51 46 13 11 9 0 4 2 4 2 2 0 1 0 0 1 1 1 0 1
1677164555 52 46 13 11 9 0 4 2 4 2 2 0 1 0 0 1 1 1 0 1
1677164655 53 46 13 11 9 0 4 2 4 2 2 0 1 0 0 1 1 1 0 1
1677166253 54 46 13 11 9 0 4 2 4 2 2 0 1 0 0 1 1 1 0 1
1677166957 55 46 13 11 9 0 4 2 4 2 2 0 1 0 0 1 1 1 0 1
1677166985 56 46 13 11 9 0 4 2 4 2 2 0 1 0 0 1 1 1 0 1
1677167715 57 46 13 11 9 0 4 2 4 2 2 0 1 0 0 1 1 1 0 1
1677513073 58 46 13 11 9 0 4 2 4 2 2 0 1 0 0 1 1 1 0 1
1677524096 59 46 13 11 9 0 4 2 4 2 2 0 1 0 0 1 1 1 0 1
1677524580 59 46 13 11 9 0 4 2 4 2 2 0 1 0 0 1 1 1 0 1
1677606222 60 46 13 11 9 0 4 2 4 2 2 0 1 0 0 1 1 1 0 1
1677685330 66 46 13 11 10 0 4 2 4 2 2 0 1 0 0 1 1 1 0 1
1677763078 67 46 13 11 10 0 4 2 4 2 2 0 1 0 0 1 1 1 0 1
1678290466 68 46 13 11 10 0 4 2 4 2 2 0 1 0 0 1 1 1 0 1
1678290621 69 46 13 11 10 0 4 2 4 2 2 0 1 0 0 1 1 1 0 1
1678294649 70 46 13 11 10 0 4 2 4 2 2 0 1 0 0 1 1 1 0 1
1678378072 70 46 13 11 10 1 4 2 4 2 2 0 1 0 0 1 1 1 0 1
1678464601 70 47 13 11 10 1 4 2 4 2 2 0 1 0 0 1 1 1 0 1
1678794697 70 47 13 11 10 2 4 2 4 2 2 0 1 0 0 1 1 1 0 1
1678812990 70 47 13 11 10 3 4 2 4 2 2 0 1 0 0 1 1 1 0 1
1678989117 70 47 14 11 10 3 4 2 4 2 2 0 1 0 0 1 1 1 0 1
1679072242 71 47 14 11 10 3 4 2 4 2 2 0 1 0 0 1 1 1 0 1
1679938705 71 47 14 11 10 4 4 2 4 2 2 0 1 0 0 1 1 1 0 1
1680007311 71 47 14 12 10 4 4 2 4 2 2 0 1 0 0 1 1 1 0 1
1681323337 71 47 14 12 10 4 4 2 4 2 2 0 1 1 0 1 1 1 0 1
1681403064 71 48 14 12 10 4 4 2 4 2 2 0 1 1 0 1 1 1 0 1
1681480557 71 49 14 12 10 4 4 2 4 2 2 0 1 1 0 1 1 1 0 1
1682070052 71 49 14 12 10 5 4 2 4 2 2 0 1 1 0 1 1 1 0 1
1682511378 71 49 14 13 10 5 4 2 4 2 2 0 1 1 0 1 1 1 0 1
1682521824 71 49 14 14 10 5 4 2 4 2 2 0 1 1 0 1 1 1 0 1
1684135423 71 49 14 14 10 5 4 2 4 2 2 0 1 1 0 1 1 1 1 1
1684754768 71 49 14 14 10 5 4 2 4 2 2 0 1 1 1 1 1 1 1 1
1688125459 71 50 14 14 10 5 4 2 4 2 2 0 1 1 1 1 1 1 1 1
1689154437 71 50 14 14 10 5 4 3 4 2 2 0 1 1 1 1 1 1 1 1
1689156291 72 50 14 14 10 5 4 3 4 2 2 0 1 1 1 1 1 1 1 1
1689238965 72 50 14 14 10 5 4 4 4 2 2 0 1 1 1 1 1 1 1 1
1689245068 73 50 14 14 10 5 4 4 4 2 2 0 1 1 1 1 1 1 1 1
1689770474 73 50 14 14 10 5 4 4 4 2 2 0 1 1 1 1 1 1 1 1
1690201099 73 50 14 14 10 5 4 4 4 2 2 1 1 1 1 1 1 1 1 1
1690202989 74 50 14 14 10 5 4 4 4 2 2 1 1 1 1 1 1 1 1 1
1690363385 74 50 14 14 10 5 4 4 4 2 2 2 1 1 1 1 1 1 1 1
