1233495306 761
1233521829 726
1233522057 761
1233637948 817
1233959403 817
1233961122 817
1235202145 825
1235203653 815
1235459452 656
1235493127 687
1235499416 675
1235500169 672
1235500594 665
1235583817 667
1235603584 590
1235604784 560
1235605797 575
1235612389 573
1235628713 620
1235629975 654
1235630512 639
1235642139 634
1235644398 634
1235698903 627
1235852148 681
1235944889 792
1235950402 911
1235977118 825
1235982524 878
1235982617 927
1236020443 911
1236026644 911
1236064160 984
1236147657 999
1236191706 1162
1236326489 814
1236326575 811
1237181792 914
1242520634 1533
1243301487 3003
1244091984 2926
1244095109 2930
1245007827 3205
1245082032 3210
1245105927 3213
1245107228 3187
1245169281 3117
1245217507 3117
1245219611 3190
1245219689 3190
1245269286 3321
1245277159 3322
1245563070 3322
1245563124 3253
1245563200 3434
1245632303 3488
1245699735 3476
1245699974 3516
1245718596 3528
1245718630 3531
1245718684 3541
1245776156 3593
1245810623 3592
1245890683 3732
1245893757 3754
1245904204 3873
1245942756 3873
1246128581 3912
1246206706 4112
1246215763 4105
1246217708 4125
1246220100 4128
1246228913 4182
1246323290 4196
1246323358 4194
1246416332 4217
1246496550 4351
1246499302 4343
1246499345 4350
1246584658 4344
1246584692 4377
1246591146 4464
1246596010 4545
1246602451 4488
1246606025 4498
1246646238 4520
1246647013 4546
1246732089 4590
1246732108 4677
1246841689 4712
1246874415 4819
1246875027 4827
1246901856 4919
1246912480 5030
1246914668 4999
1246915334 5001
1246915882 5018
1246954046 5027
1246954080 5026
1246954220 5206
1247011148 5224
1247015717 5225
1247015750 5215
1247021513 5218
1247035717 5237
1247078347 5239
1247078694 5238
1247080007 5374
1247083209 5783
1247086289 5792
1247107119 5952
1247107160 5955
1247107202 5971
1247108226 5980
1247111448 6031
1247163016 6036
1247178921 6036
1247190540 6132
1247202588 6133
1247266782 6137
1247281995 6177
1247863641 6283
1248085891 6137
1248085940 6139
1248112357 6105
1248121645 6132
1248165754 6131
1248165853 6138
1248198028 6144
1248198100 6140
1248221461 6139
1248222962 6137
1248223252 6307
1248244091 6324
1248244129 6324
1248244146 6389
1248285887 6390
1248285927 6438
1248317393 6529
1248383005 6560
1248390500 6588
1248390697 6552
1248390918 6548
1248481897 6572
1248561994 6590
1248891797 6629
1248894782 6638
1248897616 6767
1248924968 6783
1248925052 6761
1249083324 6814
1249174977 6986
1249176864 7855
1249193182 7928
1249193600 7962
1249193781 7966
1249323416 7945
1249345323 8040
1249405961 8199
1249405999 8202
1249433477 8231
1249440402 8259
1249448719 8259
1249448762 8339
1249449003 8339
1249596369 8338
1249703246 8357
1249704327 8369
1249750310 8369
1250110044 8466
1250392828 8686
1250394819 8705
1250399407 8718
1250407277 8731
1250407559 9029
1250449232 9091
1251175462 10560
1251180500 10562
1251235649 10562
1251396613 10643
1251410662 10643
1251435949 10665
1251436334 10691
1251506734 10721
1251687821 10721
1251687878 10721
1251687935 10722
1251687985 10720
1251688020 10966
1251689175 10969
1251691863 10978
1251691937 11003
1251780162 11003
1251780191 11004
1253990798 11114
1258233621 11117
1258242561 11119
1258264771 11084
1259161344 11123
1259294587 11105
1259296204 11105
1259303922 11156
1259351978 11162
1259360479 11166
1259451509 11210
1260037973 11165
1260065210 11336
1260071678 11351
1260135697 11445
1260145769 11495
1260148346 11495
1260148359 11529
1260148556 11530
1261421281 10314
1261428755 10671
1261491118 10731
1261530494 10825
1261597729 10826
1262047293 10863
1262052653 10826
1262052819 10638
1262055935 10644
1262140791 10676
1262144511 10745
1262145820 10758
1262227449 10904
1262312345 10979
1262317135 10997
1262317900 11117
1262320976 11133
1262395874 11140
1262475051 11178
1262498905 11181
1262742125 11206
1262745036 11246
1263004944 11259
1263268486 11340
1263272394 11362
1263324572 11368
1263438383 11386
1263438402 11499
1263581493 11502
1263597866 11503
1263607948 11503
1263611514 11453
1263661259 11441
1263707267 11571
1263925731 11643
1263933322 11633
1274459642 11670
1274577678 11798
1277597099 11947
1296777755 11575
1296841823 11571
1296960812 11829
1296972430 11860
1297009307 11902
1297024955 11873
1297204121 11870
1297280395 11876
1297282197 11897
1297282785 11898
1297409867 11944
1297630794 11944
1297638192 11993
1297646852 11498
1297647041 11500
1297649119 11506
1297668788 10974
1297668853 10974
1297670592 10977
1297704731 10976
1297707873 10972
1297708222 11154
1297730696 11163
1297749996 11175
1297756349 11204
1297789647 11205
1297791883 11228
1297791925 11231
1297792148 11231
1297793885 11231
1297809481 11225
1297971445 11252
1297998893 11486
1298012837 11757
1298015246 11774
1298022970 11779
1298081826 11763
1298085679 11806
1298146747 11805
1298219376 12168
1298368471 12346
1298403092 12385
1298484893 12415
1298534196 12389
1298534967 12401
1298687482 12609
1298689318 12658
1298836601 12658
1298843747 12665
1298844903 12665
1298845832 12672
1298846905 12677
1300652031 12357
1300654156 12386
1300729459 12372
1301188441 12388
1301353402 12414
1301697606 19601
1301698359 19608
1301778595 19639
1301900954 19830
1302070206 19836
1302073764 19868
1302075390 19873
1302311250 19866
1302898834 19865
1302899152 19872
1303795474 19868
1304713118 19879
1304885112 19928
1304899989 19953
1304901760 19919
1304901914 19918
1305089986 19855
1305090176 19855
1305090583 19853
1305827794 19831
1305912687 19839
1305915987 19930
1306018208 20076
1306024521 20059
1308332069 20090
1310710500 19606
1310756743 19538
1310773443 19528
1310850853 19435
1311100317 19438
1311986999 19752
1312151959 19727
1312158606 19749
1312503684 19975
1312846428 18805
1312933935 18864
1312958469 18869
1313029393 19067
1313030632 19067
1313030768 19074
1313032574 19076
1313101653 19124
1313183579 19368
1313188373 19404
1313594157 19442
1313606678 19535
1313799593 19903
1313806570 19902
1313806842 19905
1313818213 19904
1313821176 19934
1313822526 19905
1313823618 19885
1313887754 19887
1313888485 19902
1313890991 19915
1313891725 19901
1313954777 19915
1314053405 19923
1314225947 19946
1314495877 19961
1314502594 19988
1314827865 20023
1314837087 20026
1314846239 20048
1315073658 20172
1315189776 20246
1315201242 20355
1315202730 20385
1315279499 20385
1315601201 20410
1315870864 20528
1315877586 20635
1316045906 20645
1316045934 20646
1316114916 20641
1316478493 20641
1316563991 20645
1316564310 20645
1316564957 20654
1316575945 20661
1316627564 20665
1321726946 20551
1322093962 20730
1324582621 22074
1324584945 22102
1324585356 22102
1324687883 22110
1332613456 23061
1332617323 24476
1332617614 24476
1332619095 24477
1333221452 24735
1333248677 24829
1333257742 24857
1333258057 24859
1360974438 29039
1368315938 30394
1369502819 30475
1369503124 30468
1369503301 30469
1369773890 30699
1369780004 30725
1369780505 30726
1382643799 32903
1382645381 32913
1382645890 32913
1387590040 34018
1390358329 35464
1391557432 36252
1403839472 39387
1404340870 39618
1406217886 39919
1406675573 40016
1406932379 40344
1407570505 40438
1407581012 40438
1407586655 40440
1409426340 40454
1409429376 40476
1409522857 40105
1409563436 42122
1409563747 42152
1409610854 42281
1409611209 42281
1409611585 42282
1409611833 42282
1409612183 42282
1416352910 43713
1416354004 43715
1417645108 45306
1417741373 45404
1417815644 45463
1418162741 45870
1418166178 45823
1418169716 45349
1418426575 45418
1418689334 45462
1419032039 45500
1420682529 46229
1431129389 48777
1431129800 48834
1431130855 48830
1433368278 48842
1433368366 49570
1433448463 49575
1433633260 49573
1433633288 49574
1434145488 49574
1434434019 49618
1435012679 49680
1436299688 49690
1436311809 49699
1436319974 49393
1436320370 49387
1436320461 49348
1437000139 49397
1438361791 49505
1439425568 49584
1439501326 49585
1440028669 49715
1445471616 50336
1452026690 50340
1452112602 50341
1453849999 50187
1455775294 50575
1455818766 50579
1455824862 50579
1456084554 50582
1459227526 50585
1459986558 50948
1460660110 50973
1460676527 51024
1460741758 51024
1460749125 51024
1461103051 51519
1461105693 52068
1461281212 52359
1461364778 52365
1461621856 52365
1463079274 52362
1472357877 52362
1473196771 52370
1473196828 52363
1473458387 52449
1473704245 52476
1479147304 52477
1481159225 55244
1481746926 54670
1485197819 54639
1485280332 54148
1485283130 54162
1486411035 54162
1489528062 54222
1489537513 54223
1489598965 54001
1496266423 54063
1496434516 54077
1497479963 54080
1498008922 54226
1499797581 54265
1499801953 54269
1499804562 57216
1500419334 58352
1506387612 58395
1520386299 58398
1520445783 58400
1520453634 58413
1520455584 58408
1520461885 58415
1520471079 59641
1520471125 59642
1520480238 59642
1520531330 59642
1520548118 59664
1520623580 59657
1520910863 59657
1529007369 59664
1530135635 59750
1533847834 60312
1534886333 59814
1534890714 54633
1535046497 54866
1535152207 55524
1535413568 55525
1535583420 55905
1535923084 55998
1536271453 56651
1536271475 55519
1536271915 55519
1536298858 55359
1536339919 55398
1536535871 55398
1537289618 55356
1537553241 55372
1538763143 55440
1541097757 55441
1541097810 55446
1541463572 56905
1542305676 57773
1543268316 57773
1543523694 57774
1543656298 57776
1543965692 58680
1544272788 58684
1544655389 58211
1544657279 57611
1545251094 57669
1545525274 57670
1547696417 58064
1548779160 59145
1549067650 59150
1550519423 59171
1551842478 59184
1551903454 36473
1552582409 36507
1553181185 36526
1553453697 36478
1553534972 36647
1553536147 36651
1553621857 36680
1553714039 36692
1553716353 36662
1553725925 36822
1555717341 36829
1556128467 35920
1557768479 35979
1557942461 36034
1557948347 36044
1557949470 36046
1557953478 36125
1557954056 36109
1557954250 36109
1557954348 36109
1557966786 36195
1558029074 36174
1558031700 36152
1558031931 36157
1558031966 36157
1558392951 36241
1558392968 36237
1558681408 36240
1559532240 36241
1559533215 36267
1559538090 36328
1559753820 36321
1560287537 36319
1560298449 36319
1560466927 36349
1561093285 36358
1561593689 36358
1561662120 36359
1562379932 36376
1563924593 36450
1564179663 36450
1564534143 36497
1564538101 36498
1564592693 36504
1564592701 36507
1564602889 36515
1564612369 36519
1564681627 36521
1565365977 36521
1565365986 36519
1565367034 36519
1566260255 36525
1566857740 36526
1567627698 36465
1567630294 36466
1568154079 36465
1572246191 36470
1572446521 36471
1573165650 36443
1573249018 36445
1574182632 36445
1576025015 36445
1578428709 36445
1578428758 36446
1578443644 36462
1578444035 36466
1578617522 36481
1579135325 36243
1579859078 36251
1580263497 36267
1580826129 36827
1581007199 36874
1581012248 36875
1581039258 36915
1581099039 36930
1581373886 36930
1581375387 36930
1581883896 37682
1582073425 37688
1582073601 37690
1582258647 37710
1582764469 37716
1583381628 37716
1583382650 39262
1583971518 39262
1583976123 39268
1583977726 39214
1583978052 39211
1586185001 39209
1586186470 39265
1586227147 39271
1586288877 39307
1586298131 39329
1586468184 39263
1587761486 39268
1587786459 39331
1587928035 39333
1587931818 39333
1587932817 39359
1587933857 39311
1587939705 39306
1587953375 39321
1588373220 39410
1588375757 39419
1588568215 39399
1588981224 39448
1588989031 39484
1589820189 39486
1590557450 39584
1591141188 39618
1591214062 39628
1591302664 39646
1591310307 39646
1591373853 39656
1591378431 39656
1591686493 39662
1591905502 39662
1591906461 39691
1591985456 39712
1592239885 39719
1593471077 39699
1594100455 39788
1594319532 39796
1596136973 39796
1596475998 39856
1596570609 39860
1600113971 39949
1600459249 39950
1602390959 40022
1602455661 39996
1602476957 40028
1602534957 40075
1602535011 40075
1602544550 40098
1602547813 40124
1602691620 40164
1602706541 40200
1602795168 40201
1602800011 41139
1602801859 41139
1602802220 41140
1602802510 41141
1602804009 41141
1602809463 42057
1602978817 41934
1602983246 41934
1603260160 42012
1603393196 42037
1603932387 42022
1603942584 42019
1604074379 42019
1604180089 42120
1604253133 42074
1604275476 42071
1604337849 42081
1604382349 42130
1604386745 42133
1604437009 42103
1604521419 42120
1604525347 42115
1604526224 42117
1604526774 42119
1604614132 43913
1604620281 44642
1604626204 43930
1605073906 43929
1605140096 44114
1605200766 44476
1605218190 44486
1605310965 44506
1605466512 44517
1605471652 44515
1606380097 44952
1607267215 44952
1607267245 44980
1607456232 45013
1607477218 45072
1607653984 45069
1607665533 45089
1608260092 45102
1608272842 45106
1608353447 45187
1608678348 45187
1608678361 45187
1609278165 45188
1610246455 45259
1610254923 45322
1610307848 45352
1612392108 45366
1612393025 45371
1612397580 45371
1612400497 45371
1613415158 45400
1613686213 45398
1613937563 45399
1614019149 27568
1614038910 27374
1614039205 27372
1614459032 27372
1614462219 27376
1614569284 27325
1615333754 27359
1617051553 27416
1617483769 27185
1617502031 27194
1617644309 27221
1617650388 27227
1617655397 29257
1617663014 29258
1617665071 29258
1618592026 29261
1618603419 29261
1618960128 29280
1621295477 29288
1622100520 29304
1622166411 29325
1622566655 29364
1622572985 29388
1622579655 29424
1622591156 29534
1622672912 29818
1627930068 29818
1627934258 29731
1627936671 29731
1628027137 29730
1628727635 29515
1628740870 29547
1628966051 29569
1629084129 29569
1629146198 29595
1629158871 29600
1629178729 29591
1629181171 29512
1629926912 30559
1630173373 30711
1631811258 30917
1632980706 30919
1633282459 31693
1633371534 31716
1633404811 31953
1633541353 32785
1634007245 33262
1634017827 33252
1634088488 33700
1634218569 34286
1634773813 34978
1635791275 35961
1635901615 35967
1636094447 35990
1636222470 35991
1636248540 36013
1636277526 36014
1636416888 36908
1637109108 36910
1637127833 36974
1637345036 36987
1637355145 36995
1637775631 38053
1638399464 38053
1638582424 39514
1638763800 39829
1639031281 41629
1639514195 41633
1640190339 41634
1640709079 43345
1640752016 43320
1640755666 43933
1640821872 44087
1640895252 44632
1640922501 44756
1640932481 44747
1640997971 44808
1641231335 44808
1641443163 44950
1641594024 45919
1641711827 46285
1641840631 46544
1642000768 46625
1642005516 46699
1642372514 46740
1642388118 46778
1642388610 46812
1642395789 46812
1642397636 46821
1642460987 46819
1642463935 46881
1642539511 46905
1642606777 46897
1642802035 46612
1643333559 46701
1643826438 46735
1644085400 46735
1644126399 46725
1644131129 46774
1644307971 46984
1644905008 47014
1644986041 46923
1645124038 46924
1645124052 46960
1645124106 46965
1645307605 46974
1645310654 46979
1645312213 46985
1645323708 46988
1645380086 46987
1645380306 46987
1645384623 47003
1645385509 47005
1645390093 47021
1645492485 47035
1645505435 47044
1645506292 47045
1645563944 47299
1645573510 47319
1645580619 47331
1645592708 47319
1645678808 47397
1645747290 47414
1645754844 47421
1645820547 47429
1645975835 47443
1646013403 47445
1646014345 47288
1646016137 47307
1646027034 47340
1646433020 47340
1646506253 47367
1646533438 47367
1646608098 47383
1646639179 48821
1646787934 48873
1646795277 48895
1646883229 48959
1646959971 48974
1647203962 49363
1647293085 49367
1647307945 49316
1647444292 49342
1647446893 49329
1647455970 49330
1647465886 49331
1647545312 49331
1647901300 49332
1648592152 49332
1648592592 49333
1648675207 48871
1648743280 48893
1648744894 48895
1648745419 48895
1648840027 45513
1649096319 46040
1649650953 46209
1649655450 46040
1649777462 46041
1649779053 45488
1649865977 46036
1650322349 46036
1650324306 46036
1650326757 46036
1650399355 46228
1650402554 46656
1650412684 46656
1650424027 46825
1650478340 47271
1650657328 47271
1650666551 47277
1650905560 47281
1650919277 47280
1650991673 47275
1651016074 47095
1651083014 47095
1651091786 47174
1651187234 47276
1651252025 47263
1651263680 47614
1651621823 47720
1651705453 47752
1651763128 47759
1651771381 47812
1651794089 47814
1651893033 47821
1651893302 47830
1651895635 47877
1651955114 47932
1652064024 47997
1652112995 48050
1652117534 48122
1652130782 48524
1652146480 48523
1652156292 48525
1652158833 48524
1652197965 48525
1652389070 48525
1652390828 48532
1652486576 48530
1652488337 48584
1652806981 48586
1652807335 48608
1652807721 48609
1652810184 48628
1652821249 48622
1652824157 48630
1652995711 48630
1653021334 48629
1653334408 48669
1653417716 48677
1653589149 48703
1653667071 48703
1653887971 48703
1654016667 48765
1654057331 48766
1654111511 48782
1654119600 48782
1654712240 48946
1654896778 50500
1654992373 50330
1655168238 50365
1655494952 50366
1655775537 50371
1655833388 50971
1655843545 50971
1655914692 51046
1655927293 51108
1655928616 51105
1655963174 51105
1656017020 51119
1656018765 51167
1656020843 51167
1656028275 51180
1656092307 51205
1656103978 51199
1656113560 51217
1656306007 51249
1656348260 51250
1656430706 51249
1656436950 51249
1656452440 51255
1656515903 51259
1656520484 51285
1656605268 51634
1656609827 51994
1656610556 52101
1656702126 52101
1657076710 53009
1657123587 53042
1657143972 53018
1657198934 53111
1657238150 53112
1657322876 53238
1657643359 53229
1657664552 53188
1657686678 53209
1657735593 53211
1657749601 53310
1657755552 53312
1657904367 53300
1657928104 53396
1658167268 53411
1658252968 53396
1658279826 53408
1658327814 53418
1658329265 53433
1658334150 53433
1659026421 53433
1659029034 53468
1659480747 53697
1659571589 53695
1660087023 53705
1660178256 53696
1660241219 53700
1660591720 56782
1660622913 56755
1660845531 56754
1661203517 56754
1661209617 56691
1661267651 56691
1661278915 56917
1661351270 56826
1661373970 56818
1661381392 56846
1661383864 56846
1661452775 56899
1661545852 56908
1661549738 57089
1661581374 57087
1661700598 57093
1661701310 57072
1661716789 57072
1661720571 57064
1661806340 57087
1661867581 57089
1661970641 57089
1662147699 57117
1662157604 57121
1662485275 57179
1662519839 57204
1662523499 57212
1662585678 57321
1662593040 57321
1662612288 57321
1662658402 57321
1662737693 57363
1662751348 57363
1662753495 57357
1662771192 57356
1663028473 57381
1663081413 57401
1663085793 57404
1663212444 58932
1663258102 58900
1663262774 58917
1663350475 58917
1663359048 58922
1663473139 58930
1663520432 58933
1663546566 58965
1663557323 58998
1663596030 58998
1663949100 58998
1663950896 59000
1663962591 59001
1664162382 59073
1664291745 59073
1664326941 59072
1664331643 58836
1664385645 58835
1664474754 58872
1664486187 58871
1664491406 58874
1664562130 58849
1664565740 58839
1664569704 58840
1664570772 58837
1664583709 58838
1664584175 58844
1664770953 58848
1664771688 58917
1664804303 58917
1664814977 59012
1664815743 59013
1664915616 59006
1664921782 59012
1664929327 59505
1664943192 59500
1665014345 59498
1665014638 59730
1665070080 59731
1665085437 59783
1665100390 59801
1665107461 59783
1665165203 59783
1665167264 59801
1665168591 59816
1665169159 59645
1665174221 59648
1665188999 59651
1665362466 59644
1665435227 59652
1665446502 59652
1665505092 59699
1665515641 59724
1665521736 59722
1665528405 59722
1665599438 59740
1665682100 59741
1665685828 59742
1665699794 59740
1665703213 59791
1665775763 59888
1665787909 59892
1665790354 59898
1666625564 59902
1666644201 59990
1666737624 59990
1666793984 60020
1666816792 60054
1666897307 64214
1666906598 64379
1667432066 64385
1667490539 64469
1667493994 64491
1667495115 64491
1667496837 64526
1667500520 64525
1667502798 64525
1667516776 64525
1667521037 64559
1667579130 69029
1667597129 69030
1667603640 69038
1667611522 69038
1667612000 69040
1667624896 69121
1667663767 69125
1667665245 69120
1667667067 69153
1667690187 69125
1667838810 69109
1667848210 69112
1667854152 69125
1667865250 69125
1667931942 69142
1667936705 69142
1668107396 69157
1668109869 69146
1668111483 69164
1668384901 69123
1668401182 69318
1668447183 69382
1668494237 69410
1668530563 69411
1668531854 69435
1668614666 69435
1668618246 69416
1668630093 69467
1668633982 69526
1668636547 69552
1668637394 69550
1668645715 69548
1668650293 69548
1668653230 69127
1668654152 69126
1668665621 69545
1668714326 69593
1668718660 70141
1668767877 70144
1668794361 70189
1668794420 70189
1669003854 70177
1669048717 70180
1669055025 70180
1669055636 70302
1669056666 70320
1669059975 70333
1669075547 70339
1669141640 70341
1669148275 70344
1669236474 70428
1669251276 70425
1669255195 70434
1669256398 70304
1669443990 70306
1669512948 70310
1669586675 70312
1669593050 70311
1669747772 70297
1669764977 70417
1669866891 70654
1669874705 70650
1669880277 70657
1669881512 70658
1669923506 70672
1669936744 70673
1670001391 70677
1670007814 70695
1670012043 70763
1670013546 70804
1670017644 70808
1670017984 70941
1670022796 70973
1670258410 71003
1670267618 71032
1670270589 71033
1670270618 71033
1670278345 71007
1670452749 71039
1670456111 71045
1670459866 71041
1670465534 71026
1670522621 70998
1670552026 71057
1670626179 71097
1670691036 71544
1670700501 71543
1670709351 71543
1670820726 71543
1670827342 71564
1670870349 71574
1670882060 71787
1671001140 71772
1671046957 71792
1671049326 71794
1671126510 71795
1671182166 71793
1671233894 71868
1671326910 71869
1671400684 71945
1671747383 71953
1671757709 71945
1671760706 71963
1671762408 71974
1671765067 71989
1671953727 71933
1672104764 71860
1672109064 71933
1672161977 71860
1672174489 71860
1672193935 71864
1672202622 72004
1672211084 72195
1672236584 72197
1672257356 72276
1672271572 72293
1672333543 72295
1672343889 72293
1672376071 72240
1672791637 72208
1672804106 72207
1672861514 72226
1672862714 72226
1672866184 72226
1672876925 72226
1672942633 72210
1672959651 72250
1673005504 72256
1673009998 72250
1673055568 72284
1673287809 72310
1673296468 72310
1673308517 72316
1673399039 72316
1673434430 72317
1673501134 78633
1673551487 78633
1673554775 78635
1673632352 78639
1673646063 78884
1673656116 78885
1673658727 78883
1673666273 78886
1673670744 78888
1673928149 78887
1674010218 78929
1674023017 78931
1674065395 78933
1674067576 78932
1674069165 78944
1674269845 78942
1674273304 78946
1674273571 78936
1674342296 78977
1674662579 78982
1674662584 78996
1674667530 78994
1674737843 79010
1674740632 79017
1674740637 79057
1674763397 79071
1674765287 79124
1674768698 79125
1674772328 79137
1674786917 79134
1674853670 79138
1674862839 79142
1674864201 79140
1674943365 79156
1674947396 79166
1675019746 79152
1675057128 79148
1675121094 79130
1675125131 79116
1675215371 79127
1675267467 79131
1675278173 79133
1675357818 79150
1675369380 79285
1675380437 79295
1675383792 79284
1675392576 79280
1675444944 79290
1675463878 79694
1675464580 79695
1675648838 79706
1675722085 79707
1675730682 79733
1675740475 79732
1675876643 79776
1675903335 79868
1676350696 79869
1676414856 79908
1676434089 79934
1676504823 79860
1676595949 79863
1676654618 79862
1677011235 79869
1677182494 79879
1677238542 79900
1677285331 79967
1677287074 80049
1677317743 80093
1677522841 80096
1677580863 80102
1677808144 80120
1677809060 80128
1677866156 80148
1677889001 80149
1677896986 80305
1678065119 80305
1678085748 80327
1678201784 80974
1678725698 80987
1678732761 80988
1678743692 80988
1678805334 81026
1678833347 81031
1678920489 81040
1678999811 81046
1679015716 81081
1679333573 81280
1679353523 81280
1679415372 81330
1679423699 81332
1679435135 81332
1679492416 81332
1679492449 81349
1679495140 81365
1679498509 81617
1679504982 81617
1679515865 81588
1679606450 81598
1679942044 81602
1680026052 81614
1680026285 81620
1680033422 81621
1680040895 81657
1680048188 81434
1680050025 81434
1680125979 81434
1680127416 81463
1680133869 81483
1680154628 81483
1680894175 81448
1680895641 81465
1681059682 81538
1681151106 81566
1681177399 81567
1681497031 81567
1681503882 81557
1681505487 81572
1681510590 81585
1681512958 81572
1681518133 81573
1681746085 81631
1681746360 81624
1681749313 81631
1681750191 81649
1681764884 81746
1681825404 81760
1681834606 81771
1681848134 81733
1681858114 81736
1681932440 81942
1681939700 81954
1682020838 81986
1682027411 81986
1682107783 82107
1682347235 82113
1682351425 82183
1682368819 82184
1682449807 82184
1682495088 82184
1682537200 82186
1682543913 82222
1682549234 82346
1682612885 82344
1682621862 82386
1682627480 82386
1682627820 82392
1682698946 82391
1682705953 82392
1682986102 82405
1683044619 82375
1683064010 82375
1683128435 82394
1683321098 82419
1683478699 82424
1683572681 82424
1683573770 82411
1684163767 82413
1684865754 82412
1684885000 82473
1685027406 82492
1685033234 83279
1685041027 83400
1685640010 83404
1685998916 83404
1686096808 83404
1686138239 83409
1686261584 83431
1686269367 83431
1686273608 84232
1686343021 84231
1686555230 84232
1686610188 84230
1686697678 84204
1686865526 84201
1686951902 84196
1686953530 84145
1687106114 84144
1687152369 84152
1687154806 84150
1687274026 84150
1687276674 84151
1687449105 84163
1687455099 84165
1687456512 84196
1687541211 84193
1687542989 84303
1687796320 84341
1687796513 84367
1687812118 84868
1687882870 85116
1687885995 85144
1688160757 85429
1688372838 85514
1688482834 85563
1688568828 85549
1688574180 85553
1688662315 85952
1688995109 85962
1689013145 85977
1689030047 85977
1689093293 85977
1689093629 88633
1689101724 88633
1689102074 89295
1689133533 89301
1689173589 89284
1689180626 89209
1689188165 89224
1689284576 89226
1689519655 89208
1689638029 89208
1689702328 89174
1689955230 89174
1690216188 89174
1690270867 89178
1690317044 89180
1690390798 89182
1690477419 89382
1690493487 89382
1690599591 89523
1690599887 89528
