1488924855 1737
1495238008 1557
1495472226 1558
1495563346 1734
1495666962 1736
1495748355 1762
1495825645 2496
1495831915 2708
1495833471 2708
1496351001 2706
1496358465 2741
1496451543 2742
1496868299 2742
1497043378 2743
1497279482 2741
1497283598 2742
1497308422 2807
1497919295 2811
1498021469 2804
1498059186 2804
1498115884 2813
1498247271 3082
1498258870 3085
1499451451 3094
1499822843 3115
1499879416 3121
1500341150 3158
1500387646 3158
1500416682 3150
1500502867 3349
1500509947 3349
1500561638 3349
1500586080 3342
1500605170 3342
1500625774 3346
1500653453 3337
1500653836 3345
1500660282 3335
1502747314 814
1502748072 930
1502760873 932
1502924559 922
1503369959 938
1503413851 1038
1503428910 1074
1503440099 1073
1503441795 1073
1504112256 1073
1504114151 1073
1504653229 1073
1504658053 1086
1504720541 1071
1505143731 1114
1505176053 1116
1505232037 1126
1505232388 1128
1505321531 1239
1505420396 1264
1505431353 1264
1505434058 1269
1505829978 1350
1506108807 1357
1506112057 1592
1506113142 1592
1506458557 1636
1506714739 1638
1507143945 1726
1507307312 1658
1507311687 1738
1507313733 1784
1507922724 1664
1507933250 1666
1508177128 1674
1508177381 1666
1508178481 1676
1508178764 1820
1508200936 1820
1508255419 1823
1508257398 1826
1508514040 1823
1508514306 1826
1508767187 1826
1509403858 1874
1509413168 1849
1509569346 1852
1509645031 1852
1509666944 1863
1509727237 1904
1510185638 1906
1510618957 1913
1510855318 1913
1511912619 1906
1512006263 1913
1512157003 2145
1512229070 2146
1512330232 2146
1512353440 1913
1512424362 2140
1512599894 2163
1512605033 2166
1512771381 2168
1512774212 2168
1513211264 2173
1513880544 2228
1515552554 2232
1516058168 2596
1516281705 2232
1516408366 2623
1516636791 2596
1516666755 2674
1516671362 2618
1516736259 2614
1516742522 2677
1516751047 2618
1516754976 2717
1517274527 2719
1517343332 2784
1517345012 2786
1517355892 2776
1517373239 2778
1517373448 2778
1517431852 3179
1517512538 2804
1517624943 2832
1517630133 3601
1517716618 2832
1517959347 3667
1518046779 3670
1518050871 3702
1518057084 3733
1518114542 3733
1518123136 3734
1518144301 3738
1518193306 3748
1518202507 3493
1518205033 3507
1518217144 3497
1518286448 3513
1518411268 3512
1518481018 3516
1518542896 3595
1518545196 3617
1518816956 4137
1518821049 4297
1519265679 4322
1519267017 4328
1519345419 4332
1519393771 4355
1519409000 4387
1519855700 4394
1519948393 4419
1520438997 4502
1520445162 4565
1520461255 4585
1520522290 4585
1520523365 4588
1520625847 4648
1520625955 4654
1520877949 4681
1520973208 4691
1520978328 4690
1521040986 4768
1521042386 4770
1521213887 4773
1521473509 4784
1521754592 4844
1521832519 4827
1522090171 6152
1522093088 6153
1522172709 7248
1522710901 7248
1522729179 7317
1522774162 7318
1522793257 7317
1522873041 7327
1522873100 7356
1523284273 7359
1523289351 8068
1523295913 7362
1524608133 8260
1524677763 8068
1524838626 8067
1525123780 8069
1525125571 8067
1525126648 8069
1525128532 8398
1525196244 8431
1525279557 8433
1525373447 8503
1525375951 8947
1525733566 8938
1525734466 8963
1525821008 8890
1525873344 8941
1526324404 8959
1526394042 9086
1526405526 9112
1526574001 9115
1527874011 9111
1527874404 9112
1528143881 9120
1528243421 9157
1528476834 9185
1528476985 9189
1528816793 9194
1528827509 9215
1528828871 9216
1528839717 9043
1528840172 9043
1528939077 9038
1528996478 9043
1529709066 9043
1529709999 9050
1530632797 9050
1530633268 9072
1531240592 9073
1531523354 9092
1532266203 9154
1532556195 9095
1532557563 9128
1532644541 10079
1532644914 10093
1532645535 10120
1532701708 10120
1532715555 10120
1532736717 10145
1533090958 10153
1533159277 10228
1533161988 10246
1533162051 10246
1533514828 10251
1533514843 10249
1533515503 10278
1533519327 10302
1533520868 10316
1533520914 10316
1533917442 10316
1534168275 10333
1534217903 10389
1534218994 10386
1534220604 10370
1534222591 10368
1534256541 10388
1534261104 10398
1534264379 10368
1534502582 10413
1534503151 10428
1534504012 10432
1534516551 10449
1534779444 10369
1535063898 10450
1535064315 10457
1535064322 10457
1535380507 10460
1535555387 10460
1535582400 11141
1535583077 11267
1535583091 11267
1535584064 11607
1535587046 11607
1535587138 11607
1536098542 11612
1536180327 12224
1536180688 12229
1536189564 12283
1536189577 12283
1536191267 12285
1536191303 12285
1536264616 12312
1536272062 12314
1536353383 12316
1536879307 14002
1536881600 14128
1536881678 14128
1536886619 14173
1536886670 14173
1537033093 14517
1537033158 14520
1537033929 14520
1537209335 14530
1537209544 14530
1537210561 14535
1537216871 14535
1537368106 14541
1537368158 14543
1537369709 14546
1537470585 14553
1537473992 14560
1537491263 14542
1537491279 14546
1537546459 14548
1537554118 14855
1537556273 14864
1537556287 14881
1537556437 14949
1537556463 14949
1537829696 14950
1537886906 14980
1537903720 14982
1537998869 17544
1537999048 17544
1538089052 17544
1538155064 17539
1538161425 17623
1538406465 17637
1538410012 17637
1538505656 17653
1538505678 17653
1538506552 17657
1538514106 17640
1538589880 17459
1538606358 17483
1538608435 17483
1538694961 17486
1538695049 17516
1538695058 17511
1538747881 17517
1538756424 17529
1539319248 17821
1539718231 17821
1539718666 17821
1539723954 17833
1539724062 17833
1539882720 18015
1539887306 18017
1539898979 17868
1539909329 17984
1539980274 17869
1540238778 18019
1540242504 18001
1540243366 18016
1540243376 18016
1540322061 18021
1540324915 18021
1540326369 17880
1540327705 17881
1540333823 17888
1540333835 17888
1540569514 17893
1540834029 288891
1541088067 17893
1541091926 17898
1541606865 17898
1541617121 18772
1542142043 18210
1542142159 18210
1542143631 18210
1542143841 18254
1542143857 18254
1542150254 18248
1542152765 18250
1542208276 18250
1542317763 18273
1542322700 18623
1542335425 18238
1542383115 18238
1542393079 18541
1542402278 18541
1542638394 18543
1542638440 18549
1542638477 18556
1542657723 18592
1542666020 18778
1542677555 18634
1542677630 18634
1542721874 18623
1542735218 18820
1542735594 18820
1542919403 34361
1543500534 18820
1543516370 18821
1543538532 18838
1543616408 18841
1543951451 18842
1543953050 19045
1543957109 19045
1543957864 19045
1544029607 21623
1544035178 19201
1544035853 19198
1544036253 19372
1544037030 19353
1544039413 19358
1544046951 21570
1544047056 19357
1544047827 21580
1544056878 21688
1544503080 22244
1544548801 21704
1544554013 22119
1544653639 21704
1544695310 21703
1544724216 21704
1544816841 22089
1544892886 22246
1545039929 22253
1545070699 22256
1545136339 22244
1545143494 22121
1545165524 22121
1545172200 22246
1545234699 22250
1545240397 22245
1545263221 26498
1545317214 26495
1545334536 26629
1545334891 26629
1545346426 26636
1545349961 26634
1545401573 26677
1546019444 26809
1546130198 26770
1546132572 26790
1546567437 26804
1547058757 26817
1547058809 26817
1547136657 27872
1547137611 27872
1547138034 27921
1547139476 27923
1547139600 27870
1547150192 27870
1547239547 26817
1547657705 28041
1547659015 27439
1547689481 26842
1547690377 26844
1547743618 26849
1547837759 27880
1547853635 33781
1547853985 27882
1548056703 27887
1548056814 27848
1548270723 27876
1548743972 27876
1548747121 27876
1548801762 27874
1548802457 27874
1548802468 27874
1548814068 27879
1548850432 27911
1548886791 27879
1548891516 27910
1548972054 27910
1549058971 28353
1549059217 28349
1549060112 28614
1549060702 28608
1549061025 28608
1549068449 33798
1549070470 33796
1549070642 33794
1549304275 28608
1549397856 28601
1549398083 28580
1549400827 28551
1549400950 28551
1549402807 33775
1549428299 33924
1549428427 33924
1549428502 33980
1549428570 34101
1549428608 34094
1549428741 34129
1549432411 34219
1549463555 34216
1549473866 34248
1549493413 34251
1549495850 34259
1549496772 34259
1549497213 34259
1549499010 34256
1549499230 34256
1549582620 34281
1549584726 34281
1549642808 34295
1549644398 34295
1549644899 34295
1549655788 34295
1549659876 34301
1549660340 34301
1549821980 34363
1549822421 34363
1549923141 34370
1549924214 34380
1549930043 34847
1550017734 34415
1550028494 34430
1550028507 34466
1550077027 34472
1550077060 34472
1550078301 34472
1550468837 34857
1550511333 34844
1550518805 34927
1550524412 34928
1550690175 40667
1550698166 34930
1550698183 34930
1550698605 34930
1550774712 34930
1550781561 34963
1550781593 40736
1550782410 40637
1550783376 40649
1550783472 40650
1550785288 40664
1550785632 34936
1550785726 34936
1550786266 40666
1550794478 40667
1550796236 40666
1550808875 49571
1550853269 44815
1550864162 49674
1550864879 49581
1550865072 49581
1550868994 49666
1551021888 50044
1551046445 50104
1551048156 218927
1551122434 50117
1551122800 50121
1551131973 50121
1551137275 50121
1551145517 50121
1551194302 218987
1551216319 50153
1551281919 50153
1551357984 50153
1551367849 50160
1551368247 50177
1551368454 50181
1551368596 50181
1551373471 50182
1551374646 50192
1551389050 50217
1551466865 50154
1551468164 50154
1551490846 50154
1551676915 50154
1551819954 50286
1551891067 50278
1551894158 50463
1551896118 50452
1551896359 50452
1551901466 50446
1551902382 50473
1551911259 51068
1551912214 51068
1551918289 51185
1551918368 51158
1551919013 51160
1551919050 51160
1551982607 50473
1551988169 51196
1551988190 51196
1551988683 51196
1551993181 51211
1551994160 51211
1552019846 186492
1552073528 49500
1552082082 49570
1552086797 186492
1552087163 186492
1552089339 186500
1552089484 186500
1552277921 186510
1552315918 186510
1552332282 186544
1552332982 186510
1552350872 193383
1552424368 186544
1552430473 193384
1552432807 193381
1552514240 193377
1552530617 193402
1552584063 193398
1552585833 193403
1552611115 193455
1552666257 193413
1552669627 193413
1552669642 193413
1552681327 193420
1552927268 193455
1552944966 193455
1552975274 193477
1553013571 193477
1553014060 193467
1553019844 193467
1553177766 193994
1553287911 193469
1553294372 193955
1553534419 193955
1553700871 193957
1553708587 193957
1553784656 195085
1553788601 195099
1553873329 195075
1553881362 195050
1553882197 195050
1553887735 196031
1553889891 196031
1553962953 196088
1553966713 196091
1554137959 196588
1554142729 196353
1554147865 201954
1554161307 196042
1554316339 196050
1554322488 196177
1554322514 196337
1554328220 201944
1554332350 201944
1554336258 204377
1554400906 201944
1554401469 201947
1554418710 287887
1554468040 204377
1554468820 204377
1554475902 204375
1554486891 204377
1554496983 216342
1554513442 204379
1554516273 204377
1554516287 204416
1554516295 216328
1554516309 216289
1554519354 216337
1554520413 216578
1554520610 216330
1554521060 216337
1554561778 216330
1554569531 216306
1554700632 216340
1554700797 216337
1554727953 216337
1554752894 216578
1554767029 216852
1554831614 218987
1554838800 218987
1554846954 215998
1554848216 218989
1554848723 218990
1554849796 218990
1554849870 218990
1554926655 218953
1554932669 218990
1555001851 218960
1555004647 218966
1555083204 289684
1555083972 218966
1555094642 220078
1555120762 219984
1555352668 219815
1555352805 219814
1555365596 219985
1555416335 220096
1555424435 220096
1555455126 220098
1555786108 220101
1555813366 220377
1555868942 220410
1555954649 220244
1555962302 220411
1555975960 220433
1555986424 220255
1555986609 220287
1556036467 220410
1556042257 220376
1556050009 220289
1556214188 220376
1556377691 220654
1556576800 220636
1556586494 220495
1556837803 220498
1556893553 220413
1557020401 220498
1557121528 220424
1557284621 220526
1557285537 220498
1557286796 276184
1557350828 220498
1557353902 220787
1557354838 220792
1557365081 275383
1557369196 275648
1557390839 275383
1557427149 275383
1557428793 275441
1557428816 275441
1557430521 275441
1557444234 283312
1557510951 290466
1557521980 417373
1557810760 287887
1557846080 283312
1558024990 283335
1558041772 283381
1558046326 287635
1558046351 287659
1558116333 283372
1558119340 285669
1558121088 283369
1558129812 283381
1558328007 283369
1558375891 285669
1558376284 285671
1558383909 285672
1558392635 285692
1558394227 285697
1558394456 285695
1558395924 285695
1558468864 283381
1558469116 285696
1558479077 283389
1558488835 285696
1558511543 289715
1558526834 285695
1558527386 285698
1558527393 285698
1558529070 285703
1558530112 285697
1558539861 283389
1558542983 285695
1558548262 285696
1558553832 285726
1558553849 285726
1558565036 285744
1558574944 285348
1558575116 285348
1558629085 285381
1558647089 285381
1558711107 285579
1558713780 285579
1558717398 286355
1558718285 285372
1558733855 285405
1558804343 286355
1558825491 289084
1558886447 289141
1558888585 289172
1558890565 289237
1558943468 286963
1558944231 288960
1558971081 289280
1559028436 288967
1559045706 288929
1559062561 289280
1559064598 288890
1559084952 289283
1559087343 288929
1559118525 288887
1559134644 289283
1559140115 288959
1559144483 288980
1559146563 289001
1559146567 288936
1559243671 288930
1559246423 288930
1559246434 288930
1559247064 288930
1559249649 288932
1559252127 288932
1559279647 288950
1559286874 288950
1559329377 288951
1559396463 288887
1559396851 288955
1559503834 288914
1559662035 288889
1559663031 288910
1559754849 288914
1559763615 288916
1559764188 289581
1559857451 289865
1559857917 289865
1559863070 289865
1559863180 289864
1559922790 289865
1560186654 289875
1560192209 289872
1560204186 277456
1560211866 289869
1560214609 289868
1560266457 289877
1560277941 289847
1560289937 290378
1560293513 289872
1560353897 290442
1560360333 290446
1560361116 290446
1560361968 290461
1560386262 290466
1560386768 290466
1560392125 290470
1560392144 290191
1560392388 290194
1560451776 295688
1560458391 294762
1560471200 290250
1560474586 294898
1560544445 295096
1560544821 295098
1560546525 295118
1560548505 290195
1560553591 290200
1560560805 295094
1560790472 290200
1560892803 295173
1560893045 295195
1560933514 295213
1560972780 295194
1560973306 295134
1560984257 295133
1560985563 295143
1561108963 295122
1561109304 295133
1561149760 295133
1561155431 295143
1561482727 295195
1561691544 295195
1562010342 295215
1562014144 295216
1562028422 295217
1562028453 295217
1562028524 295217
1562093067 277755
1562111346 298905
1562113595 277983
1562177886 295216
1562282114 295609
1562346534 295230
1562600869 295217
1562686495 295229
1562693328 295609
1562877722 275482
1562883654 275494
1562884756 275497
1562889514 277993
1562903119 277979
1562903131 277994
1562961827 278093
1562963897 278104
1562964998 278226
1562969271 278113
1563211103 278225
1563224303 278228
1563255210 278250
1563256016 278250
1563291608 279329
1563293254 279347
1563315852 273171
1563337862 275545
1563544372 279329
1563545893 275151
1563550657 275154
1563553347 279329
1563568113 274123
1563837687 273226
1563922731 275156
1563925242 275158
1563926032 275156
1563926047 275172
1563999272 275552
1564005764 275587
1564006440 275806
1564012709 275800
1564086070 275446
1564162891 275446
1564173448 275446
1564174157 277269
1564264457 277899
1564265729 277335
1564522570 277319
1564597731 277270
1564686085 276370
1564691595 277270
1564692237 276181
1564696190 277048
1564763848 277347
1564763863 277379
1564765345 277379
1564779154 277386
1564797844 277060
1564813041 277191
1564813092 277192
1564813126 277194
1564813381 277201
1564813666 274024
1564815485 274056
1564949527 276236
1565021801 274087
1565029841 276241
1565033530 276241
1565034527 276245
1565039406 418590
1565063856 274111
1565117666 274123
1565224021 277044
1565225473 274124
1565283847 274126
1565283905 277038
1565385740 277044
1565396825 277044
1565639441 277061
1565642900 277052
1565653124 277045
1565712128 276988
1565731960 277384
1565742484 418280
1565758873 277055
1565759063 277059
1565798922 417391
1565799090 418590
1565800259 417420
1565800663 277059
1565832807 417390
1565832981 417411
1565855084 418734
1565886017 417411
1565886422 417411
1565918927 417420
1565962062 418280
1565990985 417420
1565998005 417420
1566042377 418279
1566042533 418280
1566150042 418351
1566164692 418358
1566228507 418844
1566323078 418472
1566323677 418486
1566327506 418486
1566339382 418486
1566339931 418739
1566367743 418515
1566416600 418563
1566495557 418486
1566503291 418514
1566518195 418543
1566520237 418514
1566570309 418515
1566618137 418544
1566624218 421579
1566660471 418544
1566807230 418544
1566863343 418664
1566865369 418580
1566875414 418701
1566912178 418741
1566914173 418460
1566916492 418768
1566923014 419517
1566982383 418730
1567000347 418728
1567046990 420201
1567069679 420225
1567123053 420208
1567185672 419528
1567186007 419549
1567434402 421518
1567541169 419655
1567618014 419697
1567620015 419695
1567621856 419697
1567624694 420237
1567626216 420233
1567627203 420236
1567632659 420226
1567635354 420225
1567684007 420228
1567693385 421522
1567702889 422687
1567703179 420209
1567705232 420233
1567705250 420209
1567721455 422275
1567721659 423281
1567777926 421572
1567777955 421572
1567784108 421551
1567788346 421522
1567802458 421509
1567804143 421509
1567804526 421775
1567804543 421805
1568047037 421805
1568058048 421768
1568136341 422233
1568137005 422233
1568143255 423250
1568163199 423280
1568215658 423319
1568216062 423319
1568226717 423319
1568235250 423322
1568235590 423486
1568245140 423408
1568255001 423388
1568295997 423389
1568297614 423399
1568326504 432972
1568327234 433255
1568405759 500934
1568412016 433255
1568676015 433413
1568678051 433623
1568678156 433648
1568685329 433648
1568744840 435284
1568754333 435380
1568756173 433464
1568832268 438781
1568908974 433695
1568913066 433867
1568913083 433959
1568928767 433215
1569000492 432612
1569009434 431752
1569010777 435216
1569010790 435278
1569016777 437649
1569018733 435284
1569021040 437659
1569026624 437551
1569027621 437490
1569028356 437490
1569029028 437580
1569182017 437578
1569256945 438746
1569267277 437671
1569275395 437578
1569332577 477478
1569393099 438725
1569430855 438725
1569432530 438800
1569440587 438848
1569451858 438199
1569451903 438198
1569454046 438349
1569460895 438203
1569460978 438185
1569506354 438271
1569531623 438415
1569533983 440717
1569534044 438251
1569534114 441059
1569539425 440850
1569539584 440907
1569540923 441006
1569605712 441006
1569619240 440739
1569866751 441263
1569867012 441214
1569879208 441212
1569951805 440302
1569967077 440302
1569973707 441213
1570033557 441213
1570033619 441029
1570035123 477856
1570035804 441030
1570038881 441130
1570043175 440302
1570043647 440300
1570052718 440303
1570060865 440303
1570061784 440716
1570065121 440739
1570065207 440758
1570065828 442488
1570069536 477479
1570130065 442470
1570130119 442488
1570131516 476263
1570207593 477479
1570207730 442464
1570207914 502026
1570209916 476280
1570210912 442464
1570213099 476302
1570228934 476285
1570470632 477474
1570473319 477378
1570474982 477465
1570481364 477863
1570485653 477118
1570540226 477116
1570545010 477203
1570632800 476986
1570632961 476986
1570632977 476986
1570645412 490171
1570645976 477099
1570647559 477108
1570648098 477120
1570648292 477193
1570648681 477217
1570649567 477472
1570658022 488189
1570658118 488090
1570658146 488091
1570669480 488043
1570672086 488124
1570808500 488124
1570808527 488152
1570813553 488301
1570814028 488316
1570814776 488251
1570825064 485056
1570826952 488382
1570829112 487329
1571095336 479989
1571095367 479635
1571247182 479651
1571247683 479630
1571247945 479647
1571256854 479647
1571345059 485466
1571780392 479795
1571790142 479688
1571847614 485052
1571863477 485496
1571867340 485459
1571867384 485488
1571867941 485561
1571869085 485556
1571904467 485561
1571929152 485556
1571931743 485548
1571944837 489765
1571950223 490174
1571952483 485548
1572288860 485550
1572296324 485551
1572297271 485576
1572307871 490189
1572308306 490409
1572377262 490465
1572421043 490465
1572421114 490465
1572449958 490509
1572592423 489051
1572592469 489150
1572597207 489167
1572662961 489040
1572714312 489040
1572854575 488480
1572974991 489040
1573323288 488881
1573324479 489038
1573330931 490504
1573333091 489051
1573338910 488463
1573338983 490501
1573609607 488661
1573609706 488677
1573614757 488677
1573680384 488463
1573783402 488384
1573784212 488396
1573797175 488411
1573856223 485336
1573856742 485153
1574097602 485155
1574109945 485105
1574112842 485097
1574121238 485245
1574169857 485173
1574171332 485173
1574203253 485212
1574203918 485203
1574286899 485197
1574287625 485186
1574289667 485190
1574300279 485097
1574312043 485104
1574322494 485104
1574329865 489276
1574384272 489588
1574387684 489579
1574388052 489578
1574388437 489564
1574388669 489564
1574437522 490154
1574446512 489685
1574446537 489730
1574447911 489777
1574562659 489778
1574702522 489778
1574705996 489907
1574727568 489923
1574732111 489907
1574739667 489908
1574765133 489907
1574790677 489924
1574794103 489914
1574795626 489901
1574795676 489522
1574799370 489536
1574803109 489536
1574810044 489551
1574814432 489557
1574814548 489577
1574815608 489263
1574816547 489282
1574894839 489289
1575169182 489281
1575314611 489004
1575479313 489102
1575496239 489175
1575496600 489181
1575499939 489193
1575499952 489204
1575501095 489204
1575578496 489213
1575578520 489213
1575578594 489213
1575578730 489213
1575581047 489208
1575582297 489208
1575582459 489254
1575646588 489196
1575652238 489248
1575659690 489265
1575903900 489250
1575936552 501695
1575998084 489860
1576000472 488625
1576020016 488704
1576020157 488714
1576020760 488729
1576021698 488741
1576256207 488732
1576265638 488725
1576272721 488715
1576353904 488722
1576510065 489705
1576510657 489716
1576518180 489716
1576543081 500520
1576552216 489800
1576552379 489803
1576565928 489908
1576570378 489743
1576575093 489755
1576592691 489837
1576594008 489908
1576594016 489908
1576594929 489839
1576626527 489755
1576628629 489744
1576683751 490417
1576683797 490417
1576704466 490353
1576733506 490434
1576736464 490348
1576737873 490348
1576774843 490349
1576793845 490372
1576799871 490373
1576802268 490604
1576805250 490384
1576809660 490394
1576818868 490384
1576820823 490474
1576851217 490575
1576851279 490694
1576854501 490713
1576864035 490725
1576895708 490727
1576896792 490727
1576901791 500567
1577202711 490530
1577320159 491961
1577320226 491961
1577337979 500216
1577568085 490535
1577580334 490530
1577688848 499947
1577698552 490738
1577731988 490612
1577737978 498329
1577737989 498419
1577751493 490611
1577751572 490612
1577751663 490614
1577753102 490628
1577753370 490649
1578014962 490742
1578014977 490758
1578016099 490758
1578049158 490758
1578054058 490820
1578055187 494223
1578058829 495921
1578070598 490850
1578096951 491886
1578101111 490862
1578101143 490879
1578349313 495661
1578360115 491757
1578439987 491705
1578503998 491705
1578627895 491743
1578698368 491848
1578698507 491903
1578773722 491903
1578810995 501275
1578863619 491929
1578863628 491947
1579029638 491963
1579029732 491963
1579041745 491978
1579042594 491994
1579052594 491984
1579072304 501324
1579147775 488603
1579281757 487353
1579303052 488604
1579305901 500214
1579540755 488604
1579623035 487355
1579627880 487329
1579716176 488605
1579730480 487329
1579735148 487329
1579736554 487353
1579893749 487355
1579895592 487371
1579896983 487371
1579904268 487371
1580256684 489087
1580256706 489097
1580263706 489192
1580327806 489131
1580329860 489140
1580329907 489150
1580329984 489185
1580330194 489192
1580339500 499960
1580366531 489160
1580366711 489172
1580367926 489172
1580407447 489203
1580420692 499981
1580443871 500221
1580448978 500221
1580449110 500242
1580450386 500242
1580451406 500300
1580451674 500304
1580456985 499726
1580480180 500242
1580511255 500282
1580511649 500300
1580512458 500291
1580513097 500291
1580513160 500291
1580848309 500295
1580861519 500405
1580862182 500468
1580862738 499367
1580883247 500355
1580921798 500363
1580923074 499500
1580927765 499369
1580932401 499369
1580935450 499423
1580935515 499419
1580949492 499481
1581006072 499481
1581107065 499505
1581107376 499524
1581107843 499495
1581112920 499659
1581112937 499673
1581112958 499696
1581246287 499495
1581349183 499496
1581358617 499491
1581362315 499496
1581373688 500167
1581443582 499619
1581445618 499628
1581458816 499628
1581463329 499629
1581469709 499629
1581593944 499724
1581607616 499757
1581672095 499795
1582052456 499774
1582069192 499774
1582069225 499774
1582116785 499795
1582129206 499795
1582241939 500170
1582283171 499801
1582474900 552231
1582676631 499795
1582878160 500170
1582878177 500170
1582910478 500170
1583107817 500170
1583164215 500256
1583165372 500183
1583176259 500201
1583176320 500213
1583193504 500280
1583193556 500312
1583194323 500518
1583238031 500518
1583385104 500519
1583435951 500519
1583492595 500624
1583530563 493834
1583535608 500631
1583536290 500639
1583537510 500639
1583937815 500639
1583995222 501716
1584473424 500639
1584550789 500659
1584658000 500659
1584718881 552219
1584892103 500625
1584892116 492645
1584905680 492649
1584906907 493844
1584925385 493835
1584954038 493835
1585066229 493844
1585092141 494353
1585095383 494743
1585176459 494393
1585176769 494353
1585182982 494339
1585187749 494583
1585195065 494874
1585195127 494874
1585195173 495328
1585195232 495330
1585233954 494577
1585234130 494542
1585235123 494576
1585235955 494592
1585240744 494230
1585254663 494198
1585254731 494198
1585266200 494233
1585269171 494235
1585270095 494251
1585281935 494370
1585283008 495350
1585291271 494379
1585323704 496677
1585326454 495118
1585328169 495190
1585329525 494420
1585340071 494379
1585349260 496002
1585349787 495184
1585351497 495180
1585376678 495258
1585411596 496463
1585411645 496492
1585412359 496498
1585412367 496552
1585497452 496552
1585498340 496559
1585515044 496711
1585609568 496705
1585612353 497085
1585621781 496752
1585622884 496561
1585623255 496562
1585764380 497091
1585768047 497112
1585772061 497105
1585856711 497105
1585867691 497125
1585868302 497105
1585868318 497114
1585932180 498205
1585945200 498502
1585973066 498332
1585973176 498329
1585991539 498523
1586164014 498527
1586199529 500418
1586204648 498303
1586205759 501413
1586207331 501423
1586210013 501443
1586210886 501444
1586210948 498420
1586214777 498468
1586219886 498420
1586227786 498452
1586282798 498458
1586387629 498457
1586395858 498458
1586396921 498058
1586397451 498523
1586398526 500418
1586411229 500377
1586452138 499974
1586470938 499974
1586470996 499974
1586479646 500339
1586483862 500339
1586539244 500417
1586544961 500418
1586569408 500417
1586583201 500524
1586584075 500506
1586584950 500559
1586585501 500559
1586618340 500427
1586618738 500432
1586618862 500461
1586619402 500468
1586619927 500466
1586710502 500591
1586790779 500754
1586896126 500591
1586905590 500591
1586963406 500562
1587053940 500630
1587053945 500630
1587081370 500630
1587132199 500630
1587157702 500634
1587525066 500649
1587586584 500934
1587812890 554802
1587814174 554845
1587818154 554846
1588025750 500934
1588139101 554839
1588140086 554838
1588153075 554835
1588170703 500990
1588173340 501027
1588193284 501066
1588223597 500934
1588540182 500808
1588554123 500775
1588567156 500743
1588570800 500722
1588603892 501393
1588604678 500719
1588604730 500690
1588618339 500671
1588665069 500767
1588689163 500934
1588738125 500860
1588741588 501461
1588742953 500795
1588862384 500937
1588976158 500795
1589140281 501049
1589270423 500795
1589349023 500795
1589861150 501532
1589944418 500795
1590015500 501049
1590327083 501049
1590430677 501049
1590430726 501049
1590430837 501493
1590455020 501387
1590538777 501532
1590555560 501458
1590566401 530571
1590585572 501529
1590592718 501445
1590593186 501529
1590614934 501333
1590621435 501370
1590693826 501370
1590701717 501337
1590709942 501308
1590722236 501255
1590779263 501257
1590956049 510228
1591132532 501891
1591137054 501255
1591150656 501255
1591192361 501255
1591228942 501308
1591301972 501308
1591390183 522349
1591391081 501536
1591399098 501318
1591411648 501419
1591540854 501295
1591556847 501333
1591561836 501278
1591635822 501278
1591641106 501278
1591794175 501342
1591795657 501375
1591991510 501724
1591991511 501724
1592012533 501444
1592013278 501366
1592013442 501238
1592017494 501428
1592078929 501730
1592321020 501546
1592835519 501724
1592955473 502032
1593069367 499650
1593070181 499540
1593085863 534162
1593202059 499641
1593465348 500102
1593484025 499650
1593545242 510215
1593554018 499704
1593618572 499704
1593624656 499767
1593656559 500289
1593669895 499767
1593684597 500070
1593765517 499709
1593910235 500292
1593965728 500199
1593979443 500279
1594008150 510246
1594050048 510282
1594075426 510228
1594075620 510250
1594077938 510338
1594316747 522340
1594353274 522349
1594355242 522353
1594372045 522416
1594418030 522410
1594418666 533792
1594418956 533883
1594421196 533991
1594424352 534001
1594425111 534023
1594469931 522417
1594491024 522471
1594498285 522486
1594513261 522501
1594651591 522408
1594674835 533967
1594736260 522415
1594738808 522449
1594738964 522449
1594850899 533968
1594873208 534056
1594875369 534090
1594881951 534090
1594883597 534106
1594913672 534149
1594925687 534098
1594928487 534102
1594943850 534170
1594947374 534180
1594947634 534564
1594947758 534594
1594948502 534510
1594999221 534510
1595023729 534640
1595179272 535020
1595179644 535024
1595181112 535028
1595194432 535010
1595215312 534648
1595266719 534616
1595278523 535045
1595278636 535060
1595279377 535060
1595351831 535060
1595382662 535869
1595428049 535093
1595505935 535913
1595516006 535913
1595516653 535936
1595557411 535945
1595559919 535945
1595564940 535945
1595565777 535947
1595788181 535947
1595864484 536088
1596042866 536193
1596120965 536078
1596166532 536088
1596219581 537627
1596338585 537733
1596906838 537631
1596909405 537631
1597072391 537632
1597072414 537644
1597073575 537747
1597158749 537729
1597267233 552865
1597320145 537763
1597338155 537763
1597345891 551219
1597359335 537729
1597550220 537763
1597612087 537740
1597695567 537773
1597700744 537796
1597757779 538664
1597790908 538678
1597791028 538678
1597791050 538695
1597800006 538695
1598020613 554363
1598184108 570720
1598308028 538747
1598310048 538802
1598472263 551261
1598485523 551263
1598489025 551260
1598540202 551260
1598540868 551261
1598552632 551583
1598559732 551261
1598649181 551970
1598806212 552044
1598884219 552099
1598886010 551978
1598895623 552103
1598906700 552245
1598906876 552106
1598924145 552858
1599226466 552245
1599264091 552615
1599309162 552250
1599441456 552632
1599442562 552632
1599442632 552656
1599442643 552656
1599511421 552658
1599513244 552657
1599521067 552839
1599573929 568059
1599611763 552848
1599611955 552859
1599628054 552648
1599654309 552855
1599670694 552860
1599700242 552861
1599743807 553469
1599749451 552957
1599756932 553348
1599756951 553366
1599757956 553366
1599833492 553367
1599935560 553475
1600019843 553469
1600350966 570724
1600355167 553463
1600376756 554398
1600641518 553479
1600698329 554283
1600809439 568707
1601068099 554428
1602009888 554649
1602020063 571330
1602084920 554697
1602085015 554670
1602085132 554688
1602132447 554679
1602170594 554683
1602238813 554683
1602772562 554627
1602773064 554697
1602862840 554652
1602955117 554850
1602965951 551734
1602967355 570720
1602967693 551987
1602967760 552007
1602968988 552007
1602970488 570673
1602970747 570683
1603024474 570862
1603031578 570673
1603033994 552589
1603040290 570683
1603152721 570718
1603246505 570735
1603246588 570736
1603283677 570724
1603517968 570923
1603775634 570851
1603839642 571329
1603938248 570922
1604072685 571231
1604381292 570850
1604794179 570923
1604838271 570922
1604839437 570923
1604915669 570921
1604969691 571206
1605030990 571351
1605034542 571319
1605120046 568707
1605304222 568873
1605545067 568739
1605654169 568836
1606210363 568906
1606226007 568873
1606258308 568900
1606258844 568873
1606262237 568898
1606279989 568898
1606280000 568898
1606310998 568904
1606337841 568885
1606421091 568039
1606512094 568866
1606754908 568072
1606757317 568921
1606761940 568907
1606875014 568039
1607026222 568881
1607181276 568881
1607393403 568881
1607453434 568072
1607454436 568734
1607524327 568726
1607665976 568739
1607666573 568741
1607667112 568848
1607667438 568780
1607667865 568846
1607669359 568879
1607670041 568877
1607712756 568844
1607714994 569315
1607715170 569469
1607904147 569404
1607980737 569431
1608138071 568726
1608143552 568761
1608158980 568761
1608160738 568958
1608160775 568960
1608302102 568967
1608302706 568988
1608304909 568988
1608308309 569352
1608308382 569369
1608537657 568567
1608592938 569399
1608662030 569398
1608669949 568567
1608678356 568356
1608678746 568446
1608681486 568446
1608838794 568447
1608880590 568448
1609854790 568446
1609861960 568448
1609880620 568449
1609978572 568451
1610094396 569731
1610379716 568454
1610496150 568593
1610977244 568454
1610977388 568455
1611115358 568643
1611157780 568456
1611175338 568454
1611406320 568455
1611433444 568455
1611438690 568454
1611444043 571183
1611516699 568592
1611522586 568662
1611528312 568671
1611613675 568667
1611629826 568694
1611943809 568789
1611945779 568785
1612026925 568927
1612031502 569354
1612165282 569387
1612184321 569458
1612219681 569445
1612230263 569414
1612230355 569440
1612231624 569440
1612232125 569751
1612232967 569843
1612387188 569448
1612389008 569458
1612456229 572258
1612540822 569458
1612806456 569731
1612809665 569731
1612969704 569731
1613033508 569844
1613060595 569751
1613115549 571478
1613140376 571183
1613175120 572178
1613175288 572201
1613176851 572157
1613493877 572258
1613530828 572246
1613561348 572197
1613563187 572258
1613597408 572259
1613655553 572303
1613661329 572408
1613686763 572286
1613745058 572286
1613745349 572361
1613933025 572408
1614013406 572458
1614036587 572450
1614109690 572706
1614109716 572726
1614111265 572726
1614125922 572727
1614471325 572727
1614782928 572729
1614826497 572729
1614865736 572649
1614951938 572649
1614986820 572704
1614986862 572707
1614990562 572627
1614992482 572554
1615040373 572616
1615060766 572618
1615173597 572683
1615173629 572701
1615175253 572974
1615294206 572974
1615407826 572974
1615500155 572974
1615564565 587940
1615725897 572982
1615725995 572982
1615857256 572974
1615879829 657596
1615908910 573027
1615912967 573029
1615966536 573063
1615996314 573107
1616074554 573254
1616451701 573250
1616465237 573250
1616469374 573250
1616521332 577082
1616617772 576982
1616619912 576984
1616634942 576844
1616634971 576864
1616637754 576864
1616797570 576864
1617132096 576866
1617133669 576868
1617137584 576869
1617137630 576870
1617651691 576918
1617652429 576918
1617736360 576953
1617736420 576953
1617736855 577057
1617737678 577124
1617738157 577119
1617755493 577235
1617803716 577238
1617803764 577262
1617810224 577272
1617810628 577550
1617841900 577592
1617841956 644951
1617843750 644961
1617889976 645075
1617893424 645078
1617917231 645206
1617917294 645206
1617919439 645256
1618058070 645207
1618329432 657668
1618374522 657852
1618422851 658383
1618422899 658401
1618424253 658401
1618509705 658401
1618509743 658401
1618788825 658423
1618790408 658591
1618866470 658702
1618873580 658709
1618874474 658608
1618874581 658632
1618876554 658636
1618878094 658570
1618879134 658570
1618923426 658576
1619034809 658550
1619114051 658561
1619115743 658567
1619117262 658685
1619118898 658702
1619128603 656408
1619292964 656404
1619359614 656410
1619359866 656410
1619359884 656414
1619359908 656414
1619540097 656414
1619540254 656417
1619546175 657854
1619564869 658052
1619566296 658114
1619651764 657935
1619652553 660831
1619652891 660845
1619654380 660845
1619705986 660845
1619707060 660943
1619716709 660960
1619922114 660960
1620155843 660961
1620164422 658437
1620164679 658667
1620217061 658673
1620230332 658673
1620417538 658674
1620422944 658674
1620423415 658675
1620424318 658680
1620424348 658680
1620647847 658784
1620673022 658816
1620760502 658832
1620761375 658807
1620761711 658818
1620765035 658887
1620765483 658912
1620765576 658935
1620779040 661175
1620793256 661181
1620935829 593847
1620937437 593909
1621001178 661181
1621258504 593844
1621275088 586701
1621276998 593843
1621280946 593845
1621283232 593847
1621311286 593847
1621312211 587183
1621313342 587352
1621346905 593840
1621458083 593909
1621468327 593905
1621482293 593911
1621518072 593917
1621879052 593917
1621885186 593917
1621958349 593917
1621958374 593917
1621958398 593917
1621963031 583726
1621976053 593919
1621979385 594103
1621979413 594103
1621979603 594151
1621979633 594151
1621980349 594176
1621980719 594180
1621981257 594228
1621981323 594247
1621982550 594247
1622039670 580375
1622049883 594253
1622051892 594272
1622053369 594272
1622072517 594288
1622121089 594280
1622222871 594289
1622224685 594281
1622232730 581377
1622232805 581267
1622240710 581876
1622240832 581888
1622242367 581372
1622242671 581376
1622242972 581433
1622474381 581376
1622480403 581378
1622482297 581270
1622597369 581417
1622630538 581359
1622631835 580375
1622633393 581444
1622648772 581435
1622682115 580393
1622715187 581883
1622728208 580392
1622748186 580378
1622812024 581444
1622988194 580395
1622998467 580395
1623073732 580397
1623079862 581716
1623099322 585438
1623105795 581888
1623124335 580447
1623127893 580464
1623144230 583748
1623144754 580475
1623145702 580468
1623174976 583748
1623199114 583747
1623201631 583748
1623246136 583885
1623246274 583909
1623247342 583909
1623310650 583909
1623312736 583915
1623377455 583987
1623392295 583926
1623423576 584117
1623441202 584002
1623515477 584118
1623810109 583932
1623836584 588231
1624305933 585272
1624308831 583962
1624316124 583999
1624332246 583771
1624383480 584011
1624383548 584017
1624399032 583888
1624416492 585140
1624501150 585147
1624758383 585155
1624821900 585335
1624833323 584033
1624834465 583779
1624840159 585285
1624841072 585236
1625036272 584036
1625084741 585235
1625096607 585237
1625150849 585236
1625162792 583839
1625191785 585255
1625238957 583857
1625248492 585309
1625252541 585377
1625255751 585422
1625796619 585722
1626122305 585723
1626325734 585703
1626439014 585730
1626465774 585425
1626479784 585430
1626480674 585450
1626804297 585475
1626880568 585703
1627133544 585703
1627312892 585703
1627313289 585703
1627344266 585746
1627345749 585749
1627346161 585749
1627651382 585749
1627681400 585749
1627745823 585749
1627746599 588516
1627767653 588231
1627934572 587406
1627950605 585755
1628704945 587482
1628724443 587940
1628725913 587441
1628770545 587451
1628774484 588634
1628784442 587406
1628784793 587516
1628799793 587534
1628800401 588508
1628810092 587940
1628813732 588628
1628814585 588628
1628819675 588648
1628820584 586458
1628822465 586457
1629227053 586406
1629231564 586407
1629245674 586415
1629316539 586717
1629322644 586717
1629345919 586717
1629392814 586717
1629395499 586997
1629400435 587011
1629401441 587011
1629401797 587011
1629403592 560259
1629457309 587118
1629601483 587118
1629615051 587073
1629678261 587108
1629837211 587120
1629837775 587120
1629906984 587128
1629943512 587128
1629980032 587169
1630393654 587169
1630445698 586599
1630501658 587183
1630502054 587183
1630757723 588010
1630861527 587183
1631000421 587352
1631026683 587352
1631068155 587885
1631068289 587885
1631068378 587893
1631199627 587918
1631229270 564803
1631237481 586605
1631237747 586613
1631239771 586605
1631242305 586617
1631242961 586632
1631244329 588777
1631251250 588920
1631332658 589222
1631397864 588924
1631404081 589142
1631491281 588932
1631539502 588932
1631670858 588942
1631684261 589031
1631728628 589129
1631732303 589112
1631761762 589112
1631782114 589143
1631791760 589143
1631814371 589136
1631897627 589147
1631902396 589163
1631902830 589181
1631903783 587199
1632196157 587222
1632401825 587230
1632403912 587230
1632434663 587230
1632435394 587244
1632436269 587244
1632771708 587287
1632771977 587287
1632772181 587332
1632781327 587386
1632782823 587386
1632839530 587413
1632849629 587517
1632850133 587535
1632850813 587535
1632860750 587918
1632923519 587918
1632923543 587925
1632923780 587861
1633129425 587866
1633129650 587884
1633129768 587946
1633129830 587946
1633395952 587941
1633531749 587941
1633559745 587942
1633830968 587950
1633920922 588120
1633990467 588137
1633991156 588137
1633992911 588141
1633993136 585969
1634052909 586212
1634055727 585969
1634091268 586234
1634091310 586234
1634263907 586241
1634350507 586241
1634436647 586243
1634441029 586231
1634504046 586244
1634523575 586244
1634525535 586179
1634698221 574589
1634782860 574597
1634827970 574600
1635041426 574600
1635171850 574599
1635191907 574599
1635223927 574732
1635281239 565005
1635295802 569980
1635301594 565013
1635432338 565031
1635440283 565052
1635444773 565141
1635519752 565141
1635620156 565136
1635729378 565153
1635738013 565153
1635792259 565151
1635793300 570050
1635959427 569707
1635986577 565161
1635999565 565168
1636038623 564973
1636060338 564354
1636063233 564375
1636103895 564376
1636131256 564389
1636343710 564397
1636522318 564397
1636651058 564439
1636653433 564521
1636657265 564439
1636657686 564485
1636661014 564528
1637175636 564769
1637189579 564528
1637267964 564535
1637330193 564535
1637332231 564535
1637332284 564548
1637553090 564548
1637618894 564548
1637619093 564598
1637619353 564598
1637745371 564659
1637864846 564676
1638457413 564672
1638457444 564687
1638457562 564760
1638457597 564760
1638458223 564760
1638486322 564995
1638492559 564769
1638501545 565087
1638718089 565087
1638718122 565087
1638718164 565119
1638906482 565188
1638936898 565188
1639078829 565188
1639085741 564750
1639088571 564766
1639105343 564990
1639154092 564976
1639158866 564985
1639420913 565415
1639515783 565115
1639591958 565227
1639615283 565087
1639615335 565230
1639615426 565230
1639615454 565230
1639618465 565325
1639622240 565324
1639707676 565331
1640197920 565452
1640213980 565451
1640218654 565477
1640218660 565477
1640218666 565477
1640218673 565478
1640278035 565417
1640280989 565459
1640282610 564940
1640285240 565459
1640287786 560342
1640292635 565460
1640292745 565458
1640323695 564571
1640654201 564579
1640878534 564584
1641242267 564622
1641320743 564955
1641432711 564975
1641442146 565090
1641487391 564579
1641502667 565096
1641573401 565090
1641682384 565127
1641682814 565090
1641682838 565548
1641746443 565557
1641747492 565124
1641747712 565098
1641748425 564912
1641748454 564973
1641748510 565125
1641748529 565112
1641771549 565548
1641839154 565571
1641842075 564997
1641874005 564815
1641883171 564847
1641886110 564892
1641892461 564847
1641892683 564846
1641899093 565112
1641908608 564853
1641910003 559539
1641924104 564860
1641929276 559749
1641930445 564806
1641949071 564868
1641953010 564868
1641962178 560263
1641962596 560426
1642093189 560250
1642105692 559531
1642109528 559585
1642176399 559668
1642176822 559765
1642177656 559693
1642194215 559694
1642194245 559698
1642204123 559699
1642204234 559396
1642278829 559712
1642279907 559325
1642280052 559326
1642280290 559568
1642281810 559712
1642384617 559371
1642447866 559378
1642448631 559390
1642449069 559390
1642465765 559395
1642477622 559422
1642477662 559424
1642706501 559395
1642707607 559432
1642708166 559432
1642709306 559432
1642709322 559443
1642709874 559443
1642795111 559447
1642804320 559443
1642904109 559447
1642906075 559477
1642969782 559510
1642987446 559510
1643033254 559520
1643033871 559520
1643205706 559526
1643205733 559526
1643211545 559576
1643287831 559577
1643292578 559634
1643323396 560570
1643323427 560576
1643325280 559646
1643327650 559646
1643331846 559650
1643376791 559760
1643642765 559783
1643647076 559671
1643697919 559650
1643730901 559651
1643826145 559671
1643826165 559685
1643826299 559685
1643830789 559786
1643833243 559803
1644081586 559803
1644286161 559803
1644692689 559853
1644697639 559884
1644697949 559803
1644714350 559900
1644718021 559930
1644751902 559937
1644866119 559974
1645137469 560054
1645496110 560062
1645496181 560062
1645633709 560070
1645650093 560117
1645715969 560125
1645809761 560132
1645884724 560171
1646094955 560185
1646095426 560188
1646137594 560189
1646142594 560200
1646149708 560219
1646150175 560219
1646163643 560251
1646172645 560282
1646232535 560282
1646432778 560282
1646492590 560289
1646750214 560385
1646762088 560385
1646957089 560385
1646957136 560388
1646958156 560396
1647371558 560397
1647437243 560405
1647438465 560405
1647609460 560443
1647712741 560444
1647787584 560446
1647793344 560446
1647794627 560465
1647795703 560465
1648143758 560473
1648158644 560528
1648588672 560529
1648588755 560538
1648588935 560548
1648589663 560548
1648694528 560576
1648741172 560576
1648798423 560662
1648828197 560662
1648828215 560662
1648953669 560662
1649226831 560935
1649226908 560935
1649226962 560952
1649227337 560952
1649363216 560959
1649377240 560960
1649460803 561022
1649686459 561050
1649893243 561050
1649895474 561049
1649945155 561057
1649945184 561057
1649952561 561059
1650293191 561059
1650294441 561077
1650306195 561157
1650501855 561157
1650502126 561658
1650502225 561663
1650635882 561664
1650912221 561664
1650912242 561664
1650912266 561664
1650913128 561677
1650914181 561677
1651101875 561696
1651110750 561695
1651164515 561695
1651185239 561702
1651194400 561714
1651194892 561728
1651195516 561728
1651374939 561743
1651446956 561746
1651509177 561793
1651613145 561796
1651615759 561803
1652284651 561806
1652315337 561803
1652368630 561803
1652369683 561818
1652502940 561819
1652818766 561825
1652837019 561845
1652844262 561845
1652847427 561860
1652902782 561860
1653685088 561860
1654108711 561860
1654721226 561861
1654721251 561885
1654780798 561886
1654792846 561758
1654895971 561444
1655684498 561444
1655836840 561448
1655917838 561448
1655933946 561440
1656024614 561551
1656106431 561562
1656106926 560942
1656524454 560906
1656632158 560907
1656892353 560925
1656930150 562774
1657273166 560956
1657273277 560956
1657493350 560966
1657493708 562293
1658779117 562361
1658849885 562365
1658962788 562381
1658962827 562381
1659155123 562380
1659320757 562391
1659321152 561064
1659380313 561064
1659543674 561064
1659631486 561071
1660394566 561091
1660692108 561097
1661222873 561129
1661442435 561125
1661791367 561125
1661869637 561141
1661882502 562781
1661882545 562756
1662738564 561146
1662769545 561156
1662769975 562483
1664239193 562483
1664239219 562501
1664239296 562528
1664239318 562559
1664248756 562565
1664250235 562763
1664251780 562791
1664252720 562791
1664261662 562782
1664301499 562805
1664398791 562804
1664424144 562790
1664511139 562790
1665071018 562782
1665083886 562849
1665089167 562864
1665089682 561537
1665408581 561561
1665417697 561563
1665589481 561564
1665633505 561572
1665774728 561573
1666065812 561581
1666237428 561573
1666652224 561592
1666754876 561589
1666823447 561596
1666823988 561587
1667531994 561617
1667617702 561617
1667847523 561584
1667849671 561626
1667921403 561626
1669035750 561584
1669241086 561589
1669257636 561589
1669518780 561599
1669519372 561599
1669603440 561599
1670121039 561599
1670266275 561611
1670546084 561620
1670548236 561620
1670794000 561492
1670882324 561629
1670985390 561507
1672766725 561519
1672972337 561527
1675100210 561527
1675435875 561527
1676584576 561531
1676591708 561546
1676592087 562865
1677099033 562880
1677258517 562889
1677292584 562928
1677361111 562928
1678243257 562936
1679937273 562938
1680278880 538694
1680293526 537126
1680294231 533872
1680300851 538685
1680305718 528808
1680306526 527269
1680307554 522378
1680310845 487591
1680338420 452400
1680397403 452392
1680399642 452549
1680399837 402335
1680451692 452513
1680547790 401441
1680637531 400900
1680637906 400321
1680720900 400229
1680815491 400264
1681174738 400264
1681247617 400262
1681315068 11311
1681330556 11288
1681330933 11253
1681331386 11195
1681332451 11195
1681332847 11208
1681333192 11223
1681334701 11229
1681358292 11245
1681399308 11253
1681437110 11194
1681922953 11242
1681925546 11354
1686365182 11354
1688668138 11410
