1512895959 0 0 1 0 0 0 0 0 0 0 0 0 0 0 0 0 0 0 0 0
1512896161 0 0 2 0 0 0 0 0 0 0 0 0 0 0 0 0 0 0 0 0
1512896228 0 0 3 0 0 0 0 0 0 0 0 0 0 0 0 0 0 0 0 0
1512896396 0 0 4 0 0 0 0 0 0 0 0 0 0 0 0 0 0 0 0 0
1512916655 0 0 5 0 0 0 0 0 0 0 0 0 0 0 0 0 0 0 0 0
1512916755 0 0 6 0 0 0 0 0 0 0 0 0 0 0 0 0 0 0 0 0
1512916926 0 0 7 0 0 0 0 0 0 0 0 0 0 0 0 0 0 0 0 0
1512917242 0 0 8 0 0 0 0 0 0 0 0 0 0 0 0 0 0 0 0 0
1512917330 0 0 9 0 0 0 0 0 0 0 0 0 0 0 0 0 0 0 0 0
1512920451 0 0 10 0 0 0 0 0 0 0 0 0 0 0 0 0 0 0 0 0
1512923706 0 0 11 0 0 0 0 0 0 0 0 0 0 0 0 0 0 0 0 0
1512925514 0 0 12 0 0 0 0 0 0 0 0 0 0 0 0 0 0 0 0 0
1512930522 0 0 13 0 0 0 0 0 0 0 0 0 0 0 0 0 0 0 0 0
1512930569 0 0 14 0 0 0 0 0 0 0 0 0 0 0 0 0 0 0 0 0
1512988280 0 0 15 0 0 0 0 0 0 0 0 0 0 0 0 0 0 0 0 0
1512990741 0 0 17 0 0 0 0 0 0 0 0 0 0 0 0 0 0 0 0 0
1513014557 0 0 18 0 0 0 0 0 0 0 0 0 0 0 0 0 0 0 0 0
1513291008 0 0 19 0 0 0 0 0 0 0 0 0 0 0 0 0 0 0 0 0
1513291153 0 0 20 0 0 0 0 0 0 0 0 0 0 0 0 0 0 0 0 0
1513292259 0 0 21 0 0 0 0 0 0 0 0 0 0 0 0 0 0 0 0 0
1513293064 0 0 22 0 0 0 0 0 0 0 0 0 0 0 0 0 0 0 0 0
1513340272 0 0 22 0 0 0 0 0 0 0 0 0 0 0 0 0 0 0 0 0
1513514359 0 0 23 0 0 0 0 0 0 0 0 0 0 0 0 0 0 0 0 0
1513514446 0 0 24 0 0 0 0 0 0 0 0 0 0 0 0 0 0 0 0 0
1514300483 0 0 24 0 0 0 0 0 0 0 0 0 0 0 0 0 0 0 0 0
1514327759 0 0 25 0 0 0 0 0 0 0 0 0 0 0 0 0 0 0 0 0
1514330218 0 0 26 0 0 0 0 0 0 0 0 0 0 0 0 0 0 0 0 0
1514330307 0 0 27 0 0 0 0 0 0 0 0 0 0 0 0 0 0 0 0 0
1514330643 0 0 28 0 0 0 0 0 0 0 0 0 0 0 0 0 0 0 0 0
1514330748 0 0 29 0 0 0 0 0 0 0 0 0 0 0 0 0 0 0 0 0
1514333117 0 0 30 0 0 0 0 0 0 0 0 0 0 0 0 0 0 0 0 0
1516322040 0 0 30 0 0 0 0 0 0 0 0 0 0 0 0 0 0 0 0 0
1516361693 0 0 31 0 0 0 0 0 0 0 0 0 0 0 0 0 0 0 0 0
1519218851 0 0 32 0 0 0 0 0 0 0 0 0 0 0 0 0 0 0 0 0
1520714832 0 0 33 0 0 0 0 0 0 0 0 0 0 0 0 0 0 0 0 0
1520714858 0 0 34 0 0 0 0 0 0 0 0 0 0 0 0 0 0 0 0 0
1521320322 0 0 35 0 0 0 0 0 0 0 0 0 0 0 0 0 0 0 0 0
1521371180 0 0 36 0 0 0 0 0 0 0 0 0 0 0 0 0 0 0 0 0
1521371274 0 0 37 0 0 0 0 0 0 0 0 0 0 0 0 0 0 0 0 0
1525086046 0 0 37 0 0 0 0 0 0 0 0 0 0 0 0 0 0 0 0 0
1525087614 0 0 38 0 0 0 0 0 0 0 0 0 0 0 0 0 0 0 0 0
1529230176 0 0 39 0 0 0 0 0 0 0 1 0 0 0 0 0 0 0 0 0
1529236128 0 0 40 0 0 0 0 0 0 0 1 0 0 0 0 0 0 0 0 0
1529237702 0 0 41 0 0 0 0 0 0 0 1 0 0 0 0 0 0 0 0 0
1529237972 0 0 42 0 0 0 0 0 0 0 1 0 0 0 0 0 0 0 0 0
1530352944 0 0 42 0 0 0 0 0 0 0 1 0 0 0 0 0 0 0 0 0
1530392190 0 0 44 0 0 0 0 0 0 0 1 0 0 0 0 0 0 0 0 0
1530392649 0 0 45 0 0 0 0 0 0 0 1 0 0 0 0 0 0 0 0 0
1530543462 0 0 45 0 0 0 0 0 0 0 1 0 0 0 0 0 0 0 1 0
1530565214 0 0 45 0 0 0 0 0 0 0 1 0 0 0 0 0 0 0 2 0
1530565291 0 0 46 0 0 0 0 0 0 0 1 0 0 0 0 0 0 0 2 0
1532337243 0 0 46 0 0 0 0 0 0 0 1 0 1 0 0 0 0 0 2 0
1532378523 0 0 47 0 0 0 0 0 0 0 1 0 1 0 0 0 0 0 2 0
1533730692 0 0 47 0 0 0 0 0 0 0 2 0 1 0 0 0 0 0 2 0
1533904204 0 0 48 0 0 0 0 0 0 0 2 0 1 0 0 0 0 0 2 0
1535576854 0 0 48 0 0 0 0 0 0 0 2 0 1 1 0 0 0 0 2 0
1535577346 0 0 48 0 0 0 0 0 0 0 2 0 1 2 0 0 0 0 2 0
1535578133 0 0 48 0 0 0 0 0 0 0 2 0 1 3 0 0 0 0 2 0
1535578583 0 0 48 0 0 0 0 0 0 0 2 0 1 4 0 0 0 0 2 0
1535711863 0 0 48 0 0 0 0 0 0 0 2 0 1 5 0 0 0 0 2 0
1535928813 0 0 48 0 0 0 0 0 0 0 2 0 1 5 0 0 0 0 2 0
1535967883 0 0 48 0 0 0 0 0 0 0 2 0 1 6 0 0 0 0 2 0
1535970444 0 0 48 0 0 0 0 0 0 0 2 0 1 6 0 0 0 1 2 0
1535977953 0 0 49 0 0 0 0 0 0 0 2 0 1 6 0 0 0 1 2 0
1537461703 0 0 49 0 0 0 0 0 0 0 2 0 2 6 0 0 0 1 2 0
1537856365 0 0 49 0 0 0 0 0 0 0 2 0 3 6 0 0 0 1 2 0
1538059861 0 0 49 0 0 0 0 0 0 0 2 0 5 6 0 0 0 2 2 0
1540031147 0 0 50 0 0 0 0 0 0 0 2 0 5 6 0 0 0 2 2 0
1540031304 0 0 51 0 0 0 0 0 0 0 2 0 5 6 0 0 0 2 2 0
1540229518 0 0 51 0 0 0 0 0 0 0 2 0 5 7 0 0 0 2 2 0
1540229705 0 0 51 0 0 0 0 0 0 0 2 0 5 8 0 0 0 2 2 0
1540239853 0 0 52 0 0 0 0 0 0 0 2 0 5 8 0 0 0 2 2 0
1540313650 0 0 52 0 0 0 0 0 0 0 2 0 5 9 0 0 0 2 2 0
1540329308 0 0 53 0 0 0 0 0 0 0 2 0 5 9 0 0 0 2 2 0
1540395863 0 0 53 0 0 0 0 0 0 0 2 0 5 10 0 0 0 2 2 0
1540416175 0 0 54 0 0 0 0 0 0 0 2 0 5 10 0 0 0 2 2 0
1540416996 0 0 54 0 0 0 0 0 0 0 2 0 5 11 0 0 0 2 2 0
1540417581 0 0 55 0 0 0 0 0 0 0 2 0 5 12 0 0 0 2 2 0
1540462435 0 0 55 0 0 0 0 0 0 0 2 0 5 12 0 0 0 3 2 0
1540502431 0 0 56 0 0 0 0 0 0 0 2 0 5 12 0 0 0 3 2 0
1540502542 0 0 57 0 0 0 0 0 0 0 2 0 5 12 0 0 0 3 2 0
1542114510 0 0 58 0 0 0 0 0 0 0 2 0 5 12 0 0 0 3 2 0
1542115263 0 0 59 0 0 0 0 0 0 0 2 0 5 12 0 0 0 3 2 0
1542116286 0 0 61 0 0 0 0 0 0 0 2 0 5 12 0 0 0 3 2 0
1542131975 0 0 62 0 0 0 0 0 0 0 2 0 5 12 0 0 0 3 2 0
1542132001 0 0 63 0 0 0 0 0 0 0 2 0 5 12 0 0 0 3 2 0
1542141425 0 0 64 0 0 0 0 0 0 0 2 0 5 12 0 0 0 3 2 0
1542141703 0 0 65 0 0 0 0 0 0 0 2 0 5 12 0 0 0 3 2 0
1542143141 0 0 66 0 0 0 0 0 0 0 2 0 5 12 0 0 0 3 2 0
1542188643 0 0 66 0 0 0 0 0 0 0 2 0 5 12 0 0 0 3 2 1
1542200905 0 0 67 0 0 0 0 0 0 0 2 0 5 12 0 0 0 3 2 1
1542285189 0 0 68 0 0 0 0 0 0 0 2 0 5 12 0 0 0 3 2 1
1542369739 0 0 69 0 0 0 0 0 0 0 2 0 5 12 0 0 0 3 2 1
1542370009 0 0 70 0 0 0 0 0 0 0 2 0 5 12 0 0 0 3 2 1
1542448835 0 0 71 0 0 0 0 0 0 0 2 0 5 12 0 0 0 3 2 1
1542449241 0 0 72 0 0 0 0 0 0 0 2 0 5 12 0 0 0 3 2 1
1542450552 0 0 73 0 0 0 0 0 0 0 2 0 5 12 0 0 0 3 2 1
1542729423 0 0 73 0 0 0 0 0 0 0 2 0 5 12 0 0 0 3 2 1
1542741627 0 0 74 0 0 0 0 0 0 0 2 0 5 12 0 0 0 3 2 1
1542754229 0 0 75 0 0 0 0 0 0 0 2 0 5 12 0 0 0 3 2 1
1542807898 0 0 76 0 0 0 0 0 0 0 2 0 5 12 0 0 0 3 2 1
1542808309 0 0 77 0 0 0 0 0 0 0 2 0 5 12 0 0 0 3 2 1
1543233183 0 0 78 0 0 0 0 0 0 0 2 0 5 12 0 0 0 3 2 1
1543914404 0 0 78 0 0 0 0 0 0 0 2 0 6 12 0 0 0 3 2 1
1543930668 0 0 79 0 0 0 0 0 0 0 2 0 6 12 0 0 0 3 2 1
1543932590 0 0 79 0 0 0 0 0 0 0 2 0 6 12 0 0 0 3 2 2
1543935064 0 0 80 0 0 0 0 0 0 0 2 0 6 12 0 0 0 3 2 2
1544359599 0 0 81 0 0 0 0 0 0 0 2 0 6 12 0 0 0 3 2 2
1544360344 0 0 81 0 0 0 0 0 0 0 2 0 6 12 0 0 0 3 2 3
1544537020 0 0 81 0 0 0 0 0 0 0 2 0 6 12 0 0 0 3 2 4
1545053718 1 0 81 0 0 0 0 0 0 0 2 0 6 12 0 0 0 3 2 4
1545086208 1 0 82 0 0 0 0 0 0 0 2 0 6 12 0 0 0 3 2 4
1545120851 1 0 82 0 0 0 0 0 0 0 2 0 7 12 0 0 0 3 2 4
1545223211 1 0 83 0 0 0 0 0 0 0 2 0 7 12 0 0 0 3 2 4
1547559762 1 0 83 0 0 0 0 0 0 0 2 0 7 12 0 0 0 3 2 4
1547566537 1 0 83 0 0 0 0 0 0 0 2 0 7 12 0 0 0 3 2 4
1547651699 1 0 83 0 0 0 0 0 0 0 2 0 7 12 0 0 0 3 2 4
1547651779 1 0 83 0 0 0 0 0 0 0 2 0 7 12 0 0 0 3 2 4
1547745499 1 0 84 0 0 0 0 0 0 0 2 0 7 12 0 0 0 3 2 4
1547816517 1 0 84 0 0 0 0 0 0 0 2 0 7 12 0 0 0 3 2 4
1547817807 1 0 85 0 0 0 0 0 0 0 2 0 7 12 0 0 0 3 2 4
1548410107 1 0 85 0 0 0 0 0 0 0 2 0 7 12 0 0 0 3 2 4
1548412738 1 0 85 0 0 0 0 0 0 0 2 0 7 12 0 0 0 3 2 4
1548414270 1 0 85 0 0 0 0 0 0 0 2 0 7 12 0 0 0 3 2 4
1548670392 1 0 86 0 0 0 0 0 0 0 2 0 7 12 0 0 0 3 2 4
1548687303 1 0 86 0 0 0 0 0 0 0 2 0 7 12 0 0 0 3 2 4
1548690617 1 0 86 0 0 0 0 0 0 0 2 0 7 12 0 0 0 4 2 4
1548692169 1 0 86 0 0 0 0 0 0 0 2 0 7 12 0 0 0 4 2 4
1548769327 1 0 86 0 0 0 0 0 0 0 2 0 7 13 0 0 0 4 2 4
1548787147 1 0 86 0 0 0 0 0 0 0 2 0 7 13 0 0 0 4 2 4
1548796243 1 0 87 0 0 0 0 0 0 0 2 0 7 13 0 0 0 4 2 4
1548944681 2 0 87 0 0 0 0 0 0 0 2 0 7 13 0 0 0 4 2 4
1548948684 2 0 88 0 0 0 0 0 0 0 2 0 7 13 0 0 0 4 2 4
1550483225 2 0 88 0 0 0 0 0 0 0 2 0 7 13 0 0 0 5 2 4
1556191423 2 0 88 0 0 0 0 0 0 0 3 0 7 13 0 0 0 5 2 4
1556194964 2 0 88 0 0 0 0 0 0 0 4 0 7 13 0 0 0 5 2 4
1556195025 2 0 88 0 0 0 0 0 0 0 6 0 7 13 0 0 0 5 2 4
1556200127 2 0 88 0 0 0 0 0 0 0 7 0 7 13 0 0 0 5 2 4
1556543868 2 0 88 0 0 0 0 0 0 0 7 0 7 13 0 0 0 5 2 5
1557230564 2 0 88 0 0 0 0 0 0 0 8 0 7 13 0 0 0 5 2 5
1557232040 2 0 88 0 0 0 0 0 0 0 9 0 7 13 0 0 0 5 2 5
1559483039 2 0 88 0 0 0 0 0 0 0 10 0 7 13 0 0 0 5 2 5
1559549615 2 0 88 0 0 0 0 0 0 0 11 0 7 13 0 0 0 5 2 5
1559550960 2 0 89 0 0 0 0 0 0 0 11 0 7 13 0 0 0 5 2 5
1563623924 2 0 90 0 0 0 0 0 0 0 11 0 7 13 0 0 0 5 2 5
1563627889 2 0 91 0 0 0 0 0 0 0 11 0 7 13 0 0 0 5 2 5
1563636038 2 0 92 0 0 0 0 0 0 0 11 0 7 13 0 0 0 5 2 5
1563636918 2 0 93 0 0 0 0 0 0 0 11 0 7 13 0 0 0 5 2 5
1568238780 2 0 93 0 0 0 0 0 0 0 11 0 7 13 0 0 0 5 2 5
1568368002 2 0 93 0 0 0 0 0 0 0 11 0 7 13 0 0 0 6 2 5
1568834378 2 0 93 0 0 0 0 0 0 0 11 0 7 13 0 0 0 6 2 5
1568836207 2 0 94 0 0 0 0 0 0 0 11 0 7 13 0 0 0 6 2 5
1571837565 4 0 94 0 0 0 0 0 0 0 11 0 7 13 0 0 0 6 2 5
1571841038 4 0 95 0 0 0 0 0 0 0 11 0 7 13 0 0 0 6 2 5
1571918013 5 0 95 0 0 0 0 0 0 0 11 0 7 13 0 0 0 6 2 5
1571919645 6 0 95 0 0 0 0 0 0 0 11 0 7 13 0 0 0 6 2 5
1572280826 7 0 95 0 0 0 0 0 0 0 11 0 7 13 0 0 0 6 2 5
1572281959 8 0 95 0 0 0 0 0 0 0 11 0 7 13 0 0 0 6 2 5
1572291998 8 0 96 0 0 0 0 0 0 0 11 0 7 13 0 0 0 6 2 5
1573146792 9 0 96 0 0 0 0 0 0 0 11 0 7 13 0 0 0 6 2 5
1573216088 14 0 96 0 0 0 0 0 0 0 11 0 7 13 0 0 0 6 2 5
1573477503 15 0 96 0 0 0 0 0 0 0 11 0 7 13 0 0 0 6 2 5
1573647437 18 0 96 0 0 0 0 0 0 0 11 0 7 13 0 0 0 6 2 5
1573649447 19 0 96 0 0 0 0 0 0 0 11 0 7 13 0 0 0 6 2 5
1573658884 20 0 96 0 0 0 0 0 0 0 11 0 7 13 0 0 0 6 2 5
1573659044 21 0 96 0 0 0 0 0 0 0 11 0 7 13 0 0 0 6 2 5
1573727298 22 0 96 0 0 0 0 0 0 0 11 0 7 13 0 0 0 6 2 5
1573734089 23 0 96 0 0 0 0 0 0 0 11 0 7 13 0 0 0 6 2 5
1574357542 23 0 96 0 0 0 0 0 0 0 11 0 7 13 0 0 0 7 2 5
1575310466 23 0 96 0 0 0 0 0 0 0 12 0 7 13 0 0 0 7 2 5
1575391483 23 0 96 0 0 0 0 0 0 0 13 0 7 13 0 0 0 7 2 5
1575418916 23 0 96 0 0 0 0 0 0 0 13 0 7 13 0 0 0 8 2 5
1577726309 24 0 96 0 0 0 0 0 0 0 13 0 7 13 0 0 0 8 2 5
1577726869 25 0 96 0 0 0 0 0 0 0 13 0 7 13 0 0 0 8 2 5
1577727483 25 0 97 0 0 0 0 0 0 0 13 0 7 13 0 0 0 8 2 5
1577988483 26 0 97 0 0 0 0 0 0 0 13 0 7 13 0 0 0 8 2 5
1577990875 27 0 97 0 0 0 0 0 0 0 13 0 7 13 0 0 0 8 2 5
1581087992 28 0 97 0 0 0 0 0 0 0 13 0 7 13 0 0 0 8 2 5
1581090037 29 0 97 0 0 0 0 0 0 0 13 0 7 13 0 0 0 8 2 5
1581090435 30 0 97 0 0 0 0 0 0 0 13 0 7 13 0 0 0 8 2 5
1581090615 31 0 97 0 0 0 0 0 0 0 13 0 7 13 0 0 0 8 2 5
1581325121 32 0 97 0 0 0 0 0 0 0 13 0 7 13 0 0 0 8 2 5
1581675678 33 0 97 0 0 0 0 0 0 0 13 0 7 13 0 0 0 8 2 5
1582090782 33 0 97 0 0 0 0 0 0 0 13 0 7 13 0 0 0 8 2 6
1582304733 33 0 97 0 0 0 0 0 0 0 14 0 7 13 0 0 0 8 2 6
1582315106 33 0 98 0 0 0 0 0 0 0 14 0 7 13 0 0 0 8 2 6
1583750810 34 0 98 0 0 0 0 0 0 0 14 0 7 13 0 0 0 8 2 6
1583751203 35 0 98 0 0 0 0 0 0 0 14 0 7 13 0 0 0 8 2 6
1583929932 35 0 98 0 0 0 0 0 0 0 14 0 7 13 0 0 0 8 2 6
1583939380 35 0 98 0 0 0 0 0 0 0 14 0 8 13 0 0 0 8 2 6
1583939454 35 0 98 0 0 0 0 0 0 0 14 0 9 13 0 0 0 8 2 6
1583939946 35 0 98 0 0 0 0 0 0 0 14 0 10 13 0 0 0 8 2 6
1583939948 35 0 98 0 0 0 0 0 0 0 14 0 11 13 0 0 0 8 2 6
1583945025 36 0 98 0 0 0 0 0 0 0 14 0 12 13 0 0 0 8 2 6
1585126484 36 0 98 0 0 0 0 0 0 0 14 0 12 13 0 0 0 8 2 6
1585131191 36 0 98 0 0 0 0 0 0 0 14 0 13 13 0 0 0 8 2 6
1585131509 36 0 98 0 0 0 0 0 0 0 14 0 13 13 0 0 0 8 2 6
1585131938 37 0 98 0 0 0 0 0 0 0 14 0 13 13 0 0 0 8 2 6
1585136343 38 0 98 0 0 0 0 0 0 0 14 0 13 13 0 0 0 8 2 6
1585156255 38 0 98 0 0 0 0 0 0 0 14 0 13 13 0 0 0 8 2 6
1585236847 38 0 98 0 0 0 0 0 0 0 14 0 13 13 0 0 0 8 2 6
1585239546 38 1 98 0 0 0 0 0 0 0 14 0 13 13 0 0 0 8 2 6
1586696783 38 1 99 0 0 0 0 0 0 0 14 0 13 13 0 0 0 8 2 6
1586906661 38 1 102 0 0 0 0 0 0 0 14 0 13 13 0 0 0 9 2 6
1586927183 38 2 102 0 0 0 0 0 0 0 14 0 13 13 0 0 0 9 2 6
1587201697 38 2 103 0 0 0 0 0 0 0 14 0 13 13 0 0 0 9 2 6
1587202380 38 2 104 0 0 0 0 0 0 0 14 0 13 13 0 0 0 9 2 6
1587204731 38 2 105 0 0 0 0 0 0 0 14 0 13 13 0 0 0 9 2 6
1587210236 38 2 106 0 0 0 0 0 0 0 14 0 13 13 0 0 0 9 2 6
1587305253 38 2 109 0 0 0 0 0 0 0 14 0 13 13 0 0 0 9 2 6
1587383442 38 2 110 0 0 0 0 0 0 0 14 0 13 13 0 0 0 9 2 6
1587385437 38 3 110 0 0 0 0 0 0 0 14 0 13 13 0 0 0 9 2 6
1587393724 38 3 110 0 0 0 0 0 0 0 14 0 13 13 0 0 0 9 2 6
1587535849 38 4 112 0 0 0 0 0 0 0 14 0 13 13 0 0 0 9 2 6
1587536069 38 4 113 0 0 0 0 0 0 0 14 0 13 13 0 0 0 9 2 6
1587556737 38 4 114 0 0 0 0 0 0 0 14 0 13 13 0 0 0 9 2 6
1587562777 38 5 114 0 0 0 0 0 0 0 14 0 13 13 0 0 0 9 2 6
1587563295 38 5 116 0 0 0 0 0 0 0 14 0 13 13 0 0 0 9 2 6
1587573689 38 6 116 0 0 0 0 0 0 0 14 0 13 13 0 0 0 9 2 6
1588006484 38 6 116 0 0 0 0 0 0 0 14 0 13 13 0 0 0 9 2 6
1589817922 38 7 116 0 0 0 0 0 0 0 14 0 13 13 0 0 0 9 2 6
1592273438 38 7 116 0 0 0 0 0 0 0 14 0 13 13 0 0 0 9 2 6
1592321445 38 7 116 0 0 0 0 0 0 0 14 0 13 13 0 0 0 9 2 6
1594977867 39 7 116 0 0 0 0 0 0 0 14 0 13 13 0 0 0 9 2 6
1595005922 39 8 116 0 0 0 0 0 0 0 14 0 13 13 0 0 0 9 2 6
1598124886 39 8 116 0 0 0 0 0 0 0 14 0 13 13 0 0 0 9 2 6
1598259176 40 8 116 0 0 0 0 0 0 0 14 0 13 13 0 0 0 9 2 6
1598259378 52 9 116 0 0 0 0 0 0 0 14 0 13 13 0 0 0 9 2 6
1605006980 53 9 116 0 0 0 0 0 0 0 14 0 13 13 0 0 0 9 2 6
1605012102 54 9 116 0 0 0 0 0 0 0 14 0 13 13 0 0 0 9 2 6
1605028769 55 9 116 0 0 0 0 0 0 0 14 0 13 13 0 0 0 9 2 6
1605106154 56 9 116 0 0 0 0 0 0 0 14 0 13 13 0 0 0 9 2 6
1605624893 67 10 116 0 0 0 0 0 0 0 14 0 13 13 0 0 0 9 2 6
1606145670 68 10 116 0 0 0 0 0 0 0 14 0 13 13 0 0 0 9 2 6
1606146378 69 10 116 0 0 0 0 0 0 0 14 0 13 13 0 0 0 9 2 6
1606146542 70 10 116 0 0 0 0 0 0 0 14 0 13 13 0 0 0 9 2 6
1606146644 71 10 116 0 0 0 0 0 0 0 14 0 13 13 0 0 0 9 2 6
1606147992 72 10 116 0 0 0 0 0 0 0 14 0 13 13 0 0 0 9 2 6
1606148509 73 10 116 0 0 0 0 0 0 0 14 0 13 13 0 0 0 9 2 6
1606149122 74 10 116 0 0 0 0 0 0 0 14 0 13 13 0 0 0 9 2 6
1606150880 75 10 116 0 0 0 0 0 0 0 14 0 13 13 0 0 0 9 2 6
1606153679 76 10 116 0 0 0 0 0 0 0 14 0 13 13 0 0 0 9 2 6
1606221776 77 10 116 0 0 0 0 0 0 0 14 0 13 13 0 0 0 9 2 6
1606740209 79 11 116 0 0 0 0 0 0 0 14 0 13 13 0 0 0 9 2 6
1606742660 86 11 117 0 0 0 0 0 0 0 14 0 13 13 0 0 0 9 2 6
1606748667 87 11 117 0 0 0 0 0 0 0 14 0 13 13 0 0 0 9 2 6
1606749938 88 11 117 0 0 0 0 0 0 0 14 0 13 13 0 0 0 9 2 6
1606750773 89 11 117 0 0 0 0 0 0 0 14 0 13 13 0 0 0 9 2 6
1606751207 90 11 117 0 0 0 0 0 0 0 14 0 13 13 0 0 0 9 2 6
1606754467 92 11 117 0 0 0 0 0 0 0 14 0 13 13 0 0 0 9 2 6
1606755204 93 11 117 0 0 0 0 0 0 0 14 0 13 13 0 0 0 9 2 6
1606755833 93 12 117 0 0 0 0 0 0 0 14 0 13 13 0 0 0 9 2 6
1612793065 94 12 117 0 0 0 0 0 0 0 14 0 13 13 0 0 0 9 2 6
1612793435 95 12 117 0 0 0 0 0 0 0 14 0 13 13 0 0 0 9 2 6
1612794303 95 13 117 0 0 0 0 0 0 0 14 0 13 13 0 0 0 9 2 6
1612945618 95 13 117 0 0 0 0 0 0 0 14 0 13 13 0 0 0 9 2 6
1612948075 97 14 117 0 0 0 0 0 0 0 14 0 13 13 0 0 0 9 2 6
1613051296 98 14 117 0 0 0 0 0 0 0 14 0 13 13 0 0 0 9 2 6
1613051504 98 15 117 0 0 0 0 0 0 0 14 0 13 13 0 0 0 9 2 6
1614603865 99 15 117 0 0 0 0 0 0 0 14 0 13 13 0 0 0 9 2 6
1615477692 101 15 117 0 0 0 0 0 0 0 14 0 13 13 0 0 0 9 2 6
1615478650 106 15 117 0 0 0 0 0 0 0 14 0 13 13 0 0 0 9 2 6
1615482311 107 15 117 0 0 0 0 0 0 0 14 0 13 13 0 0 0 9 2 6
1615482397 108 15 117 0 0 0 0 0 0 0 14 0 13 13 0 0 0 9 2 6
1615482738 109 15 117 0 0 0 0 0 0 0 14 0 13 13 0 0 0 9 2 6
1616054399 109 15 117 0 0 0 0 0 0 0 14 0 13 13 0 0 0 9 2 7
1616054563 109 15 118 0 0 0 0 0 0 0 14 0 13 13 0 0 0 9 2 7
1616350151 109 15 118 0 0 0 0 0 0 0 15 0 13 13 0 0 0 9 2 7
1616399901 109 15 118 0 0 0 0 0 0 0 16 0 13 13 0 0 0 9 2 7
1616404407 109 16 118 0 0 0 0 0 0 0 16 0 13 13 0 0 0 9 3 7
1616694855 109 16 118 0 0 0 0 0 0 0 16 0 13 13 0 0 0 9 4 7
1616694885 109 16 118 0 0 0 0 0 0 0 16 0 13 13 0 0 0 9 6 7
1616752557 109 17 118 0 0 0 0 0 0 0 16 0 13 13 0 0 0 9 6 7
1616764602 109 17 118 0 0 0 0 0 0 0 16 0 13 13 0 0 0 9 7 7
1616767936 109 17 118 0 0 0 0 0 0 0 16 0 13 13 0 0 0 9 8 7
1623147442 109 17 118 0 0 0 0 0 0 0 16 0 13 13 0 0 0 9 8 7
1623320795 109 18 118 0 0 0 0 0 0 0 16 0 13 13 0 0 0 9 8 7
1628846278 109 18 118 0 0 0 0 0 0 0 16 0 13 13 0 0 0 9 8 7
1630428106 109 19 118 0 0 0 0 0 0 0 16 0 13 13 0 0 0 9 8 7
1637679811 109 19 118 0 0 0 0 0 0 0 16 0 13 13 0 0 0 9 8 7
1637765794 109 19 118 0 0 0 0 0 0 0 16 0 13 13 0 0 0 9 8 7
1639132877 110 19 118 0 0 0 0 0 0 0 16 0 13 13 0 0 0 9 8 7
1639132915 111 19 118 0 0 0 0 0 0 0 16 0 13 13 0 0 0 9 8 7
1639133160 112 19 118 0 0 0 0 0 0 0 16 0 13 13 0 0 0 9 8 7
1639133195 113 19 118 0 0 0 0 0 0 0 16 0 13 13 0 0 0 9 8 7
1639133382 114 19 118 0 0 0 0 0 0 0 16 0 13 13 0 0 0 9 8 7
1639401588 115 19 118 0 0 0 0 0 0 0 16 0 13 13 0 0 0 9 8 7
1639401922 115 20 118 0 0 0 0 0 0 0 16 0 13 13 0 0 0 9 8 7
1641053959 115 20 118 0 0 0 0 0 0 0 16 0 13 13 0 0 0 9 8 7
1641373275 115 21 118 0 0 0 0 0 0 0 16 0 13 13 0 0 0 9 8 7
1641399399 115 21 118 0 0 0 0 0 0 0 16 0 13 13 0 0 0 9 8 7
1641549171 115 21 118 0 0 0 0 0 0 0 16 0 13 13 1 0 0 9 8 7
1642492411 115 21 118 0 0 0 0 0 0 0 16 0 13 13 2 0 0 9 8 7
1642492431 115 21 118 0 0 0 0 0 0 0 16 0 13 13 3 0 0 9 8 7
1642492648 115 21 118 0 0 0 0 0 0 0 16 0 13 13 4 0 0 9 8 7
1642495834 115 21 118 0 0 0 0 0 0 0 16 0 13 13 5 0 0 9 8 7
1642502892 115 21 118 0 0 0 0 0 0 0 16 0 13 13 6 0 0 9 8 7
1642505516 115 21 118 0 0 0 0 0 0 0 16 0 13 13 7 0 0 9 8 7
1643016263 115 21 118 0 0 0 0 0 0 0 16 0 13 13 8 0 0 9 8 7
1643017387 115 21 118 0 0 0 0 0 0 0 16 0 13 13 9 0 0 9 8 7
1643021299 115 21 118 0 0 0 0 0 0 0 16 0 13 13 10 0 0 9 8 7
1643022674 115 21 118 0 0 0 0 0 0 0 16 0 13 13 11 0 0 9 8 7
1643023245 115 21 118 0 0 0 0 0 0 0 16 0 13 13 12 0 0 9 8 7
1643025708 115 21 118 0 0 0 0 0 0 0 16 0 13 13 13 0 0 9 8 7
1643044015 116 21 118 0 0 0 0 0 0 0 17 0 13 13 13 0 0 9 8 7
1644312920 117 21 118 0 0 0 0 0 0 0 17 0 13 13 13 0 0 9 8 7
1644315017 118 21 118 0 0 0 0 0 0 0 17 0 13 13 13 0 0 9 8 7
1644315961 119 21 118 0 0 0 0 0 0 0 17 0 13 13 13 0 0 9 8 7
1644316477 120 21 118 0 0 2 0 0 0 0 17 0 13 13 13 0 0 9 8 7
1644329933 120 21 118 0 0 3 0 0 0 0 17 0 13 13 13 0 0 9 8 7
1644417196 120 21 118 0 0 4 0 0 0 0 17 0 13 13 13 0 0 9 8 7
1644418902 120 22 118 0 0 4 0 0 0 0 17 0 13 13 13 0 0 9 8 7
1645100109 120 22 118 0 0 4 0 0 0 0 17 0 13 13 13 1 0 9 8 7
1645107960 120 22 118 0 0 4 0 0 0 0 17 0 13 13 13 3 0 9 8 7
1645458130 120 23 118 0 0 4 0 0 0 0 17 0 13 13 13 4 0 9 8 7
1645464750 120 24 118 0 0 4 0 0 0 0 17 0 13 13 13 4 0 9 8 7
1645604145 120 24 118 0 0 4 0 0 0 0 17 0 13 13 13 4 0 9 8 7
1645606706 120 24 118 0 0 4 0 0 0 0 17 0 13 13 13 4 0 9 8 7
1645608423 120 24 118 0 0 4 0 0 0 0 17 0 13 13 13 4 0 9 8 7
1645636494 120 24 118 0 0 4 0 0 0 0 17 0 13 13 13 4 0 9 8 7
1645697200 121 24 118 0 0 4 0 0 0 0 17 0 13 13 13 4 0 9 8 7
1645697217 122 24 118 0 0 4 0 0 0 0 17 0 13 13 13 4 0 9 8 7
1645698657 123 24 118 0 0 4 0 0 0 0 17 0 13 13 13 4 0 9 8 7
1645698701 124 24 118 0 0 4 0 0 0 0 17 0 13 13 13 4 0 9 8 7
1645698826 125 24 118 0 0 4 0 0 0 0 17 0 13 13 13 4 0 9 8 7
1645699043 126 24 118 0 0 4 0 0 0 0 17 0 13 13 13 4 0 9 8 7
1645707538 127 24 118 0 0 4 0 0 0 0 17 0 13 13 13 4 0 9 8 7
1645707612 128 24 118 0 0 4 0 0 0 0 17 0 13 13 13 4 0 9 8 7
1645710289 129 24 118 0 0 4 0 0 0 0 17 0 13 13 13 4 0 9 8 7
1645798691 130 24 118 0 0 4 0 0 0 0 17 0 13 13 13 4 0 9 8 7
1645801464 131 24 118 0 0 4 0 0 0 0 17 0 13 13 13 4 0 9 8 7
1645804415 132 24 118 0 0 4 0 0 0 0 17 0 13 13 13 4 0 9 8 7
1646234553 132 25 118 0 0 4 0 0 0 0 17 0 13 13 13 4 0 9 8 7
1646653603 132 25 118 1 0 4 0 0 0 0 17 0 13 13 13 4 0 9 8 7
1646655816 132 25 118 2 0 4 0 0 0 0 17 0 13 13 13 4 0 9 8 7
1646655938 132 25 118 3 0 4 0 0 0 0 17 0 13 13 13 4 0 9 8 7
1646657187 132 25 118 4 0 4 0 0 0 0 17 0 13 13 13 4 0 9 8 7
1646657842 132 25 118 5 0 4 0 0 0 0 17 0 13 13 13 4 0 9 8 7
1646726469 132 25 118 6 0 4 0 0 0 0 17 0 13 13 13 4 0 9 8 7
1646743824 132 25 118 7 0 4 0 0 0 0 17 0 13 13 13 4 0 9 8 7
1646813421 132 25 118 8 0 4 0 0 0 0 17 0 13 13 13 4 0 9 8 7
1646814805 132 25 118 9 0 4 0 0 0 0 17 0 13 13 13 4 0 9 8 7
1646816717 132 25 118 10 0 4 0 0 0 0 17 0 13 13 13 4 0 9 8 7
1646822272 132 25 118 11 0 4 0 0 0 0 17 0 13 13 13 4 0 9 8 7
1646822709 132 25 118 12 0 4 0 0 0 0 17 0 13 13 13 4 0 9 8 7
1646826359 132 25 118 13 0 4 0 0 0 0 17 0 13 13 13 4 0 9 8 7
1646827590 132 25 118 14 0 4 0 0 0 0 17 0 13 13 13 4 0 9 8 7
1646904779 132 25 118 16 0 4 0 0 0 0 17 0 13 13 13 4 0 9 8 7
1646907051 132 25 118 17 0 4 0 0 0 0 17 0 13 13 13 4 0 9 8 7
1646909780 132 25 118 18 0 4 0 0 0 0 17 0 13 13 13 4 0 9 8 7
1646913541 132 25 118 19 0 4 0 0 0 0 17 0 13 13 13 4 0 9 8 7
1646915485 132 25 118 20 0 4 0 0 0 0 17 0 13 13 13 4 0 9 8 7
1647245354 132 25 118 21 0 4 0 0 0 0 17 0 13 13 13 4 0 9 8 7
1647258091 132 25 118 22 0 4 0 0 0 0 17 0 13 13 13 4 0 9 8 7
1647335729 132 25 118 23 0 4 0 0 0 0 17 0 13 13 13 4 0 9 8 7
1647342673 132 25 118 24 0 4 0 0 0 0 17 0 13 13 13 4 0 9 8 7
1647342765 132 25 118 25 0 4 0 0 0 0 17 0 13 13 13 4 0 9 8 7
1647362364 132 26 118 25 0 4 0 0 0 0 17 0 13 13 13 4 0 9 8 7
1647362754 133 26 118 25 0 4 0 0 0 0 17 0 13 13 13 4 0 9 8 7
1647416241 133 26 118 25 1 4 0 0 0 0 17 0 13 13 13 4 0 9 8 7
1647416972 133 26 118 25 2 4 0 0 0 0 17 0 13 13 13 4 0 9 8 7
1647417851 133 27 118 25 2 4 0 0 0 0 17 0 13 13 13 4 0 9 8 7
1647420718 133 27 118 28 2 4 0 0 0 0 17 0 13 13 13 4 0 9 8 7
1647426161 133 28 118 28 2 4 0 0 0 0 17 0 13 13 13 4 0 9 8 7
1647427665 133 29 118 28 2 4 0 0 0 0 17 0 13 13 13 4 0 9 8 7
1647428225 134 29 118 28 2 4 0 0 0 0 17 0 13 13 13 4 0 9 8 7
1647428636 134 30 118 28 2 4 0 0 0 0 17 0 13 13 13 4 0 9 8 7
1647518076 135 30 118 28 2 4 0 0 0 0 17 0 13 13 13 4 0 9 8 7
1647939296 135 30 118 29 2 4 0 0 0 0 17 0 13 13 13 4 0 9 8 7
1647942257 135 31 118 29 2 4 0 0 0 0 17 0 13 13 13 4 0 9 8 7
1647952749 135 32 118 51 2 4 0 0 0 0 17 0 13 13 13 4 0 9 8 7
1648114665 135 32 118 52 2 4 0 0 0 0 17 0 13 13 13 4 0 9 8 7
1648117981 135 32 118 53 2 4 0 0 0 0 17 0 13 13 13 4 0 9 8 7
1648128659 135 32 118 54 2 4 0 0 0 0 17 0 13 13 13 4 0 9 8 7
1648130245 135 32 118 55 2 4 0 0 0 0 17 0 13 13 13 4 0 9 8 7
1648131550 135 32 118 56 2 4 0 0 0 0 17 0 13 13 13 4 0 9 8 7
1648143888 135 32 118 57 2 4 0 0 0 0 17 0 13 13 13 4 0 9 8 7
1648212653 135 33 118 57 2 4 0 0 0 0 17 0 13 13 13 4 0 9 8 7
1648556884 135 33 118 57 2 4 0 0 0 0 17 0 13 13 13 5 0 9 8 7
1648726437 135 33 118 58 2 4 0 0 0 0 17 0 13 13 13 5 0 9 8 7
1648730801 135 34 118 58 3 4 0 0 0 0 17 0 13 13 13 5 0 9 8 7
1648797369 135 35 118 58 3 4 0 0 0 0 17 0 13 13 13 5 0 9 8 7
1648798442 135 36 118 58 3 4 0 0 0 0 17 0 13 13 13 5 0 9 8 7
1648810809 135 37 118 58 3 4 0 0 0 0 17 0 13 13 13 5 0 9 8 7
1648811894 135 38 118 59 3 4 0 0 0 0 17 0 13 13 13 5 0 9 8 7
1648815833 135 38 118 62 3 4 0 0 0 0 17 0 13 13 13 5 0 9 8 7
1648815947 135 38 118 63 3 4 0 0 0 0 17 0 13 13 13 5 0 9 8 7
1649414317 135 39 118 63 3 4 0 0 0 0 17 0 13 13 13 8 0 9 8 7
1649427645 135 39 118 63 3 4 0 0 0 0 17 0 13 13 13 9 0 9 8 7
1649428004 135 39 118 63 3 4 0 0 0 0 17 0 13 13 13 10 0 9 8 7
1649429177 135 39 118 63 3 4 0 0 0 0 17 0 13 13 13 12 0 9 8 7
1649753328 135 39 118 63 3 4 0 0 0 0 17 0 13 13 13 12 0 9 8 7
1649833838 135 40 118 63 3 4 0 0 0 0 17 0 13 13 13 12 0 9 8 7
1649835079 135 41 118 63 3 4 0 0 0 0 17 0 13 13 13 12 0 9 8 7
1649835093 135 42 118 63 3 4 0 0 0 0 17 0 13 13 13 12 0 9 8 7
1649836414 140 43 118 63 3 4 0 0 0 0 17 0 13 13 13 12 0 9 8 7
1649927855 140 43 118 63 3 4 0 0 0 0 17 0 13 13 13 12 0 9 8 7
1650451121 140 44 118 63 3 4 0 0 0 0 17 0 13 13 13 12 0 9 8 7
1651031362 140 44 118 63 3 4 0 0 0 0 17 0 13 13 13 12 0 9 8 7
1651045151 140 45 118 63 3 4 0 0 0 0 17 0 13 13 13 12 0 9 8 7
1651481208 140 45 118 63 4 4 0 0 0 0 17 0 13 13 13 12 0 9 8 7
1651564497 140 45 118 63 5 4 0 0 0 0 17 0 13 13 13 12 0 9 8 7
1651565192 140 45 118 63 6 4 0 0 0 0 17 0 13 13 13 12 0 9 8 7
1651569150 140 46 118 63 6 4 0 0 0 0 17 0 13 13 13 12 0 9 8 7
1651570493 140 47 118 63 6 4 0 0 0 0 17 0 13 13 13 12 0 9 8 7
1651782252 140 47 118 63 6 4 0 0 0 0 17 0 13 13 13 12 0 9 8 7
1652707376 140 47 118 63 7 4 0 0 0 0 17 0 13 13 13 12 0 9 8 7
1652777559 140 47 118 63 8 4 0 0 0 0 17 0 13 13 13 12 0 9 8 7
1652779119 140 47 118 63 9 4 0 0 0 0 17 0 13 13 13 12 0 9 8 7
1652899691 140 47 118 63 10 4 0 0 0 0 17 0 13 13 13 12 0 9 8 7
1652948978 141 47 118 63 10 4 0 0 0 0 17 0 13 13 13 12 0 9 8 7
1652949999 142 47 118 63 10 4 0 0 0 0 17 0 13 13 13 12 0 9 8 7
1652955490 142 47 118 63 11 4 0 0 0 0 17 0 13 13 13 12 0 9 8 7
1652960572 142 48 118 63 11 4 0 0 0 0 17 0 13 13 13 12 0 9 8 7
1653917700 142 48 118 63 12 4 0 0 0 0 17 0 13 13 13 12 0 9 8 7
1653920414 142 49 118 63 12 4 0 0 0 0 17 0 13 13 13 12 0 9 8 7
1653976786 142 49 118 63 13 4 0 0 0 0 17 0 13 13 13 12 0 9 8 7
1653979027 142 49 118 63 14 4 0 0 0 0 17 0 13 13 13 12 0 9 8 7
1653982084 142 49 118 63 15 4 0 0 0 0 17 0 13 13 13 12 0 9 8 7
1653985114 142 50 118 63 17 4 0 0 0 0 17 0 13 13 13 12 0 9 8 7
1653986892 142 50 118 63 18 4 0 0 0 0 17 0 13 13 13 12 0 9 8 7
1654078927 142 50 118 63 19 4 0 0 0 0 17 0 13 13 13 12 0 9 8 7
1654847552 142 50 118 63 20 4 0 0 0 0 17 0 13 13 13 12 0 9 8 7
1654848974 142 51 118 63 20 4 0 0 0 0 17 0 13 13 13 12 0 9 8 7
1654850873 142 52 118 63 20 4 0 0 0 0 17 0 13 13 13 12 0 9 8 7
1654852633 142 53 118 63 20 4 0 0 0 0 17 0 13 13 13 12 0 9 8 7
1654893467 142 53 118 63 20 4 0 0 0 0 17 0 13 13 13 12 0 9 8 7
1655480462 143 53 118 63 20 4 0 0 0 0 17 0 13 13 13 12 0 9 8 7
1655480778 144 53 118 63 20 4 0 0 0 0 17 0 13 13 13 12 0 9 8 7
1655971972 145 53 118 63 20 4 0 0 0 0 17 0 13 13 13 12 0 9 8 7
1655972399 146 53 118 63 20 4 0 0 0 0 17 0 13 13 13 12 0 9 8 7
1656965278 146 53 118 63 20 4 0 0 0 0 17 0 13 13 13 12 0 9 8 7
1657006129 146 53 118 63 20 4 0 0 0 0 17 0 13 13 13 12 0 9 8 7
1657009318 146 53 118 63 20 4 0 0 0 0 17 0 13 13 13 12 0 9 8 7
1657015451 146 54 118 63 20 4 0 0 0 0 17 0 13 13 13 12 0 9 8 7
1657122521 147 54 118 63 20 4 0 0 0 0 17 0 13 13 13 12 0 9 8 7
1657123960 147 55 118 63 20 4 0 0 0 0 17 0 13 13 13 12 0 9 8 7
1657178645 147 56 118 63 20 4 0 0 0 0 17 0 13 13 13 12 0 9 8 7
1657531263 147 56 118 63 20 4 0 0 0 0 17 0 13 13 13 12 0 9 8 7
1657531941 147 56 118 63 20 4 0 0 0 0 17 0 13 13 13 12 0 9 8 7
1657548818 147 57 118 63 20 4 0 0 0 0 17 0 13 13 13 12 0 9 8 7
1657634590 147 57 118 63 21 4 0 0 0 0 17 0 13 13 13 12 0 9 8 7
1657634707 147 57 118 63 23 4 0 0 0 0 17 0 13 13 13 12 0 9 8 7
1657698514 147 58 118 63 23 4 0 0 0 0 17 0 13 13 13 12 0 9 8 7
1657698538 147 58 118 63 23 4 0 0 1 0 17 0 13 13 13 12 0 9 8 7
1657698785 147 59 118 63 23 4 0 0 1 0 17 0 13 13 13 12 0 9 8 7
1657699884 147 60 118 63 23 4 0 0 1 0 17 0 13 13 13 12 0 9 8 7
1657705181 147 61 118 63 23 4 0 0 1 0 17 0 13 13 13 12 0 9 8 7
1657706237 147 62 118 63 23 4 0 0 1 0 17 0 13 13 13 12 0 9 8 7
1657706273 147 62 118 63 23 4 0 0 2 0 17 0 13 13 13 12 0 9 8 7
1657708021 147 63 118 63 23 4 0 0 2 0 17 0 13 13 13 12 0 9 8 7
1658133402 147 63 118 63 24 4 0 0 2 0 17 0 13 13 13 12 0 9 8 7
1658154380 147 64 118 63 24 4 0 0 2 0 17 0 13 13 13 12 0 9 8 7
1658155546 147 65 118 63 24 4 0 0 2 0 17 0 13 13 13 12 0 9 8 7
1658228249 147 65 118 63 25 4 0 0 2 0 17 0 13 13 13 12 0 9 8 7
1658228274 147 65 118 63 27 4 0 0 2 0 17 0 13 13 13 12 0 9 8 7
1658242834 147 66 118 63 27 4 0 0 2 0 17 0 13 13 13 12 0 9 8 7
1659006045 147 66 118 63 28 4 0 0 2 0 17 0 13 13 13 12 0 9 8 7
1659097551 147 66 118 63 29 4 0 0 2 0 17 0 13 13 13 12 0 9 8 7
1659107253 147 66 118 63 30 4 0 0 2 0 17 0 13 13 13 12 0 9 8 7
1659109142 147 66 118 63 31 4 0 0 2 0 17 0 13 13 13 12 0 9 8 7
1659345011 147 66 118 63 32 4 0 0 2 0 17 0 13 13 13 12 0 9 8 7
1660266705 147 66 118 63 32 4 0 0 2 0 17 0 13 13 13 12 0 9 8 7
1660311080 147 67 118 63 32 4 0 0 2 0 17 0 13 13 13 12 0 9 8 7
1660571875 147 67 118 63 32 4 0 0 2 0 17 0 13 13 13 12 0 9 8 7
1660571941 147 67 118 63 32 4 0 0 2 0 17 0 13 13 13 12 0 9 8 7
1660576959 147 67 118 63 32 4 0 0 2 0 17 0 13 13 13 12 0 9 8 7
1660578152 147 68 118 63 32 4 0 0 2 0 17 0 13 13 13 12 0 9 8 7
1660650151 147 68 118 63 32 4 0 1 2 0 17 0 13 13 13 12 0 9 8 7
1660653990 147 68 118 63 32 4 0 2 2 0 17 0 13 13 13 12 0 9 8 7
1660662833 147 68 118 63 32 4 0 3 2 0 17 0 13 13 13 12 0 9 8 7
1660728654 147 68 118 63 32 4 0 4 2 0 17 0 13 13 13 12 0 9 8 7
1660735653 147 69 118 63 32 4 0 4 2 0 17 0 13 13 13 12 0 9 8 7
1661306639 147 69 118 63 32 4 0 4 2 0 17 0 13 13 13 12 0 9 8 7
1661307460 147 69 118 63 32 4 0 4 2 0 17 0 13 13 13 12 0 9 8 7
1661311018 147 69 118 63 32 4 0 4 2 0 17 0 13 13 13 12 0 9 8 7
1661311185 147 69 118 63 32 4 0 4 2 0 17 0 13 13 13 12 0 9 8 7
1661311337 147 69 118 63 32 4 0 4 2 0 17 0 13 13 13 12 0 9 8 7
1661506043 147 70 118 63 32 4 0 4 2 0 17 0 13 13 13 12 0 9 8 7
1661843591 147 70 118 63 33 4 0 4 2 0 17 0 13 13 13 12 0 9 8 7
1661843608 147 70 118 63 34 4 0 4 2 0 17 0 13 13 13 12 0 9 8 7
1662119752 147 70 118 63 35 4 0 4 2 0 17 0 13 13 13 12 0 9 8 7
1662124032 147 70 118 63 36 4 0 4 2 0 17 0 13 13 13 12 0 9 8 7
1662385467 147 71 118 63 36 4 0 4 2 0 17 0 13 13 13 12 0 9 8 7
1662386610 147 72 118 63 36 4 0 4 2 0 17 0 13 13 13 12 0 9 8 7
1662549388 147 72 118 63 37 4 0 4 2 0 17 0 13 13 13 12 0 9 8 7
1662551340 147 72 118 63 38 4 0 4 2 0 17 0 13 13 13 12 0 9 8 7
1663245882 147 72 118 63 39 4 0 4 2 0 17 0 13 13 13 12 0 9 8 7
1663246743 147 72 118 63 40 4 0 4 2 0 17 0 13 13 13 12 0 9 8 7
1663390246 147 72 118 63 40 4 0 4 2 1 17 0 13 13 13 12 0 9 8 7
1663761031 147 73 118 63 45 4 0 4 2 1 17 0 13 13 13 12 0 9 8 7
1665048590 147 74 118 63 45 4 0 4 2 1 17 0 13 13 13 12 0 9 8 7
1665056090 147 75 118 63 45 4 0 4 2 1 17 0 13 13 13 12 0 9 8 7
1665383520 147 75 118 63 45 4 0 4 2 1 17 0 13 13 13 12 0 9 8 7
1665809954 147 75 118 63 45 4 0 4 2 2 17 0 13 13 13 12 0 9 8 7
1665991853 147 76 118 63 45 4 0 4 2 2 17 0 13 13 13 12 0 9 8 7
1666005733 147 77 118 63 45 4 0 4 2 2 17 0 13 13 13 12 0 9 8 7
1666006821 147 78 118 63 45 4 0 4 2 2 17 0 13 13 13 12 0 9 8 7
1666414231 147 78 118 63 45 4 0 4 2 3 17 0 13 13 13 12 0 9 8 7
1666623112 147 79 118 63 45 4 0 4 2 3 17 0 13 13 13 12 0 9 8 7
1667819415 147 79 118 63 46 4 0 4 2 3 17 0 13 13 13 12 0 9 8 7
1667819601 147 79 118 63 47 4 0 4 2 3 17 0 13 13 13 12 0 9 8 7
1667832327 147 80 118 63 47 4 0 4 2 3 17 0 13 13 13 12 0 9 8 7
1667833648 147 81 118 63 47 4 0 4 3 3 17 0 13 13 13 12 0 9 8 7
1667835894 147 82 118 63 47 4 0 4 3 3 17 0 13 13 13 12 0 9 8 7
1667838187 147 82 118 63 48 4 0 4 3 3 17 0 13 13 13 12 0 9 8 7
1667898233 147 83 118 63 48 4 0 4 3 3 17 0 13 13 13 12 0 9 8 7
1667898307 147 83 118 63 48 4 0 4 4 3 17 0 13 13 13 12 0 9 8 7
1667899525 147 84 118 63 48 4 0 4 4 3 17 0 13 13 13 12 0 9 8 7
1668420937 147 84 118 63 49 4 0 4 4 3 17 0 13 13 13 12 0 9 8 7
1668434188 147 85 118 63 49 4 0 4 4 3 17 0 13 13 13 12 0 9 8 7
1669631041 148 85 118 63 49 4 0 4 4 3 17 0 13 13 13 12 0 9 8 7
1669714485 148 86 118 63 49 4 0 4 4 3 17 0 13 13 13 12 0 9 8 7
1669738107 148 86 118 63 49 4 0 4 5 3 17 0 13 13 13 12 0 9 8 7
1669739349 148 87 118 63 49 4 0 4 5 3 17 0 13 13 13 12 0 9 8 7
1669815903 148 87 118 63 49 4 1 4 5 3 17 0 13 13 13 12 0 9 8 7
1669902807 148 87 118 63 49 4 2 4 5 3 17 0 13 13 13 12 0 9 8 7
1669904392 148 87 118 63 49 4 3 4 5 3 17 0 13 13 13 12 0 9 8 7
1669904460 148 87 118 63 49 4 5 4 5 3 17 0 13 13 13 12 0 9 8 7
1669905940 148 88 118 63 49 4 5 4 5 3 17 0 13 13 13 12 0 9 8 7
1669907027 148 89 118 63 49 4 5 4 5 3 17 0 13 13 13 12 0 9 8 7
1669907034 148 90 118 63 49 4 5 4 5 3 17 0 13 13 13 12 0 9 8 7
1669908476 148 91 118 63 49 4 5 4 5 4 17 0 13 13 13 12 0 9 8 7
1669952473 148 92 118 63 49 4 5 4 5 4 17 0 13 13 13 12 0 9 8 7
1669953702 148 93 118 63 49 4 5 4 5 4 17 0 13 13 13 12 0 9 8 7
1670042104 148 93 118 63 49 4 5 4 5 5 17 0 13 13 13 12 0 9 8 7
1670348270 148 94 118 63 49 4 5 4 5 5 17 0 13 13 13 12 0 9 8 7
1670948484 148 94 118 63 49 4 5 4 6 5 17 0 13 13 13 12 0 9 8 7
1671435773 148 95 118 63 49 4 5 4 6 5 17 0 13 13 13 12 0 9 8 7
1671709041 148 95 118 63 50 4 5 4 6 5 17 0 13 13 13 12 0 9 8 7
1671714191 148 96 118 63 50 4 5 4 6 6 17 0 13 13 13 12 0 9 8 7
1671715239 148 97 118 63 50 4 5 4 6 6 17 0 13 13 13 12 0 9 8 7
1671722224 148 97 118 63 50 4 5 4 6 6 17 1 13 13 13 12 0 9 8 7
1671722270 148 97 118 63 50 4 6 4 6 6 17 2 13 13 13 12 0 9 8 7
1672739812 148 97 118 63 50 4 6 4 6 6 17 3 13 13 13 12 0 9 8 7
1672745235 148 97 118 63 50 4 6 4 6 6 17 4 13 13 13 12 0 9 8 7
1672746381 148 97 118 63 50 4 6 4 6 6 17 5 13 13 13 12 0 9 8 7
1672748543 148 98 118 63 50 4 6 4 6 6 17 5 13 13 13 12 0 9 8 7
1672759266 148 98 118 63 50 4 6 4 6 6 17 6 13 13 13 12 0 9 8 7
1672822611 149 98 118 63 50 4 6 4 6 6 17 6 13 13 13 12 0 9 8 7
1672835193 149 98 118 63 50 4 6 4 6 6 17 7 13 13 13 12 0 9 8 7
1672923937 149 99 118 63 50 4 6 4 6 6 17 7 13 13 13 12 0 9 8 7
1672925366 149 100 118 63 50 4 6 4 6 6 17 7 13 13 13 12 0 9 8 7
1672932245 150 100 118 63 50 4 6 4 6 6 17 7 13 13 13 12 0 9 8 7
1672932602 151 100 118 63 50 4 6 4 6 6 17 7 13 13 13 12 0 9 8 7
1672932704 152 100 118 63 50 4 6 4 6 6 17 7 13 13 13 12 0 9 8 7
1672934944 152 100 118 63 50 4 6 4 7 6 17 7 13 13 13 12 0 9 8 7
1672935400 153 100 118 63 50 4 6 4 7 6 17 7 13 13 13 12 0 9 8 7
1672935448 154 100 118 63 50 4 6 4 7 6 17 7 13 13 13 12 0 9 8 7
1672936140 155 100 118 63 50 4 6 4 7 6 17 7 13 13 13 12 0 9 8 7
1672939313 156 100 118 63 50 4 6 4 7 6 17 7 13 13 13 12 0 9 8 7
1672996811 157 100 118 63 50 4 6 4 7 6 17 7 13 13 13 12 0 9 8 7
1672997708 158 100 118 63 50 4 6 4 7 6 17 7 13 13 13 12 0 9 8 7
1673001882 159 100 118 63 50 4 6 4 7 6 17 7 13 13 13 12 0 9 8 7
1673016765 159 100 118 63 50 4 6 4 7 6 17 7 13 13 13 12 0 9 8 7
1673066064 159 100 118 63 50 4 6 4 7 7 17 7 13 13 13 12 0 9 8 7
1673297534 159 101 118 63 50 4 6 4 7 7 17 7 13 13 13 12 0 9 8 7
1673298332 159 102 118 63 50 4 6 4 7 7 17 7 13 13 13 12 0 9 8 7
1673299261 159 103 118 63 50 4 6 4 7 7 17 7 13 13 13 12 0 9 8 7
1673353399 159 104 118 63 50 4 6 4 7 7 17 7 13 13 13 12 0 9 8 7
1673354249 159 105 118 63 50 4 6 5 7 7 17 7 13 13 13 12 0 9 8 7
1673365769 159 105 118 63 50 4 6 6 7 7 17 7 13 13 13 12 0 9 8 7
1673367290 159 105 118 63 50 4 6 7 7 7 17 7 13 13 13 12 0 9 8 7
1673434850 159 105 118 63 50 4 6 8 7 7 17 7 13 13 13 12 0 9 8 7
1674144495 159 105 118 63 50 4 6 8 8 7 17 7 13 13 13 12 0 9 8 7
1674205796 159 106 118 63 50 4 6 8 8 7 17 11 13 13 13 12 0 9 8 7
1674483436 159 107 118 63 50 4 6 8 8 8 17 11 13 13 13 12 0 9 8 7
1674636872 159 108 118 63 50 4 6 8 8 8 17 11 13 13 13 12 0 9 8 7
1674637732 159 109 118 63 50 4 6 8 8 8 17 11 13 13 13 12 0 9 8 7
1674659152 159 109 118 63 50 4 6 9 8 8 17 11 13 13 13 12 0 9 8 7
1674720362 159 110 118 63 50 4 6 9 8 8 17 11 13 13 13 12 0 9 8 7
1674723125 159 111 118 63 50 4 6 9 8 8 17 11 13 13 13 12 0 9 8 7
1675158307 159 111 118 63 51 4 6 9 8 8 17 11 13 13 13 12 0 9 8 7
1675158343 159 111 118 63 52 4 6 9 8 8 17 11 13 13 13 12 0 9 8 7
1675183690 159 112 118 63 52 4 6 9 8 8 17 11 13 13 13 12 0 9 8 7
1675256622 159 112 118 63 52 4 6 9 8 8 17 11 13 13 13 12 0 9 8 7
1675269483 159 112 118 63 52 4 6 9 8 8 17 11 13 13 13 12 0 9 8 7
1675418947 171 112 118 63 52 4 6 9 8 8 17 11 13 13 13 12 0 9 8 7
1675688989 171 113 118 63 52 4 6 9 8 8 17 11 13 13 13 12 0 9 8 7
1675691790 171 114 118 63 52 4 6 9 8 8 17 11 13 13 13 12 0 9 8 7
1675691799 171 115 118 63 52 4 6 9 8 8 17 11 13 13 13 12 0 9 8 7
1675694526 171 116 118 63 52 4 6 9 8 8 17 11 13 13 13 12 7 9 8 7
1675697105 171 116 118 63 52 4 6 9 8 8 17 11 13 13 13 12 8 9 8 7
1675697972 171 116 118 63 52 4 6 9 8 8 17 11 13 13 13 12 9 9 8 7
1675700235 171 116 118 63 52 4 6 9 9 8 17 11 13 13 13 12 9 9 8 7
1675773232 172 116 118 63 52 4 6 9 9 8 17 11 13 13 13 12 9 9 8 7
1675773550 173 116 118 63 52 4 6 9 9 8 17 11 13 13 13 12 9 9 8 7
1675774375 174 116 118 63 52 4 6 9 9 8 17 11 13 13 13 12 9 9 8 7
1675774638 175 116 118 63 52 4 6 9 9 8 17 11 13 13 13 12 9 9 8 7
1675774771 176 116 118 63 52 4 6 9 9 8 17 11 13 13 13 12 9 9 8 7
1675775073 177 116 118 63 52 4 6 9 9 8 17 11 13 13 13 12 9 9 8 7
1675775459 178 116 118 63 52 4 6 9 9 8 17 11 13 13 13 12 9 9 8 7
1675775577 179 116 118 63 52 4 6 9 9 8 17 11 13 13 13 12 9 9 8 7
1675775730 180 116 118 63 52 4 6 9 9 8 17 11 13 13 13 12 9 9 8 7
1675775835 181 116 118 63 52 4 6 9 9 8 17 11 13 13 13 12 9 9 8 7
1675776123 182 116 118 63 52 4 6 9 9 8 17 11 13 13 13 12 9 9 8 7
1675776421 183 116 118 63 52 4 6 9 9 8 17 11 13 13 13 12 9 9 8 7
1675776514 184 116 118 63 52 4 6 9 9 8 17 11 13 13 13 12 9 9 8 7
1675776617 185 116 118 63 52 4 6 9 9 8 17 11 13 13 13 12 9 9 8 7
1675776805 186 116 118 63 52 4 6 9 9 8 17 11 13 13 13 12 9 9 8 7
1675776896 187 116 118 63 52 4 6 9 9 8 17 11 13 13 13 12 9 9 8 7
1675778526 188 116 118 63 52 4 6 9 9 8 17 11 13 13 13 12 9 9 8 7
1675788653 189 116 118 63 52 4 6 9 9 8 17 11 13 13 13 12 9 9 8 7
1675800058 190 116 118 63 52 4 6 9 9 8 17 11 13 13 13 12 9 9 8 7
1675862522 190 116 118 63 52 4 6 9 9 8 17 11 13 13 13 12 10 9 8 7
1675865300 199 117 118 63 52 4 6 9 9 8 17 11 13 13 13 12 10 9 8 7
1675865597 200 117 118 63 52 4 6 9 9 8 17 11 13 13 13 12 10 9 8 7
1675870811 201 117 118 63 52 4 6 9 9 8 17 11 13 13 13 12 10 9 8 7
1675938298 202 117 118 63 52 4 6 9 9 8 17 11 13 13 13 12 10 9 8 7
1675938889 203 117 118 63 52 4 6 9 9 8 17 11 13 13 13 12 10 9 8 7
1675949836 204 117 118 63 52 4 6 9 9 8 17 11 13 13 13 12 10 9 8 7
1675949897 205 117 118 63 52 4 6 9 9 8 17 11 13 13 13 12 10 9 8 7
1675951465 206 117 118 63 52 4 6 9 9 8 17 11 13 13 13 12 10 9 8 7
1675952010 207 117 118 63 52 4 6 9 9 8 17 11 13 13 13 12 10 9 8 7
1675952529 208 117 118 63 52 4 6 9 9 8 17 11 13 13 13 12 10 9 8 7
1675955478 209 117 118 63 52 4 6 9 9 8 17 11 13 13 13 12 10 9 8 7
1675955750 210 117 118 63 52 4 6 9 9 8 17 11 13 13 13 12 10 9 8 7
1675956475 211 117 118 63 52 4 6 9 9 8 17 11 13 13 13 12 10 9 8 7
1675957553 212 117 118 63 52 4 6 9 9 8 17 11 13 13 13 12 10 9 8 7
1675958200 212 118 118 63 52 4 6 9 9 8 17 11 13 13 13 12 10 9 8 7
1675958323 213 118 118 63 52 4 6 9 9 8 17 11 13 13 13 12 10 9 8 7
1675960185 214 118 118 63 52 4 6 9 9 8 17 11 13 13 13 12 10 9 8 7
1675960916 214 119 118 63 52 4 6 9 9 8 17 11 13 13 13 12 10 9 8 7
1675962061 215 119 118 63 52 4 6 9 9 8 17 11 13 13 13 12 10 9 8 7
1675991879 215 119 118 63 52 4 6 9 9 8 17 11 13 13 13 12 10 9 8 7
1676023482 216 119 118 63 52 4 6 9 9 8 17 11 13 13 13 12 10 9 8 7
1676023865 217 119 118 63 52 4 6 9 9 8 17 11 13 13 13 12 10 9 8 7
1676024082 218 119 118 63 52 4 6 9 9 8 17 11 13 13 13 12 10 9 8 7
1676024576 219 119 118 63 52 4 6 9 9 8 17 11 13 13 13 12 10 9 8 7
1676024591 220 119 118 63 52 4 6 9 9 8 17 11 13 13 13 12 10 9 8 7
1676026212 221 119 118 63 52 4 6 9 9 8 17 11 13 13 13 12 10 9 8 7
1676026366 222 119 118 63 52 4 6 9 9 8 17 11 13 13 13 12 10 9 8 7
1676026554 223 119 118 63 52 4 6 9 9 8 17 11 13 13 13 12 10 9 8 7
1676026921 224 119 118 63 52 4 6 9 9 8 17 11 13 13 13 12 10 9 8 7
1676031746 225 119 118 63 52 4 6 9 9 8 17 11 13 13 13 12 10 9 8 7
1676032018 225 120 118 63 52 4 6 9 9 8 17 11 13 13 13 12 10 9 8 7
1676035492 226 120 118 63 52 4 6 9 9 8 17 11 13 13 13 12 10 9 8 7
1676039727 227 120 118 63 52 4 6 9 9 8 17 11 13 13 13 12 10 9 8 7
1676043385 228 120 118 63 52 4 6 9 9 8 17 11 13 13 13 12 10 9 8 7
1676090073 228 120 118 63 52 4 6 9 9 9 17 11 13 13 13 12 10 9 8 7
1676277206 228 121 118 63 52 4 6 9 9 9 17 11 13 13 13 12 10 9 8 7
1676302778 229 121 118 63 52 4 6 9 9 9 17 11 13 13 13 12 10 9 8 7
1676304638 229 122 118 63 52 4 6 9 9 9 17 11 13 13 13 12 10 9 8 7
1676307365 229 123 118 63 52 4 6 9 9 9 17 11 13 13 13 12 10 9 8 7
1676453941 229 124 118 63 52 4 6 9 9 9 17 11 13 13 13 12 10 9 8 7
1676456687 234 125 118 63 52 4 6 9 9 9 17 11 13 13 13 12 10 9 8 7
1676553737 239 126 118 63 52 4 6 9 9 9 17 11 13 13 13 12 10 9 8 7
1676555658 241 126 118 63 52 4 6 9 9 9 17 11 13 13 13 12 10 9 8 7
1676560625 242 126 118 63 52 4 6 9 9 9 17 11 13 13 13 12 10 9 8 7
1676561287 243 126 118 63 52 4 6 9 9 9 17 11 13 13 13 12 10 9 8 7
1676565569 247 126 118 63 52 4 6 9 9 9 17 11 13 13 13 12 10 9 8 7
1676628565 248 126 118 63 52 4 6 9 9 9 17 11 13 13 13 12 10 9 8 7
1676629905 249 126 118 63 52 4 6 9 9 9 17 11 13 13 13 12 10 9 8 7
1676630824 250 126 118 63 52 4 6 9 9 9 17 11 13 13 13 12 10 9 8 7
1676630863 251 126 118 63 52 4 6 9 9 9 17 11 13 13 13 12 10 9 8 7
1676631185 252 126 118 63 52 4 6 9 9 9 17 11 13 13 13 12 10 9 8 7
1676631347 253 126 118 63 52 4 6 9 9 9 17 11 13 13 13 12 10 9 8 7
1676631494 254 126 118 63 52 4 6 9 9 9 17 11 13 13 13 12 10 9 8 7
1676631547 255 126 118 63 52 4 6 9 9 9 17 11 13 13 13 12 10 9 8 7
1676631646 256 126 118 63 52 4 6 9 9 9 17 11 13 13 13 12 10 9 8 7
1676632209 277 126 118 63 52 4 6 9 9 9 17 11 13 13 13 12 10 9 8 7
1676906854 277 127 118 63 52 4 6 9 9 9 17 11 13 13 13 12 10 9 8 7
1676908006 278 127 118 63 52 4 6 9 9 9 17 11 13 13 13 12 10 9 8 7
1676909767 278 128 118 63 52 4 6 9 9 9 17 11 13 13 13 12 10 9 8 7
1676912542 278 129 118 63 52 4 9 9 9 9 17 11 13 13 13 12 10 9 8 7
1676970245 278 129 118 63 52 4 10 9 9 9 17 11 13 13 13 12 10 9 8 7
1676970323 278 129 118 63 52 4 11 9 9 9 17 11 13 13 13 12 10 9 8 7
1676970413 278 129 118 63 52 4 12 9 9 9 17 11 13 13 13 12 10 9 8 7
1676970889 278 129 118 63 52 4 13 9 9 9 17 11 13 13 13 12 10 9 8 7
1676971350 278 129 118 63 52 4 14 9 9 9 17 11 13 13 13 12 10 9 8 7
1676980268 278 130 118 63 52 4 14 9 9 9 17 11 13 13 13 12 10 9 8 7
1676983050 278 131 118 63 52 4 14 9 9 9 17 11 13 13 13 12 10 9 8 7
1677016487 278 131 118 63 52 4 14 9 9 9 17 12 13 13 13 12 10 9 8 7
1677055025 279 131 118 63 52 4 14 9 9 9 17 12 13 13 13 12 10 9 8 7
1677057694 279 132 118 63 52 4 14 9 9 9 17 12 13 13 13 12 10 9 8 7
1677060016 281 133 118 63 52 4 14 9 9 9 17 12 13 13 13 12 10 9 8 7
1677060672 282 133 118 63 52 4 14 9 9 9 17 12 13 13 13 12 10 9 8 7
1677060974 283 133 118 63 52 4 14 9 9 9 17 12 13 13 13 12 10 9 8 7
1677061403 284 133 118 63 52 4 14 9 9 9 17 12 13 13 13 12 10 9 8 7
1677061431 285 133 118 63 52 4 14 9 9 9 17 12 13 13 13 12 10 9 8 7
1677062723 285 134 118 63 52 4 14 9 9 9 17 12 13 13 13 12 10 9 8 7
1677063861 286 134 118 63 52 4 14 9 9 9 17 12 13 13 13 12 10 9 8 7
1677065585 286 135 118 63 52 4 14 9 9 9 17 12 13 13 13 12 10 9 8 7
1677067286 286 136 118 63 52 4 14 9 9 9 17 12 13 13 13 12 10 9 8 7
1677076379 286 136 118 63 52 4 15 9 9 9 17 12 13 13 13 12 10 9 8 7
1677102039 286 136 118 63 52 4 15 9 9 9 17 13 13 13 13 12 10 9 8 7
1677140332 287 136 118 63 52 4 15 9 9 9 17 13 13 13 13 12 10 9 8 7
1677140365 288 136 118 63 52 4 15 9 9 9 17 13 13 13 13 12 10 9 8 7
1677140457 289 136 118 63 52 4 15 9 9 9 17 13 13 13 13 12 10 9 8 7
1677142106 289 137 118 63 52 4 15 9 9 9 17 13 13 13 13 12 10 9 8 7
1677144577 289 138 118 63 52 4 15 9 9 9 17 13 13 13 13 12 10 9 8 7
1677159666 289 138 118 63 52 4 15 9 9 9 17 14 13 13 13 12 10 9 8 7
1677502798 289 138 118 63 52 4 15 9 9 9 17 15 13 13 13 12 10 9 8 7
1677675570 289 139 118 63 52 4 15 9 9 9 17 15 13 13 13 12 10 9 8 7
1677677445 289 140 118 63 52 4 15 9 9 9 17 15 13 13 13 12 10 9 8 7
1677690363 289 140 118 63 52 4 15 9 10 9 17 15 13 13 13 12 10 9 8 7
1677754746 289 141 118 63 52 4 15 9 10 9 17 15 13 13 13 12 10 9 8 7
1678122758 289 141 118 63 52 4 15 9 11 9 17 15 13 13 13 12 10 9 8 7
1678290978 290 141 118 63 52 5 15 9 11 9 17 15 13 13 13 12 10 9 8 7
1678460056 290 141 118 63 52 6 15 9 11 9 17 15 13 13 13 12 10 9 8 7
1678461922 290 141 118 63 52 7 15 9 11 9 17 15 13 13 13 12 10 9 8 7
1678463283 290 141 118 63 52 8 15 9 11 9 17 15 13 13 13 12 10 9 8 7
1678464293 290 141 118 63 52 9 15 9 11 9 17 15 13 13 13 12 10 9 8 7
1678477928 290 141 118 63 52 10 15 9 11 9 17 15 13 13 13 12 10 9 8 7
1678485091 290 141 118 63 52 11 15 9 11 9 17 15 13 13 13 12 10 9 8 7
1678486141 290 141 118 63 52 12 15 9 11 9 17 15 13 13 13 12 10 9 8 7
1678487536 290 141 118 63 52 13 15 9 11 9 17 15 13 13 13 12 10 9 8 7
1678621147 290 141 118 63 52 14 15 9 11 9 17 15 13 13 13 12 10 9 8 7
1678654744 290 141 118 63 52 15 15 9 11 9 17 15 13 13 13 12 10 9 8 7
1678659321 290 141 118 63 52 16 15 9 11 9 17 15 13 13 13 12 10 9 8 7
1678660481 290 141 118 63 52 17 15 9 11 9 17 15 13 13 13 12 10 9 8 7
1678661287 290 141 118 63 52 18 15 9 11 9 17 15 13 13 13 12 10 9 8 7
1678664088 290 141 118 63 52 19 15 9 11 9 17 15 13 13 13 12 10 9 8 7
1678719699 290 141 118 63 52 20 15 9 11 9 17 15 13 13 13 12 10 9 8 7
1678719781 290 141 118 63 52 21 15 9 11 9 17 15 13 13 13 12 10 9 8 7
1678723342 290 141 118 63 52 22 15 9 11 9 17 15 13 13 13 12 10 9 8 7
1678734602 290 141 118 63 52 23 15 9 11 9 17 15 13 13 13 12 10 9 8 7
1678735753 290 141 118 63 52 24 15 9 11 9 17 15 13 13 13 12 10 9 8 7
1678737195 290 141 118 63 52 25 15 9 11 9 17 15 13 13 13 12 10 9 8 7
1678737266 290 141 118 63 52 26 15 9 11 9 17 15 13 13 13 12 10 9 8 7
1678737572 290 141 118 63 52 27 15 9 11 9 17 15 13 13 13 12 10 9 8 7
1678798410 291 141 118 63 52 27 15 9 11 9 17 15 13 13 13 12 10 9 8 7
1678798595 292 141 118 63 52 27 15 9 11 9 17 15 13 13 13 12 10 9 8 7
1678801682 292 142 118 63 52 27 15 9 11 9 17 15 13 13 13 12 10 9 8 7
1678807286 292 142 118 63 52 28 15 9 11 9 17 15 13 13 13 12 10 9 8 7
1678811410 292 143 118 63 52 28 15 9 11 9 17 15 13 13 13 12 10 9 8 7
1678812335 292 143 118 63 52 28 15 9 11 9 17 15 13 13 13 12 10 9 8 7
1678813279 292 144 118 63 52 28 15 9 11 9 17 15 13 13 13 12 10 9 8 7
1678832314 292 145 118 63 52 28 15 9 11 10 17 15 13 13 13 12 10 9 8 7
1678835127 292 146 118 63 52 28 15 9 11 10 17 15 13 13 13 12 10 9 8 7
1678835205 292 147 118 63 52 28 15 9 11 10 17 15 13 13 13 12 10 9 8 7
1678838038 292 148 118 63 52 28 15 9 11 10 17 15 13 13 13 12 10 9 8 7
1678864022 292 148 118 63 52 28 15 9 11 10 17 15 13 13 13 12 10 9 8 7
1678886406 292 148 118 63 52 28 15 10 11 10 17 15 13 13 13 12 10 9 8 7
1678911417 292 148 118 63 52 29 15 10 11 10 17 15 13 13 13 12 10 9 8 7
1678978730 292 148 118 63 52 30 15 10 11 10 17 15 13 13 13 12 10 9 8 7
1678986165 292 148 118 63 52 30 15 10 12 10 17 15 13 13 13 12 10 9 8 7
1678988097 292 149 118 63 52 30 15 10 12 10 17 15 13 13 13 12 10 9 8 7
1679416906 293 149 118 63 52 30 15 10 12 10 17 15 13 13 13 12 10 9 8 7
1679417728 294 149 118 63 52 30 15 10 12 10 17 15 13 13 13 12 10 9 8 7
1679417949 295 149 118 63 52 30 15 10 12 10 17 15 13 13 13 12 10 9 8 7
1679499128 295 150 118 63 52 30 15 10 12 11 17 15 13 13 13 12 10 9 8 7
1679569055 295 151 118 63 52 30 15 10 12 11 17 15 13 13 13 12 10 9 8 7
1679571899 295 152 118 63 52 30 15 10 12 11 17 15 13 13 13 12 10 9 8 7
1679576254 295 152 118 63 52 30 15 10 12 11 17 15 13 13 13 12 10 9 8 7
1679590417 295 152 118 63 52 30 15 11 12 11 17 15 13 13 13 12 10 9 8 7
1679593353 295 153 118 63 52 30 15 11 12 11 17 15 13 13 13 12 10 9 8 7
1679595986 295 154 118 63 52 30 15 11 12 11 17 15 13 13 13 12 10 9 8 7
1679677314 295 154 118 63 52 30 15 11 13 11 17 15 13 13 13 12 10 9 8 7
1679910940 295 154 118 63 52 30 15 12 13 11 17 15 13 13 13 12 10 9 8 7
1679936742 295 154 118 63 52 30 15 12 14 11 17 15 13 13 13 12 10 9 8 7
1679997848 295 154 118 63 52 30 15 13 14 11 17 15 13 13 13 12 10 9 8 7
1680278923 296 154 118 63 52 30 15 13 14 11 17 15 13 13 13 12 10 9 8 7
1680279377 297 154 118 63 52 30 15 13 14 11 17 15 13 13 13 12 10 9 8 7
1680511445 298 154 118 63 52 30 15 13 14 11 17 15 13 13 13 12 10 9 8 7
1680511546 299 154 118 63 52 30 15 13 14 11 17 15 13 13 13 12 10 9 8 7
1680512047 300 154 118 63 52 30 15 13 14 11 17 15 13 13 13 12 10 9 8 7
1680512172 301 154 118 63 52 30 15 13 14 11 17 15 13 13 13 12 10 9 8 7
1680512237 302 154 118 63 52 30 15 13 14 11 17 15 13 13 13 12 10 9 8 7
1680512338 303 154 118 63 52 30 15 13 14 11 17 15 13 13 13 12 10 9 8 7
1680512372 304 154 118 63 52 30 15 13 14 11 17 15 13 13 13 12 10 9 8 7
1680512714 305 154 118 63 52 30 15 13 14 12 17 15 13 13 13 12 10 9 8 7
1680609847 305 155 118 63 52 30 15 13 14 12 17 15 13 13 13 12 10 9 8 7
1680612195 305 156 118 63 52 30 15 13 14 12 17 15 13 13 13 12 10 9 8 7
1680681915 306 156 118 63 52 30 15 13 14 12 17 15 13 13 13 12 10 9 8 7
1680682119 307 156 118 63 52 30 15 13 14 12 17 15 13 13 13 12 10 9 8 7
1680684966 307 157 118 63 52 30 15 13 14 12 17 15 13 13 13 12 10 9 8 7
1680687807 307 158 118 63 52 30 15 13 14 12 17 15 13 13 13 12 10 9 8 7
1680705969 308 158 118 63 52 30 15 13 14 12 17 15 13 13 13 12 10 9 8 7
1680706614 309 158 118 63 52 30 15 13 14 12 17 15 13 13 13 12 10 9 8 7
1680707233 310 158 118 63 52 30 15 13 14 12 17 15 13 13 13 12 10 9 8 7
1680707512 311 158 118 63 52 30 15 13 14 12 17 15 13 13 13 12 10 9 8 7
1680707774 312 158 118 63 52 30 15 13 14 12 17 15 13 13 13 12 10 9 8 7
1680707901 313 158 118 63 52 30 15 13 14 12 17 15 13 13 13 12 10 9 8 7
1680773345 314 158 118 63 52 30 15 13 14 12 17 15 13 13 13 12 10 9 8 7
1680773680 315 158 118 63 52 30 15 13 14 12 17 15 13 13 13 12 10 9 8 7
1680773787 316 158 118 63 52 30 15 13 14 12 17 15 13 13 13 12 10 9 8 7
1680775430 317 158 118 63 52 30 15 13 14 12 17 15 13 13 13 12 10 9 8 7
1680775955 318 158 118 63 52 30 15 13 14 12 17 15 13 13 13 12 10 9 8 7
1680785502 319 158 118 63 52 30 15 13 14 12 17 15 13 13 13 12 10 9 8 7
1680785517 320 158 118 63 52 30 15 13 14 12 17 15 13 13 13 12 10 9 8 7
1680785541 321 158 118 63 52 30 15 13 14 12 17 15 13 13 13 12 10 9 8 7
1680785689 322 158 118 63 52 30 15 13 14 12 17 15 13 13 13 12 10 9 8 7
1680785953 323 158 118 63 52 30 15 13 14 12 17 15 13 13 13 12 10 9 8 7
1680785964 324 158 118 63 52 30 15 13 14 12 17 15 13 13 13 12 10 9 8 7
1680786062 325 158 118 63 52 30 15 13 14 12 17 15 13 13 13 12 10 9 8 7
1680786177 326 158 118 63 52 30 15 13 14 12 17 15 13 13 13 12 10 9 8 7
1680786303 327 158 118 63 52 30 15 13 14 12 17 15 13 13 13 12 10 9 8 7
1680787006 328 158 118 63 52 30 15 13 14 12 17 15 13 13 13 12 10 9 8 7
1680787455 329 158 118 63 52 30 15 13 14 12 17 15 13 13 13 12 10 9 8 7
1680787727 330 158 118 63 52 30 15 13 14 12 17 15 13 13 13 12 10 9 8 7
1680787859 331 158 118 63 52 30 15 13 14 12 17 15 13 13 13 12 10 9 8 7
1680886842 331 158 118 63 52 30 15 13 15 12 17 15 13 13 13 12 10 9 8 7
1680928334 331 158 118 63 52 30 15 13 15 13 17 15 13 13 13 12 10 9 8 7
1681209737 331 158 118 63 52 30 15 14 15 13 17 15 13 13 13 12 10 9 8 7
1681212545 331 159 118 63 52 30 15 14 15 13 17 15 13 13 13 12 10 9 8 7
1681214375 331 160 118 63 52 30 15 14 15 13 17 15 13 13 13 12 10 9 8 7
1681311335 332 160 118 63 52 30 15 14 15 13 17 15 13 13 13 12 10 9 8 7
1681316035 333 160 118 63 52 30 15 14 15 13 17 15 13 13 13 12 10 9 8 7
1681316166 333 161 118 63 52 30 15 14 15 13 17 15 13 13 13 12 10 9 8 7
1681317954 334 162 118 63 52 30 20 15 15 13 17 15 13 13 13 12 10 9 8 7
1681392859 334 162 118 63 52 30 21 15 15 13 17 15 13 13 13 12 10 9 8 7
1681392872 334 162 118 63 52 30 22 15 15 13 17 15 13 13 13 12 10 9 8 7
1681393089 334 162 118 63 52 30 23 15 15 13 17 15 13 13 13 12 10 9 8 7
1681393793 334 162 118 63 52 30 24 15 15 13 17 15 13 13 13 12 10 9 8 7
1681393816 334 162 118 63 52 30 25 15 15 13 17 15 13 13 13 12 10 9 8 7
1681394060 334 162 118 63 52 30 26 15 15 13 17 15 13 13 13 12 10 9 8 7
1681394470 334 162 118 63 52 30 27 15 15 13 17 15 13 13 13 12 10 9 8 7
1681394515 334 162 118 63 52 30 28 15 15 13 17 15 13 13 13 12 10 9 8 7
1681405228 334 162 118 63 52 30 28 15 16 13 17 15 13 13 13 12 10 9 8 7
1681460586 334 162 118 63 52 30 28 16 16 13 17 15 13 13 13 12 10 9 8 7
1681725042 334 163 118 63 52 30 28 16 16 13 17 15 13 13 13 12 10 9 8 7
1681726969 334 164 118 63 52 30 28 16 16 14 17 15 13 13 13 12 10 9 8 7
1681733276 335 164 118 63 52 30 28 16 16 14 17 15 13 13 13 12 10 9 8 7
1681735889 335 165 118 63 52 30 28 16 16 14 17 15 13 13 13 12 10 9 8 7
1681738760 335 166 118 63 52 30 28 16 16 14 17 15 13 13 13 12 10 9 8 7
1681738766 335 167 118 63 52 30 28 16 16 14 17 15 13 13 13 12 10 9 8 7
1681741597 335 168 118 63 52 30 28 16 16 14 17 15 13 13 13 12 10 9 8 7
1681805871 335 168 118 63 52 30 28 16 16 14 17 16 13 13 13 12 10 9 8 7
1681810575 335 169 118 63 52 30 28 16 16 14 17 16 13 13 13 12 10 9 8 7
1682987291 335 169 118 63 52 30 28 16 17 14 17 16 13 13 13 12 10 9 8 7
1683110467 335 170 118 63 52 30 28 16 17 14 17 16 13 13 13 12 10 9 8 7
1683306102 335 170 118 63 52 30 28 16 17 14 17 16 13 13 13 12 10 9 8 7
1683564522 335 170 118 63 52 30 28 16 17 14 17 16 13 13 13 12 10 9 8 7
1683637886 336 170 118 63 52 30 28 16 17 14 17 16 13 13 13 12 10 9 8 7
1683643729 336 171 118 63 52 30 28 16 17 14 17 16 13 13 13 12 10 9 8 7
1683678339 336 171 118 63 52 30 28 16 17 14 17 16 13 13 13 12 10 9 8 7
1683723354 336 171 118 63 52 30 28 16 17 15 17 16 13 13 13 12 10 9 8 7
1683806276 336 171 118 63 52 30 28 17 17 15 17 16 13 13 13 12 10 9 8 7
1683807745 336 172 118 63 52 30 28 17 17 15 17 16 13 13 13 12 10 9 8 7
1683810224 336 173 118 63 52 30 28 17 17 15 17 16 13 13 13 12 10 9 8 7
1683823213 336 173 118 63 52 30 28 17 17 15 17 16 13 13 13 12 10 9 8 7
1684110400 336 173 118 63 52 30 28 17 17 15 17 16 13 13 13 12 10 9 8 7
1684171776 336 174 118 63 52 30 28 17 17 15 17 16 13 13 13 12 10 9 8 7
1684234549 336 174 118 63 52 30 28 18 17 15 17 16 13 13 13 12 10 9 8 7
1684236064 336 174 118 63 52 30 28 19 17 16 17 16 13 13 13 12 10 9 8 7
1684237144 336 175 118 63 52 30 28 19 17 16 17 16 13 13 13 12 10 9 8 7
1684239181 336 176 118 63 52 30 28 19 17 16 17 16 13 13 13 12 10 9 8 7
1684239186 336 177 118 63 52 30 28 19 17 16 17 16 13 13 13 12 10 9 8 7
1684241564 336 178 118 63 52 30 28 19 17 16 17 16 13 13 13 12 10 9 8 7
1684557129 336 178 118 63 52 30 28 19 17 17 17 16 13 13 13 12 10 9 8 7
1684855298 336 179 118 63 52 30 28 19 17 17 17 16 13 13 13 12 10 9 8 7
1684923264 336 179 118 63 52 31 28 19 17 17 17 16 13 13 13 12 10 9 8 7
1684927882 336 180 118 63 52 31 28 19 17 17 17 16 13 13 13 12 10 9 8 7
1684947632 336 180 118 63 52 31 28 19 18 17 17 16 13 13 13 12 10 9 8 7
1685104844 336 180 118 63 52 31 28 20 18 17 17 16 13 13 13 12 10 9 8 7
1686330020 336 180 118 63 52 31 28 20 19 17 17 16 13 13 13 12 10 9 8 7
1686976344 336 180 118 63 52 31 28 20 19 18 17 16 13 13 13 12 10 9 8 7
1687168259 336 180 118 63 52 31 28 21 19 18 17 16 13 13 13 12 10 9 8 7
1687171513 336 180 118 63 52 31 28 22 19 18 17 16 13 13 13 12 10 9 8 7
1687194097 336 180 118 63 52 31 28 22 20 18 17 16 13 13 13 12 10 9 8 7
1687441190 336 180 118 63 52 31 28 23 20 18 17 16 13 13 13 12 10 9 8 7
1688790835 336 180 118 63 52 31 28 23 20 19 17 16 13 13 13 12 10 9 8 7
1689590500 336 181 118 63 52 31 28 23 20 19 17 16 13 13 13 12 10 9 8 7
