1512895959 0 0 59 0 0 0 0 0 0 0 0 0 0 0 0 0 0 0 0 0
1512896161 0 0 64 0 0 0 0 0 0 0 0 0 0 0 0 0 0 0 0 0
1512896228 0 0 322 0 0 0 0 0 0 0 0 0 0 0 0 0 0 0 0 0
1512896396 0 0 326 0 0 0 0 0 0 0 0 0 0 0 0 0 0 0 0 0
1512916655 0 0 330 0 0 0 0 0 0 0 0 0 0 0 0 0 0 0 0 0
1512916755 0 0 333 0 0 0 0 0 0 0 0 0 0 0 0 0 0 0 0 0
1512916926 0 0 346 0 0 0 0 0 0 0 0 0 0 0 0 0 0 0 0 0
1512917242 0 0 490 0 0 0 0 0 0 0 0 0 0 0 0 0 0 0 0 0
1512917330 0 0 494 0 0 0 0 0 0 0 0 0 0 0 0 0 0 0 0 0
1512920451 0 0 495 0 0 0 0 0 0 0 0 0 0 0 0 0 0 0 0 0
1512923706 0 0 522 0 0 0 0 0 0 0 0 0 0 0 0 0 0 0 0 0
1512925514 0 0 524 0 0 0 0 0 0 0 0 0 0 0 0 0 0 0 0 0
1512930522 0 0 536 0 0 0 0 0 0 0 0 0 0 0 0 0 0 0 0 0
1512930569 0 0 537 0 0 0 0 0 0 0 0 0 0 0 0 0 0 0 0 0
1512988280 0 0 554 0 0 0 0 0 0 0 0 0 0 0 0 0 0 0 0 0
1512990741 0 0 650 0 0 0 0 0 0 0 0 0 0 0 0 0 0 0 0 0
1513014557 0 0 650 0 0 0 0 0 0 0 0 0 0 0 0 0 0 0 0 0
1513291008 0 0 652 0 0 0 0 0 0 0 0 0 0 0 0 0 0 0 0 0
1513291153 0 0 652 0 0 0 0 0 0 0 0 0 0 0 0 0 0 0 0 0
1513292259 0 0 655 0 0 0 0 0 0 0 0 0 0 0 0 0 0 0 0 0
1513293064 0 0 656 0 0 0 0 0 0 0 0 0 0 0 0 0 0 0 0 0
1513340272 0 0 656 0 0 0 0 0 0 0 0 0 0 0 0 0 0 0 0 0
1513514359 0 0 657 0 0 0 0 0 0 0 0 0 0 0 0 0 0 0 0 0
1513514446 0 0 662 0 0 0 0 0 0 0 0 0 0 0 0 0 0 0 0 0
1514300483 0 0 662 0 0 0 0 0 0 0 0 0 0 0 0 0 0 0 0 0
1514327759 0 0 667 0 0 0 0 0 0 0 0 0 0 0 0 0 0 0 0 0
1514330218 0 0 675 0 0 0 0 0 0 0 0 0 0 0 0 0 0 0 0 0
1514330307 0 0 675 0 0 0 0 0 0 0 0 0 0 0 0 0 0 0 0 0
1514330643 0 0 680 0 0 0 0 0 0 0 0 0 0 0 0 0 0 0 0 0
1514330748 0 0 680 0 0 0 0 0 0 0 0 0 0 0 0 0 0 0 0 0
1514333117 0 0 716 0 0 0 0 0 0 0 0 0 0 0 0 0 0 0 0 0
1516322040 0 0 716 0 0 0 0 0 0 0 0 0 0 0 0 0 0 0 0 0
1516361693 0 0 716 0 0 0 0 0 0 0 0 0 0 0 0 0 0 0 0 0
1519218851 0 0 721 0 0 0 0 0 0 0 0 0 0 0 0 0 0 0 0 0
1520714832 0 0 722 0 0 0 0 0 0 0 0 0 0 0 0 0 0 0 0 0
1520714858 0 0 739 0 0 0 0 0 0 0 0 0 0 0 0 0 0 0 0 0
1521320322 0 0 749 0 0 0 0 0 0 0 0 0 0 0 0 0 0 0 0 0
1521371180 0 0 750 0 0 0 0 0 0 0 0 0 0 0 0 0 0 0 0 0
1521371274 0 0 755 0 0 0 0 0 0 0 0 0 0 0 0 0 0 0 0 0
1525086046 0 0 755 0 0 0 0 0 0 0 0 0 0 0 0 0 0 0 0 0
1525087614 0 0 755 0 0 0 0 0 0 0 0 0 0 0 0 0 0 0 0 0
1529230176 0 0 764 0 0 0 0 0 0 0 33 0 0 0 0 0 0 0 0 0
1529236128 0 0 771 0 0 0 0 0 0 0 33 0 0 0 0 0 0 0 0 0
1529237702 0 0 777 0 0 0 0 0 0 0 33 0 0 0 0 0 0 0 0 0
1529237972 0 0 777 0 0 0 0 0 0 0 33 0 0 0 0 0 0 0 0 0
1530352944 0 0 777 0 0 0 0 0 0 0 33 0 0 0 0 0 0 0 0 0
1530392190 0 0 788 0 0 0 0 0 0 0 33 0 0 0 0 0 0 0 0 0
1530392649 0 0 811 0 0 0 0 0 0 0 33 0 0 0 0 0 0 0 0 0
1530543462 0 0 811 0 0 0 0 0 0 0 33 0 0 0 0 0 0 0 3 0
1530565214 0 0 811 0 0 0 0 0 0 0 33 0 0 0 0 0 0 0 3 0
1530565291 0 0 812 0 0 0 0 0 0 0 33 0 0 0 0 0 0 0 3 0
1532337243 0 0 812 0 0 0 0 0 0 0 33 0 1 0 0 0 0 0 3 0
1532378523 0 0 812 0 0 0 0 0 0 0 33 0 1 0 0 0 0 0 3 0
1533730692 0 0 812 0 0 0 0 0 0 0 59 0 1 0 0 0 0 0 3 0
1533904204 0 0 812 0 0 0 0 0 0 0 59 0 1 0 0 0 0 0 3 0
1535576854 0 0 812 0 0 0 0 0 0 0 59 0 1 1 0 0 0 0 3 0
1535577346 0 0 812 0 0 0 0 0 0 0 59 0 1 16 0 0 0 0 3 0
1535578133 0 0 812 0 0 0 0 0 0 0 59 0 1 35 0 0 0 0 3 0
1535578583 0 0 812 0 0 0 0 0 0 0 59 0 1 57 0 0 0 0 3 0
1535711863 0 0 812 0 0 0 0 0 0 0 59 0 1 64 0 0 0 0 3 0
1535928813 0 0 812 0 0 0 0 0 0 0 59 0 1 64 0 0 0 0 3 0
1535967883 0 0 812 0 0 0 0 0 0 0 59 0 1 69 0 0 0 0 3 0
1535970444 0 0 812 0 0 0 0 0 0 0 59 0 1 69 0 0 0 0 3 0
1535977953 0 0 812 0 0 0 0 0 0 0 59 0 1 69 0 0 0 0 3 0
1537461703 0 0 812 0 0 0 0 0 0 0 59 0 3 69 0 0 0 0 3 0
1537856365 0 0 812 0 0 0 0 0 0 0 59 0 19 69 0 0 0 0 3 0
1538059861 0 0 812 0 0 0 0 0 0 0 59 0 75 69 0 0 0 0 3 0
1540031147 0 0 825 0 0 0 0 0 0 0 59 0 75 69 0 0 0 0 3 0
1540031304 0 0 825 0 0 0 0 0 0 0 59 0 75 69 0 0 0 0 3 0
1540229518 0 0 825 0 0 0 0 0 0 0 59 0 75 125 0 0 0 0 3 0
1540229705 0 0 825 0 0 0 0 0 0 0 59 0 75 143 0 0 0 0 3 0
1540239853 0 0 825 0 0 0 0 0 0 0 59 0 75 143 0 0 0 0 3 0
1540313650 0 0 825 0 0 0 0 0 0 0 59 0 75 152 0 0 0 0 3 0
1540329308 0 0 832 0 0 0 0 0 0 0 59 0 75 152 0 0 0 0 3 0
1540395863 0 0 832 0 0 0 0 0 0 0 59 0 75 153 0 0 0 0 3 0
1540416175 0 0 832 0 0 0 0 0 0 0 59 0 75 153 0 0 0 0 3 0
1540416996 0 0 832 0 0 0 0 0 0 0 59 0 75 175 0 0 0 0 3 0
1540417581 0 0 832 0 0 0 0 0 0 0 59 0 75 305 0 0 0 0 3 0
1540462435 0 0 832 0 0 0 0 0 0 0 59 0 75 305 0 0 0 0 3 0
1540502431 0 0 833 0 0 0 0 0 0 0 59 0 75 305 0 0 0 0 3 0
1540502542 0 0 835 0 0 0 0 0 0 0 59 0 75 305 0 0 0 0 3 0
1542114510 0 0 876 0 0 0 0 0 0 0 59 0 75 305 0 0 0 0 3 0
1542115263 0 0 882 0 0 0 0 0 0 0 59 0 75 305 0 0 0 0 3 0
1542116286 0 0 1060 0 0 0 0 0 0 0 59 0 75 305 0 0 0 0 3 0
1542131975 0 0 1060 0 0 0 0 0 0 0 59 0 75 305 0 0 0 0 3 0
1542132001 0 0 1060 0 0 0 0 0 0 0 59 0 75 305 0 0 0 0 3 0
1542141425 0 0 1061 0 0 0 0 0 0 0 59 0 75 305 0 0 0 0 3 0
1542141703 0 0 1066 0 0 0 0 0 0 0 59 0 75 305 0 0 0 0 3 0
1542143141 0 0 1079 0 0 0 0 0 0 0 59 0 75 305 0 0 0 0 3 0
1542188643 0 0 1079 0 0 0 0 0 0 0 59 0 75 305 0 0 0 0 3 0
1542200905 0 0 1079 0 0 0 0 0 0 0 59 0 75 305 0 0 0 0 3 0
1542285189 0 0 1192 0 0 0 0 0 0 0 59 0 75 305 0 0 0 0 3 0
1542369739 0 0 1192 0 0 0 0 0 0 0 59 0 75 305 0 0 0 0 3 0
1542370009 0 0 1498 0 0 0 0 0 0 0 59 0 75 305 0 0 0 0 3 0
1542448835 0 0 1510 0 0 0 0 0 0 0 59 0 75 305 0 0 0 0 3 0
1542449241 0 0 1531 0 0 0 0 0 0 0 59 0 75 305 0 0 0 0 3 0
1542450552 0 0 1548 0 0 0 0 0 0 0 59 0 75 305 0 0 0 0 3 0
1542729423 0 0 1548 0 0 0 0 0 0 0 59 0 75 305 0 0 0 0 3 0
1542741627 0 0 1548 0 0 0 0 0 0 0 59 0 75 305 0 0 0 0 3 0
1542754229 0 0 1555 0 0 0 0 0 0 0 59 0 75 305 0 0 0 0 3 0
1542807898 0 0 1589 0 0 0 0 0 0 0 59 0 75 305 0 0 0 0 3 0
1542808309 0 0 1589 0 0 0 0 0 0 0 59 0 75 305 0 0 0 0 3 0
1543233183 0 0 1590 0 0 0 0 0 0 0 59 0 75 305 0 0 0 0 3 0
1543914404 0 0 1590 0 0 0 0 0 0 0 59 0 88 305 0 0 0 0 3 0
1543930668 0 0 1590 0 0 0 0 0 0 0 59 0 88 305 0 0 0 0 3 0
1543932590 0 0 1590 0 0 0 0 0 0 0 59 0 88 305 0 0 0 0 3 0
1543935064 0 0 1593 0 0 0 0 0 0 0 59 0 88 305 0 0 0 0 3 0
1544359599 0 0 1594 0 0 0 0 0 0 0 59 0 88 305 0 0 0 0 3 0
1544360344 0 0 1594 0 0 0 0 0 0 0 59 0 88 305 0 0 0 0 3 0
1544537020 0 0 1594 0 0 0 0 0 0 0 59 0 88 305 0 0 0 0 3 0
1545053718 1 0 1594 0 0 0 0 0 0 0 59 0 88 305 0 0 0 0 3 0
1545086208 1 0 1594 0 0 0 0 0 0 0 59 0 88 305 0 0 0 0 3 0
1545120851 1 0 1594 0 0 0 0 0 0 0 59 0 105 305 0 0 0 0 3 0
1545223211 1 0 1594 0 0 0 0 0 0 0 59 0 105 305 0 0 0 0 3 0
1547559762 1 0 1594 0 0 0 0 0 0 0 59 0 105 305 0 0 0 0 3 0
1547566537 1 0 1594 0 0 0 0 0 0 0 59 0 105 305 0 0 0 0 3 0
1547651699 1 0 1594 0 0 0 0 0 0 0 59 0 105 305 0 0 0 0 3 0
1547651779 1 0 1594 0 0 0 0 0 0 0 59 0 105 305 0 0 0 0 3 0
1547745499 1 0 1602 0 0 0 0 0 0 0 59 0 105 305 0 0 0 0 3 0
1547816517 1 0 1602 0 0 0 0 0 0 0 59 0 105 305 0 0 0 0 3 0
1547817807 1 0 1602 0 0 0 0 0 0 0 59 0 105 305 0 0 0 0 3 0
1548410107 1 0 1602 0 0 0 0 0 0 0 59 0 105 305 0 0 0 0 3 0
1548412738 1 0 1602 0 0 0 0 0 0 0 59 0 105 305 0 0 0 0 3 0
1548414270 1 0 1602 0 0 0 0 0 0 0 59 0 105 305 0 0 0 0 3 0
1548670392 1 0 1602 0 0 0 0 0 0 0 59 0 105 305 0 0 0 0 3 0
1548687303 1 0 1602 0 0 0 0 0 0 0 59 0 105 305 0 0 0 0 3 0
1548690617 1 0 1602 0 0 0 0 0 0 0 59 0 105 305 0 0 0 0 3 0
1548692169 1 0 1602 0 0 0 0 0 0 0 59 0 105 305 0 0 0 0 3 0
1548769327 1 0 1602 0 0 0 0 0 0 0 59 0 105 340 0 0 0 0 3 0
1548787147 1 0 1602 0 0 0 0 0 0 0 59 0 105 340 0 0 0 0 3 0
1548796243 1 0 1602 0 0 0 0 0 0 0 59 0 105 340 0 0 0 0 3 0
1548944681 2 0 1602 0 0 0 0 0 0 0 59 0 105 340 0 0 0 0 3 0
1548948684 2 0 1602 0 0 0 0 0 0 0 59 0 105 340 0 0 0 0 3 0
1550483225 2 0 1602 0 0 0 0 0 0 0 59 0 105 340 0 0 0 0 3 0
1556191423 2 0 1602 0 0 0 0 0 0 0 59 0 105 340 0 0 0 0 3 0
1556194964 2 0 1602 0 0 0 0 0 0 0 62 0 105 340 0 0 0 0 3 0
1556195025 2 0 1602 0 0 0 0 0 0 0 146 0 105 340 0 0 0 0 3 0
1556200127 2 0 1602 0 0 0 0 0 0 0 146 0 105 340 0 0 0 0 3 0
1556543868 2 0 1602 0 0 0 0 0 0 0 146 0 105 340 0 0 0 0 3 0
1557230564 2 0 1602 0 0 0 0 0 0 0 150 0 105 340 0 0 0 0 3 0
1557232040 2 0 1602 0 0 0 0 0 0 0 150 0 105 340 0 0 0 0 3 0
1559483039 2 0 1602 0 0 0 0 0 0 0 162 0 105 340 0 0 0 0 3 0
1559549615 2 0 1602 0 0 0 0 0 0 0 173 0 105 340 0 0 0 0 3 0
1559550960 2 0 1602 0 0 0 0 0 0 0 173 0 105 340 0 0 0 0 3 0
1563623924 2 0 1603 0 0 0 0 0 0 0 173 0 105 340 0 0 0 0 3 0
1563627889 2 0 1610 0 0 0 0 0 0 0 173 0 105 340 0 0 0 0 3 0
1563636038 2 0 1610 0 0 0 0 0 0 0 173 0 105 340 0 0 0 0 3 0
1563636918 2 0 1610 0 0 0 0 0 0 0 173 0 105 340 0 0 0 0 3 0
1568238780 2 0 1610 0 0 0 0 0 0 0 173 0 105 340 0 0 0 0 3 0
1568368002 2 0 1610 0 0 0 0 0 0 0 173 0 105 340 0 0 0 0 3 0
1568834378 2 0 1610 0 0 0 0 0 0 0 173 0 105 340 0 0 0 0 3 0
1568836207 2 0 1610 0 0 0 0 0 0 0 173 0 105 340 0 0 0 0 3 0
1571837565 43 0 1610 0 0 0 0 0 0 0 173 0 105 340 0 0 0 0 3 0
1571841038 43 0 1610 0 0 0 0 0 0 0 173 0 105 340 0 0 0 0 3 0
1571918013 46 0 1610 0 0 0 0 0 0 0 173 0 105 340 0 0 0 0 3 0
1571919645 46 0 1610 0 0 0 0 0 0 0 173 0 105 340 0 0 0 0 3 0
1572280826 51 0 1610 0 0 0 0 0 0 0 173 0 105 340 0 0 0 0 3 0
1572281959 65 0 1610 0 0 0 0 0 0 0 173 0 105 340 0 0 0 0 3 0
1572291998 65 0 1610 0 0 0 0 0 0 0 173 0 105 340 0 0 0 0 3 0
1573146792 66 0 1610 0 0 0 0 0 0 0 173 0 105 340 0 0 0 0 3 0
1573216088 258 0 1610 0 0 0 0 0 0 0 173 0 105 340 0 0 0 0 3 0
1573477503 264 0 1610 0 0 0 0 0 0 0 173 0 105 340 0 0 0 0 3 0
1573647437 432 0 1610 0 0 0 0 0 0 0 173 0 105 340 0 0 0 0 3 0
1573649447 435 0 1610 0 0 0 0 0 0 0 173 0 105 340 0 0 0 0 3 0
1573658884 453 0 1610 0 0 0 0 0 0 0 173 0 105 340 0 0 0 0 3 0
1573659044 453 0 1610 0 0 0 0 0 0 0 173 0 105 340 0 0 0 0 3 0
1573727298 488 0 1610 0 0 0 0 0 0 0 173 0 105 340 0 0 0 0 3 0
1573734089 488 0 1610 0 0 0 0 0 0 0 173 0 105 340 0 0 0 0 3 0
1574357542 488 0 1610 0 0 0 0 0 0 0 173 0 105 340 0 0 0 0 3 0
1575310466 488 0 1610 0 0 0 0 0 0 0 195 0 105 340 0 0 0 0 3 0
1575391483 488 0 1610 0 0 0 0 0 0 0 196 0 105 340 0 0 0 0 3 0
1575418916 488 0 1610 0 0 0 0 0 0 0 196 0 105 340 0 0 0 0 3 0
1577726309 500 0 1610 0 0 0 0 0 0 0 196 0 105 340 0 0 0 0 3 0
1577726869 523 0 1610 0 0 0 0 0 0 0 196 0 105 340 0 0 0 0 3 0
1577727483 523 0 1610 0 0 0 0 0 0 0 196 0 105 340 0 0 0 0 3 0
1577988483 526 0 1610 0 0 0 0 0 0 0 196 0 105 340 0 0 0 0 3 0
1577990875 526 0 1610 0 0 0 0 0 0 0 196 0 105 340 0 0 0 0 3 0
1581087992 551 0 1610 0 0 0 0 0 0 0 196 0 105 340 0 0 0 0 3 0
1581090037 597 0 1610 0 0 0 0 0 0 0 196 0 105 340 0 0 0 0 3 0
1581090435 619 0 1610 0 0 0 0 0 0 0 196 0 105 340 0 0 0 0 3 0
1581090615 626 0 1610 0 0 0 0 0 0 0 196 0 105 340 0 0 0 0 3 0
1581325121 626 0 1610 0 0 0 0 0 0 0 196 0 105 340 0 0 0 0 3 0
1581675678 660 0 1610 0 0 0 0 0 0 0 196 0 105 340 0 0 0 0 3 0
1582090782 660 0 1610 0 0 0 0 0 0 0 196 0 105 340 0 0 0 0 3 0
1582304733 660 0 1610 0 0 0 0 0 0 0 209 0 105 340 0 0 0 0 3 0
1582315106 660 0 1610 0 0 0 0 0 0 0 209 0 105 340 0 0 0 0 3 0
1583750810 663 0 1610 0 0 0 0 0 0 0 209 0 105 340 0 0 0 0 3 0
1583751203 665 0 1610 0 0 0 0 0 0 0 209 0 105 340 0 0 0 0 3 0
1583929932 665 0 1610 0 0 0 0 0 0 0 209 0 105 340 0 0 0 0 3 0
1583939380 665 0 1610 0 0 0 0 0 0 0 209 0 106 340 0 0 0 0 3 0
1583939454 665 0 1610 0 0 0 0 0 0 0 209 0 107 340 0 0 0 0 3 0
1583939946 665 0 1610 0 0 0 0 0 0 0 209 0 108 340 0 0 0 0 3 0
1583939948 665 0 1610 0 0 0 0 0 0 0 209 0 109 340 0 0 0 0 3 0
1583945025 665 0 1610 0 0 0 0 0 0 0 209 0 110 340 0 0 0 0 3 0
1585126484 665 0 1610 0 0 0 0 0 0 0 209 0 110 340 0 0 0 0 3 0
1585131191 665 0 1610 0 0 0 0 0 0 0 209 0 115 340 0 0 0 0 3 0
1585131509 665 0 1610 0 0 0 0 0 0 0 209 0 115 340 0 0 0 0 3 0
1585131938 696 0 1610 0 0 0 0 0 0 0 209 0 115 340 0 0 0 0 3 0
1585136343 696 0 1610 0 0 0 0 0 0 0 209 0 115 340 0 0 0 0 3 0
1585156255 696 0 1610 0 0 0 0 0 0 0 209 0 115 340 0 0 0 0 3 0
1585236847 696 0 1610 0 0 0 0 0 0 0 209 0 115 340 0 0 0 0 3 0
1585239546 696 0 1610 0 0 0 0 0 0 0 209 0 115 340 0 0 0 0 3 0
1586696783 696 0 1611 0 0 0 0 0 0 0 209 0 115 340 0 0 0 0 3 0
1586906661 696 0 1619 0 0 0 0 0 0 0 209 0 115 340 0 0 0 0 3 0
1586927183 696 0 1619 0 0 0 0 0 0 0 209 0 115 340 0 0 0 0 3 0
1587201697 696 0 1620 0 0 0 0 0 0 0 209 0 115 340 0 0 0 0 3 0
1587202380 696 0 1620 0 0 0 0 0 0 0 209 0 115 340 0 0 0 0 3 0
1587204731 696 0 1632 0 0 0 0 0 0 0 209 0 115 340 0 0 0 0 3 0
1587210236 696 0 1640 0 0 0 0 0 0 0 209 0 115 340 0 0 0 0 3 0
1587305253 696 0 1665 0 0 0 0 0 0 0 209 0 115 340 0 0 0 0 3 0
1587383442 696 0 1673 0 0 0 0 0 0 0 209 0 115 340 0 0 0 0 3 0
1587385437 696 0 1673 0 0 0 0 0 0 0 209 0 115 340 0 0 0 0 3 0
1587393724 696 0 1673 0 0 0 0 0 0 0 209 0 115 340 0 0 0 0 3 0
1587535849 696 0 1686 0 0 0 0 0 0 0 209 0 115 340 0 0 0 0 3 0
1587536069 696 0 1692 0 0 0 0 0 0 0 209 0 115 340 0 0 0 0 3 0
1587556737 696 0 1693 0 0 0 0 0 0 0 209 0 115 340 0 0 0 0 3 0
1587562777 696 0 1693 0 0 0 0 0 0 0 209 0 115 340 0 0 0 0 3 0
1587563295 696 0 1710 0 0 0 0 0 0 0 209 0 115 340 0 0 0 0 3 0
1587573689 696 0 1710 0 0 0 0 0 0 0 209 0 115 340 0 0 0 0 3 0
1588006484 696 0 1710 0 0 0 0 0 0 0 209 0 115 340 0 0 0 0 3 0
1589817922 696 0 1710 0 0 0 0 0 0 0 209 0 115 340 0 0 0 0 3 0
1592273438 696 0 1710 0 0 0 0 0 0 0 209 0 115 340 0 0 0 0 3 0
1592321445 696 0 1710 0 0 0 0 0 0 0 209 0 115 340 0 0 0 0 3 0
1594977867 700 0 1710 0 0 0 0 0 0 0 209 0 115 340 0 0 0 0 3 0
1595005922 700 0 1710 0 0 0 0 0 0 0 209 0 115 340 0 0 0 0 3 0
1598124886 700 0 1710 0 0 0 0 0 0 0 209 0 115 340 0 0 0 0 3 0
1598259176 700 0 1710 0 0 0 0 0 0 0 209 0 115 340 0 0 0 0 3 0
1598259378 1042 0 1710 0 0 0 0 0 0 0 209 0 115 340 0 0 0 0 3 0
1605006980 1048 0 1710 0 0 0 0 0 0 0 209 0 115 340 0 0 0 0 3 0
1605012102 1154 0 1710 0 0 0 0 0 0 0 209 0 115 340 0 0 0 0 3 0
1605028769 1306 0 1710 0 0 0 0 0 0 0 209 0 115 340 0 0 0 0 3 0
1605106154 1350 0 1710 0 0 0 0 0 0 0 209 0 115 340 0 0 0 0 3 0
1605624893 2228 0 1710 0 0 0 0 0 0 0 209 0 115 340 0 0 0 0 3 0
1606145670 2236 0 1710 0 0 0 0 0 0 0 209 0 115 340 0 0 0 0 3 0
1606146378 2238 0 1710 0 0 0 0 0 0 0 209 0 115 340 0 0 0 0 3 0
1606146542 2243 0 1710 0 0 0 0 0 0 0 209 0 115 340 0 0 0 0 3 0
1606146644 2244 0 1710 0 0 0 0 0 0 0 209 0 115 340 0 0 0 0 3 0
1606147992 2257 0 1710 0 0 0 0 0 0 0 209 0 115 340 0 0 0 0 3 0
1606148509 2282 0 1710 0 0 0 0 0 0 0 209 0 115 340 0 0 0 0 3 0
1606149122 2283 0 1710 0 0 0 0 0 0 0 209 0 115 340 0 0 0 0 3 0
1606150880 2318 0 1710 0 0 0 0 0 0 0 209 0 115 340 0 0 0 0 3 0
1606153679 2336 0 1710 0 0 0 0 0 0 0 209 0 115 340 0 0 0 0 3 0
1606221776 2339 0 1710 0 0 0 0 0 0 0 209 0 115 340 0 0 0 0 3 0
1606740209 2362 0 1710 0 0 0 0 0 0 0 209 0 115 340 0 0 0 0 3 0
1606742660 3995 0 1710 0 0 0 0 0 0 0 209 0 115 340 0 0 0 0 3 0
1606748667 4010 0 1710 0 0 0 0 0 0 0 209 0 115 340 0 0 0 0 3 0
1606749938 4205 0 1710 0 0 0 0 0 0 0 209 0 115 340 0 0 0 0 3 0
1606750773 4210 0 1710 0 0 0 0 0 0 0 209 0 115 340 0 0 0 0 3 0
1606751207 4215 0 1710 0 0 0 0 0 0 0 209 0 115 340 0 0 0 0 3 0
1606754467 4220 0 1710 0 0 0 0 0 0 0 209 0 115 340 0 0 0 0 3 0
1606755204 4224 0 1710 0 0 0 0 0 0 0 209 0 115 340 0 0 0 0 3 0
1606755833 4224 0 1710 0 0 0 0 0 0 0 209 0 115 340 0 0 0 0 3 0
1612793065 4227 0 1710 0 0 0 0 0 0 0 209 0 115 340 0 0 0 0 3 0
1612793435 4242 0 1710 0 0 0 0 0 0 0 209 0 115 340 0 0 0 0 3 0
1612794303 4242 0 1710 0 0 0 0 0 0 0 209 0 115 340 0 0 0 0 3 0
1612945618 4242 0 1710 0 0 0 0 0 0 0 209 0 115 340 0 0 0 0 3 0
1612948075 4266 0 1710 0 0 0 0 0 0 0 209 0 115 340 0 0 0 0 3 0
1613051296 4267 0 1710 0 0 0 0 0 0 0 209 0 115 340 0 0 0 0 3 0
1613051504 4267 0 1710 0 0 0 0 0 0 0 209 0 115 340 0 0 0 0 3 0
1614603865 4273 0 1710 0 0 0 0 0 0 0 209 0 115 340 0 0 0 0 3 0
1615477692 4292 0 1710 0 0 0 0 0 0 0 209 0 115 340 0 0 0 0 3 0
1615478650 4333 0 1710 0 0 0 0 0 0 0 209 0 115 340 0 0 0 0 3 0
1615482311 4336 0 1710 0 0 0 0 0 0 0 209 0 115 340 0 0 0 0 3 0
1615482397 4339 0 1710 0 0 0 0 0 0 0 209 0 115 340 0 0 0 0 3 0
1615482738 4340 0 1710 0 0 0 0 0 0 0 209 0 115 340 0 0 0 0 3 0
1616054399 4340 0 1710 0 0 0 0 0 0 0 209 0 115 340 0 0 0 0 3 0
1616054563 4340 0 1710 0 0 0 0 0 0 0 209 0 115 340 0 0 0 0 3 0
1616350151 4340 0 1710 0 0 0 0 0 0 0 224 0 115 340 0 0 0 0 3 0
1616399901 4340 0 1710 0 0 0 0 0 0 0 225 0 115 340 0 0 0 0 3 0
1616404407 4340 0 1710 0 0 0 0 0 0 0 225 0 115 340 0 0 0 0 28 0
1616694855 4340 0 1710 0 0 0 0 0 0 0 225 0 115 340 0 0 0 0 58 0
1616694885 4340 0 1710 0 0 0 0 0 0 0 225 0 115 340 0 0 0 0 76 0
1616752557 4340 0 1710 0 0 0 0 0 0 0 225 0 115 340 0 0 0 0 76 0
1616764602 4340 0 1710 0 0 0 0 0 0 0 225 0 115 340 0 0 0 0 104 0
1616767936 4340 0 1710 0 0 0 0 0 0 0 225 0 115 340 0 0 0 0 104 0
1623147442 4340 0 1710 0 0 0 0 0 0 0 225 0 115 340 0 0 0 0 104 0
1623320795 4340 0 1710 0 0 0 0 0 0 0 225 0 115 340 0 0 0 0 104 0
1628846278 4340 0 1710 0 0 0 0 0 0 0 225 0 115 340 0 0 0 0 104 0
1630428106 4340 0 1710 0 0 0 0 0 0 0 225 0 115 340 0 0 0 0 104 0
1637679811 4340 0 1710 0 0 0 0 0 0 0 225 0 115 340 0 0 0 0 104 0
1637765794 4340 0 1710 0 0 0 0 0 0 0 225 0 115 340 0 0 0 0 104 0
1639132877 4346 0 1710 0 0 0 0 0 0 0 225 0 115 340 0 0 0 0 104 0
1639132915 4480 0 1710 0 0 0 0 0 0 0 225 0 115 340 0 0 0 0 104 0
1639133160 4686 0 1710 0 0 0 0 0 0 0 225 0 115 340 0 0 0 0 104 0
1639133195 4702 0 1710 0 0 0 0 0 0 0 225 0 115 340 0 0 0 0 104 0
1639133382 4775 0 1710 0 0 0 0 0 0 0 225 0 115 340 0 0 0 0 104 0
1639401588 4775 0 1710 0 0 0 0 0 0 0 225 0 115 340 0 0 0 0 104 0
1639401922 4775 0 1710 0 0 0 0 0 0 0 225 0 115 340 0 0 0 0 104 0
1641053959 4775 0 1710 0 0 0 0 0 0 0 225 0 115 340 0 0 0 0 104 0
1641373275 4775 0 1710 0 0 0 0 0 0 0 225 0 115 340 0 0 0 0 104 0
1641399399 4775 0 1710 0 0 0 0 0 0 0 225 0 115 340 0 0 0 0 104 0
1641549171 4775 0 1710 0 0 0 0 0 0 0 225 0 115 340 217 0 0 0 104 0
1642492411 4775 0 1710 0 0 0 0 0 0 0 225 0 115 340 298 0 0 0 104 0
1642492431 4775 0 1710 0 0 0 0 0 0 0 225 0 115 340 406 0 0 0 104 0
1642492648 4775 0 1710 0 0 0 0 0 0 0 225 0 115 340 407 0 0 0 104 0
1642495834 4775 0 1710 0 0 0 0 0 0 0 225 0 115 340 408 0 0 0 104 0
1642502892 4775 0 1710 0 0 0 0 0 0 0 225 0 115 340 413 0 0 0 104 0
1642505516 4775 0 1710 0 0 0 0 0 0 0 225 0 115 340 425 0 0 0 104 0
1643016263 4775 0 1710 0 0 0 0 0 0 0 225 0 115 340 425 0 0 0 104 0
1643017387 4775 0 1710 0 0 0 0 0 0 0 225 0 115 340 518 0 0 0 104 0
1643021299 4775 0 1710 0 0 0 0 0 0 0 225 0 115 340 561 0 0 0 104 0
1643022674 4775 0 1710 0 0 0 0 0 0 0 225 0 115 340 573 0 0 0 104 0
1643023245 4775 0 1710 0 0 0 0 0 0 0 225 0 115 340 574 0 0 0 104 0
1643025708 4775 0 1710 0 0 0 0 0 0 0 225 0 115 340 581 0 0 0 104 0
1643044015 4775 0 1710 0 0 0 0 0 0 0 232 0 115 340 581 0 0 0 104 0
1644312920 4781 0 1710 0 0 0 0 0 0 0 232 0 115 340 581 0 0 0 104 0
1644315017 4789 0 1710 0 0 0 0 0 0 0 232 0 115 340 581 0 0 0 104 0
1644315961 4793 0 1710 0 0 0 0 0 0 0 232 0 115 340 581 0 0 0 104 0
1644316477 4793 0 1710 0 0 31 0 0 0 0 232 0 115 340 581 0 0 0 104 0
1644329933 4793 0 1710 0 0 40 0 0 0 0 232 0 115 340 581 0 0 0 104 0
1644417196 4793 0 1710 0 0 43 0 0 0 0 232 0 115 340 581 0 0 0 104 0
1644418902 4793 0 1710 0 0 43 0 0 0 0 232 0 115 340 581 0 0 0 104 0
1645100109 4793 0 1710 0 0 43 0 0 0 0 232 0 115 340 581 9 0 0 104 0
1645107960 4793 0 1710 0 0 43 0 0 0 0 232 0 115 340 581 115 0 0 104 0
1645458130 4793 0 1710 0 0 43 0 0 0 0 232 0 115 340 581 126 0 0 104 0
1645464750 4793 0 1710 0 0 43 0 0 0 0 232 0 115 340 581 126 0 0 104 0
1645604145 4793 0 1710 0 0 43 0 0 0 0 232 0 115 340 581 126 0 0 104 0
1645606706 4793 0 1710 0 0 43 0 0 0 0 232 0 115 340 581 126 0 0 104 0
1645608423 4793 0 1710 0 0 43 0 0 0 0 232 0 115 340 581 126 0 0 104 0
1645636494 4793 0 1710 0 0 43 0 0 0 0 232 0 115 340 581 126 0 0 104 0
1645697200 4795 0 1710 0 0 43 0 0 0 0 232 0 115 340 581 126 0 0 104 0
1645697217 4801 0 1710 0 0 43 0 0 0 0 232 0 115 340 581 126 0 0 104 0
1645698657 4802 0 1710 0 0 43 0 0 0 0 232 0 115 340 581 126 0 0 104 0
1645698701 4816 0 1710 0 0 43 0 0 0 0 232 0 115 340 581 126 0 0 104 0
1645698826 4818 0 1710 0 0 43 0 0 0 0 232 0 115 340 581 126 0 0 104 0
1645699043 4912 0 1710 0 0 43 0 0 0 0 232 0 115 340 581 126 0 0 104 0
1645707538 4912 0 1710 0 0 43 0 0 0 0 232 0 115 340 581 126 0 0 104 0
1645707612 4931 0 1710 0 0 43 0 0 0 0 232 0 115 340 581 126 0 0 104 0
1645710289 4933 0 1710 0 0 43 0 0 0 0 232 0 115 340 581 126 0 0 104 0
1645798691 4936 0 1710 0 0 43 0 0 0 0 232 0 115 340 581 126 0 0 104 0
1645801464 5490 0 1710 0 0 43 0 0 0 0 232 0 115 340 581 126 0 0 104 0
1645804415 5519 0 1710 0 0 43 0 0 0 0 232 0 115 340 581 126 0 0 104 0
1646234553 5519 0 1710 0 0 43 0 0 0 0 232 0 115 340 581 126 0 0 104 0
1646653603 5519 0 1710 487 0 43 0 0 0 0 232 0 115 340 581 126 0 0 104 0
1646655816 5519 0 1710 491 0 43 0 0 0 0 232 0 115 340 581 126 0 0 104 0
1646655938 5519 0 1710 526 0 43 0 0 0 0 232 0 115 340 581 126 0 0 104 0
1646657187 5519 0 1710 986 0 43 0 0 0 0 232 0 115 340 581 126 0 0 104 0
1646657842 5519 0 1710 1144 0 43 0 0 0 0 232 0 115 340 581 126 0 0 104 0
1646726469 5519 0 1710 1520 0 43 0 0 0 0 232 0 115 340 581 126 0 0 104 0
1646743824 5519 0 1710 1564 0 43 0 0 0 0 232 0 115 340 581 126 0 0 104 0
1646813421 5519 0 1710 1754 0 43 0 0 0 0 232 0 115 340 581 126 0 0 104 0
1646814805 5519 0 1710 2002 0 43 0 0 0 0 232 0 115 340 581 126 0 0 104 0
1646816717 5519 0 1710 2560 0 43 0 0 0 0 232 0 115 340 581 126 0 0 104 0
1646822272 5519 0 1710 2564 0 43 0 0 0 0 232 0 115 340 581 126 0 0 104 0
1646822709 5519 0 1710 2566 0 43 0 0 0 0 232 0 115 340 581 126 0 0 104 0
1646826359 5519 0 1710 2754 0 43 0 0 0 0 232 0 115 340 581 126 0 0 104 0
1646827590 5519 0 1710 2771 0 43 0 0 0 0 232 0 115 340 581 126 0 0 104 0
1646904779 5519 0 1710 2844 0 43 0 0 0 0 232 0 115 340 581 126 0 0 104 0
1646907051 5519 0 1710 2867 0 43 0 0 0 0 232 0 115 340 581 126 0 0 104 0
1646909780 5519 0 1710 2882 0 43 0 0 0 0 232 0 115 340 581 126 0 0 104 0
1646913541 5519 0 1710 3068 0 43 0 0 0 0 232 0 115 340 581 126 0 0 104 0
1646915485 5519 0 1710 3069 0 43 0 0 0 0 232 0 115 340 581 126 0 0 104 0
1647245354 5519 0 1710 3070 0 43 0 0 0 0 232 0 115 340 581 126 0 0 104 0
1647258091 5519 0 1710 3130 0 43 0 0 0 0 232 0 115 340 581 126 0 0 104 0
1647335729 5519 0 1710 3187 0 43 0 0 0 0 232 0 115 340 581 126 0 0 104 0
1647342673 5519 0 1710 3292 0 43 0 0 0 0 232 0 115 340 581 126 0 0 104 0
1647342765 5519 0 1710 3600 0 43 0 0 0 0 232 0 115 340 581 126 0 0 104 0
1647362364 5519 0 1710 3600 0 43 0 0 0 0 232 0 115 340 581 126 0 0 104 0
1647362754 5528 0 1710 3600 0 43 0 0 0 0 232 0 115 340 581 126 0 0 104 0
1647416241 5528 0 1710 3600 1 43 0 0 0 0 232 0 115 340 581 126 0 0 104 0
1647416972 5528 0 1710 3600 8 43 0 0 0 0 232 0 115 340 581 126 0 0 104 0
1647417851 5528 0 1710 3600 8 43 0 0 0 0 232 0 115 340 581 126 0 0 104 0
1647420718 5528 0 1710 3621 8 43 0 0 0 0 232 0 115 340 581 126 0 0 104 0
1647426161 5528 0 1710 3621 8 43 0 0 0 0 232 0 115 340 581 126 0 0 104 0
1647427665 5528 0 1710 3621 8 43 0 0 0 0 232 0 115 340 581 126 0 0 104 0
1647428225 5530 0 1710 3621 8 43 0 0 0 0 232 0 115 340 581 126 0 0 104 0
1647428636 5530 0 1710 3621 8 43 0 0 0 0 232 0 115 340 581 126 0 0 104 0
1647518076 5530 0 1710 3621 8 43 0 0 0 0 232 0 115 340 581 126 0 0 104 0
1647939296 5530 0 1710 3622 8 43 0 0 0 0 232 0 115 340 581 126 0 0 104 0
1647942257 5530 0 1710 3622 8 43 0 0 0 0 232 0 115 340 581 126 0 0 104 0
1647952749 5530 0 1710 4715 8 43 0 0 0 0 232 0 115 340 581 126 0 0 104 0
1648114665 5530 0 1710 4716 8 43 0 0 0 0 232 0 115 340 581 126 0 0 104 0
1648117981 5530 0 1710 4807 8 43 0 0 0 0 232 0 115 340 581 126 0 0 104 0
1648128659 5530 0 1710 4993 8 43 0 0 0 0 232 0 115 340 581 126 0 0 104 0
1648130245 5530 0 1710 5001 8 43 0 0 0 0 232 0 115 340 581 126 0 0 104 0
1648131550 5530 0 1710 5006 8 43 0 0 0 0 232 0 115 340 581 126 0 0 104 0
1648143888 5530 0 1710 6383 8 43 0 0 0 0 232 0 115 340 581 126 0 0 104 0
1648212653 5530 0 1710 6383 8 43 0 0 0 0 232 0 115 340 581 126 0 0 104 0
1648556884 5530 0 1710 6383 8 43 0 0 0 0 232 0 115 340 581 128 0 0 104 0
1648726437 5530 0 1710 6400 8 43 0 0 0 0 232 0 115 340 581 128 0 0 104 0
1648730801 5530 0 1710 6400 24 43 0 0 0 0 232 0 115 340 581 128 0 0 104 0
1648797369 5530 0 1710 6400 24 43 0 0 0 0 232 0 115 340 581 128 0 0 104 0
1648798442 5530 0 1710 6400 24 43 0 0 0 0 232 0 115 340 581 128 0 0 104 0
1648810809 5530 0 1710 6400 24 43 0 0 0 0 232 0 115 340 581 128 0 0 104 0
1648811894 5530 0 1710 6652 24 43 0 0 0 0 232 0 115 340 581 128 0 0 104 0
1648815833 5530 0 1710 6810 24 43 0 0 0 0 232 0 115 340 581 128 0 0 104 0
1648815947 5530 0 1710 6811 24 43 0 0 0 0 232 0 115 340 581 128 0 0 104 0
1649414317 5530 0 1710 6811 24 43 0 0 0 0 232 0 115 340 581 380 0 0 104 0
1649427645 5530 0 1710 6811 24 43 0 0 0 0 232 0 115 340 581 381 0 0 104 0
1649428004 5530 0 1710 6811 24 43 0 0 0 0 232 0 115 340 581 382 0 0 104 0
1649429177 5530 0 1710 6811 24 43 0 0 0 0 232 0 115 340 581 411 0 0 104 0
1649753328 5530 0 1710 6811 24 43 0 0 0 0 232 0 115 340 581 411 0 0 104 0
1649833838 5530 0 1710 6811 24 43 0 0 0 0 232 0 115 340 581 411 0 0 104 0
1649835079 5530 0 1710 6811 24 43 0 0 0 0 232 0 115 340 581 411 0 0 104 0
1649835093 5530 0 1710 6811 24 43 0 0 0 0 232 0 115 340 581 411 0 0 104 0
1649836414 5621 0 1710 6811 24 43 0 0 0 0 232 0 115 340 581 411 0 0 104 0
1649927855 5621 0 1710 6811 24 43 0 0 0 0 232 0 115 340 581 411 0 0 104 0
1650451121 5621 0 1710 6811 24 43 0 0 0 0 232 0 115 340 581 411 0 0 104 0
1651031362 5621 0 1710 6811 24 43 0 0 0 0 232 0 115 340 581 411 0 0 104 0
1651045151 5621 0 1710 6811 24 43 0 0 0 0 232 0 115 340 581 411 0 0 104 0
1651481208 5621 0 1710 6811 39 43 0 0 0 0 232 0 115 340 581 411 0 0 104 0
1651564497 5621 0 1710 6811 44 43 0 0 0 0 232 0 115 340 581 411 0 0 104 0
1651565192 5621 0 1710 6811 51 43 0 0 0 0 232 0 115 340 581 411 0 0 104 0
1651569150 5621 0 1710 6811 51 43 0 0 0 0 232 0 115 340 581 411 0 0 104 0
1651570493 5621 0 1710 6811 51 43 0 0 0 0 232 0 115 340 581 411 0 0 104 0
1651782252 5621 0 1710 6811 51 43 0 0 0 0 232 0 115 340 581 411 0 0 104 0
1652707376 5621 0 1710 6811 51 43 0 0 0 0 232 0 115 340 581 411 0 0 104 0
1652777559 5621 0 1710 6811 64 43 0 0 0 0 232 0 115 340 581 411 0 0 104 0
1652779119 5621 0 1710 6811 68 43 0 0 0 0 232 0 115 340 581 411 0 0 104 0
1652899691 5621 0 1710 6811 164 43 0 0 0 0 232 0 115 340 581 411 0 0 104 0
1652948978 5623 0 1710 6811 164 43 0 0 0 0 232 0 115 340 581 411 0 0 104 0
1652949999 5627 0 1710 6811 164 43 0 0 0 0 232 0 115 340 581 411 0 0 104 0
1652955490 5627 0 1710 6811 179 43 0 0 0 0 232 0 115 340 581 411 0 0 104 0
1652960572 5627 0 1710 6811 179 43 0 0 0 0 232 0 115 340 581 411 0 0 104 0
1653917700 5627 0 1710 6811 181 43 0 0 0 0 232 0 115 340 581 411 0 0 104 0
1653920414 5627 0 1710 6811 181 43 0 0 0 0 232 0 115 340 581 411 0 0 104 0
1653976786 5627 0 1710 6811 182 43 0 0 0 0 232 0 115 340 581 411 0 0 104 0
1653979027 5627 0 1710 6811 230 43 0 0 0 0 232 0 115 340 581 411 0 0 104 0
1653982084 5627 0 1710 6811 231 43 0 0 0 0 232 0 115 340 581 411 0 0 104 0
1653985114 5627 0 1710 6811 237 43 0 0 0 0 232 0 115 340 581 411 0 0 104 0
1653986892 5627 0 1710 6811 237 43 0 0 0 0 232 0 115 340 581 411 0 0 104 0
1654078927 5627 0 1710 6811 238 43 0 0 0 0 232 0 115 340 581 411 0 0 104 0
1654847552 5627 0 1710 6811 244 43 0 0 0 0 232 0 115 340 581 411 0 0 104 0
1654848974 5627 0 1710 6811 244 43 0 0 0 0 232 0 115 340 581 411 0 0 104 0
1654850873 5627 0 1710 6811 244 43 0 0 0 0 232 0 115 340 581 411 0 0 104 0
1654852633 5627 0 1710 6811 244 43 0 0 0 0 232 0 115 340 581 411 0 0 104 0
1654893467 5627 0 1710 6811 244 43 0 0 0 0 232 0 115 340 581 411 0 0 104 0
1655480462 5640 0 1710 6811 244 43 0 0 0 0 232 0 115 340 581 411 0 0 104 0
1655480778 5646 0 1710 6811 244 43 0 0 0 0 232 0 115 340 581 411 0 0 104 0
1655971972 5668 0 1710 6811 244 43 0 0 0 0 232 0 115 340 581 411 0 0 104 0
1655972399 5671 0 1710 6811 244 43 0 0 0 0 232 0 115 340 581 411 0 0 104 0
1656965278 5671 0 1710 6811 244 43 0 0 0 0 232 0 115 340 581 411 0 0 104 0
1657006129 5671 0 1710 6811 244 43 0 0 0 0 232 0 115 340 581 411 0 0 104 0
1657009318 5671 0 1710 6811 244 43 0 0 0 0 232 0 115 340 581 411 0 0 104 0
1657015451 5671 0 1710 6811 244 43 0 0 0 0 232 0 115 340 581 411 0 0 104 0
1657122521 5672 0 1710 6811 244 43 0 0 0 0 232 0 115 340 581 411 0 0 104 0
1657123960 5672 0 1710 6811 244 43 0 0 0 0 232 0 115 340 581 411 0 0 104 0
1657178645 5672 0 1710 6811 244 43 0 0 0 0 232 0 115 340 581 411 0 0 104 0
1657531263 5672 0 1710 6811 244 43 0 0 0 0 232 0 115 340 581 411 0 0 104 0
1657531941 5672 0 1710 6811 244 43 0 0 0 0 232 0 115 340 581 411 0 0 104 0
1657548818 5672 0 1710 6811 244 43 0 0 0 0 232 0 115 340 581 411 0 0 104 0
1657634590 5672 0 1710 6811 246 43 0 0 0 0 232 0 115 340 581 411 0 0 104 0
1657634707 5672 0 1710 6811 255 43 0 0 0 0 232 0 115 340 581 411 0 0 104 0
1657698514 5672 0 1710 6811 255 43 0 0 0 0 232 0 115 340 581 411 0 0 104 0
1657698538 5672 0 1710 6811 255 43 0 0 2 0 232 0 115 340 581 411 0 0 104 0
1657698785 5672 0 1710 6811 255 43 0 0 2 0 232 0 115 340 581 411 0 0 104 0
1657699884 5672 0 1710 6811 255 43 0 0 2 0 232 0 115 340 581 411 0 0 104 0
1657705181 5672 0 1710 6811 255 43 0 0 2 0 232 0 115 340 581 411 0 0 104 0
1657706237 5672 0 1710 6811 255 43 0 0 2 0 232 0 115 340 581 411 0 0 104 0
1657706273 5672 0 1710 6811 255 43 0 0 4 0 232 0 115 340 581 411 0 0 104 0
1657708021 5672 0 1710 6811 255 43 0 0 4 0 232 0 115 340 581 411 0 0 104 0
1658133402 5672 0 1710 6811 256 43 0 0 4 0 232 0 115 340 581 411 0 0 104 0
1658154380 5672 0 1710 6811 256 43 0 0 4 0 232 0 115 340 581 411 0 0 104 0
1658155546 5672 0 1710 6811 256 43 0 0 4 0 232 0 115 340 581 411 0 0 104 0
1658228249 5672 0 1710 6811 269 43 0 0 4 0 232 0 115 340 581 411 0 0 104 0
1658228274 5672 0 1710 6811 342 43 0 0 4 0 232 0 115 340 581 411 0 0 104 0
1658242834 5672 0 1710 6811 342 43 0 0 4 0 232 0 115 340 581 411 0 0 104 0
1659006045 5672 0 1710 6811 355 43 0 0 4 0 232 0 115 340 581 411 0 0 104 0
1659097551 5672 0 1710 6811 366 43 0 0 4 0 232 0 115 340 581 411 0 0 104 0
1659107253 5672 0 1710 6811 367 43 0 0 4 0 232 0 115 340 581 411 0 0 104 0
1659109142 5672 0 1710 6811 368 43 0 0 4 0 232 0 115 340 581 411 0 0 104 0
1659345011 5672 0 1710 6811 370 43 0 0 4 0 232 0 115 340 581 411 0 0 104 0
1660266705 5672 0 1710 6811 370 43 0 0 4 0 232 0 115 340 581 411 0 0 104 0
1660311080 5672 0 1710 6811 370 43 0 0 4 0 232 0 115 340 581 411 0 0 104 0
1660571875 5672 0 1710 6811 370 43 0 0 4 0 232 0 115 340 581 411 0 0 104 0
1660571941 5672 0 1710 6811 370 43 0 0 4 0 232 0 115 340 581 411 0 0 104 0
1660576959 5672 0 1710 6811 370 43 0 0 4 0 232 0 115 340 581 411 0 0 104 0
1660578152 5672 0 1710 6811 370 43 0 0 4 0 232 0 115 340 581 411 0 0 104 0
1660650151 5672 0 1710 6811 370 43 0 17 4 0 232 0 115 340 581 411 0 0 104 0
1660653990 5672 0 1710 6811 370 43 0 63 4 0 232 0 115 340 581 411 0 0 104 0
1660662833 5672 0 1710 6811 370 43 0 73 4 0 232 0 115 340 581 411 0 0 104 0
1660728654 5672 0 1710 6811 370 43 0 78 4 0 232 0 115 340 581 411 0 0 104 0
1660735653 5672 0 1710 6811 370 43 0 78 4 0 232 0 115 340 581 411 0 0 104 0
1661306639 5672 0 1710 6811 370 43 0 78 4 0 232 0 115 340 581 411 0 0 104 0
1661307460 5672 0 1710 6811 370 43 0 78 4 0 232 0 115 340 581 411 0 0 104 0
1661311018 5672 0 1710 6811 370 43 0 78 4 0 232 0 115 340 581 411 0 0 104 0
1661311185 5672 0 1710 6811 370 43 0 78 4 0 232 0 115 340 581 411 0 0 104 0
1661311337 5672 0 1710 6811 370 43 0 78 4 0 232 0 115 340 581 411 0 0 104 0
1661506043 5672 0 1710 6811 370 43 0 78 4 0 232 0 115 340 581 411 0 0 104 0
1661843591 5672 0 1710 6811 371 43 0 78 4 0 232 0 115 340 581 411 0 0 104 0
1661843608 5672 0 1710 6811 372 43 0 78 4 0 232 0 115 340 581 411 0 0 104 0
1662119752 5672 0 1710 6811 373 43 0 78 4 0 232 0 115 340 581 411 0 0 104 0
1662124032 5672 0 1710 6811 389 43 0 78 4 0 232 0 115 340 581 411 0 0 104 0
1662385467 5672 0 1710 6811 389 43 0 78 4 0 232 0 115 340 581 411 0 0 104 0
1662386610 5672 0 1710 6811 389 43 0 78 4 0 232 0 115 340 581 411 0 0 104 0
1662549388 5672 0 1710 6811 480 43 0 78 4 0 232 0 115 340 581 411 0 0 104 0
1662551340 5672 0 1710 6811 526 43 0 78 4 0 232 0 115 340 581 411 0 0 104 0
1663245882 5672 0 1710 6811 527 43 0 78 4 0 232 0 115 340 581 411 0 0 104 0
1663246743 5672 0 1710 6811 546 43 0 78 4 0 232 0 115 340 581 411 0 0 104 0
1663390246 5672 0 1710 6811 546 43 0 78 4 3 232 0 115 340 581 411 0 0 104 0
1663761031 5672 0 1710 6811 704 43 0 78 4 3 232 0 115 340 581 411 0 0 104 0
1665048590 5672 0 1710 6811 704 43 0 78 4 3 232 0 115 340 581 411 0 0 104 0
1665056090 5672 0 1710 6811 704 43 0 78 4 3 232 0 115 340 581 411 0 0 104 0
1665383520 5672 0 1710 6811 704 43 0 78 4 3 232 0 115 340 581 411 0 0 104 0
1665809954 5672 0 1710 6811 704 43 0 78 4 6 232 0 115 340 581 411 0 0 104 0
1665991853 5672 0 1710 6811 704 43 0 78 4 6 232 0 115 340 581 411 0 0 104 0
1666005733 5672 0 1710 6811 704 43 0 78 4 6 232 0 115 340 581 411 0 0 104 0
1666006821 5672 0 1710 6811 704 43 0 78 4 6 232 0 115 340 581 411 0 0 104 0
1666414231 5672 0 1710 6811 704 43 0 78 4 9 232 0 115 340 581 411 0 0 104 0
1666623112 5672 0 1710 6811 704 43 0 78 4 9 232 0 115 340 581 411 0 0 104 0
1667819415 5672 0 1710 6811 710 43 0 78 4 9 232 0 115 340 581 411 0 0 104 0
1667819601 5672 0 1710 6811 718 43 0 78 4 9 232 0 115 340 581 411 0 0 104 0
1667832327 5672 0 1710 6811 718 43 0 78 4 9 232 0 115 340 581 411 0 0 104 0
1667833648 5672 0 1710 6811 718 43 0 78 7 9 232 0 115 340 581 411 0 0 104 0
1667835894 5672 0 1710 6811 718 43 0 78 7 9 232 0 115 340 581 411 0 0 104 0
1667838187 5672 0 1710 6811 725 43 0 78 7 9 232 0 115 340 581 411 0 0 104 0
1667898233 5672 0 1710 6811 725 43 0 78 7 9 232 0 115 340 581 411 0 0 104 0
1667898307 5672 0 1710 6811 725 43 0 78 10 9 232 0 115 340 581 411 0 0 104 0
1667899525 5672 0 1710 6811 725 43 0 78 10 9 232 0 115 340 581 411 0 0 104 0
1668420937 5672 0 1710 6811 729 43 0 78 10 9 232 0 115 340 581 411 0 0 104 0
1668434188 5672 0 1710 6811 729 43 0 78 10 9 232 0 115 340 581 411 0 0 104 0
1669631041 5805 0 1710 6811 729 43 0 78 10 9 232 0 115 340 581 411 0 0 104 0
1669714485 5805 0 1710 6811 729 43 0 78 10 9 232 0 115 340 581 411 0 0 104 0
1669738107 5805 0 1710 6811 729 43 0 78 11 9 232 0 115 340 581 411 0 0 104 0
1669739349 5805 0 1710 6811 729 43 0 78 11 9 232 0 115 340 581 411 0 0 104 0
1669815903 5805 0 1710 6811 729 43 11 78 11 9 232 0 115 340 581 411 0 0 104 0
1669902807 5805 0 1710 6811 729 43 11 78 11 9 232 0 115 340 581 411 0 0 104 0
1669904392 5805 0 1710 6811 729 43 12 78 11 9 232 0 115 340 581 411 0 0 104 0
1669904460 5805 0 1710 6811 729 43 43 78 11 9 232 0 115 340 581 411 0 0 104 0
1669905940 5805 0 1710 6811 729 43 43 78 11 9 232 0 115 340 581 411 0 0 104 0
1669907027 5805 0 1710 6811 729 43 43 78 11 9 232 0 115 340 581 411 0 0 104 0
1669907034 5805 0 1710 6811 729 43 43 78 11 9 232 0 115 340 581 411 0 0 104 0
1669908476 5805 0 1710 6811 729 43 43 78 11 18 232 0 115 340 581 411 0 0 104 0
1669952473 5805 0 1710 6811 729 43 43 78 11 18 232 0 115 340 581 411 0 0 104 0
1669953702 5805 0 1710 6811 729 43 43 78 11 18 232 0 115 340 581 411 0 0 104 0
1670042104 5805 0 1710 6811 729 43 43 78 11 21 232 0 115 340 581 411 0 0 104 0
1670348270 5805 0 1710 6811 729 43 43 78 11 21 232 0 115 340 581 411 0 0 104 0
1670948484 5805 0 1710 6811 729 43 43 78 14 21 232 0 115 340 581 411 0 0 104 0
1671435773 5805 0 1710 6811 729 43 43 78 14 21 232 0 115 340 581 411 0 0 104 0
1671709041 5805 0 1710 6811 745 43 43 78 14 21 232 0 115 340 581 411 0 0 104 0
1671714191 5805 0 1710 6811 745 43 43 78 14 24 232 0 115 340 581 411 0 0 104 0
1671715239 5805 0 1710 6811 745 43 43 78 14 24 232 0 115 340 581 411 0 0 104 0
1671722224 5805 0 1710 6811 745 43 43 78 14 24 232 8 115 340 581 411 0 0 104 0
1671722270 5805 0 1710 6811 745 43 109 78 14 24 232 54 115 340 581 411 0 0 104 0
1672739812 5805 0 1710 6811 745 43 109 78 14 24 232 55 115 340 581 411 0 0 104 0
1672745235 5805 0 1710 6811 745 43 109 78 14 24 232 80 115 340 581 411 0 0 104 0
1672746381 5805 0 1710 6811 745 43 109 78 14 24 232 136 115 340 581 411 0 0 104 0
1672748543 5805 0 1710 6811 745 43 109 78 14 24 232 136 115 340 581 411 0 0 104 0
1672759266 5805 0 1710 6811 745 43 109 78 14 24 232 174 115 340 581 411 0 0 104 0
1672822611 5807 0 1710 6811 745 43 109 78 14 24 232 174 115 340 581 411 0 0 104 0
1672835193 5807 0 1710 6811 745 43 109 78 14 24 232 175 115 340 581 411 0 0 104 0
1672923937 5807 0 1710 6811 745 43 109 78 14 24 232 175 115 340 581 411 0 0 104 0
1672925366 5807 0 1710 6811 745 43 109 78 14 24 232 175 115 340 581 411 0 0 104 0
1672932245 5823 0 1710 6811 745 43 109 78 14 24 232 175 115 340 581 411 0 0 104 0
1672932602 5836 0 1710 6811 745 43 109 78 14 24 232 175 115 340 581 411 0 0 104 0
1672932704 5839 0 1710 6811 745 43 109 78 14 24 232 175 115 340 581 411 0 0 104 0
1672934944 5839 0 1710 6811 745 43 109 78 17 24 232 175 115 340 581 411 0 0 104 0
1672935400 5840 0 1710 6811 745 43 109 78 17 24 232 175 115 340 581 411 0 0 104 0
1672935448 5844 0 1710 6811 745 43 109 78 17 24 232 175 115 340 581 411 0 0 104 0
1672936140 5851 0 1710 6811 745 43 109 78 17 24 232 175 115 340 581 411 0 0 104 0
1672939313 5852 0 1710 6811 745 43 109 78 17 24 232 175 115 340 581 411 0 0 104 0
1672996811 5874 0 1710 6811 745 43 109 78 17 24 232 175 115 340 581 411 0 0 104 0
1672997708 5875 0 1710 6811 745 43 109 78 17 24 232 175 115 340 581 411 0 0 104 0
1673001882 5882 0 1710 6811 745 43 109 78 17 24 232 175 115 340 581 411 0 0 104 0
1673016765 5882 0 1710 6811 745 43 109 78 17 24 232 175 115 340 581 411 0 0 104 0
1673066064 5882 0 1710 6811 745 43 109 78 17 27 232 175 115 340 581 411 0 0 104 0
1673297534 5882 0 1710 6811 745 43 109 78 17 27 232 175 115 340 581 411 0 0 104 0
1673298332 5882 0 1710 6811 745 43 109 78 17 27 232 175 115 340 581 411 0 0 104 0
1673299261 5882 0 1710 6811 745 43 109 78 17 27 232 175 115 340 581 411 0 0 104 0
1673353399 5882 0 1710 6811 745 43 109 78 17 27 232 175 115 340 581 411 0 0 104 0
1673354249 5882 0 1710 6811 745 43 109 80 17 27 232 175 115 340 581 411 0 0 104 0
1673365769 5882 0 1710 6811 745 43 109 81 17 27 232 175 115 340 581 411 0 0 104 0
1673367290 5882 0 1710 6811 745 43 109 88 17 27 232 175 115 340 581 411 0 0 104 0
1673434850 5882 0 1710 6811 745 43 109 94 17 27 232 175 115 340 581 411 0 0 104 0
1674144495 5882 0 1710 6811 745 43 109 94 18 27 232 175 115 340 581 411 0 0 104 0
1674205796 5882 0 1710 6811 745 43 109 94 18 27 232 296 115 340 581 411 0 0 104 0
1674483436 5882 0 1710 6811 745 43 109 94 18 30 232 296 115 340 581 411 0 0 104 0
1674636872 5882 0 1710 6811 745 43 109 94 18 30 232 296 115 340 581 411 0 0 104 0
1674637732 5882 0 1710 6811 745 43 109 94 18 30 232 296 115 340 581 411 0 0 104 0
1674659152 5882 0 1710 6811 745 43 109 95 18 30 232 296 115 340 581 411 0 0 104 0
1674720362 5882 0 1710 6811 745 43 109 95 18 30 232 296 115 340 581 411 0 0 104 0
1674723125 5882 0 1710 6811 745 43 109 95 18 30 232 296 115 340 581 411 0 0 104 0
1675158307 5882 0 1710 6811 747 43 109 95 18 30 232 296 115 340 581 411 0 0 104 0
1675158343 5882 0 1710 6811 752 43 109 95 18 30 232 296 115 340 581 411 0 0 104 0
1675183690 5882 0 1710 6811 752 43 109 95 18 30 232 296 115 340 581 411 0 0 104 0
1675256622 5882 0 1710 6811 752 43 109 95 18 30 232 296 115 340 581 411 0 0 104 0
1675269483 5882 0 1710 6811 752 43 109 95 18 30 232 296 115 340 581 411 0 0 104 0
1675418947 6210 0 1710 6811 752 43 109 95 18 30 232 296 115 340 581 411 0 0 104 0
1675688989 6210 0 1710 6811 752 43 109 95 18 30 232 296 115 340 581 411 0 0 104 0
1675691790 6210 0 1710 6811 752 43 109 95 18 30 232 296 115 340 581 411 0 0 104 0
1675691799 6210 0 1710 6811 752 43 109 95 18 30 232 296 115 340 581 411 0 0 104 0
1675694526 6210 0 1710 6811 752 43 109 95 18 30 232 296 115 340 581 411 296 0 104 0
1675697105 6210 0 1710 6811 752 43 109 95 18 30 232 296 115 340 581 411 502 0 104 0
1675697972 6210 0 1710 6811 752 43 109 95 18 30 232 296 115 340 581 411 508 0 104 0
1675700235 6210 0 1710 6811 752 43 109 95 21 30 232 296 115 340 581 411 508 0 104 0
1675773232 6219 0 1710 6811 752 43 109 95 21 30 232 296 115 340 581 411 508 0 104 0
1675773550 6230 0 1710 6811 752 43 109 95 21 30 232 296 115 340 581 411 508 0 104 0
1675774375 6318 0 1710 6811 752 43 109 95 21 30 232 296 115 340 581 411 508 0 104 0
1675774638 6348 0 1710 6811 752 43 109 95 21 30 232 296 115 340 581 411 508 0 104 0
1675774771 6352 0 1710 6811 752 43 109 95 21 30 232 296 115 340 581 411 508 0 104 0
1675775073 6386 0 1710 6811 752 43 109 95 21 30 232 296 115 340 581 411 508 0 104 0
1675775459 6394 0 1710 6811 752 43 109 95 21 30 232 296 115 340 581 411 508 0 104 0
1675775577 6403 0 1710 6811 752 43 109 95 21 30 232 296 115 340 581 411 508 0 104 0
1675775730 6430 0 1710 6811 752 43 109 95 21 30 232 296 115 340 581 411 508 0 104 0
1675775835 6440 0 1710 6811 752 43 109 95 21 30 232 296 115 340 581 411 508 0 104 0
1675776123 6453 0 1710 6811 752 43 109 95 21 30 232 296 115 340 581 411 508 0 104 0
1675776421 6471 0 1710 6811 752 43 109 95 21 30 232 296 115 340 581 411 508 0 104 0
1675776514 6489 0 1710 6811 752 43 109 95 21 30 232 296 115 340 581 411 508 0 104 0
1675776617 6508 0 1710 6811 752 43 109 95 21 30 232 296 115 340 581 411 508 0 104 0
1675776805 6573 0 1710 6811 752 43 109 95 21 30 232 296 115 340 581 411 508 0 104 0
1675776896 6597 0 1710 6811 752 43 109 95 21 30 232 296 115 340 581 411 508 0 104 0
1675778526 6699 0 1710 6811 752 43 109 95 21 30 232 296 115 340 581 411 508 0 104 0
1675788653 6859 0 1710 6811 752 43 109 95 21 30 232 296 115 340 581 411 508 0 104 0
1675800058 6890 0 1710 6811 752 43 109 95 21 30 232 296 115 340 581 411 508 0 104 0
1675862522 6890 0 1710 6811 752 43 109 95 21 30 232 296 115 340 581 411 509 0 104 0
1675865300 7032 0 1710 6811 752 43 109 95 21 30 232 296 115 340 581 411 509 0 104 0
1675865597 7033 0 1710 6811 752 43 109 95 21 30 232 296 115 340 581 411 509 0 104 0
1675870811 7037 0 1710 6811 752 43 109 95 21 30 232 296 115 340 581 411 509 0 104 0
1675938298 7062 0 1710 6811 752 43 109 95 21 30 232 296 115 340 581 411 509 0 104 0
1675938889 7088 0 1710 6811 752 43 109 95 21 30 232 296 115 340 581 411 509 0 104 0
1675949836 7088 0 1710 6811 752 43 109 95 21 30 232 296 115 340 581 411 509 0 104 0
1675949897 7176 0 1710 6811 752 43 109 95 21 30 232 296 115 340 581 411 509 0 104 0
1675951465 7176 0 1710 6811 752 43 109 95 21 30 232 296 115 340 581 411 509 0 104 0
1675952010 7177 0 1710 6811 752 43 109 95 21 30 232 296 115 340 581 411 509 0 104 0
1675952529 7196 0 1710 6811 752 43 109 95 21 30 232 296 115 340 581 411 509 0 104 0
1675955478 7237 0 1710 6811 752 43 109 95 21 30 232 296 115 340 581 411 509 0 104 0
1675955750 7348 0 1710 6811 752 43 109 95 21 30 232 296 115 340 581 411 509 0 104 0
1675956475 7401 0 1710 6811 752 43 109 95 21 30 232 296 115 340 581 411 509 0 104 0
1675957553 7402 0 1710 6811 752 43 109 95 21 30 232 296 115 340 581 411 509 0 104 0
1675958200 7402 0 1710 6811 752 43 109 95 21 30 232 296 115 340 581 411 509 0 104 0
1675958323 7418 0 1710 6811 752 43 109 95 21 30 232 296 115 340 581 411 509 0 104 0
1675960185 7446 0 1710 6811 752 43 109 95 21 30 232 296 115 340 581 411 509 0 104 0
1675960916 7446 0 1710 6811 752 43 109 95 21 30 232 296 115 340 581 411 509 0 104 0
1675962061 7457 0 1710 6811 752 43 109 95 21 30 232 296 115 340 581 411 509 0 104 0
1675991879 7457 0 1710 6811 752 43 109 95 21 30 232 296 115 340 581 411 509 0 104 0
1676023482 7482 0 1710 6811 752 43 109 95 21 30 232 296 115 340 581 411 509 0 104 0
1676023865 7484 0 1710 6811 752 43 109 95 21 30 232 296 115 340 581 411 509 0 104 0
1676024082 7560 0 1710 6811 752 43 109 95 21 30 232 296 115 340 581 411 509 0 104 0
1676024576 7596 0 1710 6811 752 43 109 95 21 30 232 296 115 340 581 411 509 0 104 0
1676024591 7631 0 1710 6811 752 43 109 95 21 30 232 296 115 340 581 411 509 0 104 0
1676026212 7688 0 1710 6811 752 43 109 95 21 30 232 296 115 340 581 411 509 0 104 0
1676026366 7691 0 1710 6811 752 43 109 95 21 30 232 296 115 340 581 411 509 0 104 0
1676026554 7691 0 1710 6811 752 43 109 95 21 30 232 296 115 340 581 411 509 0 104 0
1676026921 7723 0 1710 6811 752 43 109 95 21 30 232 296 115 340 581 411 509 0 104 0
1676031746 7726 0 1710 6811 752 43 109 95 21 30 232 296 115 340 581 411 509 0 104 0
1676032018 7726 0 1710 6811 752 43 109 95 21 30 232 296 115 340 581 411 509 0 104 0
1676035492 7793 0 1710 6811 752 43 109 95 21 30 232 296 115 340 581 411 509 0 104 0
1676039727 7795 0 1710 6811 752 43 109 95 21 30 232 296 115 340 581 411 509 0 104 0
1676043385 7795 0 1710 6811 752 43 109 95 21 30 232 296 115 340 581 411 509 0 104 0
1676090073 7795 0 1710 6811 752 43 109 95 21 33 232 296 115 340 581 411 509 0 104 0
1676277206 7795 0 1710 6811 752 43 109 95 21 33 232 296 115 340 581 411 509 0 104 0
1676302778 7797 0 1710 6811 752 43 109 95 21 33 232 296 115 340 581 411 509 0 104 0
1676304638 7797 0 1710 6811 752 43 109 95 21 33 232 296 115 340 581 411 509 0 104 0
1676307365 7797 0 1710 6811 752 43 109 95 21 33 232 296 115 340 581 411 509 0 104 0
1676453941 7797 0 1710 6811 752 43 109 95 21 33 232 296 115 340 581 411 509 0 104 0
1676456687 8009 0 1710 6811 752 43 109 95 21 33 232 296 115 340 581 411 509 0 104 0
1676553737 8242 0 1710 6811 752 43 109 95 21 33 232 296 115 340 581 411 509 0 104 0
1676555658 8300 0 1710 6811 752 43 109 95 21 33 232 296 115 340 581 411 509 0 104 0
1676560625 8303 0 1710 6811 752 43 109 95 21 33 232 296 115 340 581 411 509 0 104 0
1676561287 8306 0 1710 6811 752 43 109 95 21 33 232 296 115 340 581 411 509 0 104 0
1676565569 8459 0 1710 6811 752 43 109 95 21 33 232 296 115 340 581 411 509 0 104 0
1676628565 8460 0 1710 6811 752 43 109 95 21 33 232 296 115 340 581 411 509 0 104 0
1676629905 8500 0 1710 6811 752 43 109 95 21 33 232 296 115 340 581 411 509 0 104 0
1676630824 8502 0 1710 6811 752 43 109 95 21 33 232 296 115 340 581 411 509 0 104 0
1676630863 8507 0 1710 6811 752 43 109 95 21 33 232 296 115 340 581 411 509 0 104 0
1676631185 8531 0 1710 6811 752 43 109 95 21 33 232 296 115 340 581 411 509 0 104 0
1676631347 8545 0 1710 6811 752 43 109 95 21 33 232 296 115 340 581 411 509 0 104 0
1676631494 8765 0 1710 6811 752 43 109 95 21 33 232 296 115 340 581 411 509 0 104 0
1676631547 8768 0 1710 6811 752 43 109 95 21 33 232 296 115 340 581 411 509 0 104 0
1676631646 8768 0 1710 6811 752 43 109 95 21 33 232 296 115 340 581 411 509 0 104 0
1676632209 9276 0 1710 6811 752 43 109 95 21 33 232 296 115 340 581 411 509 0 104 0
1676906854 9276 0 1710 6811 752 43 109 95 21 33 232 296 115 340 581 411 509 0 104 0
1676908006 9310 0 1710 6811 752 43 109 95 21 33 232 296 115 340 581 411 509 0 104 0
1676909767 9310 0 1710 6811 752 43 109 95 21 33 232 296 115 340 581 411 509 0 104 0
1676912542 9310 0 1710 6811 752 43 310 95 21 33 232 296 115 340 581 411 509 0 104 0
1676970245 9310 0 1710 6811 752 43 354 95 21 33 232 296 115 340 581 411 509 0 104 0
1676970323 9310 0 1710 6811 752 43 354 95 21 33 232 296 115 340 581 411 509 0 104 0
1676970413 9310 0 1710 6811 752 43 354 95 21 33 232 296 115 340 581 411 509 0 104 0
1676970889 9310 0 1710 6811 752 43 374 95 21 33 232 296 115 340 581 411 509 0 104 0
1676971350 9310 0 1710 6811 752 43 381 95 21 33 232 296 115 340 581 411 509 0 104 0
1676980268 9310 0 1710 6811 752 43 381 95 21 33 232 296 115 340 581 411 509 0 104 0
1676983050 9310 0 1710 6811 752 43 381 95 21 33 232 296 115 340 581 411 509 0 104 0
1677016487 9310 0 1710 6811 752 43 381 95 21 33 232 317 115 340 581 411 509 0 104 0
1677055025 9323 0 1710 6811 752 43 381 95 21 33 232 317 115 340 581 411 509 0 104 0
1677057694 9323 0 1710 6811 752 43 381 95 21 33 232 317 115 340 581 411 509 0 104 0
1677060016 9360 0 1710 6811 752 43 381 95 21 33 232 317 115 340 581 411 509 0 104 0
1677060672 9366 0 1710 6811 752 43 381 95 21 33 232 317 115 340 581 411 509 0 104 0
1677060974 9367 0 1710 6811 752 43 381 95 21 33 232 317 115 340 581 411 509 0 104 0
1677061403 9369 0 1710 6811 752 43 381 95 21 33 232 317 115 340 581 411 509 0 104 0
1677061431 9378 0 1710 6811 752 43 381 95 21 33 232 317 115 340 581 411 509 0 104 0
1677062723 9378 0 1710 6811 752 43 381 95 21 33 232 317 115 340 581 411 509 0 104 0
1677063861 9380 0 1710 6811 752 43 381 95 21 33 232 317 115 340 581 411 509 0 104 0
1677065585 9380 0 1710 6811 752 43 381 95 21 33 232 317 115 340 581 411 509 0 104 0
1677067286 9380 0 1710 6811 752 43 381 95 21 33 232 317 115 340 581 411 509 0 104 0
1677076379 9380 0 1710 6811 752 43 382 95 21 33 232 317 115 340 581 411 509 0 104 0
1677102039 9380 0 1710 6811 752 43 382 95 21 33 232 543 115 340 581 411 509 0 104 0
1677140332 9380 0 1710 6811 752 43 382 95 21 33 232 543 115 340 581 411 509 0 104 0
1677140365 9380 0 1710 6811 752 43 382 95 21 33 232 543 115 340 581 411 509 0 104 0
1677140457 9381 0 1710 6811 752 43 382 95 21 33 232 543 115 340 581 411 509 0 104 0
1677142106 9381 0 1710 6811 752 43 382 95 21 33 232 543 115 340 581 411 509 0 104 0
1677144577 9381 0 1710 6811 752 43 382 95 21 33 232 543 115 340 581 411 509 0 104 0
1677159666 9381 0 1710 6811 752 43 382 95 21 33 232 544 115 340 581 411 509 0 104 0
1677502798 9381 0 1710 6811 752 43 382 95 21 33 232 547 115 340 581 411 509 0 104 0
1677675570 9381 0 1710 6811 752 43 382 95 21 33 232 547 115 340 581 411 509 0 104 0
1677677445 9381 0 1710 6811 752 43 382 95 21 33 232 547 115 340 581 411 509 0 104 0
1677690363 9381 0 1710 6811 752 43 382 95 24 33 232 547 115 340 581 411 509 0 104 0
1677754746 9381 0 1710 6811 752 43 382 95 24 33 232 547 115 340 581 411 509 0 104 0
1678122758 9381 0 1710 6811 752 43 382 95 25 33 232 547 115 340 581 411 509 0 104 0
1678290978 10066 0 1710 6811 752 669 382 95 25 33 232 547 115 340 581 411 509 0 104 0
1678460056 10066 0 1710 6811 752 695 382 95 25 33 232 547 115 340 581 411 509 0 104 0
1678461922 10066 0 1710 6811 752 730 382 95 25 33 232 547 115 340 581 411 509 0 104 0
1678463283 10066 0 1710 6811 752 841 382 95 25 33 232 547 115 340 581 411 509 0 104 0
1678464293 10066 0 1710 6811 752 851 382 95 25 33 232 547 115 340 581 411 509 0 104 0
1678477928 10066 0 1710 6811 752 874 382 95 25 33 232 547 115 340 581 411 509 0 104 0
1678485091 10066 0 1710 6811 752 1165 382 95 25 33 232 547 115 340 581 411 509 0 104 0
1678486141 10066 0 1710 6811 752 1172 382 95 25 33 232 547 115 340 581 411 509 0 104 0
1678487536 10066 0 1710 6811 752 1233 382 95 25 33 232 547 115 340 581 411 509 0 104 0
1678621147 10066 0 1710 6811 752 1238 382 95 25 33 232 547 115 340 581 411 509 0 104 0
1678654744 10066 0 1710 6811 752 1243 382 95 25 33 232 547 115 340 581 411 509 0 104 0
1678659321 10066 0 1710 6811 752 1342 382 95 25 33 232 547 115 340 581 411 509 0 104 0
1678660481 10066 0 1710 6811 752 1346 382 95 25 33 232 547 115 340 581 411 509 0 104 0
1678661287 10066 0 1710 6811 752 1352 382 95 25 33 232 547 115 340 581 411 509 0 104 0
1678664088 10066 0 1710 6811 752 1359 382 95 25 33 232 547 115 340 581 411 509 0 104 0
1678719699 10066 0 1710 6811 752 1513 382 95 25 33 232 547 115 340 581 411 509 0 104 0
1678719781 10066 0 1710 6811 752 1522 382 95 25 33 232 547 115 340 581 411 509 0 104 0
1678723342 10066 0 1710 6811 752 1526 382 95 25 33 232 547 115 340 581 411 509 0 104 0
1678734602 10066 0 1710 6811 752 1527 382 95 25 33 232 547 115 340 581 411 509 0 104 0
1678735753 10066 0 1710 6811 752 1530 382 95 25 33 232 547 115 340 581 411 509 0 104 0
1678737195 10066 0 1710 6811 752 1560 382 95 25 33 232 547 115 340 581 411 509 0 104 0
1678737266 10066 0 1710 6811 752 1560 382 95 25 33 232 547 115 340 581 411 509 0 104 0
1678737572 10066 0 1710 6811 752 1560 382 95 25 33 232 547 115 340 581 411 509 0 104 0
1678798410 10070 0 1710 6811 752 1560 382 95 25 33 232 547 115 340 581 411 509 0 104 0
1678798595 10073 0 1710 6811 752 1560 382 95 25 33 232 547 115 340 581 411 509 0 104 0
1678801682 10073 0 1710 6811 752 1560 382 95 25 33 232 547 115 340 581 411 509 0 104 0
1678807286 10073 0 1710 6811 752 1568 382 95 25 33 232 547 115 340 581 411 509 0 104 0
1678811410 10073 0 1710 6811 752 1568 382 95 25 33 232 547 115 340 581 411 509 0 104 0
1678812335 10073 0 1710 6811 752 1568 382 95 25 33 232 547 115 340 581 411 509 0 104 0
1678813279 10073 0 1710 6811 752 1568 382 95 25 33 232 547 115 340 581 411 509 0 104 0
1678832314 10073 0 1710 6811 752 1568 382 95 25 39 232 547 115 340 581 411 509 0 104 0
1678835127 10073 0 1710 6811 752 1568 382 95 25 39 232 547 115 340 581 411 509 0 104 0
1678835205 10073 0 1710 6811 752 1568 382 95 25 39 232 547 115 340 581 411 509 0 104 0
1678838038 10073 0 1710 6811 752 1568 382 95 25 39 232 547 115 340 581 411 509 0 104 0
1678864022 10073 0 1710 6811 752 1568 382 95 25 39 232 547 115 340 581 411 509 0 104 0
1678886406 10073 0 1710 6811 752 1568 382 95 25 39 232 547 115 340 581 411 509 0 104 0
1678911417 10073 0 1710 6811 752 1570 382 95 25 39 232 547 115 340 581 411 509 0 104 0
1678978730 10073 0 1710 6811 752 1570 382 95 25 39 232 547 115 340 581 411 509 0 104 0
1678986165 10073 0 1710 6811 752 1570 382 95 28 39 232 547 115 340 581 411 509 0 104 0
1678988097 10073 0 1710 6811 752 1570 382 95 28 39 232 547 115 340 581 411 509 0 104 0
1679416906 10249 0 1710 6811 752 1570 382 95 28 39 232 547 115 340 581 411 509 0 104 0
1679417728 10460 0 1710 6811 752 1570 382 95 28 39 232 547 115 340 581 411 509 0 104 0
1679417949 10477 0 1710 6811 752 1570 382 95 28 39 232 547 115 340 581 411 509 0 104 0
1679499128 10477 0 1710 6811 752 1570 382 95 28 45 232 547 115 340 581 411 509 0 104 0
1679569055 10477 0 1710 6811 752 1570 382 95 28 45 232 547 115 340 581 411 509 0 104 0
1679571899 10477 0 1710 6811 752 1570 382 95 28 45 232 547 115 340 581 411 509 0 104 0
1679576254 10477 0 1710 6811 752 1570 382 95 28 45 232 547 115 340 581 411 509 0 104 0
1679590417 10477 0 1710 6811 752 1570 382 96 28 45 232 547 115 340 581 411 509 0 104 0
1679593353 10477 0 1710 6811 752 1570 382 96 28 45 232 547 115 340 581 411 509 0 104 0
1679595986 10477 0 1710 6811 752 1570 382 96 28 45 232 547 115 340 581 411 509 0 104 0
1679677314 10477 0 1710 6811 752 1570 382 96 31 45 232 547 115 340 581 411 509 0 104 0
1679910940 10477 0 1710 6811 752 1570 382 96 31 45 232 547 115 340 581 411 509 0 104 0
1679936742 10477 0 1710 6811 752 1570 382 96 32 45 232 547 115 340 581 411 509 0 104 0
1679997848 10477 0 1710 6811 752 1570 382 96 32 45 232 547 115 340 581 411 509 0 104 0
1680278923 10561 0 1710 6811 752 1570 382 96 32 45 232 547 115 340 581 411 509 0 104 0
1680279377 11000 0 1710 6811 752 1570 382 96 32 45 232 547 115 340 581 411 509 0 104 0
1680511445 11196 0 1710 6811 752 1570 382 96 32 45 232 547 115 340 581 411 509 0 104 0
1680511546 11382 0 1710 6811 752 1570 382 96 32 45 232 547 115 340 581 411 509 0 104 0
1680512047 11424 0 1710 6811 752 1570 382 96 32 45 232 547 115 340 581 411 509 0 104 0
1680512172 11432 0 1710 6811 752 1570 382 96 32 45 232 547 115 340 581 411 509 0 104 0
1680512237 11655 0 1710 6811 752 1570 382 96 32 45 232 547 115 340 581 411 509 0 104 0
1680512338 11689 0 1710 6811 752 1570 382 96 32 45 232 547 115 340 581 411 509 0 104 0
1680512372 11697 0 1710 6811 752 1570 382 96 32 45 232 547 115 340 581 411 509 0 104 0
1680512714 11705 0 1710 6811 752 1570 382 96 32 48 232 547 115 340 581 411 509 0 104 0
1680609847 11705 0 1710 6811 752 1570 382 96 32 48 232 547 115 340 581 411 509 0 104 0
1680612195 11705 0 1710 6811 752 1570 382 96 32 48 232 547 115 340 581 411 509 0 104 0
1680681915 11707 0 1710 6811 752 1570 382 96 32 48 232 547 115 340 581 411 509 0 104 0
1680682119 11724 0 1710 6811 752 1570 382 96 32 48 232 547 115 340 581 411 509 0 104 0
1680684966 11724 0 1710 6811 752 1570 382 96 32 48 232 547 115 340 581 411 509 0 104 0
1680687807 11724 0 1710 6811 752 1570 382 96 32 48 232 547 115 340 581 411 509 0 104 0
1680705969 11775 0 1710 6811 752 1570 382 96 32 48 232 547 115 340 581 411 509 0 104 0
1680706614 11791 0 1710 6811 752 1570 382 96 32 48 232 547 115 340 581 411 509 0 104 0
1680707233 11828 0 1710 6811 752 1570 382 96 32 48 232 547 115 340 581 411 509 0 104 0
1680707512 11848 0 1710 6811 752 1570 382 96 32 48 232 547 115 340 581 411 509 0 104 0
1680707774 11849 0 1710 6811 752 1570 382 96 32 48 232 547 115 340 581 411 509 0 104 0
1680707901 11879 0 1710 6811 752 1570 382 96 32 48 232 547 115 340 581 411 509 0 104 0
1680773345 11906 0 1710 6811 752 1570 382 96 32 48 232 547 115 340 581 411 509 0 104 0
1680773680 11917 0 1710 6811 752 1570 382 96 32 48 232 547 115 340 581 411 509 0 104 0
1680773787 11937 0 1710 6811 752 1570 382 96 32 48 232 547 115 340 581 411 509 0 104 0
1680775430 12007 0 1710 6811 752 1570 382 96 32 48 232 547 115 340 581 411 509 0 104 0
1680775955 12071 0 1710 6811 752 1570 382 96 32 48 232 547 115 340 581 411 509 0 104 0
1680785502 12071 0 1710 6811 752 1570 382 96 32 48 232 547 115 340 581 411 509 0 104 0
1680785517 12089 0 1710 6811 752 1570 382 96 32 48 232 547 115 340 581 411 509 0 104 0
1680785541 12115 0 1710 6811 752 1570 382 96 32 48 232 547 115 340 581 411 509 0 104 0
1680785689 12126 0 1710 6811 752 1570 382 96 32 48 232 547 115 340 581 411 509 0 104 0
1680785953 12128 0 1710 6811 752 1570 382 96 32 48 232 547 115 340 581 411 509 0 104 0
1680785964 12142 0 1710 6811 752 1570 382 96 32 48 232 547 115 340 581 411 509 0 104 0
1680786062 12155 0 1710 6811 752 1570 382 96 32 48 232 547 115 340 581 411 509 0 104 0
1680786177 12167 0 1710 6811 752 1570 382 96 32 48 232 547 115 340 581 411 509 0 104 0
1680786303 12169 0 1710 6811 752 1570 382 96 32 48 232 547 115 340 581 411 509 0 104 0
1680787006 12262 0 1710 6811 752 1570 382 96 32 48 232 547 115 340 581 411 509 0 104 0
1680787455 12265 0 1710 6811 752 1570 382 96 32 48 232 547 115 340 581 411 509 0 104 0
1680787727 12285 0 1710 6811 752 1570 382 96 32 48 232 547 115 340 581 411 509 0 104 0
1680787859 12302 0 1710 6811 752 1570 382 96 32 48 232 547 115 340 581 411 509 0 104 0
1680886842 12302 0 1710 6811 752 1570 382 96 33 48 232 547 115 340 581 411 509 0 104 0
1680928334 12302 0 1710 6811 752 1570 382 96 33 54 232 547 115 340 581 411 509 0 104 0
1681209737 12302 0 1710 6811 752 1570 382 96 33 54 232 547 115 340 581 411 509 0 104 0
1681212545 12302 0 1710 6811 752 1570 382 96 33 54 232 547 115 340 581 411 509 0 104 0
1681214375 12302 0 1710 6811 752 1570 382 96 33 54 232 547 115 340 581 411 509 0 104 0
1681311335 12307 0 1710 6811 752 1570 382 96 33 54 232 547 115 340 581 411 509 0 104 0
1681316035 12374 0 1710 6811 752 1570 382 96 33 54 232 547 115 340 581 411 509 0 104 0
1681316166 12374 0 1710 6811 752 1570 382 96 33 54 232 547 115 340 581 411 509 0 104 0
1681317954 12375 0 1710 6811 752 1570 1337 97 33 54 232 547 115 340 581 411 509 0 104 0
1681392859 12375 0 1710 6811 752 1570 1340 97 33 54 232 547 115 340 581 411 509 0 104 0
1681392872 12375 0 1710 6811 752 1570 1342 97 33 54 232 547 115 340 581 411 509 0 104 0
1681393089 12375 0 1710 6811 752 1570 1346 97 33 54 232 547 115 340 581 411 509 0 104 0
1681393793 12375 0 1710 6811 752 1570 1364 97 33 54 232 547 115 340 581 411 509 0 104 0
1681393816 12375 0 1710 6811 752 1570 1369 97 33 54 232 547 115 340 581 411 509 0 104 0
1681394060 12375 0 1710 6811 752 1570 1372 97 33 54 232 547 115 340 581 411 509 0 104 0
1681394470 12375 0 1710 6811 752 1570 1383 97 33 54 232 547 115 340 581 411 509 0 104 0
1681394515 12375 0 1710 6811 752 1570 1389 97 33 54 232 547 115 340 581 411 509 0 104 0
1681405228 12375 0 1710 6811 752 1570 1389 97 36 54 232 547 115 340 581 411 509 0 104 0
1681460586 12375 0 1710 6811 752 1570 1389 97 36 54 232 547 115 340 581 411 509 0 104 0
1681725042 12375 0 1710 6811 752 1570 1389 97 36 54 232 547 115 340 581 411 509 0 104 0
1681726969 12375 0 1710 6811 752 1570 1389 97 36 78 232 547 115 340 581 411 509 0 104 0
1681733276 12376 0 1710 6811 752 1570 1389 97 36 78 232 547 115 340 581 411 509 0 104 0
1681735889 12376 0 1710 6811 752 1570 1389 97 36 78 232 547 115 340 581 411 509 0 104 0
1681738760 12376 0 1710 6811 752 1570 1389 97 36 78 232 547 115 340 581 411 509 0 104 0
1681738766 12376 0 1710 6811 752 1570 1389 97 36 78 232 547 115 340 581 411 509 0 104 0
1681741597 12376 0 1710 6811 752 1570 1389 97 36 78 232 547 115 340 581 411 509 0 104 0
1681805871 12376 0 1710 6811 752 1570 1389 97 36 78 232 548 115 340 581 411 509 0 104 0
1681810575 12376 0 1710 6811 752 1570 1389 97 36 78 232 548 115 340 581 411 509 0 104 0
1682987291 12376 0 1710 6811 752 1570 1389 97 64 78 232 548 115 340 581 411 509 0 104 0
1683110467 12376 0 1710 6811 752 1570 1389 97 64 78 232 548 115 340 581 411 509 0 104 0
1683306102 12376 0 1710 6811 752 1570 1389 97 64 78 232 548 115 340 581 411 509 0 104 0
1683564522 12376 0 1710 6811 752 1570 1389 97 64 78 232 548 115 340 581 411 509 0 104 0
1683637886 12377 0 1710 6811 752 1570 1389 97 64 78 232 548 115 340 581 411 509 0 104 0
1683643729 12377 0 1710 6811 752 1570 1389 97 64 78 232 548 115 340 581 411 509 0 104 0
1683678339 12377 0 1710 6811 752 1570 1389 97 64 78 232 548 115 340 581 411 509 0 104 0
1683723354 12377 0 1710 6811 752 1570 1389 97 64 81 232 548 115 340 581 411 509 0 104 0
1683806276 12377 0 1710 6811 752 1570 1389 97 64 81 232 548 115 340 581 411 509 0 104 0
1683807745 12377 0 1710 6811 752 1570 1389 97 64 81 232 548 115 340 581 411 509 0 104 0
1683810224 12377 0 1710 6811 752 1570 1389 97 64 81 232 548 115 340 581 411 509 0 104 0
1683823213 12377 0 1710 6811 752 1570 1389 97 64 81 232 548 115 340 581 411 509 0 104 0
1684110400 12377 0 1710 6811 752 1570 1389 97 64 81 232 548 115 340 581 411 509 0 104 0
1684171776 12377 0 1710 6811 752 1570 1389 97 64 81 232 548 115 340 581 411 509 0 104 0
1684234549 12377 0 1710 6811 752 1570 1389 101 64 81 232 548 115 340 581 411 509 0 104 0
1684236064 12377 0 1710 6811 752 1570 1389 101 64 84 232 548 115 340 581 411 509 0 104 0
1684237144 12377 0 1710 6811 752 1570 1389 101 64 84 232 548 115 340 581 411 509 0 104 0
1684239181 12377 0 1710 6811 752 1570 1389 101 64 84 232 548 115 340 581 411 509 0 104 0
1684239186 12377 0 1710 6811 752 1570 1389 101 64 84 232 548 115 340 581 411 509 0 104 0
1684241564 12377 0 1710 6811 752 1570 1389 101 64 84 232 548 115 340 581 411 509 0 104 0
1684557129 12377 0 1710 6811 752 1570 1389 101 64 87 232 548 115 340 581 411 509 0 104 0
1684855298 12377 0 1710 6811 752 1570 1389 101 64 87 232 548 115 340 581 411 509 0 104 0
1684923264 12377 0 1710 6811 752 1576 1389 101 64 87 232 548 115 340 581 411 509 0 104 0
1684927882 12377 0 1710 6811 752 1576 1389 101 64 87 232 548 115 340 581 411 509 0 104 0
1684947632 12377 0 1710 6811 752 1576 1389 101 67 87 232 548 115 340 581 411 509 0 104 0
1685104844 12377 0 1710 6811 752 1576 1389 101 67 87 232 548 115 340 581 411 509 0 104 0
1686330020 12377 0 1710 6811 752 1576 1389 101 70 87 232 548 115 340 581 411 509 0 104 0
1686976344 12377 0 1710 6811 752 1576 1389 101 70 93 232 548 115 340 581 411 509 0 104 0
1687168259 12377 0 1710 6811 752 1576 1389 101 70 93 232 548 115 340 581 411 509 0 104 0
1687171513 12377 0 1710 6811 752 1576 1389 101 70 93 232 548 115 340 581 411 509 0 104 0
1687194097 12377 0 1710 6811 752 1576 1389 101 73 93 232 548 115 340 581 411 509 0 104 0
1687441190 12377 0 1710 6811 752 1576 1389 101 73 93 232 548 115 340 581 411 509 0 104 0
1688790835 12377 0 1710 6811 752 1576 1389 101 73 99 232 548 115 340 581 411 509 0 104 0
1689590500 12377 0 1710 6811 752 1576 1389 101 73 99 232 548 115 340 581 411 509 0 104 0
