1390640944 1287
1390647026 1325
1390647583 1325
1390657930 1500
1390663736 1537
1390694003 1535
1390694339 1530
1390764206 1571
1390764536 1571
1390764837 1571
1390814870 1488
1390815850 1214
1390816329 1264
1390820045 1267
1390820596 1266
1390820712 1266
1390820837 1266
1390820877 1266
1390820947 1266
1390821600 1266
1390823872 1276
1390844118 1281
1390960805 1374
1390961338 1372
1391201527 1373
1391212057 1418
1391214441 1414
1391291395 1412
1391292029 1413
1391292510 1412
1391292527 1411
1391452099 1347
1391640778 1355
1391642500 1336
1391643026 1335
1391901923 1337
1391903781 1341
1392145437 1334
1392246931 1332
1392246958 1388
1392925198 1326
1392929542 1289
1393015914 1185
1393024619 1096
1393056441 1096
1393058082 1096
1393063073 1125
1393675618 1154
1393677492 1153
1393677980 1153
1393768758 1204
1393770673 1209
1393770966 1189
1393884510 1214
1393884740 1214
1393884802 1214
1393972273 1236
1394053655 1235
1394143594 1241
1394144045 1239
1394146370 1271
1394148833 1286
1394276303 1284
1394288337 1272
1394289647 1269
1394800546 1314
1394910311 1327
1394992303 1336
1394995717 1345
1395014500 1345
1395063793 1344
1395163404 1352
1395280077 1372
1395280826 1475
1395282008 1475
1395488282 1475
1395488933 1514
1395489789 1515
1395490277 1516
1395498368 1492
1395498583 1492
1395499068 1495
1395532117 1490
1396000356 1490
1396000568 1486
1396003034 1495
1396011909 1526
1396012421 1526
1396012596 1526
1396022604 1523
1396042033 1562
1396043205 1539
1396045251 1536
1396046249 1539
1396046285 1539
1396049152 1505
1396049180 1505
1396087482 1516
1396087551 1515
1396088930 1515
1396203933 1532
1396212462 1531
1396212606 1531
1396212753 1529
1396217206 1533
1396217569 1534
1396217905 1534
1396220953 1552
1396221363 1553
1396221851 1586
1396221898 1586
1396222197 1605
1396222286 1603
1399381891 1628
1399387091 1640
1399504987 1455
1399638426 1459
1399642435 1670
1399644565 1670
1399644710 1666
1399647610 1666
1399647918 1666
1399766187 1679
1399766345 1677
1399766613 1675
1399766648 1675
1399766721 1676
1399766841 1676
1399767018 1674
1399768413 1675
1399934464 1951
1407791057 1964
1409606675 1975
1412898252 1979
1412898323 1998
1412898363 2047
1412901410 2004
1412965046 1982
1412965930 1978
1412966192 1995
1412966253 2022
1412979326 2071
1413077886 2128
1413078011 2118
1413079467 2142
1413247430 2245
1413247480 2543
1413248456 2500
1413249275 2455
1413250011 2455
1413250192 2455
1413251770 2455
1413252976 2472
1413262839 2462
1413323174 2464
1413327631 2464
1413329075 2464
1413637541 2464
1413646548 2484
1413648221 2482
1413648264 2473
1413664096 2486
1413676485 2701
1413729897 2762
1413730463 2768
1413731476 2767
1413732545 2773
1413732941 2765
1413929766 2766
1413929794 2767
1414105179 2855
1414162871 2854
1414186376 2894
1414187042 2887
1414279790 2950
1414281157 2947
1414282994 2950
1414534494 2951
1414620666 2980
1414710807 3097
1414718260 3204
1414766088 3184
1414767762 3181
1414800732 3261
1414801551 3254
1414801729 3271
1414804854 3978
1414805151 3658
1414805543 3660
1414806052 3660
1414806262 3660
1414806440 3659
1414870495 3665
1414998028 3666
1414998096 3666
1414998236 3666
1414998362 3666
1415018383 3666
1415018412 3666
1415037080 3666
1415054836 3883
1415055737 3905
1415061048 3915
1415061074 3922
1415062046 3922
1415144848 3932
1415147341 3931
1415220853 3964
1415221640 3934
1415222118 3934
1415222134 3934
1415222184 3934
1415346208 3940
1415346339 3940
1415367422 3938
1415369873 3974
1415370077 3974
1415370149 3974
1415371407 3974
1415372230 3976
1415385137 3976
1415386007 3976
1415386295 3976
1415430099 3976
1415646609 4001
1415713226 4110
1415713486 4106
1415829373 4110
1415832069 4118
1415900677 4176
1416069773 4179
1416521604 4185
1416522110 4179
1416522713 4194
1416523617 4192
1416561448 4179
1416561835 4162
1416644821 4169
1416644946 4170
1416695086 4250
1416697507 4250
1416697526 4237
1416697955 4237
1416697978 4237
1416699698 4237
1416701202 4237
1416701213 4237
1416701410 4237
1416766153 4242
1416785349 4499
1416785909 4499
1416785991 4501
1416786889 4496
1416788117 4579
1416789885 4643
1416790343 4643
1416790358 4643
1416790726 4643
1416790772 4643
1416793840 4643
1416831509 4644
1416834163 4643
1416834533 4647
1416864662 4740
1416865138 4749
1416867835 4746
1416867859 4746
1416868048 4746
1417284105 4746
1417446424 4759
1417464141 4759
1417924550 4759
1417925535 8493
1417928065 8489
1417928082 8485
1417929397 8487
1417929523 8487
1417929537 8488
1417929886 8489
1417930564 8489
1417930587 8489
1417930670 8489
1417930820 8489
1417930871 8489
1417930898 8489
1417931020 8489
1417937793 8488
1417938081 8489
1417962862 8489
1417970879 8521
1417970974 8488
1417970991 8488
1417990194 8481
1417990211 8480
1417992945 8480
1418031513 8478
1418031590 8477
1418076071 8487
1418076762 8481
1418890041 8520
1418890053 8520
1418890326 8520
1418928171 8577
1418931517 8577
1418934476 8575
1419004909 8534
1419007005 8534
1419007457 8534
1419015566 8535
1419017497 8543
1419017743 8538
1419017771 8536
1419094621 8624
1419094672 8623
1419094777 8623
1419094816 8622
1419094834 8631
1419096691 8631
1419096774 8629
1419107155 8610
1419117155 8611
1419117172 8846
1419117217 8850
1419118239 8840
1419120496 8841
1419121613 8830
1419121833 8858
1419121870 8854
1419121943 8854
1419121983 8827
1419122092 8827
1419122141 8827
1419122221 8827
1419122227 8827
1419122557 8827
1419122569 8827
1419122653 8826
1419122824 8826
1419122930 8825
1419123036 8825
1419123197 8825
1419123246 8825
1419123289 8825
1419123645 8850
1419123886 8848
1419123890 8848
1419124300 8807
1419124355 8805
1419124475 8805
1419249741 8822
1419249812 8822
1419249841 8822
1419249878 8822
1419437798 8823
1419547485 8823
1419678075 8838
1419794038 8853
1420278410 8860
1420494905 8924
1420626943 8924
1420627442 8924
1420711065 8924
1421041897 8928
1421252996 8938
1421308877 8951
1421310456 8960
1421310890 8960
1421311732 8988
1421311745 8988
1421312514 8994
1421315211 9001
1421318362 9002
1421318495 9002
1421318700 9003
1421318966 9003
1421322529 9003
1421566362 9003
1422375216 9034
1422399196 9101
1422443977 9126
1422444195 9127
1422445058 9142
1422445195 9155
1422480976 9158
1422481792 9158
1422483577 9171
1422483694 9171
1422484523 9171
1422485229 9171
1422526636 9171
1422526707 9171
1422652959 9171
1423518471 9171
1423525708 9171
1423526024 9161
1423526169 9165
1423526548 9165
1423770238 9177
1424035693 9189
1424036155 9212
1425029050 9077
1425029108 9076
1426114168 9066
1426195853 9069
1426714277 9065
1426937393 9063
1426938179 9066
1426938900 9343
1427388298 9349
1427388513 9350
1427388682 9348
1427388723 9343
1428418456 9343
1428425061 9108
1428425847 9117
1428426163 9116
1428427602 9131
1428429754 9136
1428430243 9138
1428430571 9138
1428431741 9139
1428433058 9145
1428433126 9143
1428433450 9143
1428479725 9144
1428479799 9144
1428591916 9207
1428592479 9207
1428592845 9207
1428593402 9213
1428593423 9212
1428593535 9213
1428759391 9230
1428761720 9238
1428762067 9234
1429310850 9246
1429310867 9245
1430172813 9248
1430173395 9250
1430173452 9039
1431175323 9066
1431175649 9120
1431176623 9125
1431178763 9127
1431180907 9072
1431196373 9083
1431196517 9083
1431196795 9083
1431196880 9085
1431197042 9085
1431335728 9089
1431338299 9275
1431339147 9275
1431350127 9273
1431379167 9273
1431422690 9301
1431446076 9305
1431446581 9305
1431449090 9321
1431682577 9269
1431683524 9269
1431711037 19101
1431712118 19110
1431712441 19112
1431715510 19111
1431715869 19111
1431716166 19112
1431716914 19114
1431717697 19150
1436388348 19673
1436388409 19679
1437949332 19721
1437949468 19721
1437949648 19721
1438711413 19735
1438945534 19697
1438945582 19708
1439573144 19517
1439573167 19483
1439573193 19542
1439576168 19568
1440584420 19568
1440749522 19568
1441921419 19571
1441921444 19576
1441921514 19724
1442269331 19828
1442269591 19824
1442455791 19824
1442564124 19916
1442678239 19921
1445292845 19921
1445456840 19921
1445792421 19921
1446730407 20075
1446731017 20075
1446732371 20075
1448542244 20442
1448542267 20447
1448711046 20559
1448715619 20623
1448715705 20630
1448718613 20629
1448720330 20629
1448722322 20995
1448727860 20462
1448727892 20462
1448731195 20444
1448804955 20444
1448805402 20444
1448806455 20446
1448825498 20446
1449946211 20123
1449946236 20123
1449946380 20136
1449946599 20222
1449946623 20222
1450002559 20231
1450003909 20231
1450003987 20230
1450005410 20230
1450005673 20230
1450010192 20237
1450011588 20240
1450011597 20240
1450012396 20248
1450012768 20248
1450770464 20278
1450813227 20249
1450813443 20670
1451982309 20756
1452108245 20760
1452108642 20761
1452121508 20746
1452121926 20763
1454449313 20765
1455387422 20765
1456442088 20879
1458600401 20884
1458600440 20934
1458600495 20936
1458603670 20937
1458664358 20936
1458762281 20936
1459153257 21011
1459288211 21172
1459343109 21175
1459349047 21291
1459352785 21296
1459352876 21296
1459354292 21293
1459363749 21221
1459363765 21228
1459635941 21228
1459636729 21178
1459638479 21178
1459638546 21178
1459638894 21322
1459639113 21322
1459639264 21322
1459674450 21324
1460232315 21380
1460235644 21381
1460235739 21381
1460235753 21383
1460241431 21412
1460241832 21412
1460667951 21433
1460668944 21456
1460669277 21459
1461142669 21459
1461363434 21458
1462296547 21520
1462316865 21534
1462432187 21800
1462432820 21534
1462982815 21550
1463145012 21557
1463151709 21554
1463173753 21566
1463259288 21566
1463262815 21551
1463265916 21549
1463265937 21549
1463266155 21549
1463382794 21549
1463816648 21549
1463908416 21549
1466247027 21557
1466251501 21589
1466252564 21586
1466252743 21581
1466253105 21563
1466544235 21593
1466544770 21592
1466544994 21592
1467506635 21562
1467506662 21562
1467507004 21561
1468014922 21133
1468015191 21131
1468015216 21132
1468026368 21134
1468029005 21135
1468031267 21127
1468084075 21125
1468098523 21125
1468252680 21123
1468252876 21123
1468253561 21123
1468253762 21123
1468254479 21122
1468266511 21124
1468497589 21124
1468594082 21162
1468594342 21180
1468594534 21166
1468594689 21179
1468596943 20541
1468597319 20552
1468870166 20552
1469093399 20552
1469094080 20551
1469199996 20755
1469203644 20752
1469207966 21464
1469892235 21455
1469896371 21490
1469918875 21486
1469919142 21486
1470001139 21486
1470044458 21486
1470216013 21486
1470269516 21487
1470358600 21663
1470360214 21663
1470361400 21687
1470396478 21686
1471688773 21686
1471689456 21703
1471690267 21740
1471690900 21741
1471693946 21735
1471694073 21742
1471694150 21742
1471694468 21743
1471730273 21743
1471731364 21743
1471731678 21743
1471732587 21750
1471886440 21804
1471888336 21808
1471888458 21810
1471889595 21811
1471889754 21811
1471891737 21817
1471892849 21828
1471892963 21819
1471899649 21820
1471996855 21819
1471996921 21819
1471997038 21819
1471997095 21819
1472161061 21827
1472161088 21827
1472210196 21821
1472215140 21821
1472817651 21821
1472822369 21834
1472824755 21833
1472824795 21835
1472825160 21835
1472825688 21827
1472825762 21826
1472826220 21742
1472826280 21742
1472855587 21742
1472855710 21742
1472900935 21740
1472901309 21741
1473714299 21822
1473864943 21846
1473888951 21174
1473889101 21896
1473983882 21897
1474146896 21897
1474148622 21905
1474152713 22057
1474154921 22057
1474366484 22058
1474764456 22063
1475182143 22068
1475233711 22068
1475329053 22075
1475330113 22435
1475334921 22449
1475949509 22448
1475962889 22448
1475967347 22448
1476002389 22448
1476274210 22638
1476302924 22638
1476697838 22638
1476954691 22174
1476954865 22680
1479480985 22680
1479481110 22683
1479481137 22683
1479482033 22699
1479482229 22874
1479591819 22874
1479814772 22881
1480086835 22881
1480691340 22907
1480691544 22908
1480692829 22915
1480693240 22915
1480693690 22919
1480703052 22919
1481046453 22921
1481312878 22925
1481327023 22945
1481328193 22945
1481328260 22946
1481328305 22946
1483092969 22945
1483093004 22945
1483199677 22945
1483216680 22945
1483698745 22933
1483699152 22934
1484126955 22934
1486125843 22943
1486127468 22945
1486127963 22945
1486128407 22943
1486128426 22945
1486128512 22944
1487203818 22945
1487203970 22947
1487252355 22962
1487342459 22966
1487671984 22966
1488266347 22961
1488478735 22961
1490013666 22578
1490172087 22578
1490650049 22576
1490655273 22638
1490655959 22640
1490656098 23350
1490656141 23350
1490660753 23348
1490802519 23348
1490819716 23348
1490819779 23348
1491127502 23347
1491550703 23347
1491550734 23347
1491550773 23347
1491550821 23347
1494073992 23351
1494074844 23379
1494966901 23415
1494968512 23500
1494968771 23511
1494969466 23511
1495047947 23511
1495139937 23551
1495319763 23532
1495320546 23531
1495320861 23531
1495321001 23531
1495321016 23538
1495321663 23538
1495321869 23538
1495322733 23539
1495323199 23539
1495323908 23532
1495325195 23531
1495325283 23532
1495327421 23546
1495327734 23546
1495328552 23546
1495328616 23546
1495328840 23551
1495362433 23551
1495388394 23551
1496255958 23569
1496277730 23569
1497032163 23569
1497555768 23623
1497744833 24031
1497761162 24029
1498293283 24033
1498544317 24065
1498728032 24066
1498749257 24062
1499897971 24072
1500793902 24074
1501397564 24078
1502574214 24079
1502918504 24085
1503146194 24060
1503146761 23149
1503146956 23149
1503157723 23149
1503498904 23153
1503670293 23178
1503686063 23183
1503997210 23183
1505717176 23197
1506624295 23198
1506714228 23197
1507632997 23929
1507826884 23944
1507827187 23945
1507827554 23945
1507849471 24004
1507850149 24011
1508223858 24011
1508895378 24011
1508925460 24018
1508925578 24018
1508926149 24050
1509783883 24050
1509834060 24046
1509834559 24046
1509834856 24069
1509837441 24069
1509964624 24069
1509964744 24939
1510411806 24939
1510508775 24910
1510669719 24939
1510669760 24939
1511549923 24955
1511549998 24956
1511615478 24959
1511615676 24556
1511617315 24556
1511618015 24560
1511649647 24570
1512078177 24562
1512084492 24558
1512092449 24721
1512092729 24721
1512092779 24721
1512093575 24721
1512095723 24731
1512096143 24726
1512227219 24727
1512228242 24726
1512327499 24722
1512327667 24722
1512475633 24722
1512568767 24720
1513676991 24720
1513717767 24718
1513721056 24720
1513722555 24718
1513946324 24728
1513946334 24743
1513960614 24743
1513960671 24702
1513960863 24705
1513961282 24706
1513961408 24706
1513961719 24706
1513962361 24705
1514022221 24705
1514137074 24728
1514287564 24728
1514316128 24728
1514995208 24749
1514995525 24748
1515704978 24757
1515758947 24759
1515758974 24759
1515765990 24759
1517677077 24759
1517677090 24761
1517677844 24765
1517826057 24767
1518080669 24767
1518282333 24767
1518391009 24766
1519385213 24767
1519387548 24766
1519387665 24765
1519388954 24765
1519388971 24765
1519389265 24766
1519389581 24767
1519391421 24767
1519391470 24767
1519396845 24842
1519397366 24843
1519402603 24847
1519403139 24848
1519403526 24110
1519403583 24986
1519767684 24933
1519769510 24933
1520281791 24933
1520325096 24933
1520590136 24933
1520598435 24938
1520598560 25041
1520598563 25097
1520600535 25097
1520601877 25078
1520601960 25078
1520601993 24821
1520602073 24821
1520602248 24822
1520629908 24822
1520630788 24822
1521202535 24822
1521212675 24822
1521213202 24822
1521213230 24825
1521213453 24819
1521213656 24822
1521214550 24822
1521214556 25099
1521283624 25103
1521283666 25153
1521283676 25153
1521283771 25153
1521283785 25153
1521286929 25271
1521288490 25275
1521742113 26149
1521743749 26147
1522976417 26262
1522976690 26263
1522976723 26262
1522976762 26262
1522978582 26262
1523201238 26262
1523228793 26261
1523272492 26271
1523275902 26261
1523275971 26261
1523276053 26260
1523612683 26261
1523612733 26262
1523666097 26180
1523666580 26179
1523666846 26180
1523668263 26498
1523668565 26497
1523830042 26539
1524006250 26533
1524149418 26559
1524152458 26571
1524152460 26571
1524178209 26591
1524178531 26592
1524182225 26589
1524182693 26666
1524219619 26646
1524222195 26646
1524222216 26647
1524345920 26647
1524345962 26446
1524932950 26446
1524947435 26443
1524949726 26430
1524949796 26429
1524950404 26429
1524950475 26429
1524950639 26429
1524951332 26432
1524951744 26434
1524951804 26434
1524951875 26434
1524952376 26435
1524954198 26486
1524954370 26486
1524954669 26485
1524954876 26489
1524954949 26489
1524955005 26484
1524955101 26482
1524955176 26480
1524955422 26480
1524956109 26501
1524956178 26502
1527015554 26528
1527015567 26589
1527110335 26158
1527260970 26157
1527261608 26157
1527262109 26157
1527263083 26157
1527264084 26155
1527335427 26153
1527335442 26153
1527335780 26154
1527345769 26157
1527349713 26171
1527349719 26172
1527349915 26172
1527350249 26172
1527350540 26172
1527350578 26172
1527351680 26172
1527373753 26163
1527376891 26175
1527376909 26175
1527378796 26210
1527379348 26210
1527380095 26215
1527380292 26217
1527380519 26215
1527861980 26176
1527862162 26177
1527862860 26177
1527863123 26168
1527863438 26165
1527864659 24535
1527864725 24528
1527865137 24492
1527868611 24484
1528660757 24477
1528660906 24479
1528660973 24479
1528661035 24478
1528661760 24469
1528818502 17269
1528832629 17264
1528838454 17218
1528841197 17284
1528843623 17327
1528876514 26261
1528904822 26311
1528906222 26309
1528910191 26308
1528910205 26305
1528910353 26311
1528913602 26311
1528913658 26310
1529060172 26311
1529061335 26304
1529793159 26383
1529793454 26382
1529794509 26378
1529794530 26383
1529933516 26383
1529933542 26383
1529964782 26363
1529967633 26319
1529969539 26322
1529969855 26319
1530653903 26378
1530654410 26378
1530656692 26374
1530657665 26420
1530659308 26420
1530687566 26420
1530690245 26413
1530777242 26413
1530777319 26504
1530791779 26504
1531208048 26753
1531208409 26753
1531208425 26753
1531208909 26753
1531222418 26760
1531222554 26760
1531228119 26760
1531228261 26761
1531231309 26764
1531243255 26790
1531244547 26789
1531255880 26790
1531255980 26786
1531428504 26786
1531435469 26735
1531502294 26735
1531574513 26815
1531829376 26831
1531829611 26839
1531829718 26839
1531829774 26839
1531829851 26839
1531829978 26839
1531830002 26840
1531830372 26839
1531830441 26839
1531830533 26839
1531847345 26842
1532001266 26842
1532001605 26842
1532001788 26842
1532001817 26841
1532002074 26840
1532002150 26831
1532086557 26826
1532087370 26833
1532118048 26847
1532118412 26848
1532118842 26848
1532120301 26848
1532121217 26848
1532121870 26841
1532122407 26861
1532122522 26858
1532202216 26938
1532205026 27014
1532206087 27059
1532214121 27059
1532214156 27058
1532253976 27058
1532285566 27068
1532285747 27069
1532294004 27070
1532294032 27071
1532375603 27070
1532390487 27066
1532390929 27069
1532462374 27062
1532462547 27062
1532464331 27062
1532466207 27072
1532466370 27074
1532467991 27074
1532526614 27073
1532533725 27073
1532538899 27073
1532550783 27041
1532553631 27052
1532553824 27052
1532554153 27052
1532628580 27056
1532628799 27054
1532631172 27054
1532631220 27053
1533150095 27053
1533219220 27055
1533292721 27049
1533417241 27183
1533418499 27227
1533418532 27228
1533421540 27237
1533422032 27238
1533583156 27238
1533601785 27238
1533756554 27238
1533883531 27238
1534099946 27257
1534112555 27321
1534113850 27323
1534114789 27318
1534114937 27322
1534140589 27329
1534141307 27328
1534141631 27329
1534145402 27324
1534145527 27324
1534148210 27324
1534149780 27324
1534152431 27325
1534152445 27325
1534152838 27341
1534153035 27348
1534153116 27346
1534197489 27348
1534197530 27354
1534197725 27365
1534197916 27365
1534198539 27365
1534198769 27363
1534200417 27364
1534200609 27364
1534200682 27364
1534253798 27387
1534253915 27387
1534258675 27492
1534258754 27492
1534348904 27486
1534348914 27484
1534348927 27479
1534349377 27480
1534350850 27480
1534436734 27480
1534455133 27482
1534504008 27482
1534504069 27482
1534510733 27491
1534510814 27491
1534511702 27491
1534512412 27485
1534515436 27489
1534516233 27497
1534517148 27490
1534547992 27491
1534672955 27489
1534758211 27488
1534811849 27487
1534972337 27500
1535040928 27500
1535106405 27499
1535106430 27499
1535106469 27499
1535207720 27548
1535208931 27552
1535209061 27552
1535209842 27597
1535559716 27597
1535678063 27597
1535714231 27619
1535826605 27631
1535828179 27631
1535830916 27631
1535840848 27631
1535990937 27631
1536078899 27632
1536094563 27638
1536202965 27639
1536229869 27638
1536275245 27638
1536275353 27638
1536275548 27638
1536784416 27644
1537177817 27645
1537184452 26772
1537218598 26778
1537218973 26778
1537219102 26779
1537219156 26778
1537518177 26778
1537826637 27027
1537827096 27028
1537827748 27019
1537827857 27045
1537827977 27045
1537828985 27043
1537829463 27043
1537961617 27027
1537962338 27027
1537962357 27027
1537964662 27027
1537964787 27027
1537964794 27027
1537964868 27037
1537964959 27037
1537965717 27033
1537965803 27051
1537966434 27052
1537994916 27056
1537994939 27053
1537995047 27053
1537997957 27054
1537998429 27054
1537998979 27057
1537999168 27057
1538000075 27057
1538001566 27057
1538002719 27060
1538002933 27090
1538002992 27090
1538009983 27090
1538057301 27090
1538087257 27090
1538087429 27147
1538393263 27147
1538482978 27147
1538483083 27146
1538486079 26872
1538494069 26889
1538515618 26889
1538607999 26889
1538608246 26885
1538608847 26889
1538738617 26907
1538739233 26907
1538740230 26907
1538740358 26908
1538741943 26910
1538742014 26927
1538742065 26926
1538770989 26926
1538779774 26926
1538829506 26926
1538940696 26926
1538952361 26925
1538989949 26931
1539120412 26931
1539120561 26931
1539120574 26921
1539122236 26921
1539122497 26921
1539165526 26921
1539274442 26929
1539296680 26852
1539297141 26852
1539302695 27139
1539303382 27151
1539303471 27151
1539303681 27152
1539447791 27221
1539450065 27225
1539609552 27225
1539637974 27225
1539689969 27225
1539695488 27215
1539707438 27215
1539707485 27214
1539707532 27213
1539850682 27213
1539894582 27297
1539904550 27268
1539906335 27271
1539955903 27275
1539956902 27282
1539958322 27277
1539958355 27276
1539958611 27276
1540049278 27275
1540115218 27283
1540115344 27282
1540136317 27280
1540137895 27305
1540139171 27304
1540153420 27300
1540154891 27296
1540155007 27296
1540156447 27296
1540158471 27296
1540360022 27296
1540409510 27227
1540560854 27308
1540569454 27314
1540569473 27315
1540569540 27315
1540850929 27276
1540850938 27275
1540851089 27275
1540853662 27282
1540854512 27284
1540854882 27283
1540855397 27283
1540964011 27283
1541174007 27283
1541581522 27283
1541768208 27283
1541769525 27648
1541865791 27665
1541889074 27653
1541890105 27653
1541890341 27752
1541891469 27729
1541891834 27734
1541891937 27746
1541891953 27775
1541892317 27776
1541892382 27780
1541892417 27764
1541892788 27764
1541893420 27835
1541893730 27822
1541894031 27822
1541896023 27822
1541952924 27847
1541953253 27854
1542012283 27854
1542013671 27866
1542016870 27871
1542017553 27871
1542019567 27871
1542031143 27904
1542031232 27918
1542031449 27936
1542031475 27932
1542032032 27981
1542033874 28017
1542292962 28016
1542355651 28023
1542365719 28001
1542365796 27999
1542365817 27997
1542367714 27999
1542370409 27992
1542649199 27993
1542650544 27993
1542702370 27994
1542708861 27821
1542721251 27853
1542802886 27862
1542808888 27868
1542808922 27862
1542882676 27862
1542898700 27848
1542899127 27848
1542905270 27992
1542905312 28002
1542905354 28005
1542905456 28005
1542907061 28016
1542907123 28016
1542915311 28189
1543050663 28189
1543072093 28201
1543072558 28198
1543073673 28201
1543075256 28211
1543076124 28210
1543076485 28226
1543076847 28226
1543096659 28228
1543098974 28227
1543099467 28232
1543099491 28232
1543099543 28232
1543099584 28232
1543101132 28232
1543136046 28232
1543137627 28235
1543311429 28235
1543327710 28235
1543384772 28234
1543488914 28234
1543919301 28249
1543919341 28250
1544025836 28249
1544059341 28249
1544089069 28248
1544095620 28250
1544131282 28249
1545068089 28268
1546960147 29444
1546961506 29444
1546961611 29444
1546961734 29444
1547026102 29187
1547026116 29187
1547042165 29188
1547079350 29225
1547130666 29227
1547131506 29232
1547132667 29224
1547140711 29224
1547458775 29224
1547474008 29223
1547687916 29223
1547737775 29223
1547806387 29223
1548237636 29222
1548277677 29237
1548347028 29254
1548609034 29257
1548670249 29257
1549035248 29257
1549053185 29257
1549216222 29252
1549566902 29241
1549567244 29245
1549620857 29245
1550051488 29245
1550527155 29255
1552324323 29260
1552324776 29259
1553095372 29385
1553256094 29385
1553256976 29363
1553508151 29378
1554073248 29378
1554389083 29380
1554544685 29382
1554881093 29388
1555527479 29388
1557498012 29430
1557499281 29443
1557500388 29443
1557503173 29444
1558815272 28908
1559077476 28928
1559077982 28930
1559078258 28930
1559082800 28936
1559082824 28942
1559083308 28940
1559132135 28965
1559385699 28979
1559385717 28979
1559385861 28979
1559390277 28990
1559390414 28990
1559553574 28987
1559553597 28987
1559553677 28986
1559553813 28986
1559555323 28999
1559555375 28998
1559555427 29000
1559555452 29000
1559555480 28998
1559555502 28997
1559555616 28997
1559589646 28992
1559591361 28996
1559592601 28989
1559593253 28933
1559593497 28933
1559595378 28956
1559596156 28975
1559651906 28974
1559651942 28972
1559653849 28971
1559655334 34918
1559655684 34922
1559834010 34935
1559834376 34943
1559835072 34940
1559835081 34940
1559838195 34943
1559838377 34966
1559914772 34963
1560159342 34961
1560179376 34965
1560180730 34966
1560183527 34966
1560183569 34966
1560185619 34974
1560185726 34973
1560186628 34971
1560284228 34971
1560461005 35039
1560461031 35038
1560465043 35039
1560527116 35047
1560528088 35045
1560534286 35047
1560617201 35101
1560866177 35366
1560866727 35351
1560890556 35355
1560890718 35363
1560894758 35384
1560896646 35384
1560953628 35389
1560954685 35389
1560955970 35395
1560956494 35394
1560958250 35408
1560958281 35396
1560958715 35404
1560979763 35499
1560981650 35499
1560981745 35497
1560981774 35580
1560981957 35582
1561092842 35583
1561145585 35583
1561474520 35672
1561474585 35672
1561645045 35675
1561646440 35753
1561646464 35753
1561646477 35756
1561668997 35760
1561669506 35759
1561670056 35758
1561672030 35759
1561672110 35759
1561672882 35730
1561675271 35726
1561698458 35745
1561732192 35763
1561732288 35763
1561732315 35764
1561935969 35778
1561936128 35780
1562312694 35782
1562312724 35780
1562312737 35762
1562312986 35760
1562319036 35759
1562323159 35767
1562326083 35772
1562492154 35779
1562493356 35779
1562495806 35779
1562497763 35779
1562509378 35775
1562511516 35752
1562711722 35802
1562712115 35802
1562712163 35802
1562712305 35802
1562713428 35803
1562714356 35809
1562714711 35816
1562715767 35812
1562716192 35812
1562716269 35811
1562716292 35811
1562717237 35810
1562780879 35814
1562862186 35814
1563057519 35811
1563057679 35815
1563099961 35817
1563100029 35816
1563103915 35816
1563118436 35856
1563118559 35852
1563118783 35853
1563118971 35853
1563142589 35853
1563142617 35836
1563142642 35830
1563143491 35830
1563143780 35830
1563182086 35829
1563182554 35830
1563281442 35830
1563361347 35830
1563363481 35840
1563363667 35839
1563363678 35839
1563363746 35839
1563363952 35839
1563364124 35839
1563366809 35830
1563368490 35775
1563368979 35772
1563375901 35788
1563387415 35796
1563387556 35794
1563387638 35796
1563387716 35794
1563388136 35793
1563388206 35793
1563388318 35793
1563388466 35794
1563400524 35794
1563403075 35794
1563447578 35820
1563449196 35820
1563625822 35834
1563829874 35834
1563972599 35830
1564020623 35868
1564195284 35868
1565107955 35868
1565128769 35868
1565130599 35872
1565147746 35872
1565334978 35872
1565335913 35883
1565970498 35883
1565971489 35876
1566138774 35886
1566138815 35886
1566139509 35886
1566142093 40785
1566148612 40785
1566208691 97311
1566209005 35927
1566209190 35927
1566209542 35927
1566249664 35927
1566998912 36174
1566999136 36177
1567000584 36187
1567003056 36205
1567003642 36205
1567007169 36202
1567007411 36202
1567008035 36200
1567011267 36200
1567011310 36200
1567011366 36200
1567012051 36200
1567012131 36200
1567012415 36200
1567022356 36200
1567025580 36200
1567026441 36200
1567027680 36205
1567029923 36273
1567030250 36273
1567030327 36273
1567030423 36273
1567266723 36273
1567280766 36273
1567416933 36269
1567417247 36266
1567418105 36267
1567500808 36267
1567507675 36266
1567508671 36266
1567510410 36256
1567511657 36261
1567511766 36259
1567522534 36259
1567524027 36260
1567633151 36341
1567633190 36340
1567633568 36339
1567635147 36339
1567635900 36357
1567637669 36355
1567637914 36360
1567639863 36360
1567639883 36353
1567683445 36169
1567697468 36178
1567697476 36176
1567697574 36391
1567698688 36402
1567701728 36401
1567702200 36392
1567772332 37173
1567777296 37173
1567785190 37179
1567785345 37179
1567876295 37178
1567876318 37186
1567892543 37198
1568363904 37197
1568372513 37197
1568561669 37343
1568561911 37366
1568562285 37366
1568562559 37366
1568563797 37369
1568564135 37369
1568570180 37369
1568570475 37369
1568573429 37369
1568624216 37369
1568624306 37368
1568624331 37368
1568667056 37368
1568668535 37368
1568710577 37376
1568710875 37376
1568711034 37376
1568711123 37376
1568711274 37376
1568712482 37381
1568713734 37381
1568713979 37381
1568716062 37383
1568808083 37411
1568808088 37415
1568808495 37415
1568809869 37415
1568812604 37411
1568883123 37442
1568883659 37439
1568883671 37438
1568883779 37437
1568883982 37438
1568884013 37438
1568927916 37438
1568932082 37447
1568933525 37439
1568934324 37434
1568985082 37435
1568985100 37435
1568985468 37435
1569001661 37448
1569068030 37448
1569068058 37452
1569078998 37449
1569080133 37447
1569223208 37447
1569223356 37466
1569223548 37471
1569229581 37489
1569229872 37489
1569231499 37489
1569398310 37489
1569610707 37495
1569658796 37501
1569658826 37500
1569659946 37504
1569821642 37504
1569883818 37503
1569884162 37502
1569959158 37502
1570214960 37510
1570215377 37509
1570311040 37509
1570311098 37509
1570356806 37509
1570646462 37531
1570652565 37533
1570812513 37533
1571387936 37534
1571404230 37517
1571404448 37516
1571472551 37516
1571556164 37520
1571556437 37520
1571995690 37514
1572011786 37633
1572019142 37632
1572031379 37631
1572288536 37637
1572298900 37631
1572464011 37636
1572776220 37644
1572786963 37644
1572787199 37638
1572787374 37638
1572793212 37646
1572793318 37646
1572793474 37642
1572793657 37638
1572857894 37638
1572878578 37640
1572878934 37640
1572880758 37687
1572882210 37643
1572882419 37643
1572882717 37643
1572902181 37643
1572902204 37640
1572902342 37640
1572902945 37634
1572903511 37636
1572905805 37683
1572906150 37683
1572906696 37688
1573072076 37688
1573214911 37688
1573216025 37688
1573216672 37679
1573218597 37679
1573219278 37679
1573219893 37679
1573222841 37679
1573223228 37679
1573223577 37679
1573223718 37679
1573224136 37692
1573328337 37819
1573337330 37840
1573337499 37840
1573337904 37841
1573338934 37841
1573340150 37783
1573470830 37783
1573727303 37857
1573903380 37856
1574901257 37856
1575019966 37857
1575023766 37859
1575024501 37864
1575024654 37865
1575031281 37866
1575156508 37870
1575159574 37880
1575326128 37880
1575495557 38581
1575501175 38596
1575501718 38596
1575502007 38596
1575504062 38599
1575504136 38601
1575545851 38627
1575559512 38605
1575560678 38608
1575560688 38612
1575562063 38612
1575563839 38612
1575564686 38612
1575565183 38612
1575569582 38612
1575570010 38612
1575570064 38612
1575571977 38614
1575573871 38612
1575578076 38612
1575579186 38620
1575579781 38612
1575580771 38612
1575804915 38416
1575807479 38416
1575817672 38590
1575817700 38573
1575817757 38572
1576016007 38584
1576016033 38583
1576017720 38587
1576020291 38632
1576020319 38748
1576020504 38639
1576173618 38669
1576188576 38600
1576188873 38589
1576192478 38560
1576192649 38564
1576193074 38575
1576193750 38558
1576233851 38561
1576241381 38521
1576242860 38525
1576243341 38525
1576244137 38528
1576245286 38528
1576245655 38530
1576246629 38750
1576246940 38752
1576252539 38751
1576254324 38751
1576254396 38750
1576254757 38749
1576922293 38749
1576927743 38620
1576936449 38636
1576936482 38629
1576943222 38620
1576943374 38630
1576943730 38626
1576943911 38633
1576944522 38643
1576947155 38656
1576949154 38705
1576950314 38701
1576950757 38701
1576951163 38697
1576951285 38706
1576952118 38723
1576966652 38727
1576997916 38727
1577039371 38726
1577040019 38937
1577041096 38948
1577046799 38953
1577047872 39082
1577047912 39074
1582733593 39734
1582734084 39742
1582734829 39750
1582735671 39750
1582737696 39739
1583500186 39739
1583500224 39731
1583500510 39731
1583500559 39731
1583500608 39732
1583500881 39738
1583501414 39754
1583501498 39754
1583501543 39754
1583501571 39754
1583501604 39754
1583501870 39754
1583502667 39756
1583504771 39755
1583504828 39756
1583926299 39775
1584016163 39817
1584016179 39819
1584016530 40858
1584054079 41046
1584054088 40011
1584054725 40010
1584055032 40010
1584055107 40006
1584056163 40005
1584056193 40005
1584056290 40003
1584286331 40097
1584286695 40099
1584290442 40106
1584290494 40105
1584290770 40105
1584291112 40104
1584291398 40104
1584302859 40105
1584541024 40105
1584705414 40105
1584713370 40193
1584790384 40224
1584790504 40222
1584790516 40222
1584795821 40264
1584797105 40262
1584797126 40263
1584798841 40298
1584805910 40564
1584826942 40564
1584828302 40577
1584828596 40577
1584828987 40577
1584829662 40569
1584831022 40583
1584832148 40582
1584832156 40582
1584836268 40579
1584837015 40578
1584890351 40576
1584998317 40576
1585008914 40576
1585255808 40576
1585391443 40581
1585393199 40581
1585689057 40577
1585689784 40624
1585935158 40629
1585935425 40629
1586009583 40627
1586010048 40628
1586019964 40626
1586020277 40626
1586020319 40626
1586352432 40636
1586354650 40654
1586359041 40654
1586359107 40653
1586437972 40675
1586521783 40694
1586522141 40694
1586522158 40694
1586522313 40694
1586523094 40694
1586525999 40694
1586593157 40692
1586623819 40704
1586624860 40703
1586625304 40703
1586628588 40711
1586644822 40702
1586647274 40759
1586647308 40757
1586647847 40757
1586648622 40759
1586801367 40760
1586801562 40760
1586802939 40765
1586803589 40764
1586804871 40764
1586814121 40766
1586857638 40766
1586857691 40766
1586901063 40880
1586901909 40880
1586901988 40880
1586902413 40885
1586906730 40888
1586906978 40864
1586969094 40827
1587133419 40847
1587174506 40847
1587205327 40847
1587207886 40847
1587279307 40902
1587285216 40911
1587406205 40911
1587599330 40913
1587599377 40913
1587851016 40913
1587851252 40913
1587855535 40913
1587881945 40913
1587882014 40912
1587882211 40915
1587882273 40916
1587882412 40916
1587882843 40919
1587882952 40921
1587883256 40921
1587919752 40921
1587919833 40921
1587920038 40921
1587920158 40922
1588086108 40922
1588088277 40922
1588088579 40922
1588111577 40932
1588112363 40932
1588113130 40935
1588114605 40751
1588114620 40736
1588120372 40736
1588121699 40736
1588123137 40736
1588158952 40736
1588161025 40736
1588324368 40736
1588398439 40736
1588400108 40736
1588400214 40732
1588408444 40736
1588408513 40736
1588408694 40718
1588408799 40717
1588408892 40717
1588408928 40717
1588430355 40713
1588434820 40664
1588434899 40650
1588629813 40657
1588631581 40657
1588632159 40657
1588633959 40657
1589404436 40657
1590003046 40659
1590003565 40657
1590004235 40659
1590525257 40659
1590526077 40694
1590526971 40694
1591260121 40618
1591442736 40619
1591442810 40630
1591471552 40631
1591529896 40499
1591530657 40630
1591565910 40628
1591576198 40628
1591628623 40628
1591628635 40628
1591822006 40627
1591822039 40627
1591964997 40603
1592494992 40603
1594057273 40611
1594223451 40611
1594226817 40611
1594315460 40611
1594757749 40611
1595330922 40602
1595539911 40618
1595585189 40618
1596708368 40619
1597870540 40619
1597870616 40619
1597870667 40619
1597870854 40619
1597915563 40619
1598389329 40811
1598389805 40811
1598658523 40884
1598660716 40920
1598661989 40935
1598662104 40934
1598662158 40934
1598662248 40934
1598789913 40964
1598792302 40966
1598809444 40966
1598809482 40966
1598835077 40961
1598951076 41411
1598951123 41411
1598952251 41411
1598952899 41431
1598993394 41430
1601034241 41455
1601035393 41458
1601047190 41495
1601120493 41564
1601122013 41298
1601123445 41554
1601123564 41504
1601123645 41504
1601123817 41505
1601124561 41505
1601125017 41505
1601125783 41505
1601157955 41505
1601161704 41508
1601161852 41508
1601220461 41536
1601220728 41531
1601220841 41535
1601221347 41538
1601222904 41538
1601231278 41533
1601289571 41533
1601302093 41534
1601335115 41538
1601335243 41538
1601335383 41538
1601476184 41538
1601476206 41538
1602946619 41555
1603177243 41555
1603221825 41569
1604282558 41569
1604593651 41569
1605265192 41581
1605888829 41582
1606089694 41583
1606381426 41583
1607697159 43546
1607697457 43546
1607697652 43546
1607698729 43546
1608073911 43740
1608111704 43800
1608356439 43802
1608426102 43811
1608989017 43817
1609060650 43827
1609071548 43827
1610187626 43842
1610404148 43893
1611190613 43893
1611190849 43897
1611190946 43899
1611256362 43899
1612603934 43899
1613120253 43900
1613221235 43901
1613225467 43910
1613228140 43910
1613228284 43906
1613230015 43913
1613239600 43904
1613239611 43906
1613240175 43904
1613242750 43906
1613253216 43902
1613254844 43905
1613257335 43903
1613260169 43904
1613670579 43904
1614158785 43904
1614334649 43934
1614335623 43935
1614335929 43934
1614375323 43934
1614417492 43938
1614717463 43939
1614718151 43939
1614723419 43940
1614723453 43940
1614892652 43947
1614893042 43947
1614894770 43942
1615554575 43947
1615554615 43947
1615930795 43947
1615933526 43947
1616266977 43949
1616543126 43950
1616615350 43950
1616620211 43964
1616624081 43972
1616692971 43972
1616697293 43972
1616698777 43969
1616698848 43969
1616703312 43969
1617455764 43969
1617905513 43969
1617912813 43969
1617913100 43973
1617913236 43973
1618048936 43973
1618049139 43973
1618049256 43973
1618947116 43977
1619120909 43977
1619818176 43979
1620061923 43979
1620336465 43989
1620338741 43989
1620688366 43987
1621205663 43994
1621462149 44072
1622402042 44080
1622625338 44081
1623094782 44081
1623610148 44081
1623795909 44081
1624220436 44082
1624530122 43689
1624539505 43689
1624543634 43693
1624544247 43929
1624544526 43929
1624544762 44161
1624718217 44081
1624719175 44081
1624719525 44081
1624719548 44081
1624719729 44082
1624725817 44110
1624727421 44110
1624729529 44116
1624732842 44116
1624732875 44116
1624733043 44116
1624733209 44121
1624735315 44121
1624736642 44123
1624736852 44122
1624737088 44122
1624737228 44123
1624738466 44123
1624738702 44123
1624739127 44123
1624740011 44124
1624741304 44124
1624741891 44124
1624742463 44124
1624743094 44124
1624815008 44231
1624815121 44224
1624824699 44220
1624871379 44226
1624882201 44226
1624922280 44413
1624922448 44413
1625343055 44413
1625914086 44418
1625915252 44418
1625915649 44427
1625916006 44444
1625916716 44444
1625919339 44449
1625919764 44450
1625925613 44450
1625927588 44448
1625933687 44426
1626259883 44427
1626262114 44448
1626262425 44447
1626269454 44447
1626642714 44438
1626644881 44437
1626645051 44438
1626646305 44435
1626646553 44435
1626653377 44435
1626654034 44435
1626655561 44435
1626701611 44435
1626774830 44434
1626782559 44434
1626790720 44436
1626810757 44436
1626810947 44436
1626811294 44436
1626910348 44438
1626947081 44437
1626972854 44544
1627337568 44546
1627338576 44562
1627338694 44562
1627339035 44562
1627339492 44562
1627339776 44562
1627343034 44562
1627377994 44562
1627416959 44562
1627427290 44487
1627475408 44487
1627501875 44455
1627542592 44455
1627655590 44455
1627907042 44455
1627979751 44454
1628096572 44459
1628145452 44459
1628528658 44460
1628528865 44455
1628588233 44461
1628594240 44461
1628599263 44461
1628603602 44461
1628622354 44469
1628622570 44469
1628762564 44469
1628766650 44469
1628839673 44469
1629217252 44476
1629217299 44476
1629217498 44476
1629323640 44477
1629405820 44476
1630114688 44476
1630826709 44791
1630830900 44791
1630847894 44756
1630848893 44759
1630848911 44760
1630850352 44759
1630852108 44746
1630852187 44744
1630962221 44744
1631096468 47331
1631111491 47339
1631183433 47332
1631451116 47333
1634402463 47333
1634573165 47930
1636708543 47380
1636876316 47380
1636876409 47381
1636976163 47393
1636979554 47403
1636979700 47401
1636980891 47396
1636980900 47414
1637073664 47414
1637073887 47411
1637093467 47813
1637095063 47813
1637095682 47814
1637098926 47819
1637098940 47828
1637099075 47845
1637103867 47846
1637117149 47847
1637295183 47847
1637303524 47851
1637426734 47858
1637826236 47862
1637858973 47861
1638034535 47888
1638115588 47920
1638322186 47920
1638322328 47918
1638322406 47918
1638396150 47930
1638621121 47939
1638621732 47939
1638621754 47939
1638621871 47940
1638622396 47941
1638628688 47941
1638790652 47934
1638966684 47934
1638972621 47940
1638977636 47944
1639031301 47944
1639031352 47944
1639031443 47944
1639079476 47943
1639082116 47945
1639086229 47976
1639087940 48000
1639088905 48001
1639153892 48001
1639168268 48001
1639169630 48001
1639171547 48001
1639175921 48001
1639235230 48000
1639235535 48000
1639235920 48001
1639237183 48001
1639238920 48001
1639239115 48001
1639239816 48004
1639295980 48002
1639296094 48003
1639940918 48022
1640906635 48043
1641427145 48044
1641920382 48048
1642362223 48075
1642368657 48074
1642406891 48074
1642964189 48083
1644063813 48086
1644074013 48092
1644074196 48092
1644075475 48105
1644083119 48109
1644322436 48114
1644664661 49777
1644664815 49762
1644667152 49784
1644667571 49783
1644667843 49788
1644738075 49788
1644824821 49788
1644943482 49788
1646597027 49789
1647033035 49801
1648097108 49801
1648590036 49811
1648886418 49817
1649080104 49817
1649080138 49817
1650014555 49811
1650543434 49814
1650543877 49809
1651036848 49698
1651037750 49698
1651872475 49721
1651922308 49721
1651949612 49762
1652004062 49771
1652004105 49772
1652428735 49779
1652428879 49789
1652430550 49789
1652472371 49789
1652992156 49791
1652992320 49801
1652992552 49801
1653037766 49797
1654199634 49797
1655594548 49805
1655594576 49822
1655594641 49827
1656090527 49827
1656283871 49836
1656661985 49840
1658084826 49836
1658505122 49836
1658774551 49836
1658905854 49840
1660325222 49841
1660747642 49842
1662588444 49853
1662588582 49860
1664191229 49860
1664485648 49867
1664547146 49885
1664812355 49823
1665783676 49823
1666088353 49827
1666208249 49835
1666221076 49838
1667216867 50001
1667217698 50000
1667228633 50011
1667228660 50022
1667228985 50022
1667230524 50029
1667231232 50040
1667232767 50034
1667232943 50037
1667233567 50036
1667234618 50036
1667249501 50016
1667249789 50016
1667251437 50016
1667253108 50016
1667253679 50016
1667254066 50016
1667256759 50026
1667306799 50019
1667315615 50019
1667315849 50019
1667423588 50019
1667862841 50213
1667898087 50203
1668214071 50203
1668287231 50223
1669102681 50223
1669967494 50225
1670574317 50245
1670624731 50246
1670624908 50246
1670749082 50253
1672406410 50291
1672523566 50292
1672768490 50292
1673305923 50292
1673306701 50292
1673306726 50292
1673514750 50292
1673514958 50291
1673782890 50291
1673789620 50316
1673791028 50316
1673791181 50316
1673791226 50316
1674150394 50445
1674254153 50445
1674254216 50444
1675245870 50444
1676190862 50445
1677281617 50452
1677319653 50476
1677334884 50489
1677337370 50486
1677339039 50486
1677347547 50486
1677371472 50486
1677412122 50486
1677412843 50486
1677620976 50486
1677621256 50486
1677621519 50485
1677622599 32517
1677624220 32516
1677625970 50486
1677663238 50487
1677671464 32517
1677679165 32517
1677684726 32481
1677812687 32614
1677968577 32614
1678044629 32619
1678044842 32617
1678045387 32617
1678359334 32617
1678359639 32617
1679422994 32615
1679559888 32614
1679701657 32614
1680284372 32621
1682209277 32622
1682237381 32638
1682697575 32638
1683493357 32638
1683493467 32638
1684515062 32610
1684515287 32590
1684515371 32589
1684515525 32588
1684656689 32614
1685190782 32630
1685190873 32630
1685215702 32630
1685216787 32630
1685217949 32630
1685267576 32639
1685468310 32639
1686070390 32655
1686070629 32643
1686070706 32640
1686071205 32640
1686072217 32643
1686086380 32651
1686086504 32650
1686086518 32650
1686086963 32653
1686127551 32763
1686131467 32782
1686132441 32788
1686132697 32785
1686133300 32785
1686133424 32770
1686134278 32785
1686134870 32786
1686175945 32786
1686303696 32785
1686303894 32785
1686304781 32785
1686354619 32643
1686354747 32630
1687003620 32827
1687009246 32818
1687009610 32831
1687010320 32832
1687011217 32832
1687014548 32830
1687015813 32835
1687015967 32835
1687879162 32830
1687930332 32830
1688044042 32832
1688144902 32832
1688320053 33305
1688321981 33305
1688322275 33305
1688475889 33305
1688482384 33305
1688482820 33305
1688678646 33309
1688806369 33309
1688811820 32839
1688813067 32839
1688819117 32839
1688819236 32836
1688825545 32849
1689355285 32849
1689889023 32849
1690100125 32849
