1358328656 4038
1358894022 4043
1359472878 4044
1359478576 4073
1360849304 4298
1360850081 4298
1360860176 4304
1362423507 4322
1362502907 4378
1362575004 4324
1362575393 4432
1362943415 4427
1363003796 4429
1363130818 4484
1363168223 4484
1366898401 4488
1367582281 4489
1367582910 4490
1367932620 14217
1368019326 14220
1400854575 14237
1403522018 14316
1404142711 14366
1404310431 14366
1405002150 14455
1426257656 14479
1426257675 14479
1426264161 14597
1426264214 14602
1426688292 14602
1431444775 14608
1431444849 14608
1431445082 14599
1431520611 14600
1434556587 14600
1434556614 14600
1440197579 14625
1440254206 14621
1446217575 14626
1446239020 14768
1446239545 14768
1446575327 14767
1447593139 14777
1453205953 14784
1453730095 14762
1454950209 14772
1454950278 14769
1454950474 14776
1456136357 14776
1456496254 14776
1458303784 14792
1458737130 14854
1459272909 14859
1459334241 14860
1459358373 14865
1460392559 14933
1461164978 14941
1461165226 14942
1461165303 14942
1461165384 14941
1461326300 14964
1461328689 14978
1461583651 14978
1461583666 14978
1462186760 14989
1462990380 14989
1462990559 14987
1462993690 15062
1464341857 15062
1499428672 15059
1526638574 15059
1533901352 15147
1533901428 15147
1534866742 15147
1536336451 15256
1547832651 15504
1564077935 15527
1571241765 17057
1572082311 17085
1572303460 17085
1573036573 17105
1573203067 17116
1573220848 17119
1573594285 17116
1574895150 17116
1579096875 17116
1585055717 17138
1606319563 17263
1606319695 17263
1623683825 17263
