1559659862 0 0 0 0 0 0 0 0 0 0 0 0 0 0 0 0 0 0 0 0
1559743714 0 0 0 317 0 0 0 0 0 0 0 0 0 0 0 0 0 0 0 0
1559812706 0 0 0 416 0 0 0 0 0 0 0 0 0 0 0 0 0 0 0 0
1560265246 0 0 0 428 0 0 0 0 0 0 0 0 0 0 0 0 0 0 0 0
1560323825 0 0 0 428 0 0 0 0 1 0 0 0 0 0 0 0 0 0 0 0
1560324335 0 0 0 428 0 0 0 0 1 0 0 0 0 0 0 0 0 0 0 0
1560336880 0 0 0 447 0 0 0 0 1 0 0 0 0 0 0 0 0 0 0 0
1560881705 0 0 0 453 0 0 0 0 1 0 0 0 0 0 0 0 0 0 0 0
1560882925 0 0 0 454 0 0 0 0 1 0 0 0 0 0 0 0 0 0 0 0
1564514989 0 0 0 524 0 0 0 0 1 0 0 0 0 0 0 0 0 0 0 0
1564523497 0 0 0 535 0 0 0 0 1 0 0 0 0 0 0 0 0 0 0 0
1565023246 0 0 0 591 0 0 0 0 1 0 0 0 0 0 0 0 0 0 0 0
1565365180 0 0 0 591 0 0 0 0 1 0 5 0 0 0 0 0 0 0 0 0
1565891187 0 0 0 591 0 0 0 0 1 0 5 0 0 0 0 0 0 0 0 0
1566832071 0 0 0 596 0 0 0 0 1 0 5 0 0 0 0 0 0 0 0 0
1572969801 0 0 0 601 0 0 0 0 1 0 5 0 0 0 0 0 0 0 0 0
1573114931 0 0 0 601 0 0 0 0 1 0 5 0 0 0 0 0 0 0 0 0
1573219050 0 0 0 601 0 0 0 0 1 0 5 0 0 0 0 0 0 0 0 0
1577724827 0 0 0 601 0 0 0 0 1 0 5 0 0 0 0 0 0 8 0 0
1587389401 0 0 0 601 0 0 0 0 1 0 5 0 0 0 0 0 0 8 0 0
1588370212 0 0 0 601 0 0 0 0 1 0 5 0 0 0 0 0 0 8 0 10
1591199593 0 0 0 601 0 0 0 0 1 0 5 0 0 0 0 0 0 8 0 10
1599058489 0 0 0 601 11 0 0 0 1 0 5 0 0 0 0 0 0 8 0 10
1599076533 0 0 0 601 17 0 0 0 1 0 5 0 0 0 0 0 0 8 0 10
1599660048 0 0 0 601 17 0 0 0 1 0 5 0 0 0 0 0 0 8 0 10
1600227182 0 0 0 601 17 0 0 0 1 0 5 0 0 0 0 0 0 8 0 10
1600451497 0 0 0 601 17 0 0 0 1 0 5 0 0 0 0 0 0 8 0 10
1604553843 0 0 0 601 17 0 0 0 1 0 5 0 0 7 0 0 0 8 0 10
1604642697 0 0 0 601 17 0 0 0 1 0 5 0 0 7 0 0 0 8 0 10
1605680111 0 0 0 601 17 0 0 0 1 0 5 0 0 7 0 14 0 8 0 10
1605799923 0 0 0 601 17 0 0 0 1 0 5 0 0 7 0 14 0 8 0 10
1607056757 0 56 0 601 17 0 0 0 1 0 5 0 0 7 0 14 0 8 0 10
1607056811 0 56 0 601 17 0 0 0 1 0 5 0 0 7 0 14 0 8 0 10
1607057723 26 56 0 601 17 0 0 0 1 0 5 0 0 7 0 14 0 8 0 10
1607104880 162 56 0 601 17 0 0 0 1 0 5 0 0 7 0 14 0 8 0 10
1607104951 164 56 0 601 17 0 0 0 1 0 5 0 0 7 0 14 0 8 0 10
1607111275 169 56 0 601 17 0 0 0 1 0 5 0 0 7 0 14 0 8 0 10
1607130718 171 56 0 601 17 0 0 0 1 0 5 0 0 7 0 14 0 8 0 10
1607338379 171 56 0 601 17 0 0 0 1 0 5 0 0 7 0 14 0 8 0 10
1607354240 171 56 0 601 17 0 0 0 1 0 5 0 0 7 0 14 0 8 0 10
1607355824 171 56 0 601 17 0 0 0 1 0 5 0 0 7 0 14 0 8 0 10
1607598541 171 56 0 601 17 0 0 0 1 0 5 2 0 7 0 14 0 8 0 10
1610549496 171 56 0 601 17 0 0 0 1 0 5 2 0 7 0 14 25 8 0 10
1610637130 171 56 0 601 17 0 0 0 1 0 5 2 0 7 0 14 25 8 0 10
1611111261 171 56 0 601 17 0 0 5 1 0 5 2 0 7 0 14 25 8 0 10
1611772886 171 56 0 601 38 0 0 5 1 0 5 2 0 7 0 14 25 8 0 10
1611775939 171 56 0 601 38 0 0 5 1 0 5 2 0 7 0 14 25 8 0 10
1612408344 171 56 0 601 38 0 0 5 1 0 5 2 0 7 0 14 25 8 0 10
1612444960 171 56 0 601 38 0 0 5 1 0 5 2 0 7 0 14 25 8 0 10
1613580680 171 56 0 601 38 6 0 5 1 0 5 2 0 7 0 14 25 8 0 10
1613580704 171 56 0 601 38 6 0 5 1 0 5 2 0 7 0 14 25 8 0 10
1614258450 171 56 0 601 38 6 0 5 1 0 5 2 0 7 0 14 25 8 0 10
1623777048 177 56 0 601 38 6 0 5 1 0 5 2 0 7 0 14 25 8 0 10
1627321658 177 56 0 601 38 6 0 5 1 0 5 2 0 7 0 14 25 8 0 10
1627496012 177 56 0 601 38 6 0 5 1 0 5 2 0 7 0 14 25 8 0 10
1627498238 177 56 0 601 38 6 0 5 1 0 5 2 0 7 0 14 25 8 0 10
1628325682 177 56 0 601 38 6 0 5 1 0 5 2 0 7 5 14 25 8 0 10
1631780559 177 56 0 601 38 6 0 5 1 0 5 2 0 7 5 14 25 8 0 10
1633025733 177 56 0 601 38 6 0 5 1 0 5 2 0 7 5 14 25 8 0 10
1633025743 177 56 0 601 38 6 0 5 1 0 5 2 0 7 5 14 25 8 0 10
1633061681 177 56 0 601 38 6 0 5 1 0 5 2 0 7 5 14 25 8 0 10
1636483489 177 56 0 601 38 6 0 5 1 0 5 2 5 7 5 14 25 8 0 10
1644333305 177 56 0 601 38 6 0 5 1 0 5 2 5 7 5 14 25 8 0 10
1652112464 177 56 0 601 38 6 0 5 1 0 5 2 5 7 5 14 25 8 0 10
1653626274 177 56 0 601 38 6 0 5 1 0 5 2 5 7 5 14 25 8 0 10
1661190087 199 56 0 601 38 6 0 5 1 0 5 2 5 7 5 14 25 8 0 10
1661190260 204 56 0 601 38 6 0 5 1 0 5 2 5 7 5 14 25 8 0 10
1661193718 208 56 0 601 38 6 0 5 1 0 5 2 5 7 5 14 25 8 0 10
1661284536 208 56 0 601 38 6 0 5 1 0 5 2 5 7 5 14 25 8 0 10
1661542515 252 56 0 601 38 6 0 5 1 0 5 2 5 7 5 14 25 8 0 10
1662510016 252 56 0 601 38 6 0 5 1 0 5 2 5 7 5 14 25 8 0 10
1666195966 265 56 0 601 38 6 0 5 1 0 5 2 5 7 5 14 25 8 0 10
1666198857 292 56 0 601 38 6 0 5 1 0 5 2 5 7 5 14 25 8 0 10
1666199034 293 56 0 601 38 6 0 5 1 0 5 2 5 7 5 14 25 8 0 10
1666199159 294 56 0 601 38 6 0 5 1 0 5 2 5 7 5 14 25 8 0 10
1666199312 301 56 0 601 38 6 0 5 1 0 5 2 5 7 5 14 25 8 0 10
1666200783 304 56 0 601 38 6 0 5 1 0 5 2 5 7 5 14 25 8 0 10
1666205950 314 56 0 601 38 6 0 5 1 0 5 2 5 7 5 14 25 8 0 10
1666206269 320 56 0 601 38 6 0 5 1 0 5 2 5 7 5 14 25 8 0 10
1666298838 320 56 0 601 38 6 0 5 1 0 5 2 5 7 5 14 25 8 0 10
1667406546 320 56 0 601 38 6 22 5 1 0 5 2 5 7 5 14 25 8 0 10
1667573890 320 56 0 601 38 6 22 5 1 0 5 2 5 7 5 14 25 8 0 10
1667573975 320 56 0 601 38 6 22 5 1 0 5 2 5 7 5 14 25 8 0 10
1667581511 320 56 0 601 38 6 22 5 1 0 5 2 5 7 5 14 25 8 0 10
1667968438 331 56 0 601 38 6 22 5 1 0 5 2 5 7 5 14 25 8 0 10
1667969312 349 56 0 601 38 6 22 5 1 0 5 2 5 7 5 14 25 8 0 10
1668021274 349 56 0 601 38 6 22 5 1 0 5 2 5 7 5 14 25 8 0 10
1668021502 349 56 0 601 38 6 22 5 1 0 5 2 5 7 5 14 25 8 0 10
1670449926 377 56 0 601 38 6 22 5 1 0 5 2 5 7 5 14 25 8 0 10
1670450175 379 56 0 601 38 6 22 5 1 0 5 2 5 7 5 14 25 8 0 10
1672781122 380 56 0 601 38 6 22 5 1 0 5 2 5 7 5 14 25 8 0 10
1675957320 408 56 0 601 38 6 22 5 1 0 5 2 5 7 5 14 25 8 0 10
1675957606 412 56 0 601 38 6 22 5 1 0 5 2 5 7 5 14 25 8 0 10
1675958164 417 56 0 601 38 6 22 5 1 0 5 2 5 7 5 14 25 8 0 10
1675958613 417 56 0 601 38 6 22 5 1 0 5 2 5 7 5 14 25 8 0 10
1682082484 417 56 0 601 38 6 22 5 1 0 5 2 5 7 5 14 25 8 2 10
1682083254 417 56 0 601 38 6 22 5 1 1 5 2 5 7 5 14 25 8 2 10
1682085740 417 56 0 601 38 6 22 5 1 1 5 2 5 7 5 14 25 8 2 10
1683569704 417 56 0 601 38 6 22 5 1 1 5 2 5 7 5 14 25 8 2 10
1684355013 417 56 0 601 38 6 22 5 1 1 5 2 5 7 5 14 25 8 2 10
1687791518 422 56 0 601 38 6 22 5 1 1 5 2 5 7 5 14 25 8 2 10
1690542109 422 56 0 601 38 6 22 5 1 1 5 2 5 7 5 14 25 8 2 10
1690573346 426 56 0 601 38 6 22 5 1 1 5 2 5 7 5 14 25 8 2 10
1690573467 426 56 0 601 38 6 22 5 1 1 5 2 5 7 5 14 25 8 2 10
