1559659862 0
1559743714 317
1559812706 403
1560265246 415
1560324335 415
1560336880 434
1560881705 437
1560882925 434
1564514989 493
1564523497 434
1565023246 479
1565891187 485
1566832071 490
1572969801 495
1573219050 500
1587389401 508
1591199593 518
1599660048 533
1600451497 538
1604642697 545
1605799923 559
1607338379 766
1607355824 766
1610549496 766
1610637130 791
1611775939 681
1612444960 686
1614258450 691
1627496012 691
1628325682 686
1633025733 691
1633061681 696
1644333305 701
1653626274 706
1661284536 711
1662510016 744
1666298838 781
1667581511 792
1668021502 814
1675958613 866
1682085740 865
1684355013 867
1690542109 872
1690573467 872
