1576026339 0 0 0 0 0 0 0 0 0 0 0 0 0 0 0 0 0 0 0 0
1576029165 1 0 0 1 0 0 0 0 0 0 0 0 0 0 0 0 0 0 0 0
1576103375 1 0 0 1 0 0 0 0 0 0 0 0 0 0 0 0 0 0 0 0
1576198477 1 0 0 1 0 0 0 0 1 0 0 0 0 0 0 0 0 0 0 0
1576266488 2 0 0 1 0 0 0 0 1 0 0 0 0 0 0 0 0 0 0 0
1576267642 2 0 0 1 0 0 0 0 1 0 0 0 0 1 0 0 0 0 0 0
1576270197 2 0 0 1 0 0 0 0 2 0 0 0 0 1 0 0 0 0 0 0
1576271306 2 0 0 2 0 0 0 0 2 0 0 0 0 1 0 0 0 0 0 0
1576282174 4 0 0 2 0 0 0 0 2 0 0 0 0 1 0 0 0 0 0 0
1576287562 6 0 0 2 0 0 0 0 2 0 0 0 0 1 0 0 0 0 0 0
1576288788 7 0 0 3 0 0 0 0 2 0 0 0 0 1 0 0 0 0 0 0
1576296800 8 0 0 3 0 0 0 0 2 0 0 0 0 1 0 0 0 0 0 0
1576540482 9 0 0 3 0 0 0 0 2 0 0 0 0 1 0 0 0 0 0 0
1576543651 11 0 0 3 0 0 0 0 2 0 0 0 0 1 0 0 0 0 0 0
1576600457 12 0 0 3 0 0 0 0 2 0 0 0 0 1 0 0 0 0 0 0
1576601755 13 0 0 3 0 0 0 0 2 0 0 0 0 1 0 0 0 0 0 0
1576610337 14 0 0 3 0 0 0 0 2 0 0 0 0 1 0 0 0 0 0 0
1576630381 14 0 0 3 0 0 0 0 2 0 0 0 0 2 0 0 0 0 0 0
1576685975 14 0 0 3 0 0 0 0 3 0 0 0 0 2 0 0 0 0 0 0
1576780759 14 0 0 3 0 0 0 0 3 0 0 0 0 2 0 0 0 0 0 0
1576799194 14 0 0 3 0 0 0 0 3 0 0 0 0 3 0 0 0 0 0 0
1576865524 14 0 0 3 0 0 0 0 4 0 0 0 0 3 0 0 0 0 0 0
1576902083 14 1 0 3 0 0 0 0 4 0 0 0 0 3 0 0 0 0 0 0
1577140282 14 1 0 3 0 0 0 0 4 0 0 0 0 3 1 0 0 0 0 0
1577145171 14 1 0 3 0 0 0 0 4 0 0 0 0 3 2 0 0 0 0 0
1577146569 15 1 0 4 0 0 0 0 4 0 0 0 0 3 2 0 0 0 0 0
1577386425 16 1 0 4 0 0 0 0 4 0 0 0 0 3 2 0 0 0 0 0
1577386502 17 1 0 4 0 0 0 0 4 0 0 0 0 3 2 0 0 0 0 0
1577392970 18 1 0 4 0 0 0 0 4 0 0 0 0 3 2 0 0 0 0 0
1577399293 19 1 0 4 0 0 0 0 4 0 0 0 0 3 2 0 0 0 0 0
1577402586 20 1 0 4 0 0 0 0 4 0 0 0 0 3 2 0 0 0 0 0
1577477486 20 1 0 5 0 0 0 0 4 0 0 0 0 3 2 0 0 0 0 0
1577727071 21 1 0 5 0 0 0 0 4 0 0 0 0 3 2 0 0 0 0 0
1577826320 22 1 0 5 0 0 0 0 4 0 0 0 0 3 2 0 0 0 0 0
1577838275 26 1 0 5 0 0 0 0 4 0 0 0 0 3 2 1 0 0 0 0
1578003956 27 1 0 6 0 0 0 0 4 0 0 0 0 3 2 1 0 0 0 0
1578340328 28 1 0 6 0 0 0 0 4 0 0 0 0 3 2 1 0 0 0 0
1578446800 28 1 0 6 0 0 0 0 4 0 0 0 0 3 2 1 0 0 0 0
1578510891 29 1 0 6 0 0 0 0 4 0 0 0 0 3 3 1 0 0 0 0
1578593583 30 1 0 6 0 0 0 0 4 0 0 0 0 3 3 1 0 0 0 0
1578611624 30 1 0 6 0 0 0 0 4 0 0 0 0 3 3 1 0 0 0 0
1578615615 32 1 0 6 0 0 0 0 4 0 0 0 0 3 3 1 0 0 0 0
1578691464 33 1 0 6 0 0 0 0 4 0 0 0 0 3 3 1 0 0 0 0
1578703516 34 1 0 6 0 0 0 0 4 0 0 0 0 3 3 1 0 0 0 0
1578957096 35 1 0 6 0 0 0 0 4 0 0 0 0 3 3 1 0 0 0 0
1579020636 35 1 0 6 0 0 0 0 4 0 0 0 1 3 3 1 0 0 0 0
1579043605 35 1 0 6 0 0 0 0 4 0 0 0 1 3 3 1 0 0 0 0
1579112074 36 1 0 6 0 0 0 0 4 0 0 0 1 3 3 1 0 0 0 0
1579127623 36 1 0 6 0 1 0 0 4 0 0 0 1 3 3 1 0 0 0 0
1579208267 36 2 0 6 0 2 0 0 4 0 0 0 1 3 3 1 0 0 0 0
1579304334 36 2 0 6 0 3 0 0 4 0 0 0 1 3 3 1 0 0 0 0
1579629384 37 2 0 6 0 4 0 0 4 0 0 0 1 3 3 1 0 0 0 0
1579714105 38 2 0 6 0 4 0 0 4 0 0 0 1 3 3 1 0 0 0 0
1579789018 38 2 0 6 0 4 0 0 4 0 0 0 1 3 3 2 0 0 0 0
1579973673 38 2 0 6 0 4 0 0 4 0 0 0 1 3 3 2 0 0 0 0
1580166760 39 2 0 6 0 4 0 0 4 0 0 0 1 3 3 2 0 0 0 0
1580230939 42 2 0 6 0 4 0 0 4 0 0 0 1 3 3 2 0 0 0 0
1580256408 42 3 0 6 0 4 0 0 4 0 0 0 1 3 3 2 0 0 0 0
1580256572 42 4 0 6 0 4 0 0 4 0 0 0 1 3 3 2 0 0 0 0
1580257214 42 5 0 6 0 4 0 0 4 0 0 0 1 3 3 2 0 0 0 0
1580328663 42 6 0 6 0 4 0 0 5 0 0 0 1 3 3 2 0 0 0 0
1580368856 42 6 0 6 0 5 0 0 5 0 0 0 1 3 3 2 0 0 0 0
1580413637 42 8 0 6 0 5 0 0 6 0 0 0 1 3 3 2 0 0 0 0
1580424905 42 9 0 7 0 5 0 0 6 0 0 0 1 3 3 2 0 0 0 0
1580452689 42 9 0 7 0 6 0 0 6 0 0 0 1 3 3 2 0 0 0 0
1580495379 42 10 0 7 0 6 0 0 6 0 0 0 1 3 3 2 0 0 0 0
1580500284 42 11 0 7 0 6 0 0 6 0 0 0 1 3 3 2 0 0 0 0
1580514149 42 11 0 7 0 6 0 0 6 0 0 0 1 3 3 2 0 0 0 0
1580514418 42 11 0 7 0 6 0 0 6 0 0 0 1 3 3 2 0 0 0 0
1580515043 42 12 1 7 0 6 0 0 6 0 0 0 1 3 3 2 0 0 0 0
1580592671 42 12 1 8 0 6 0 0 6 0 0 0 1 3 3 2 0 0 0 0
1580786577 42 12 1 8 0 6 0 0 7 0 0 0 1 3 3 2 0 0 0 0
1580843989 42 13 1 8 0 6 0 0 7 0 0 0 1 3 3 2 0 0 0 0
1580858055 42 14 1 8 0 6 0 0 7 0 0 0 1 3 3 2 0 0 0 0
1580866615 43 14 1 8 0 6 0 0 7 0 0 0 1 3 3 2 0 0 0 0
1580887556 43 14 1 8 0 6 1 0 7 0 0 0 1 3 3 2 0 0 0 0
1580925859 43 15 1 8 0 6 1 0 7 0 0 0 1 3 3 2 0 0 0 0
1580926604 44 16 1 8 0 6 1 0 7 0 0 0 1 3 3 2 0 0 0 0
1581016175 44 17 1 8 0 6 1 0 8 0 0 0 1 3 3 2 0 0 0 0
1581027104 44 18 1 8 0 6 1 0 8 0 0 0 1 3 3 2 0 0 0 0
1581356778 45 18 1 8 0 6 1 0 8 0 0 0 1 4 3 2 0 0 0 0
1581364928 45 18 1 8 0 6 1 0 8 0 0 0 1 5 3 2 0 0 0 0
1581459143 45 19 1 8 0 6 1 0 8 0 0 0 1 5 3 2 0 0 0 0
1581460578 45 20 1 8 0 6 1 0 8 0 0 0 1 5 3 2 0 0 0 0
1581525584 46 20 1 8 0 6 1 0 8 0 0 0 1 5 3 2 0 0 0 0
1581534620 46 20 1 8 0 6 1 0 8 0 0 0 1 5 3 2 0 0 0 0
1581537467 47 20 1 8 0 6 1 0 8 0 0 0 1 5 3 2 0 0 0 0
1581613642 48 20 1 8 0 6 1 0 8 0 0 0 1 5 3 2 0 0 0 0
1581619814 48 20 1 8 0 7 1 0 8 0 0 0 1 5 3 2 0 0 0 0
1581650271 48 20 2 8 0 7 1 0 8 0 0 0 1 5 3 2 0 0 0 0
1581673947 48 20 2 8 0 8 1 0 8 0 0 0 2 5 3 2 0 0 0 0
1581931267 48 20 2 8 0 8 2 0 8 0 0 0 2 5 3 2 0 0 0 0
1582050739 48 21 2 8 0 8 2 0 8 0 0 0 2 5 3 2 0 0 0 0
1582056294 48 21 2 8 0 8 2 0 8 0 0 0 2 5 3 3 0 0 0 0
1582059620 48 21 2 8 0 8 2 0 8 0 0 0 2 6 3 3 0 0 0 0
1582129819 48 21 2 8 0 8 3 0 9 0 0 0 2 6 3 3 0 0 0 0
1582149525 48 21 3 8 0 8 3 0 9 0 0 0 2 6 3 3 0 0 0 0
1582161103 48 21 4 8 0 8 3 0 9 0 0 0 2 6 3 3 0 0 0 0
1582260529 48 21 4 8 0 8 3 0 11 0 1 0 2 6 3 3 0 0 0 0
1582502887 48 21 4 8 0 8 3 0 11 0 2 0 2 6 3 3 0 0 0 0
1582573266 48 21 4 8 0 8 3 0 12 0 2 0 2 6 3 3 0 0 0 0
1582577638 48 21 4 8 0 8 4 0 12 0 2 0 2 6 3 3 0 0 0 0
1582590399 48 21 5 8 0 8 4 0 12 0 2 0 2 6 3 3 0 0 0 0
1582673953 48 22 5 8 0 8 4 0 12 0 2 0 2 6 3 3 0 0 0 0
1582683565 48 22 5 8 0 8 4 0 13 0 2 0 2 6 3 3 0 0 0 0
1582743695 48 24 5 8 0 8 4 0 13 0 2 0 2 6 3 3 0 0 0 0
1582749242 48 25 5 8 0 8 4 0 13 0 2 0 2 6 3 3 0 0 0 0
1582839917 48 26 6 8 0 8 4 0 13 0 2 0 2 6 3 3 0 0 0 0
1582855154 48 26 7 8 0 8 4 0 13 0 2 0 2 6 3 3 0 0 0 0
1582926935 48 27 7 8 0 8 4 0 13 0 2 0 2 6 3 3 0 0 0 0
1582932792 48 28 7 8 0 8 4 0 13 0 2 0 2 6 3 3 0 0 0 0
1582933508 48 29 7 8 0 8 4 0 13 0 2 0 2 6 3 3 0 0 0 0
1582938674 48 29 8 8 0 8 4 0 13 0 2 0 2 6 3 3 0 0 0 0
1583188270 48 29 9 8 0 8 4 0 13 0 2 0 2 6 3 3 0 0 0 0
1583191495 49 29 9 8 0 8 4 0 13 0 2 0 2 6 3 3 0 0 0 0
1583197133 50 29 9 8 0 8 4 0 13 0 2 0 2 6 3 3 0 0 0 0
1583220864 50 29 9 8 0 8 5 0 15 0 2 0 2 6 3 3 0 0 0 0
1583245129 50 30 9 8 0 8 6 0 15 0 2 0 2 6 3 3 0 0 0 0
1583291692 50 30 9 8 0 8 6 0 15 0 2 0 2 6 3 3 0 0 0 0
1583330065 50 30 9 8 0 8 6 0 15 0 2 0 2 6 3 4 0 0 0 0
1583345225 50 30 9 8 0 8 6 0 15 0 2 0 2 6 3 4 0 0 0 0
1583350158 50 31 9 8 0 8 6 0 15 0 2 0 2 6 3 4 0 0 0 0
1583409405 50 31 9 8 0 8 6 0 15 0 2 0 2 6 3 5 0 0 0 0
1583416040 50 31 9 8 0 8 7 0 15 0 2 0 2 6 3 5 0 0 0 0
1583544108 50 31 9 8 0 8 7 0 15 0 2 0 2 6 3 5 0 0 0 0
1583726933 50 31 9 8 0 8 7 0 16 0 2 0 2 6 3 5 0 0 0 0
1583773525 51 31 9 8 0 8 7 0 16 0 2 0 2 6 3 5 0 0 0 0
1584385432 51 32 9 8 0 8 7 0 16 0 2 0 2 6 3 5 0 0 0 0
1584467977 52 32 9 8 0 8 7 0 16 0 2 0 2 6 3 5 0 0 0 0
1584527931 52 32 10 8 0 8 7 0 16 0 2 0 2 6 3 5 0 0 0 0
1584647918 53 32 10 8 0 8 7 0 16 0 2 0 2 6 3 5 0 0 0 0
1584651949 53 32 10 8 0 8 7 0 16 0 2 0 2 6 3 5 0 0 0 0
1584730514 54 32 10 8 0 8 7 0 16 0 2 0 2 6 3 5 0 0 0 0
1585164275 54 32 11 8 0 8 7 0 16 0 2 0 2 6 3 5 0 0 0 0
1585177233 55 32 11 8 0 8 7 0 16 0 2 0 2 6 3 5 0 0 0 0
1585664415 56 32 11 8 0 8 7 0 16 0 2 0 2 6 3 5 0 0 0 0
1585748718 56 32 11 8 0 8 8 0 16 0 2 0 2 6 3 5 0 0 0 0
1585777615 57 32 11 8 0 8 8 0 16 0 2 0 2 7 3 5 0 0 0 0
1585856961 59 32 11 8 0 9 8 0 16 0 2 0 2 7 3 5 1 0 0 0
1586473556 59 32 11 8 0 10 8 0 16 0 2 0 2 7 3 5 1 0 0 0
1586793986 59 32 11 8 0 11 8 0 16 0 2 0 2 7 3 5 1 0 0 0
1586877724 59 32 11 8 0 11 8 0 16 0 2 0 2 7 3 5 1 0 0 0
1586909902 59 32 12 8 0 11 8 0 16 0 2 0 2 7 3 5 1 0 0 0
1587419943 60 32 14 8 0 11 8 0 16 0 2 0 2 7 3 5 1 0 0 0
1587484349 61 32 14 8 0 11 8 0 16 0 2 0 2 7 3 5 1 0 0 0
1587493096 62 32 14 8 0 11 8 0 16 0 2 0 2 7 3 5 1 0 0 0
1587524668 62 32 14 8 0 11 8 0 16 0 2 0 2 7 3 5 2 0 0 0
1587530472 62 32 14 8 0 11 8 0 16 1 2 0 2 7 3 5 2 0 0 0
1587533516 62 32 14 8 0 11 8 0 16 1 2 0 2 7 3 5 3 0 0 0
1587567579 63 32 14 8 0 11 8 0 16 1 2 0 2 7 3 5 3 0 0 0
1587577397 64 32 14 8 0 11 8 0 16 1 2 0 2 7 3 5 3 0 0 0
1587589187 65 32 14 8 0 11 8 0 16 1 2 0 2 7 3 5 3 0 0 0
1587593139 66 32 14 8 0 11 8 0 16 1 2 0 2 7 3 5 3 0 0 0
1587627929 66 32 14 8 0 11 8 0 16 1 2 0 2 7 3 5 4 0 0 0
1587666187 67 32 14 8 0 11 8 0 16 1 2 0 2 7 3 5 4 0 0 0
1587671370 67 33 14 8 0 11 8 0 16 1 2 0 2 7 3 5 4 0 0 0
1587674031 67 33 15 8 0 11 8 0 16 1 2 0 2 7 3 5 5 0 0 0
1587705341 67 33 17 8 0 11 8 0 16 1 2 0 2 7 3 5 5 0 0 0
1587768002 68 33 17 8 0 11 8 0 16 1 2 0 2 7 3 5 5 0 0 0
1587791267 68 33 18 8 0 11 8 0 16 1 2 0 2 7 3 5 5 0 0 0
1588005928 68 33 18 8 0 12 8 0 16 1 2 0 2 7 3 5 5 0 0 0
1588055933 68 33 19 8 0 12 8 0 16 1 2 0 2 7 3 5 5 0 0 0
1588110628 69 33 19 8 0 12 8 0 16 1 2 0 2 7 3 5 5 0 0 0
1588175575 70 33 19 8 0 13 8 0 16 1 2 0 2 7 3 5 5 0 0 0
1588184580 71 33 19 8 0 13 8 0 16 1 2 0 2 7 3 5 5 0 0 0
1588184656 71 33 19 8 0 13 8 0 16 1 2 0 2 7 3 5 5 0 0 0
1588279206 73 33 19 8 0 14 8 0 16 1 2 0 2 7 3 5 5 0 0 0
1588294077 74 33 19 8 0 14 8 0 16 1 2 0 2 7 3 5 5 0 0 0
1588363974 74 33 20 8 0 14 8 0 16 1 2 0 2 7 3 5 5 0 0 0
1588796104 75 33 20 8 0 14 8 0 16 1 2 0 2 7 3 5 5 0 0 0
1588798368 76 33 21 8 0 14 8 0 16 1 2 0 2 7 3 5 5 0 0 0
1588987886 76 33 22 8 0 14 8 0 16 1 2 0 2 7 3 5 5 0 0 0
1589363716 76 33 22 8 0 14 8 0 16 1 3 0 2 7 3 5 5 0 0 0
1589405432 77 33 22 8 0 14 8 0 16 1 3 0 2 7 3 5 5 0 0 0
1589931801 78 33 22 8 0 14 8 0 16 1 3 0 2 7 3 5 5 0 0 0
1590000822 78 33 22 8 0 15 8 0 16 1 3 0 2 7 3 5 5 0 0 0
1590012002 78 33 23 8 0 15 8 0 16 1 3 0 2 7 3 5 5 0 0 0
1590016014 78 33 23 8 0 16 8 0 16 1 3 0 2 7 3 5 5 0 0 0
1590075882 79 33 23 8 0 16 8 0 16 1 3 0 2 7 3 5 5 0 0 0
1590513486 80 33 24 8 0 16 8 0 16 1 3 0 2 7 3 5 5 0 0 0
1590604875 80 33 24 8 0 16 8 0 16 1 3 0 2 7 3 5 5 0 0 0
1590653285 80 33 24 8 0 16 8 0 16 1 3 0 2 7 3 6 5 0 0 0
1590806100 80 33 25 8 0 16 8 0 16 1 3 0 2 7 3 6 5 0 0 0
1591152235 80 33 26 8 0 16 8 0 16 1 3 0 2 7 3 6 5 0 0 0
1591308492 81 33 26 8 0 16 8 0 16 1 3 0 2 7 3 6 5 0 0 0
1591324967 81 33 27 8 0 16 8 0 16 1 3 0 2 7 3 6 5 0 0 0
1591330427 81 33 27 8 0 16 8 0 16 1 3 0 2 8 3 6 5 0 0 0
1591349843 81 33 28 8 0 16 8 0 16 1 3 0 2 8 3 6 5 0 0 0
1591384761 81 33 29 8 0 16 8 0 16 1 3 0 2 8 3 6 5 0 0 0
1591622195 81 33 29 8 0 16 9 0 16 1 3 0 2 8 3 6 5 0 0 0
1591733808 81 33 30 8 0 16 9 0 16 1 3 0 2 8 3 6 5 0 0 0
1591853878 81 33 30 8 0 16 10 0 16 1 3 0 2 8 3 6 5 0 0 0
1591907473 81 33 30 8 0 16 10 0 16 1 3 0 2 8 3 6 5 0 0 0
1591912992 81 33 30 8 0 16 10 0 16 1 3 0 2 8 3 6 5 0 0 0
1592265854 81 33 30 8 0 16 10 0 16 1 3 0 2 8 3 6 5 1 0 0
1592350291 81 33 30 8 0 16 10 0 16 1 3 0 2 8 3 6 5 2 0 0
1592427654 81 33 31 8 0 16 10 0 16 1 3 0 2 8 3 6 5 2 0 0
1592501408 82 33 31 8 0 16 10 0 16 1 3 0 2 8 3 6 5 2 0 0
1592506979 83 33 31 8 0 16 10 0 16 1 3 0 2 8 3 6 5 2 0 0
1592522920 83 33 32 8 0 16 10 0 16 1 3 0 2 8 3 6 5 2 0 0
1592957066 84 33 32 8 0 16 10 0 16 1 3 0 2 8 3 6 5 2 0 0
1593533126 85 33 32 8 0 16 10 0 16 1 3 0 2 8 3 6 5 2 0 0
1594163529 85 33 32 8 0 16 10 0 16 1 3 0 2 8 3 6 5 2 0 0
1594336185 86 33 32 8 0 16 10 0 16 1 3 0 2 8 3 6 5 2 0 0
1594343280 87 33 32 8 0 16 10 0 16 1 3 0 2 8 3 6 5 2 0 0
1594505206 87 33 32 8 0 16 10 0 16 1 3 0 3 8 3 6 5 2 0 0
1594744037 88 33 32 8 0 16 10 0 16 1 3 0 3 8 3 6 5 2 0 0
1594843996 88 33 32 8 0 17 10 0 16 1 3 0 3 8 3 6 5 2 0 0
1594847333 89 33 32 8 0 17 10 0 16 1 3 0 3 8 3 6 5 2 0 0
1594937239 89 34 32 8 0 17 10 0 16 1 3 0 3 8 3 6 5 2 0 0
1594951061 90 34 32 8 0 17 10 0 16 1 3 0 3 8 3 6 5 2 0 0
1595015138 91 34 32 8 0 17 10 0 16 1 3 0 3 8 3 6 5 2 0 0
1595019161 92 34 32 8 0 17 10 0 16 1 3 0 3 8 3 6 5 2 0 0
1595028073 94 34 32 8 0 17 10 0 16 1 3 0 3 8 3 6 5 2 0 0
1595360871 95 34 32 8 0 17 10 0 16 1 3 0 3 8 3 6 5 2 0 0
1595362533 96 34 32 8 0 17 10 0 16 1 3 0 3 8 3 6 5 2 0 0
1595364714 97 34 32 8 0 17 10 0 16 1 3 0 3 8 3 6 5 2 0 0
1595456389 98 34 32 8 0 17 10 0 16 1 3 0 3 8 3 6 5 2 0 0
1595459582 100 34 32 8 0 17 10 0 16 1 3 0 3 8 3 6 5 2 0 0
1595522076 101 34 32 8 0 17 10 0 16 1 3 0 3 8 3 6 5 2 0 0
1595525761 102 34 32 8 0 17 10 0 16 1 3 0 3 8 3 6 5 2 0 0
1595544786 103 34 32 8 0 17 10 0 16 1 3 0 3 8 3 6 5 2 0 0
1595548022 105 34 32 8 0 17 10 0 16 1 3 0 3 8 3 6 5 2 0 0
1595866534 106 34 32 8 0 17 10 0 16 1 3 0 3 8 3 6 5 2 0 0
1595883742 106 34 32 8 0 17 10 0 16 1 3 0 3 8 3 6 5 2 0 0
1595924745 106 34 32 8 0 17 11 0 16 1 3 0 3 8 3 6 5 3 0 0
1595963408 107 34 32 8 0 17 11 0 16 1 3 0 3 8 3 6 5 3 0 0
1595975330 108 34 32 8 0 17 11 0 16 1 3 0 3 8 3 6 5 3 0 0
1596087697 108 34 32 8 0 17 11 0 16 1 3 0 3 8 3 6 5 3 0 0
1596226103 109 34 32 8 0 17 11 0 16 1 3 0 3 8 3 6 5 3 0 0
1596233408 111 34 32 8 0 17 12 0 16 1 3 0 3 8 3 6 5 3 0 0
1596507852 111 34 32 8 0 17 12 0 16 1 3 0 3 8 3 6 5 3 0 0
1596606605 111 34 32 8 0 17 13 0 16 1 3 0 3 8 3 6 5 4 0 0
1596655940 112 34 32 8 0 17 13 0 16 1 3 0 3 8 3 6 5 4 0 0
1596737150 113 34 32 8 0 17 13 0 16 1 3 0 3 8 3 6 5 4 0 0
1597097932 115 34 32 8 0 17 13 0 16 1 3 0 3 8 3 6 5 4 0 0
1597261544 116 34 32 8 0 17 13 0 16 1 3 0 3 8 3 6 5 4 0 0
1597338272 117 34 32 8 0 17 13 0 16 1 3 0 3 8 3 6 5 4 0 0
1597422178 118 34 32 8 0 17 13 0 16 1 3 0 3 8 3 6 5 4 0 0
1598046125 119 34 32 8 0 17 13 0 16 1 3 0 3 8 3 6 5 4 0 0
1598313456 119 34 32 8 0 17 13 0 16 1 3 0 3 8 3 6 5 4 0 0
1598543680 120 34 32 8 0 17 13 0 16 1 3 0 3 8 3 6 5 4 0 0
1599173291 120 34 32 8 0 17 13 0 16 1 3 0 3 8 4 6 5 4 0 0
1599256451 120 34 32 8 0 17 13 0 16 1 3 0 3 8 4 6 5 4 0 0
1599578410 120 34 32 8 0 17 13 0 16 1 3 0 3 8 4 6 5 4 0 1
1599588450 121 34 32 8 0 17 13 0 16 1 3 0 3 8 4 6 5 4 0 1
1599605665 121 34 32 8 0 17 13 0 16 1 3 0 3 8 5 6 5 4 0 1
1599690644 121 35 32 8 0 17 13 0 16 1 3 0 3 8 5 6 5 4 0 1
1599862319 121 35 32 8 0 17 13 0 16 1 3 0 3 8 5 6 5 4 0 1
1600216873 121 35 32 8 0 17 13 0 16 1 3 0 3 8 5 6 5 5 0 1
1600271667 122 35 33 8 0 17 13 0 16 1 3 0 3 8 5 6 5 5 0 1
1600458168 122 35 33 8 0 18 13 0 16 1 3 0 3 8 5 6 5 5 0 1
1600710887 123 35 33 8 0 18 13 0 16 1 3 0 3 8 5 6 5 5 0 1
1600783728 124 35 33 8 0 18 13 0 16 1 3 0 3 8 5 6 5 5 0 1
1600812825 125 36 33 8 0 18 13 0 16 1 3 0 3 8 5 6 5 5 0 1
1600820047 125 36 33 8 0 18 13 0 16 2 3 0 3 8 5 6 5 5 0 1
1600820110 125 37 33 8 0 18 13 0 16 2 3 0 3 8 5 6 5 5 0 1
1600890255 125 37 33 8 0 18 13 0 16 2 3 0 3 8 6 6 5 5 0 1
1600903898 125 37 33 9 0 18 13 0 16 2 3 0 3 8 6 6 5 5 0 1
1600913620 125 37 33 9 0 18 13 0 16 2 3 0 3 8 7 6 5 5 0 1
1601174194 125 38 33 9 0 18 13 0 16 2 3 0 3 8 7 6 5 5 0 1
1601677247 126 38 33 10 0 18 13 0 16 2 3 0 3 8 7 6 5 5 0 1
1602097807 126 38 33 10 0 18 13 0 16 2 3 0 3 8 7 6 5 6 0 1
1602269015 126 38 33 11 0 18 13 0 16 2 3 0 3 8 7 6 5 6 0 1
1602396265 126 38 33 11 0 18 14 0 16 2 3 0 3 8 7 6 5 6 0 1
1602579378 126 38 33 11 0 18 15 0 16 2 3 0 3 8 7 6 5 6 0 1
1602618599 126 38 33 11 0 18 15 0 16 2 3 0 3 8 7 6 5 6 0 1
1603179733 126 38 33 11 0 18 16 0 16 2 3 0 3 8 7 6 5 6 0 1
1603208216 126 38 33 11 0 18 16 1 16 2 3 0 3 8 7 6 5 6 0 1
1603297231 126 38 33 11 0 18 16 1 16 2 3 0 3 8 7 6 5 6 0 1
1603309000 127 38 33 11 0 18 16 1 16 2 3 0 3 8 7 6 5 6 0 1
1603387266 128 38 33 11 0 18 16 1 16 2 3 0 3 8 7 6 5 6 0 1
1603834805 128 38 33 11 0 18 16 2 16 2 3 0 3 8 7 6 5 6 0 1
1604565581 128 38 33 11 0 18 17 2 16 2 3 0 3 8 7 6 5 6 0 1
1604599794 128 38 33 11 0 18 17 2 16 2 3 0 3 8 7 6 5 6 0 1
1605318078 128 38 33 11 0 18 17 2 16 2 3 0 3 8 7 6 5 6 0 1
1605634398 128 38 33 11 0 18 17 2 16 2 3 0 3 8 7 6 5 6 0 1
1605646563 128 38 33 11 0 18 17 2 16 2 3 0 3 8 7 6 5 6 0 2
1605834044 129 38 33 11 0 18 17 3 16 2 3 0 3 8 7 6 5 6 0 2
1606866653 130 38 33 11 0 18 17 3 16 2 3 0 3 8 7 6 5 6 0 2
1607026735 130 39 33 11 0 18 17 4 16 2 3 0 3 8 7 6 5 6 0 2
1607372178 130 40 33 11 0 18 17 4 16 2 3 0 3 8 7 6 5 6 0 2
1607384488 130 40 33 11 0 18 17 5 16 2 3 0 3 8 7 6 5 6 0 2
1607441464 131 40 33 11 0 18 17 5 16 2 3 0 3 8 7 6 5 6 0 2
1607442152 132 40 33 11 0 18 17 5 16 2 3 0 3 8 7 6 5 6 0 2
1607469810 132 40 33 12 0 18 17 5 16 2 3 0 3 8 7 6 5 6 0 2
1607471352 132 40 33 14 0 18 17 5 16 2 3 0 3 8 7 6 5 6 0 2
1607802755 132 40 33 14 0 18 17 6 16 2 3 0 3 8 7 6 5 6 0 2
1607975758 132 41 33 14 0 18 17 6 16 2 3 0 3 8 7 6 5 6 0 2
1608329982 132 41 33 14 0 18 17 6 16 2 3 0 3 8 7 6 5 6 0 2
1608427307 132 41 33 14 0 18 17 6 16 2 3 0 3 8 7 6 5 6 0 2
1608764157 132 41 33 14 0 18 17 10 16 2 3 0 3 8 7 6 5 6 0 2
1609017847 132 41 33 14 0 18 17 11 16 2 3 0 3 8 7 6 5 6 0 2
1609224117 132 41 33 14 0 18 17 11 16 2 3 0 4 8 7 6 5 6 0 2
1609227075 132 41 33 14 0 18 17 11 16 2 3 0 4 8 7 6 5 6 0 2
1609283010 132 41 33 14 0 18 17 11 16 2 3 0 4 8 7 6 5 6 0 2
1609335516 132 41 33 14 0 18 17 11 16 2 3 0 4 8 7 6 5 6 0 2
1609455532 132 42 33 14 0 18 17 11 16 2 3 0 4 8 7 6 5 6 0 2
1609463228 132 42 33 14 0 18 17 12 16 3 3 0 4 8 7 6 5 6 0 2
1609871581 133 42 33 14 0 18 17 12 16 3 3 0 4 8 7 6 5 6 0 2
1609883194 133 43 33 14 0 18 17 12 16 3 3 0 4 8 7 6 5 6 0 2
1610400652 133 43 33 14 0 18 17 13 16 3 3 0 4 8 7 6 5 6 0 2
1610402697 133 43 33 14 0 18 17 13 16 3 3 0 4 8 7 6 5 6 0 3
1610498601 133 43 33 14 0 18 17 13 16 3 3 0 4 8 7 6 5 6 0 3
1610669190 133 43 33 14 0 18 17 13 16 3 3 0 4 8 7 6 5 6 0 4
1610732740 133 43 33 14 0 18 17 13 16 3 3 0 4 8 7 6 5 6 0 4
1611157025 134 43 33 14 0 18 17 13 16 3 3 0 4 8 7 6 5 6 0 4
1611242899 135 43 33 14 0 18 17 13 16 3 3 0 4 8 7 6 5 6 0 4
1611275787 136 43 33 14 0 18 17 13 16 3 3 0 4 8 7 6 5 6 0 4
1612279893 136 43 33 14 0 18 17 14 16 3 3 0 4 8 7 6 5 6 0 4
1612295629 136 44 33 14 0 18 17 14 16 3 3 0 4 8 7 6 5 6 0 4
1612303224 136 45 33 14 0 18 17 14 16 3 3 0 4 8 7 6 5 6 0 4
1612307094 136 45 33 14 0 18 17 14 16 3 3 0 4 8 7 6 5 6 0 5
1612385520 136 46 33 14 0 18 17 14 16 3 3 0 4 8 7 6 5 6 0 5
1612453563 136 46 33 14 0 18 17 15 16 3 3 0 4 8 7 6 5 6 0 5
1613085095 136 47 33 14 0 18 17 15 16 3 3 0 4 8 7 6 5 6 0 5
1613493039 137 47 33 14 0 18 17 15 16 3 3 0 4 8 7 6 5 6 0 5
1613506053 137 47 33 14 0 18 17 16 16 3 3 0 4 8 7 6 5 6 0 5
1613607642 137 47 33 14 0 18 17 16 16 3 3 0 4 8 7 6 5 6 0 5
1613688744 138 48 33 14 0 18 17 16 16 3 3 0 4 8 7 6 5 6 0 5
1613768350 139 48 33 14 0 18 17 16 16 3 3 0 4 8 7 6 5 6 0 5
1613772208 140 48 33 14 0 18 17 16 16 3 3 0 4 8 7 6 5 6 0 5
1614183743 140 48 33 14 0 18 18 16 16 3 3 0 4 8 7 6 5 6 0 5
1614371244 140 49 33 14 0 18 18 16 16 3 3 0 4 8 7 6 5 6 0 5
1614382415 140 49 33 14 0 18 18 16 16 3 3 0 4 8 7 6 5 6 0 5
1614641108 141 49 33 14 0 18 18 16 16 3 3 0 4 8 7 6 5 6 0 5
1614645411 141 50 33 14 0 18 18 16 16 3 3 0 4 8 7 6 5 6 0 5
1614885775 141 50 33 14 0 18 18 16 16 3 3 0 4 8 7 6 5 6 0 5
1614990797 141 50 33 14 0 18 18 16 16 3 3 0 4 8 7 6 5 6 0 5
1615241410 141 51 33 14 0 18 18 16 16 3 3 0 4 8 7 6 5 6 0 5
1615318653 141 51 33 14 0 18 18 16 16 3 4 0 4 8 7 6 5 6 0 5
1615598341 141 51 33 14 0 18 18 16 16 3 6 0 4 8 7 6 5 6 0 5
1615817858 142 51 33 14 0 18 18 16 16 3 6 0 4 8 7 6 5 6 0 5
1616004672 142 51 33 14 0 18 18 16 16 3 7 0 4 8 7 6 5 6 0 5
1616029195 142 51 33 14 0 18 18 16 16 3 9 0 4 8 7 6 5 6 0 5
1616220471 142 51 33 14 0 18 18 16 16 3 9 0 4 8 7 6 5 6 0 5
1616427258 143 51 33 14 0 18 18 16 16 3 9 0 4 8 7 6 5 6 0 5
1617057264 143 51 33 14 0 18 18 16 16 3 9 0 4 8 7 6 5 6 0 5
1617663327 143 51 33 14 0 18 18 16 16 3 9 0 4 8 7 6 5 6 0 5
1617719299 145 51 33 14 0 18 18 16 16 3 9 0 4 8 7 6 5 6 0 5
1617764144 145 51 33 14 0 18 18 16 16 3 9 0 4 8 7 6 5 6 0 5
1618872450 146 51 33 14 0 18 18 16 16 3 9 0 4 8 7 6 5 6 0 5
1618937623 147 51 33 14 0 18 18 16 16 3 9 0 4 8 7 6 5 6 0 5
1619732558 147 51 34 14 0 18 18 16 16 3 9 0 4 8 7 6 5 6 0 5
1620087000 147 51 34 14 0 18 18 16 16 3 9 0 4 8 7 6 5 6 0 5
1620101301 147 51 34 14 0 18 18 16 16 4 9 0 4 8 7 6 5 6 0 5
1620139415 147 51 34 14 0 18 18 16 16 4 9 0 4 8 7 6 5 6 0 5
1620404981 149 51 34 14 0 18 18 16 16 4 9 0 4 8 7 6 5 6 0 5
1620658577 150 51 34 14 0 18 18 16 16 4 9 0 4 8 7 6 5 6 0 5
1620675125 150 51 34 14 0 18 18 16 16 4 9 0 4 8 7 6 5 6 0 5
1620942129 150 51 34 14 0 18 18 16 16 4 9 0 4 8 7 6 5 6 0 5
1621282599 151 51 34 14 0 18 18 16 16 4 9 0 4 8 7 6 5 6 1 5
1621446793 151 51 34 14 0 18 18 16 16 4 9 0 4 8 7 6 5 6 1 5
1621542328 151 51 34 14 0 18 18 16 16 5 9 0 4 8 7 6 5 6 1 5
1621616511 152 51 34 14 0 18 18 16 16 5 9 0 4 8 7 6 5 6 1 5
1621869244 152 51 34 14 0 18 18 16 16 5 9 0 4 8 7 6 5 6 1 5
1622575386 152 51 34 14 0 18 18 16 16 5 10 0 4 8 7 6 5 6 1 5
1622703299 152 51 35 14 0 18 18 16 16 5 10 0 4 8 7 6 5 6 1 5
1622831505 153 51 35 14 0 18 18 16 16 5 10 0 4 8 7 6 5 6 1 5
1622848558 153 51 35 14 0 18 18 16 16 6 10 0 4 8 7 6 5 6 1 5
1623096514 154 51 35 14 0 18 18 16 16 6 10 0 4 8 7 6 5 6 1 5
1623266600 154 51 35 14 0 18 18 16 16 6 10 0 5 8 7 6 5 6 1 5
1623955298 154 51 35 14 0 18 18 16 16 7 10 0 5 8 7 6 5 6 1 5
1624289972 155 51 35 14 0 18 18 16 16 7 10 0 5 8 7 6 5 6 1 5
1624304749 155 51 35 14 0 18 18 16 16 7 10 0 6 8 7 6 5 6 1 5
1624321017 155 51 35 14 0 18 18 16 16 7 10 0 7 8 7 6 5 6 1 5
1624384810 156 51 35 14 0 18 18 16 16 7 10 0 7 8 7 6 5 6 1 5
1624403689 156 51 35 14 0 18 18 16 16 7 10 0 7 8 7 6 5 6 1 5
1624496512 156 51 35 14 0 18 18 16 16 7 10 0 7 8 7 6 5 6 1 5
1624517342 156 51 35 14 0 18 18 16 16 8 10 0 7 8 7 6 5 6 1 5
1624561199 156 51 35 14 0 18 18 16 16 8 10 0 7 8 7 6 5 6 1 5
1624919915 156 51 35 14 1 18 18 16 16 8 10 0 7 8 7 6 5 6 1 5
1624994746 156 52 35 14 1 18 18 16 16 8 10 0 7 8 7 6 5 6 1 5
1624998002 157 52 35 14 1 18 18 16 16 8 10 0 7 8 7 6 5 6 1 5
1625787578 157 52 35 14 1 18 18 16 16 8 10 0 7 8 7 6 5 6 1 5
1626129446 158 52 35 14 1 18 18 16 16 8 10 0 7 8 7 6 5 6 1 5
1626212318 158 52 35 14 2 18 18 16 16 8 10 0 7 8 7 6 5 6 1 5
1626214405 159 52 35 14 2 18 18 16 16 8 10 0 7 8 7 6 5 6 1 5
1626300754 159 53 35 14 2 18 18 16 16 8 10 0 7 8 7 6 5 6 1 5
1626467920 159 53 35 14 2 18 18 16 16 8 10 0 7 8 7 6 5 6 1 5
1626468961 160 53 35 14 2 18 18 16 16 8 10 0 7 8 7 6 5 6 1 5
1626476346 160 53 35 14 2 18 18 16 16 9 10 0 7 8 7 6 5 6 1 5
1626725032 160 53 35 14 2 18 18 16 16 9 10 0 7 8 7 6 5 6 1 5
1626830942 160 53 35 14 2 18 18 16 16 9 10 0 7 8 7 6 5 6 1 5
1626898176 160 53 35 14 3 18 18 16 16 9 10 0 7 8 7 6 5 6 1 5
1627436611 160 53 35 14 3 18 18 16 16 9 10 0 7 8 7 6 5 6 1 5
1627455003 160 53 35 14 3 18 18 16 16 10 10 0 7 8 7 6 5 6 1 5
1627531415 160 53 35 14 3 18 18 16 16 10 10 0 7 8 7 6 5 6 1 5
1628015624 160 53 35 14 3 18 18 16 16 10 10 0 7 8 7 6 6 6 1 5
1628036434 160 53 35 15 3 18 18 16 16 10 10 0 7 8 7 6 6 6 1 5
1628098772 160 53 35 16 3 18 18 16 16 10 10 0 7 8 7 6 6 6 1 5
1628211638 160 53 35 16 3 18 18 16 16 11 10 0 7 8 7 6 6 6 1 5
1628281103 160 53 35 16 3 18 18 16 16 11 10 0 7 8 7 6 6 6 1 5
1628282807 160 53 35 16 3 18 18 16 16 11 10 0 7 8 7 6 6 6 1 5
1628556293 160 53 35 16 3 18 18 16 16 11 10 0 7 8 7 6 6 6 1 5
1629679020 160 53 35 16 3 18 18 16 16 11 10 0 8 8 7 6 6 6 1 5
1629890243 160 53 35 16 3 18 18 16 16 11 10 0 8 8 7 6 6 6 1 5
1629948704 160 53 35 16 3 18 18 16 16 11 10 0 8 8 7 6 6 6 1 5
1630006635 160 54 35 16 3 18 18 16 16 11 10 0 8 8 7 6 6 6 1 5
1630027094 160 54 35 16 3 18 18 16 16 11 10 0 8 8 7 6 6 6 1 5
1631733582 160 54 35 16 3 18 18 16 16 11 10 0 8 8 7 6 6 6 1 5
1631736440 160 54 35 16 3 18 18 16 16 11 10 0 8 8 7 6 6 6 1 5
1632762141 160 55 35 16 3 18 18 16 16 11 10 0 8 8 7 6 6 6 1 5
1632769688 160 57 35 16 3 18 18 16 16 11 10 0 8 8 7 6 6 6 1 5
1632775322 160 58 35 16 3 18 18 16 16 11 10 0 8 8 7 6 6 6 1 5
1633045967 160 59 35 16 3 18 18 16 16 11 10 0 8 8 7 6 6 6 1 5
1633847953 160 59 35 16 3 18 18 16 16 11 10 0 8 8 7 6 6 6 1 5
1634081283 160 59 35 16 3 18 18 16 16 11 10 0 8 8 7 6 6 6 1 5
1634085439 160 59 35 16 3 18 18 16 16 11 10 0 8 8 7 6 6 6 1 5
1634698913 160 59 35 16 3 18 18 16 16 11 10 0 8 8 7 6 6 6 1 5
1634781184 160 59 35 16 3 18 18 16 16 11 10 0 8 8 8 6 6 6 1 5
1635281831 160 59 36 16 3 18 18 16 16 11 10 0 8 8 8 6 6 6 1 5
1635352715 160 59 36 16 3 18 18 16 16 11 10 0 8 8 8 6 6 6 1 6
1635891970 160 60 36 16 3 18 18 16 16 11 10 0 8 8 8 6 6 6 1 6
1636056130 160 60 36 16 3 18 18 16 16 11 10 0 8 8 8 6 6 6 1 6
1637112201 160 60 36 16 3 18 18 16 16 11 10 0 8 8 8 6 6 6 1 6
1638228330 160 60 36 16 3 18 18 16 16 11 10 0 8 8 8 6 6 6 1 6
1638532606 160 60 36 16 3 18 18 16 16 11 10 0 8 8 8 6 6 6 2 6
1638535493 160 60 36 16 3 18 18 16 16 11 10 0 8 8 8 7 6 6 2 6
1638547042 160 60 36 16 3 18 18 16 16 11 10 0 8 8 8 7 6 6 3 6
1638807740 160 60 36 16 3 18 18 16 16 11 10 0 8 8 8 7 6 6 4 6
1638813530 160 60 36 16 3 18 18 16 16 11 10 0 8 8 8 7 6 6 4 6
1639099477 160 60 36 16 3 18 18 16 16 11 10 0 8 8 8 7 6 6 4 6
1639514170 160 60 36 16 3 18 18 16 16 11 10 0 8 8 8 7 6 6 4 6
1639519478 160 60 36 16 3 18 18 16 16 11 10 0 8 8 8 7 6 6 4 6
1639604660 160 61 36 16 3 18 18 16 16 11 10 0 8 8 8 7 6 6 5 6
1639778863 160 61 36 16 3 18 18 16 16 11 10 0 8 8 8 7 6 6 5 6
1640051489 160 61 36 16 3 18 18 16 16 11 10 0 8 8 8 7 6 6 5 6
1641942812 160 61 36 16 3 18 18 16 16 11 10 0 8 8 8 7 6 6 5 6
1642533970 160 61 36 16 4 18 18 16 16 11 10 0 8 8 8 7 6 6 5 6
1642548019 160 61 36 16 4 18 18 16 16 11 10 0 8 8 8 7 6 6 5 6
1642620257 160 61 36 16 5 18 18 16 16 11 10 0 8 8 8 7 6 6 5 6
1642643552 160 61 36 16 6 18 18 16 16 11 10 0 8 8 8 7 6 6 5 6
1642719499 160 61 36 16 7 18 18 16 16 11 10 0 8 8 8 7 6 6 5 6
1642721816 160 61 36 16 8 18 18 16 16 11 10 0 8 8 8 7 6 6 5 6
1642732524 160 61 36 16 9 18 18 16 16 11 10 0 8 8 8 7 6 6 5 6
1642789763 160 61 36 16 10 18 18 16 16 11 10 0 8 8 8 7 6 6 5 6
1642794971 160 61 36 16 11 18 18 16 16 11 10 0 8 8 8 7 6 6 5 6
1642808587 160 61 36 16 12 18 18 16 16 11 10 0 8 8 8 7 6 6 5 6
1643048424 160 62 36 16 12 18 18 16 16 11 10 0 8 8 8 7 6 6 5 6
1643050159 160 63 36 16 12 18 18 16 16 11 10 0 8 8 8 7 6 6 5 6
1643052373 160 63 36 16 13 18 18 16 16 11 10 0 8 8 8 7 6 6 5 6
1643056103 160 63 36 16 14 18 18 16 16 11 10 0 8 8 8 7 6 6 5 6
1643223330 160 64 36 16 14 18 18 16 16 11 10 0 8 8 8 7 6 6 5 6
1643237155 160 65 36 16 15 18 18 16 16 11 10 0 8 8 8 7 6 6 5 6
1643261275 160 65 36 16 15 18 18 16 16 12 10 0 8 8 8 7 6 6 5 6
1643278180 160 65 36 16 16 18 18 16 16 12 10 0 8 8 8 7 6 6 5 6
1643318732 160 65 36 16 17 18 18 16 16 12 10 0 8 8 8 7 6 6 5 6
1643389468 160 66 36 16 17 18 18 16 16 12 10 0 8 8 8 7 6 6 5 6
1643398843 160 66 36 17 17 18 18 16 16 12 10 0 8 8 8 7 6 6 5 6
1643653869 160 67 36 17 17 18 18 16 16 12 10 0 8 8 8 7 6 6 5 6
1643736902 160 67 36 17 17 18 18 16 16 12 11 0 8 8 8 7 6 6 5 6
1643821770 160 68 37 17 17 18 18 16 16 12 11 0 8 8 8 7 6 6 5 6
1643832814 160 69 37 17 17 18 18 16 16 12 11 0 8 8 8 7 6 6 5 6
1643838220 160 70 37 17 17 18 18 16 16 12 11 0 8 8 8 7 6 6 5 6
1643840836 160 71 37 17 17 18 18 16 16 12 11 0 8 8 8 7 6 6 5 6
1643851097 160 72 37 17 17 18 18 16 16 12 11 0 8 8 8 7 6 6 5 6
1643910981 160 73 37 17 17 18 18 16 16 12 11 0 8 8 8 7 6 6 5 6
1643935179 160 75 38 17 17 18 18 16 16 12 11 0 8 8 8 7 6 6 5 6
1644011944 160 75 38 17 17 18 18 16 16 12 11 0 8 8 8 7 6 6 5 6
1644015136 160 75 38 17 17 18 18 16 16 12 11 0 8 8 8 7 6 6 5 6
1644015829 160 76 38 18 17 18 18 16 16 12 11 0 8 8 8 7 6 6 5 6
1644224852 160 76 38 18 17 18 18 16 16 13 11 0 8 8 8 7 6 6 5 6
1644225159 160 76 38 19 17 18 18 16 16 13 11 0 8 8 8 7 6 6 5 6
1644271134 160 77 38 19 17 18 18 16 16 13 11 0 8 8 8 7 6 6 5 6
1644366965 160 77 38 19 17 18 18 16 16 13 11 1 8 8 8 7 6 6 5 6
1644437048 160 78 38 19 17 18 18 16 16 13 11 1 8 8 8 7 6 6 5 6
1644447625 160 79 38 19 17 18 18 16 16 13 11 1 8 8 8 7 6 6 5 6
1644448900 160 80 38 19 17 18 18 16 16 13 11 1 8 8 8 7 6 6 5 6
1644515722 160 80 38 22 17 18 18 16 16 13 11 1 8 8 8 7 6 6 5 6
1644872897 160 81 38 22 17 18 18 16 16 13 11 1 8 8 8 7 6 6 5 6
1644898387 160 81 38 22 17 18 18 16 16 13 11 1 8 8 8 7 6 6 5 6
1644949561 160 82 38 22 17 18 18 16 16 13 11 1 8 8 8 7 6 6 5 6
1644961599 160 83 38 22 17 18 18 16 16 13 11 1 8 8 8 7 6 6 5 6
1645236015 160 84 38 22 17 18 18 16 16 13 11 1 8 8 8 7 6 6 5 6
1645297179 160 85 38 22 17 18 18 16 16 13 11 1 8 8 8 7 6 6 5 6
1645804415 160 85 38 22 17 18 18 16 16 13 11 2 8 8 8 7 6 6 5 6
1645810941 160 85 38 22 17 18 18 16 16 13 11 3 8 8 8 7 6 6 5 6
1645826484 160 85 38 22 18 18 18 16 16 13 11 3 8 8 8 7 6 6 5 6
1645846181 160 85 38 22 18 18 18 16 16 14 11 3 8 8 8 7 6 6 5 6
1646104968 160 86 38 22 18 18 18 16 16 14 11 3 8 8 8 7 6 6 5 6
1646117121 160 86 38 22 18 18 18 16 16 15 11 3 8 8 8 7 6 6 5 6
1646163461 160 87 38 22 18 18 18 16 16 15 11 4 8 8 8 7 6 6 5 6
1646174950 160 88 38 22 18 18 18 16 16 15 11 4 8 8 8 7 6 6 5 6
1646188418 160 89 38 22 18 18 18 16 16 15 11 4 8 8 8 7 6 6 5 6
1646256486 160 90 38 22 18 18 18 16 16 15 11 4 8 8 8 7 6 6 5 6
1646259212 160 91 38 22 18 18 18 16 16 15 11 4 8 8 8 7 6 6 5 6
1646274422 160 91 38 22 18 18 18 16 16 15 11 4 8 8 8 7 6 6 5 6
1646334504 160 92 38 22 18 18 18 16 16 15 11 4 8 8 8 7 6 6 5 6
1646337405 160 93 38 22 18 18 18 16 16 15 11 4 8 8 8 7 6 6 5 6
1646346835 160 94 38 22 18 18 18 16 16 15 11 4 8 8 8 7 6 6 5 6
1646438000 160 94 38 22 19 18 18 16 16 15 11 4 8 8 8 7 6 6 5 6
1646686820 160 96 38 22 19 18 18 16 16 15 11 4 8 8 8 7 6 6 5 6
1646762321 160 96 38 23 19 18 18 16 16 15 11 5 8 8 8 7 6 6 6 6
1646851800 160 97 38 23 19 18 18 16 16 15 11 5 8 8 8 7 6 6 6 6
1646933128 160 97 38 23 19 18 18 16 16 15 11 5 8 8 8 7 6 6 6 6
1646945132 160 98 38 23 19 18 18 16 16 15 11 5 8 8 8 7 6 6 6 6
1646975117 160 98 39 23 19 18 18 16 16 15 11 5 8 8 8 7 6 6 6 6
1647281781 160 98 39 23 20 18 18 16 16 15 11 5 8 8 8 7 6 6 6 6
1647289778 160 98 39 23 20 18 18 16 16 15 11 5 8 8 8 7 6 6 6 6
1647375472 160 99 39 23 20 18 18 16 16 15 11 5 8 8 8 7 6 6 6 6
1647459534 160 101 39 23 20 18 18 16 16 15 11 5 8 8 8 7 6 6 6 6
1647473717 160 102 39 23 20 18 18 16 16 15 11 6 8 8 8 7 6 6 6 6
1647547706 160 103 39 23 20 18 18 16 16 15 11 7 8 8 8 7 6 6 6 6
1647642842 160 103 39 23 20 18 18 16 16 15 11 7 8 8 8 7 6 6 6 6
1647895415 160 103 39 23 20 18 18 16 16 15 11 8 8 8 8 7 6 6 6 6
1647963894 160 103 39 23 20 18 18 16 16 15 11 9 8 8 8 7 6 6 6 6
1647986496 160 103 39 23 20 18 18 16 16 15 11 9 8 8 8 7 6 6 6 6
1648061292 160 104 39 23 20 18 18 16 16 15 11 9 8 8 8 7 6 6 6 6
