1572453219 457
1572456687 544
1572968574 545
1573052099 918
1573648673 938
1573648847 963
1577134515 996
1577782639 1002
1577788676 1002
1579775630 1013
1582108451 1036
1582116171 1071
1585229441 1100
1585235671 1132
1634121484 1128
1637931407 1138
1642068589 1208
1652946935 1214
1656064323 1212
1656575230 2593
1656579077 2713
1657014516 3035
1657698509 3043
1657701076 3043
1657703106 3043
1658154455 3044
1658231886 3054
1661439412 3258
1662464353 3259
1666689379 3297
1667476349 3297
1670927054 4477
1674569330 4492
1676293985 4511
1677162427 4595
1677776802 4595
