1625591494 2890
1626270290 2926
1626271244 2928
1626434390 2991
1631210244 3033
1632267285 3033
1632335994 3033
1632336296 3033
1632416725 3033
1635333672 3182
1637001027 3182
1637267466 3179
1637285765 3177
1637753882 3460
1637763359 3330
1637769000 3324
1637847951 3330
1638370372 3330
1644339750 3330
1644495933 3330
1644502692 3330
1644506103 3330
1644506114 3330
1644521236 3331
1644529344 3351
1644529652 3351
1644606758 3351
1644609902 3352
1647454179 3357
1647455122 3357
1647456386 3357
1647461503 3357
1647461541 3357
1647520972 3357
1647521027 3357
1647527495 3355
1647896470 3355
1647900387 3354
1648469006 3367
1648551336 3454
1648574433 3516
1648575193 3515
1648577771 3518
1648644227 3543
1648737091 3536
1649074059 3544
1649157410 3543
1655918289 3547
1656506756 3745
1659443660 3755
1673956593 3756
1677776758 3757
