1596570159 331
1596650375 525
1596650845 527
1596650973 527
1596675690 608
1596676243 610
1596676309 610
1596838769 894
1596839191 894
1597159731 962
1597337211 1199
1597343491 1241
1597343665 1241
1597350310 1248
1597350805 1248
1597416572 1308
1597417112 1308
1597417345 1379
1597438607 1499
1597439073 1499
1597440833 1527
1597440923 1527
1597442140 1544
1597442206 1546
1597674130 1591
1597684231 1599
1597685674 1605
1597697877 1796
1597698226 1811
1597698694 1836
1597699412 1836
1597877059 1851
1597877141 1851
1597879099 1978
1597879778 2045
1597880855 2177
1597881043 2177
1598911045 2178
1598911094 2178
1599190094 2201
1599190408 2201
1599195910 2246
1599196518 2246
1599245836 2426
1599254060 2495
1599254838 2495
1599256561 2519
1599256705 2545
1599257896 2579
1599258280 2591
1599258406 2593
1599258516 2593
1599687433 2595
1599687514 2595
1604951514 2622
1604951597 2622
1604952742 2626
1605138470 2649
1617024960 2685
1617037182 2722
1617038708 2725
1617050580 2730
