1320418612 0
1321635683 51641
1321858607 51838
1321869633 51938
1321901662 51941
1321938449 52054
1321938646 52067
1321942321 54235
1321976831 54242
1321990183 54352
1322014881 54416
1322041574 54428
1322064812 54475
1322065935 54433
1322071170 54440
1322121059 54502
1322121622 54503
1322407092 54497
1322472632 54587
1322591943 54670
1322662629 55011
1322672339 55180
1322672610 55180
1322756397 55219
1322885756 55632
1322885827 55645
1322894191 55645
1322906237 55777
1322910879 55838
1323145716 55838
1329666178 55853
1330409252 55853
1330410063 55854
1331012202 55868
1352775536 55883
1352793742 55968
1352799991 55968
1352800014 55968
1352860583 55969
1352861085 55980
1352861584 55980
1352861896 55980
1352863990 55992
1352876826 56023
1352877286 56023
1352948477 56023
1352950350 56023
1352951174 56023
1352963786 56026
1353070925 56029
1353076383 56030
1403683560 58898
1403683664 56030
1403695277 56046
1403711139 56735
1403711824 56746
1403749756 56814
1403750004 56926
1403753921 56962
1403754376 56964
1403754440 56962
1403754508 56962
1403754531 56928
1403755546 56939
1403755600 56939
1403794186 56971
1403797709 56978
1403848545 56980
1403848940 56980
1403875081 56988
1403955851 57124
1403956031 57124
1403959042 57124
1404022713 57126
1404029013 57187
1404030308 57204
1404030655 57204
1404030893 57205
1404030916 57205
1404031038 57223
1404031331 57225
1404031826 57225
1404050315 57306
1404093520 57441
1404094694 57442
1404107891 57466
1404107938 57466
1404108010 57466
1404108150 57466
1404108400 57466
1404123994 57467
1404126783 57479
1404135994 57487
1404178761 57488
1404190600 57488
1404320225 57512
1404323295 57662
1404323412 57663
1404323468 57662
1404323953 57664
1404364456 57675
1404397438 57905
1404398262 57905
1404398702 57923
1404399429 57924
1404402653 57904
1404441417 58568
1404441445 58595
1404455564 58649
1404463149 58770
1404464179 58770
1404464638 58770
1404465933 58781
1404474794 58781
1404476355 58781
1404489453 58923
1404489553 59289
1404657801 59660
1404657832 59660
1404658101 59759
1404658269 59759
1404666109 61886
1404666733 60446
1404731710 60767
1404783670 60806
1404799868 60868
1404800477 60878
1404801505 60878
1404829317 60923
1404868649 60984
1404883267 60986
1404886093 60987
1404918300 61402
1404928491 61402
1404928545 61402
1404929967 61402
1404930311 61402
1405035584 61408
1405094131 61414
1405094216 61414
1405160416 61414
1405160653 61414
1405160672 61414
1405161019 61414
1405161269 61414
1405161746 61414
1405177661 61457
1405179661 61461
1405179770 61509
1405184403 61511
1405184782 61509
1405184790 61579
1405185025 61583
1405185458 61669
1405193289 61678
1405194678 61739
1405224277 61743
1405245986 62209
1405246079 62228
1405259048 62233
1405385985 62402
1405386010 62428
1405387245 62552
1405444170 62681
1405444911 62681
1405446971 62680
1405473186 62689
1405657750 63400
1405761667 63543
1406124997 63543
1406279558 36261
1406279966 36265
1406447376 91790
1406452385 91738
1406524891 91738
1406544300 91924
1406544306 91965
1406610095 91988
1406623153 92046
1406737521 92048
1406823947 92048
1406856711 92048
1407501775 92453
1407504883 92471
1407506822 92471
1407587748 92472
1407677532 92591
1407682454 92616
1407682849 92616
1407683670 92616
1407744701 92616
1407765370 92905
1407767205 93687
1407768013 66686
1407772221 66686
1407773453 66756
1407910589 66756
1407911601 66757
1408280149 66756
1408378069 66805
1408497549 66942
1408519159 67050
1408596797 67043
1408611703 67068
1409148246 36265
1409227383 36265
1409235419 36265
1409236892 36294
1409238072 36298
1409441505 36405
1409544571 36410
1409665930 36465
1409667094 36465
1409708235 36492
1409708255 36648
1409881824 36669
1409908134 36675
1410074409 36675
1410242757 36676
1410261510 36682
1410425556 36682
1410864086 36685
1411003776 36685
1411555292 36685
1411702345 36686
1414039451 36688
1414039555 36710
1414039581 36710
1414039593 36720
1414114919 36723
1414117263 36721
1414117296 36723
1414152484 36716
1414157029 36724
1414392748 37010
1414392809 37010
1414419417 37015
1414565975 20484
1414677749 20496
1414719176 20609
1414719212 20609
1414719267 20608
1414756047 20688
1415331469 20816
1416189229 20816
1416236567 20818
1416641989 20820
1416703128 20846
1416740586 20852
1416881448 20853
1417145052 20870
1417345900 20885
1417347870 22146
1417350437 22147
1417350577 22146
1417354932 22208
1418046809 22214
1418052507 22219
1420690004 22223
1421026136 22221
1421243579 22244
1421247784 22264
1422175381 22264
1422927871 22287
1423393706 22304
1423393917 22304
1423627459 22399
1423627578 22400
1423650896 22401
1423706992 22399
1423981196 22399
1424239820 22436
1424239870 22436
1424420989 22436
1424698154 22437
1424698165 22444
1424698239 22444
1424831310 22447
1424872138 27594
1426254976 22497
1426254993 22524
1427167088 22530
1427177349 22535
1427248115 22535
1427251401 22536
1427767766 22539
1427851850 22537
1427939065 22540
1427961697 27564
1428026456 27569
1428028064 27569
1428028082 27581
1428030375 27581
1428032035 27596
1428032132 27596
1428037103 27596
1428043721 27600
1428044461 27600
1428387094 27600
1428391085 27600
1428392108 27601
1428395867 27613
1428398156 27631
1428399119 27525
1428400132 27526
1428474526 27528
1428474668 27528
1428475827 27528
1428672304 27534
1428674038 27541
1428685526 27542
1428685607 27546
1428724365 27548
1428726345 27550
1428856344 27556
1428857092 27557
1428920475 27538
1428920650 27538
1428982174 27441
1429081040 27455
1429113539 28221
1429114301 28223
1429114594 28236
1429115368 28236
1429360240 28236
1429363885 28271
1451525018 32575
1451547028 32777
1451549227 32777
1451549872 32777
1451556617 32778
1453300215 40324
1453436285 32874
1453436297 32874
1453447988 32898
1453448347 32897
1453448631 32870
1453449946 32878
1453450386 32870
1453458384 32982
1453458788 32985
1453460580 32985
1453464838 32983
1453537040 33125
1454390758 38939
1454408436 39314
1454408846 39323
1454409387 39323
1454415667 39323
1454424573 39337
1454424815 39337
1454425167 39337
1454430145 39358
1454463154 39378
1454470407 39381
1454475062 39417
1454476255 39417
1454477365 39426
1454478519 39426
1454748915 39487
1454952080 40036
1454952519 40239
1454993269 40280
1455010424 40292
1455010786 40292
1455075383 40324
1455120378 40389
1455260517 40450
1455266869 40532
1455271991 40533
1455354206 40541
1455404246 40560
1455447579 40674
1455512705 40824
1455512783 40888
1455848682 40888
1455892128 41467
1455899738 41532
1455975752 41773
1456022416 41812
1456046188 41837
1456191393 41837
1456332434 41948
1456498011 41948
1456593764 42147
1456636889 42155
1456798596 42155
1456851677 42155
1456853973 42156
1456854305 42164
1456912696 42174
1456968893 42308
1457055841 42330
1457055971 42330
1457063490 42330
1457063538 42330
1457144561 42334
1457145240 42337
1457191400 42335
1457402611 42341
1457418574 42342
1457418910 42342
1457487096 42385
1457889958 42385
1458524039 42579
1459003627 42579
1459390706 42651
1459961098 42709
1459961199 42709
1459961246 42710
1460682410 42710
1460686167 42768
1460686696 42771
1460688194 42776
1460690280 42814
1460863471 43057
1460881626 43063
1461051918 43071
1461054140 43071
1461254370 43080
1461398458 43080
1461417963 43391
1461597287 43395
1461729224 43395
1461923109 43395
1462857603 43395
1462923943 43405
1462937837 43405
1462948479 43407
1463968504 43543
1465525597 43543
1465529460 43575
1465780862 43498
1465781687 43499
1465782842 43500
1465954512 43578
1465954916 43578
1465955190 43579
1466991342 43580
1466992694 43552
1467079102 43552
1467164914 43552
1467366241 43559
1467464447 43559
1468224338 43559
1469069997 43560
1469072253 43560
1469241115 43568
1469609191 43574
1469774948 43558
1469777252 43558
1470014491 43549
1470106020 43549
1472111945 43654
1472437804 43654
1472695475 43654
1472809760 43654
1472918020 43672
1474004196 43749
1474335333 43829
1474427344 43829
1474465789 43830
1474542275 43856
1474810239 43856
1475307981 43856
1475630378 43856
1475630461 43856
1475631716 43856
1475634105 43856
1475659936 43856
1475731936 43856
1476453834 43859
1476685750 43873
1476689701 43884
1476772719 43870
1476943292 43884
1477042553 43884
1477445318 43881
1477484829 43895
1477914587 43905
1478326065 43905
1479692222 43905
1479693059 43905
1480335534 43905
1482458371 43908
1482458430 43911
1483166991 44271
1483167067 44271
1485221332 44271
1485239717 44273
1485240890 44273
1485241718 44273
1486343705 44273
1487900831 44286
1488119560 44286
1488119764 44541
1488119903 44543
1488246516 44543
1488268942 44549
1488268972 44625
1488351072 44648
1488534367 44648
1488765043 44709
1488965505 44714
1489023135 45057
1489390866 45054
1489631726 45053
1489631785 45061
1489631827 45093
1489632408 45093
1489979936 45093
1489980004 45093
1490411448 45097
1490610377 45140
1491548747 45140
1492336125 45149
1492411448 45149
1492829882 45149
1493022134 45498
1493530672 45498
1493889818 45501
1494468269 45508
1494492086 45515
1494556326 45515
1494556361 45515
1494581433 45515
1495158435 45517
1495751112 45517
1495954155 45517
1496991971 45526
1498035714 45526
1498620966 45528
1498621015 45528
1499652422 45528
1499652470 45547
1499652501 45598
1499652531 45599
1499739895 45598
1499739947 45603
1499936276 45612
1501209160 45702
1502095612 45713
1504492375 45713
1504493404 45713
1504668825 45715
1504674232 45701
1504750039 45701
1505293403 45701
1505361331 45701
1506649445 45701
1506649980 45701
1507519050 45701
1507520028 45701
1507524265 45703
1508207887 45707
1508466443 45718
1508466817 45718
1508469404 45718
1508492833 45719
1508492861 45719
1508493048 45957
1509006327 45957
1509095575 45957
1509805941 45957
1512443289 45960
1513133540 45966
1513911920 45967
1514649571 45967
1514970900 45967
1515552379 46681
1515818221 46687
1515820554 46686
1515849230 46686
1515849476 46709
1516070119 46715
1516934010 46721
1516935551 46731
1516937187 48100
1518401787 48100
1518412499 48106
1518428326 48106
1518495605 48148
1518495634 48148
1518496045 48148
1518505700 48148
1519262580 48148
1519262642 48158
1520157585 48163
1520566392 48199
1520908998 48204
1521079858 48210
1521216102 48216
1521528393 48216
1522118229 48246
1524022500 48259
1524622399 48259
1524622435 48245
1525399919 48245
1526794933 48255
1527924005 48293
1528945455 48297
1529248845 48632
1529337293 48634
1529383434 48635
1530585272 48635
1530620904 48638
1531409479 48637
1531714966 48634
1533095744 48634
1533095785 48627
1533466906 48656
1536549694 48670
1536549748 48670
1536549806 48670
1536569979 48683
1536631989 48691
1537333094 48691
1537333136 48692
1539015635 48703
1542860561 48702
1542861002 48702
1543801910 48707
1543802019 48709
1544110905 48713
1544111028 48801
1544111050 48845
1545096665 48906
1545207909 49008
1549452611 49008
1549452643 49008
1549452663 49008
1549453974 49075
1549454349 49068
1549456520 49068
1549597165 49071
1549865675 49077
1549869479 49077
1551835993 49078
1552271727 49080
1554360621 49080
1554774134 49080
1554787319 49081
1555291518 49081
1558056450 49082
1561689433 49082
1566544070 49082
1568281200 49085
1569392857 49092
1569463666 49122
1569463693 49123
1570499858 49123
1570500733 49135
1571104167 49135
1571663999 49135
1572576780 49201
1573466634 49206
1574654099 49253
1575337780 49252
1575337865 49256
1579226144 49259
1581558795 49290
1582271170 49290
1582601668 49333
1583377561 49333
1583388791 49333
1583910685 49332
1584682788 49340
1585534835 49339
1585534897 49339
1585534972 49339
1585535051 49386
1585535396 49392
1586511249 49396
1589819135 49396
1592894050 49412
1594609839 49423
1596766341 49458
1602554046 49458
1608687680 49460
1609122755 49466
1609911801 49500
1612358367 50352
1613923316 50384
1614046871 50386
1614047014 50386
1614654931 50386
1616575872 50425
1616656952 50912
1617085889 50970
1617259255 51041
1617788366 51105
1617789171 51122
1617847588 51467
1618884173 51524
1620266092 51524
1620378048 51524
1623682149 51537
1623916717 53978
1623951198 53961
1625799460 53364
1625834170 53973
1627670037 53973
1628265180 53968
1628605006 53369
1628828741 53519
1632455224 53519
1632477903 53534
1634279681 53534
1635649677 53542
1637766705 53544
1644374845 53544
1644374902 53544
1646730587 53544
1646799345 53557
1647285926 53581
1647290595 53579
1649219230 53557
1649219293 53558
1650247530 53581
1651878216 53563
1652458199 53573
1652461676 53573
1652606126 53558
1652606421 53558
1653080501 53581
1658305158 53579
1661182774 53580
1661183205 53580
1663081066 54807
1665126973 53969
1667531861 54772
1669386105 53968
1669807450 53972
1669816615 53973
1669892323 54774
1669988533 54790
1670000007 54761
1671185172 54772
1672786026 54772
1673452824 54790
1678060216 54790
1680862279 54790
1681192033 54790
1683078852 54790
1683667882 54796
