1649949766 977
1649961486 1913
1649969939 1936
1649971554 1936
1650376655 1926
1650376717 1933
1650376802 1935
1650376827 1935
1650377863 2095
1650429935 2200
1650480046 2202
1651014109 2433
1651270602 2460
1652368689 2468
1652452234 2470
1652979076 2471
1654028988 2471
1654103891 2471
1654184388 2465
1654278842 2469
1654299007 2469
1654905128 2469
1655307890 2440
1655440791 2440
1655440825 2403
1655441265 2291
1655782226 2290
1655783560 2290
1655837694 2295
1655839942 2295
1655839967 2295
1655913504 2335
1656339658 2335
1656385530 2335
1657311813 2369
1658535080 2548
1659043241 2548
1659044379 2548
1659071735 2548
1659147036 2548
1659153692 2548
1659374252 2548
1659449865 2556
1659449931 2557
1659480931 2591
1659709628 2599
1659711449 2599
1659711508 2599
1659711531 2599
1659711618 2599
1659734098 2599
1659734118 2599
1659916509 2599
1660063000 2635
1661276817 2635
1661575980 2639
1662059335 2639
1662067780 2639
1662874260 2639
1663096228 2639
1663133862 2641
1663624290 2641
1664216621 2631
1664224746 2631
1664224771 2631
1664838664 2631
1664929379 2631
1665158706 2631
1665180731 2631
1666904024 2629
1666993197 2633
1666993506 2629
1667418339 2614
1667426456 2615
1667435132 2615
1667455376 2615
1667457481 2645
1667492878 2645
1667594510 2645
1667851607 2653
1667893659 2653
1668669231 2791
1668804545 2791
1668811902 2791
1668965600 2791
1669255258 2791
1670110122 2784
1670111834 2789
1671315252 2819
1672817626 2819
1672818755 2819
1673460225 2832
1673848252 2832
1674036286 2832
1674510809 2979
1675317688 2979
1675600982 2980
1675714414 3000
1675783763 3052
1675884725 3031
1675900377 3022
1675900750 3031
1675904173 3052
1675913377 3052
1675989145 3067
1676062150 3075
1676087970 3075
1676089093 3077
1676089131 3054
1676741687 3064
1677142897 3064
1677529532 3072
1677529542 3073
1677957393 3073
1678227047 3073
1678493609 3072
1678494687 3081
1678561773 3109
1678568440 3089
1678571098 3112
1679629326 3086
1679632931 3086
1679951323 3134
1681957429 3275
1683010889 3275
1683054370 3283
1686353855 3454
1686356343 3497
1686649018 3406
1686700326 3506
1686780501 3507
1688438852 3507
