1537824780 1
1537825528 519
1537893832 508
1541195837 507
1553280506 670
1553713173 219
1580485910 228
1598981078 228
1599607209 227
1629480009 236
1629482226 236
1632421818 237
1633107987 237
1633657763 237
1633662240 237
1633803208 237
1637088547 246
1637542756 250
1637543134 272
1637543288 273
1637602170 273
1637608219 273
1639157986 273
1651251983 273
1651252323 273
1651670066 282
1651677464 282
1661400352 284
1664814863 291
1664815273 296
1664815500 296
1664865935 331
1664931382 331
1670671502 331
1670671817 337
1670671904 337
1670672014 337
1670672147 337
1670673000 336
1671473006 336
1671474931 336
1672363793 336
1673314816 336
1679342501 336
1679946422 336
1680074100 336
1680726227 336
1680741906 451
1680741952 633
1680833566 576
1680925741 621
1681414790 653
1681431835 653
1681766889 653
1681768053 653
1683076416 653
1683827156 653
1684387443 653
1685684524 653
