1635462348 0 1 0 0 0 0 0 0 0 0 0 0 0 0 0 0 0 0 0 0
1635470001 0 2 0 0 0 0 0 0 0 0 0 0 0 0 0 0 0 0 0 0
1635473874 0 3 0 0 0 0 0 0 0 0 0 0 0 0 0 0 0 0 0 0
1635515945 0 4 0 0 0 0 0 0 0 0 0 0 0 0 0 0 0 0 0 0
1635518238 0 5 0 0 0 0 0 0 0 0 0 0 0 0 0 0 0 0 0 0
1635608942 0 6 0 0 0 0 0 0 0 0 0 0 0 0 0 0 0 0 0 0
1635777408 0 7 0 0 0 0 0 0 0 0 0 0 0 0 0 0 0 0 0 0
1635777472 0 8 0 0 0 0 0 0 0 0 0 0 0 0 0 0 0 0 0 0
1635877206 0 9 0 0 0 0 0 0 0 0 0 0 0 0 0 0 0 0 0 0
1635877318 0 10 0 0 0 0 0 0 0 0 0 0 0 0 0 0 0 0 0 0
1635877419 0 12 0 0 0 0 0 0 0 0 0 0 0 0 0 0 0 0 0 0
1635879194 0 14 0 0 0 0 0 0 0 0 0 0 0 0 0 0 0 0 0 0
1636148042 0 14 0 0 0 0 0 1 0 0 0 0 0 0 0 0 0 0 0 0
1636205055 0 15 0 0 0 0 0 1 0 0 0 0 0 0 0 0 0 0 0 0
1636210427 0 16 0 0 0 0 0 1 0 0 0 0 0 0 0 0 0 0 0 0
1636218124 0 17 0 0 0 0 0 1 0 0 0 0 0 0 0 0 0 0 0 0
1636415704 0 18 0 0 0 0 0 1 0 0 0 0 0 0 0 0 0 0 0 0
1636732201 0 19 0 0 0 0 0 1 0 0 0 0 0 0 0 0 0 0 0 0
1636732227 0 20 0 0 0 0 0 1 0 0 0 0 0 0 0 0 0 0 0 0
1638631930 0 21 0 0 0 0 0 1 0 0 0 0 0 0 0 0 0 0 0 0
1639253027 0 22 0 0 0 0 0 1 0 0 0 0 0 0 0 0 0 0 0 0
1639928887 0 23 0 0 0 0 0 1 0 0 0 0 0 0 0 0 0 0 0 0
1640122994 0 24 0 0 0 0 0 1 0 0 0 0 0 0 0 0 0 0 0 0
1642472104 0 24 1 0 0 0 0 1 0 0 0 0 0 0 0 0 0 0 0 0
1644519458 0 25 1 0 0 0 0 1 0 0 0 0 0 0 0 0 0 0 0 0
1645995944 0 25 1 0 0 0 0 2 0 0 0 0 0 0 0 0 0 0 0 0
1646436290 0 26 1 0 0 0 0 2 0 0 0 0 0 0 0 0 0 0 0 0
1648240726 0 27 1 0 0 0 0 2 0 0 0 0 0 0 0 0 0 0 0 0
1648332570 0 28 1 0 0 0 0 2 0 0 0 0 0 0 0 0 0 0 0 0
1648437832 0 29 1 0 0 0 0 2 0 0 0 0 0 0 0 0 0 0 0 0
1649033919 0 30 1 0 0 0 0 2 0 0 0 0 0 0 0 0 0 0 0 0
1649208646 0 30 2 0 0 0 0 2 0 0 0 0 0 0 0 0 0 0 0 0
1649283311 0 31 2 0 0 0 0 2 0 0 0 0 0 0 0 0 0 0 0 0
1649865810 1 31 2 0 0 0 0 2 0 0 0 0 0 0 0 0 0 0 0 0
1649865919 2 31 2 0 0 0 0 2 0 0 0 0 0 0 0 0 0 0 0 0
1649866265 3 31 2 0 0 0 0 2 0 0 0 0 0 0 0 0 0 0 0 0
1649996816 3 32 2 0 0 0 0 2 0 0 0 0 0 0 0 0 0 0 0 0
1650476198 4 32 2 0 0 0 0 2 0 0 0 0 0 0 0 0 0 0 0 0
1650479976 4 33 2 0 0 0 0 2 0 0 0 0 0 0 0 0 0 0 0 0
1650669522 4 35 2 0 0 0 0 2 0 0 0 0 0 0 0 0 0 0 0 0
1650917985 4 36 2 0 0 0 0 2 0 0 0 0 0 0 0 0 0 0 0 0
1650919003 4 37 2 0 0 0 0 2 0 0 0 0 0 0 0 0 0 0 0 0
1650923432 4 38 2 0 0 0 0 2 0 0 0 0 0 0 0 0 0 0 0 0
1650940854 4 39 2 0 0 0 0 2 0 0 0 0 0 0 0 0 0 0 0 0
1650947459 4 40 2 0 0 0 0 2 0 0 0 0 0 0 0 0 0 0 0 0
1650954529 4 41 2 0 0 0 0 2 0 0 0 0 0 0 0 0 0 0 0 0
1650981522 4 42 2 0 0 0 0 2 0 0 0 0 0 0 0 0 0 0 0 0
1650981647 5 42 2 0 0 0 0 2 0 0 0 0 0 0 0 0 0 0 0 0
1650995183 6 42 2 0 0 0 0 2 0 0 0 0 0 0 0 0 0 0 0 0
1651005367 6 43 2 0 0 0 0 2 0 0 0 0 0 0 0 0 0 0 0 0
1651005863 6 44 2 0 0 0 0 2 0 0 0 0 0 0 0 0 0 0 0 0
1651036302 7 44 2 0 0 0 0 2 0 0 0 0 0 0 0 0 0 0 0 0
1651047597 8 44 2 0 0 0 0 2 0 0 0 0 0 0 0 0 0 0 0 0
1651047740 9 44 2 0 0 0 0 2 0 0 0 0 0 0 0 0 0 0 0 0
1651047795 10 44 2 0 0 0 0 2 0 0 0 0 0 0 0 0 0 0 0 0
1651047864 11 44 2 0 0 0 0 2 0 0 0 0 0 0 0 0 0 0 0 0
1651047963 12 44 2 0 0 0 0 2 0 0 0 0 0 0 0 0 0 0 0 0
1651048037 13 44 2 0 0 0 0 2 0 0 0 0 0 0 0 0 0 0 0 0
1651059175 14 44 2 0 0 0 0 2 0 0 0 0 0 0 0 0 0 0 0 0
1651059469 15 44 2 0 0 0 0 2 0 0 0 0 0 0 0 0 0 0 0 0
1651090602 16 44 2 0 0 0 0 2 0 0 0 0 0 0 0 0 0 0 0 0
1651102049 17 44 2 0 0 0 0 2 0 0 0 0 0 0 0 0 0 0 0 0
1651193937 18 44 2 0 0 0 0 2 0 0 0 0 0 0 0 0 0 0 0 0
1651198076 18 44 3 0 0 0 0 2 0 0 0 0 0 0 0 0 0 0 0 0
1651202660 19 44 3 0 0 0 0 2 0 0 0 0 0 0 0 0 0 0 0 0
1651202914 19 44 3 0 0 1 0 2 0 0 0 0 0 0 0 0 0 0 0 0
1651217820 20 44 3 0 0 1 0 2 0 0 0 0 0 0 0 0 0 0 0 0
1651218549 21 44 3 0 0 1 0 2 0 0 0 0 0 0 0 0 0 0 0 0
1651244292 22 44 3 0 0 1 0 2 0 0 0 0 0 0 0 0 0 0 0 0
1651246835 23 44 3 0 0 1 0 2 0 0 0 0 0 0 0 0 0 0 0 0
1651547533 24 44 3 0 0 1 0 2 0 0 0 0 0 0 0 0 0 0 0 0
1651605990 24 44 3 0 0 2 0 2 0 0 0 0 0 0 0 0 0 0 0 0
1651609483 25 44 3 0 0 2 0 2 0 0 0 0 0 0 0 0 0 0 0 0
1651636876 26 44 3 0 0 2 0 2 0 0 0 0 0 0 0 0 0 0 0 0
1651640252 27 44 3 0 0 2 0 2 0 0 0 0 0 0 0 0 0 0 0 0
1651643711 28 44 3 0 0 2 0 2 0 0 0 0 0 0 0 0 0 0 0 0
1651706938 29 44 3 0 0 2 0 2 0 0 0 0 0 0 0 0 0 0 0 0
1651801437 30 44 3 0 0 2 0 2 0 0 0 0 0 0 0 0 0 0 0 0
1651801781 31 44 3 0 0 2 0 2 0 0 0 0 0 0 0 0 0 0 0 0
1651965475 31 44 3 0 0 2 0 2 0 0 0 0 0 0 0 0 0 0 1 0
1652027259 32 44 3 0 0 2 0 2 0 0 0 0 0 0 0 0 0 0 1 0
1652027493 32 45 3 0 0 2 0 2 0 0 0 0 0 0 0 0 0 0 1 0
1652112650 33 45 3 0 0 2 0 2 0 0 0 0 0 0 0 0 0 0 1 0
1652249552 34 45 3 0 0 2 0 2 0 0 0 0 0 0 0 0 0 0 1 0
1652251251 35 45 3 0 0 2 0 2 0 0 0 0 0 0 0 0 0 0 1 0
1652291036 35 46 3 0 0 2 0 2 0 0 0 0 0 0 0 0 0 0 1 0
1652293316 36 46 3 0 0 2 0 2 0 0 0 0 0 0 0 0 0 0 1 0
1652305968 37 46 3 0 0 2 0 2 0 0 0 0 0 0 0 0 0 0 1 0
1652315198 37 46 4 0 0 2 0 2 0 0 0 0 0 0 0 0 0 0 1 0
1652495533 37 47 4 0 0 2 0 2 0 0 0 0 0 0 0 0 0 0 1 0
1652642903 37 47 5 0 0 2 0 2 0 0 0 0 0 0 0 0 0 0 1 0
1652643048 37 47 6 0 0 2 0 2 0 0 0 0 0 0 0 0 0 0 1 0
1652716085 37 47 7 0 0 2 0 2 0 0 0 0 0 0 0 0 0 0 1 0
1652805147 37 48 7 0 0 2 0 2 0 0 0 0 0 0 0 0 0 0 1 0
1652892220 37 49 7 0 0 2 0 2 0 0 0 0 0 0 0 0 0 0 1 0
1653025629 37 50 7 0 0 2 0 2 0 0 0 0 0 0 0 0 0 0 1 0
1653056173 38 50 7 0 0 2 0 2 0 0 0 0 0 0 0 0 0 0 1 0
1653312523 38 51 7 0 0 2 0 2 0 0 0 0 0 0 0 0 0 0 1 0
1653317515 38 51 7 0 0 2 1 2 0 0 0 0 0 0 0 0 0 0 1 0
1653317526 38 51 7 0 0 2 2 2 0 0 0 0 0 0 0 0 0 0 1 0
1653319940 38 52 7 0 0 2 2 2 0 0 0 0 0 0 0 0 0 0 1 0
1653320032 38 53 7 0 0 2 2 2 0 0 0 0 0 0 0 0 0 0 1 0
1653400959 38 54 7 0 0 2 2 2 0 0 0 0 0 0 0 0 0 0 1 0
1653506570 38 55 7 0 0 2 2 2 0 0 0 0 0 0 0 0 0 0 1 0
1653506792 38 56 7 0 0 2 2 2 0 0 0 0 0 0 0 0 0 0 1 0
1653511117 38 57 7 0 0 2 2 2 0 0 0 0 0 0 0 0 0 0 1 0
1653512157 38 58 7 0 0 2 2 2 0 0 0 0 0 0 0 0 0 0 1 0
1653512570 38 59 7 0 0 2 2 2 0 0 0 0 0 0 0 0 0 0 1 0
1653514268 38 60 7 0 0 2 2 2 0 0 0 0 0 0 0 0 0 0 1 0
1653515349 38 61 7 0 0 2 2 2 0 0 0 0 0 0 0 0 0 0 1 0
1653531839 39 61 7 0 0 2 2 2 0 0 0 0 0 0 0 0 0 0 1 0
1653538208 40 61 7 0 0 2 2 2 0 0 0 0 0 0 0 0 0 0 1 0
1653576692 41 61 7 0 0 2 2 2 0 0 0 0 0 0 0 0 0 0 1 0
1653578017 42 61 7 0 0 2 2 2 0 0 0 0 0 0 0 0 0 0 1 0
1653580832 43 61 7 0 0 2 2 2 0 0 0 0 0 0 0 0 0 0 1 0
1653609539 44 61 7 0 0 2 2 2 0 0 0 0 0 0 0 0 0 0 1 0
1653611011 45 61 7 0 0 2 2 2 0 0 0 0 0 0 0 0 0 0 1 0
1653611463 46 61 7 0 0 2 2 2 0 0 0 0 0 0 0 0 0 0 1 0
1653625283 47 61 7 0 0 2 2 2 0 0 0 0 0 0 0 0 0 0 1 0
1653938043 47 62 7 0 0 2 2 2 0 0 0 0 0 0 0 0 0 0 1 0
1653938370 47 63 7 0 0 2 2 2 0 0 0 0 0 0 0 0 0 0 1 0
1653941555 48 63 7 0 0 2 2 2 0 0 0 0 0 0 0 0 0 0 1 0
1653943702 48 64 7 0 0 2 2 2 0 0 0 0 0 0 0 0 0 0 1 0
1653943831 48 66 7 0 0 2 2 2 0 2 0 0 0 0 0 0 0 0 1 0
1653948514 49 66 7 0 0 2 2 2 0 2 0 0 0 0 0 0 0 0 1 0
1653964616 49 67 7 0 0 2 2 2 0 2 0 0 0 0 0 0 0 0 1 0
1654019400 50 67 7 0 0 2 2 2 0 2 0 0 0 0 0 0 0 0 1 0
1654033917 51 67 7 0 0 2 2 2 0 2 0 0 0 0 0 0 0 0 1 0
1654036588 52 67 7 0 0 2 2 2 0 2 0 0 0 0 0 0 0 0 1 0
1654099706 52 68 7 0 0 2 2 2 0 2 0 0 0 0 0 0 0 0 1 0
1654100224 52 69 7 0 0 2 2 2 0 2 0 0 0 0 0 0 0 0 1 0
1654102542 53 69 7 0 0 2 2 2 0 2 0 0 0 0 0 0 0 0 1 0
1654102626 54 70 7 0 0 2 2 2 0 2 0 0 0 0 0 0 0 0 1 0
1654107510 54 71 7 0 0 2 2 2 0 2 0 0 0 0 0 0 0 0 1 0
1654107892 54 72 7 0 0 2 2 2 0 2 0 0 0 0 0 0 0 0 1 0
1654108507 54 73 7 0 0 2 2 2 0 2 0 0 0 0 0 0 0 0 1 0
1654116790 55 73 7 0 0 2 2 2 0 2 0 0 0 0 0 0 0 0 1 0
1654121228 55 74 7 0 0 2 2 2 0 2 0 0 0 0 0 0 0 0 1 0
1654121657 55 75 7 0 0 2 2 2 0 2 0 0 0 0 0 0 0 0 1 0
1654140307 56 75 7 0 0 2 2 2 0 2 0 0 0 0 0 0 0 0 1 0
1654204833 56 75 7 0 0 2 3 2 0 2 0 0 0 0 0 0 0 0 1 0
1654242792 64 75 7 0 0 2 3 2 0 2 0 0 0 0 0 0 0 0 1 0
1654245527 65 75 7 0 0 2 3 2 0 2 0 0 0 0 0 0 0 0 1 0
1654249447 66 75 7 0 0 2 3 2 0 2 0 0 0 0 0 0 0 0 1 0
1654284249 66 75 7 0 0 2 4 2 0 2 0 0 0 0 0 0 0 0 1 0
1654290726 66 76 7 0 0 2 4 2 0 2 0 0 0 0 0 0 0 0 1 0
1654290762 66 77 7 0 0 2 4 2 0 2 0 0 0 0 0 0 0 0 1 0
1654290787 66 78 7 0 0 2 4 2 0 2 0 0 0 0 0 0 0 0 1 0
1654293098 69 79 7 0 0 2 4 2 0 2 0 0 0 0 0 0 0 0 1 0
1654294901 70 79 7 0 0 2 4 2 0 2 0 0 0 0 0 0 0 0 1 0
1654295289 71 79 7 0 0 2 4 2 0 2 0 0 0 0 0 0 0 0 1 0
1654296212 72 79 7 0 0 2 4 2 0 2 0 0 0 0 0 0 0 0 1 0
1654298183 72 79 8 0 0 2 4 2 0 2 0 0 0 0 0 0 0 0 1 0
1654556072 72 79 8 0 0 2 5 2 0 2 0 0 0 0 0 0 0 0 1 0
1654580713 72 80 8 0 0 2 5 2 0 2 0 0 0 0 0 0 0 0 1 0
1654612318 72 81 8 0 0 2 5 2 0 2 0 0 0 0 0 0 0 0 1 0
1654752846 73 81 8 0 0 2 5 2 0 2 0 0 0 0 0 0 0 0 1 0
1654820025 73 81 9 0 0 2 5 2 0 2 0 0 0 0 0 0 0 0 1 0
1654820853 73 81 10 0 0 2 5 2 0 2 0 0 0 0 0 0 0 0 1 0
1654824784 73 82 10 0 0 2 5 2 0 2 0 0 0 0 0 0 0 0 1 0
1654890326 73 82 13 0 0 2 5 2 0 2 0 0 0 0 0 0 0 0 1 0
1654890892 73 82 13 1 0 2 5 2 0 2 0 0 0 0 0 0 0 0 1 0
1654893542 76 83 13 1 0 2 5 2 0 2 0 0 0 0 0 0 0 0 1 0
1654903222 77 83 13 1 0 2 5 2 0 2 0 0 0 0 0 0 0 0 1 0
1654992460 77 83 13 2 0 2 5 2 1 2 0 0 0 0 0 0 0 0 1 0
1654992954 77 84 13 2 0 2 5 2 1 2 0 0 0 0 0 0 0 0 1 0
1655148517 77 84 13 2 0 2 6 2 1 2 0 0 0 0 0 0 0 0 1 0
1655150525 78 84 13 2 0 2 6 2 1 2 0 0 0 0 0 0 0 0 1 0
1655151886 78 85 13 2 0 2 6 2 3 2 0 0 0 0 0 0 0 0 1 0
1655175378 78 85 14 2 0 2 6 2 3 2 0 0 0 0 0 0 0 0 1 0
1655181137 79 85 15 2 0 2 6 2 3 2 0 0 0 0 0 0 0 0 1 0
1655184291 80 85 15 2 0 2 6 2 3 2 0 0 0 0 0 0 0 0 1 0
1655215247 80 86 15 2 0 2 6 2 3 2 0 0 0 0 0 0 0 0 1 0
1655215949 80 87 15 2 0 2 6 2 3 2 0 0 0 0 0 0 0 0 1 0
1655227259 81 87 15 2 0 2 6 2 3 2 0 0 0 0 0 0 0 0 1 0
1655236895 81 87 15 3 0 2 6 2 3 2 0 0 0 0 0 0 0 0 1 0
1655238026 82 87 15 3 0 2 6 2 3 2 0 0 0 0 0 0 0 0 1 0
1655248093 83 87 15 3 0 2 6 2 3 2 0 0 0 0 0 0 0 0 1 0
1655253354 85 87 15 3 0 2 6 2 3 2 0 0 0 0 0 0 0 0 1 0
1655253851 86 87 15 3 0 2 6 2 3 2 0 0 0 0 0 0 0 0 1 0
1655253894 87 87 15 3 0 2 6 2 3 2 0 0 0 0 0 0 0 0 1 0
1655254801 88 87 15 3 0 2 6 2 3 2 0 0 0 0 0 0 0 0 1 0
1655256912 89 87 15 3 0 2 6 2 3 2 0 0 0 0 0 0 0 0 1 0
1655316467 89 88 15 3 0 2 6 2 3 2 0 0 0 0 0 0 0 0 1 0
1655321177 90 88 15 3 0 2 6 2 3 2 0 0 0 0 0 0 0 0 1 0
1655321249 90 88 16 3 0 2 6 2 3 2 0 0 0 0 0 0 0 0 1 0
1655336486 90 89 16 3 0 2 6 2 3 2 0 0 0 0 0 0 0 0 1 0
1655395976 90 90 17 3 0 2 6 2 3 2 0 0 0 0 0 0 0 0 1 0
1655401585 90 91 17 3 0 2 6 2 3 2 0 0 0 0 0 0 0 0 1 0
1655413213 90 91 18 3 0 2 6 2 3 2 0 0 0 0 0 0 0 0 1 0
1655426006 91 91 18 3 0 2 6 2 3 2 0 0 0 0 0 0 0 0 1 0
1655462616 91 91 18 3 0 2 6 2 4 2 0 0 0 0 0 2 1 0 1 0
1655485961 91 92 18 3 0 2 6 2 4 2 0 0 0 0 0 2 1 0 1 0
1655485981 91 93 18 3 0 2 6 2 4 2 0 0 0 0 0 2 1 0 1 0
1655503016 91 94 18 3 0 2 6 2 4 2 0 0 0 0 0 2 1 0 1 0
1655503309 92 94 18 3 0 2 6 2 4 2 0 0 0 0 0 2 1 0 1 0
1655737899 92 95 18 3 0 2 6 2 4 2 0 0 0 0 0 2 1 0 1 0
1655747315 92 96 18 3 0 2 6 2 4 2 0 0 0 0 0 2 1 0 1 0
1655751028 93 97 18 3 0 2 6 2 4 2 0 0 0 0 0 2 1 0 1 0
1655767092 94 97 18 3 0 2 6 2 4 2 0 0 0 0 0 2 1 0 1 0
1655767493 94 98 18 3 0 2 6 2 4 2 0 0 0 0 0 2 1 0 1 0
1655783642 95 98 18 3 0 2 6 2 4 2 0 0 0 0 0 2 1 0 1 0
1655939318 95 99 18 3 0 2 6 2 4 2 0 0 0 0 0 2 1 0 1 0
1655944779 96 99 18 3 0 2 6 2 4 2 0 0 0 0 0 2 1 0 1 0
1656014851 96 99 18 4 0 2 7 2 4 2 0 0 0 0 0 2 1 0 1 0
1656029485 96 100 18 4 0 2 7 2 4 2 0 0 0 0 0 2 1 0 1 0
1656035448 96 101 19 4 0 2 7 2 4 2 0 0 0 0 0 2 1 0 1 0
1656355277 96 102 19 4 0 2 7 2 4 2 0 0 0 0 0 2 1 0 1 0
1656357893 96 104 19 5 1 2 7 2 4 2 0 0 0 0 0 2 1 0 1 0
1656376813 96 104 19 5 1 2 8 2 4 2 0 0 0 0 0 2 1 0 1 0
1656376840 97 104 19 5 1 2 8 2 4 2 0 0 0 0 0 2 1 0 1 0
1656377551 97 105 19 5 1 2 8 2 4 2 0 0 0 0 0 2 1 1 1 0
1656379519 98 105 19 5 1 2 8 2 4 2 0 0 0 0 0 2 1 1 1 0
1656379720 98 105 19 5 1 3 8 2 4 2 0 0 0 0 0 2 1 1 1 0
1656384480 99 105 19 5 1 3 8 2 4 2 0 0 0 0 0 2 1 1 1 0
1656390261 100 105 19 5 1 3 8 2 4 2 0 0 0 0 0 2 1 1 1 0
1656431745 100 106 19 5 1 3 8 2 4 2 0 0 0 0 0 2 1 1 1 0
1656432109 100 107 19 5 1 3 8 2 4 2 0 0 0 0 0 2 1 1 1 0
1656432894 100 108 19 5 1 3 8 2 4 2 0 0 0 0 0 2 1 1 1 0
1656439618 101 108 19 5 1 3 8 2 4 2 0 0 0 0 0 2 1 1 1 0
1656460091 102 108 19 5 1 3 8 2 4 2 0 0 0 0 0 2 1 1 1 0
1656460459 102 108 19 5 2 3 8 2 4 2 0 0 0 0 0 2 1 1 1 0
1656522787 103 108 19 5 2 3 8 2 4 2 0 0 0 0 0 2 1 1 1 0
1656527164 103 109 19 5 2 3 8 2 4 2 0 0 0 0 0 2 1 1 1 0
1656527482 103 110 19 5 2 3 8 2 4 2 0 0 0 0 0 2 1 1 1 0
1656527721 103 111 19 5 2 3 8 2 4 2 0 0 0 0 0 2 1 1 1 0
1656554503 103 112 19 5 2 3 8 2 4 2 0 0 0 0 0 2 1 1 1 0
1656555710 103 112 19 5 2 3 9 2 4 2 0 0 0 0 0 2 1 1 1 0
1656610572 103 113 19 5 2 3 9 2 4 2 0 0 0 0 0 2 1 1 1 0
1657134043 103 114 19 5 2 3 9 2 4 2 0 0 0 0 0 2 1 1 1 0
1657600270 104 114 19 5 2 3 9 2 4 2 0 0 0 0 0 2 1 1 1 0
1657747579 104 114 20 5 2 3 9 2 4 2 0 0 0 0 0 2 1 1 1 0
1657765935 105 114 20 5 2 3 9 2 4 2 0 0 0 0 0 2 1 1 1 0
1657907450 106 114 20 5 2 3 9 2 4 2 0 0 0 0 0 2 1 1 1 0
1657921202 107 114 20 5 2 3 9 2 4 2 0 0 0 0 0 2 1 1 1 0
1657921490 108 114 20 5 2 3 9 2 4 2 0 0 0 0 0 2 1 1 1 0
1657921687 109 114 20 5 2 3 9 2 4 2 0 0 0 0 0 2 1 1 1 0
1657921923 110 114 20 5 2 3 9 2 4 2 0 0 0 0 0 2 1 1 1 0
1657922952 114 114 20 5 2 3 9 2 4 2 0 0 0 0 0 2 1 1 1 0
1657923537 115 114 20 5 2 3 9 2 4 2 0 0 0 0 0 2 1 1 1 0
1658254817 115 114 20 5 2 3 9 2 4 2 0 0 0 1 0 2 1 1 1 0
1658336571 115 114 20 5 3 3 9 2 4 2 0 0 0 1 0 2 1 1 1 0
1658339832 115 114 20 5 3 3 9 2 4 2 0 0 0 1 0 2 1 1 1 0
1658339914 115 114 20 5 4 3 9 2 4 2 0 0 0 1 0 2 1 1 1 0
1658339942 115 114 20 6 4 3 9 2 4 2 0 0 0 1 0 2 1 1 1 0
1658763340 115 114 21 6 4 3 9 2 4 2 0 0 0 1 0 2 1 1 1 0
1658779107 115 114 21 6 4 4 9 2 4 2 0 0 0 1 0 2 1 1 1 0
1658794895 116 114 21 6 4 4 9 2 4 2 0 0 0 1 0 2 1 1 1 0
1658799216 117 114 21 6 4 4 9 2 4 2 0 0 0 1 0 2 1 1 1 0
1658853401 117 114 21 6 4 5 9 2 4 2 0 0 0 1 0 2 1 1 1 0
1658860101 118 114 21 6 4 5 9 2 4 2 0 0 0 1 0 2 1 1 1 0
1658860933 119 114 21 6 4 5 9 2 4 2 0 0 0 1 0 2 1 1 1 0
1658947866 119 114 21 6 4 6 9 2 4 2 0 0 0 1 0 2 1 1 1 0
1658953708 119 114 22 6 4 6 9 2 4 2 0 0 0 1 0 2 1 1 1 0
1659029329 119 114 22 6 4 7 9 2 4 2 0 0 0 1 0 2 1 1 1 0
1659042595 120 114 22 6 4 7 9 2 4 2 0 0 0 1 0 2 1 1 1 0
1659053727 121 114 22 6 4 7 9 2 4 2 0 0 0 1 0 2 1 1 1 0
1659055942 122 114 22 6 4 7 9 2 4 2 0 0 0 1 0 2 1 1 1 0
1659071745 123 114 22 6 4 7 9 2 4 2 0 0 0 1 0 2 1 1 1 0
1659144277 124 114 22 6 4 7 9 2 4 2 0 0 0 1 0 2 1 1 1 0
1659147026 125 114 22 6 4 7 9 2 4 2 0 0 0 1 0 2 1 1 1 0
1659374498 126 114 22 6 4 7 9 2 4 2 0 0 0 1 0 2 1 1 1 0
1659388611 126 115 22 6 4 7 9 2 4 2 0 0 0 1 0 2 1 1 1 0
1659389955 127 115 22 6 4 7 9 2 4 2 0 0 0 1 0 2 1 1 1 0
1659390613 127 115 22 6 4 7 9 2 4 2 0 0 0 2 0 2 1 1 1 0
1659390619 128 115 22 6 4 7 9 2 4 2 0 0 0 2 0 2 1 1 1 0
1659396248 129 115 22 6 4 7 9 2 4 2 0 0 0 2 0 2 1 1 1 0
1659396658 129 115 22 7 4 7 9 2 4 2 0 0 0 2 0 2 1 1 1 0
1659396691 129 115 22 8 4 7 9 2 4 2 0 0 0 2 0 2 1 1 1 0
1659397148 130 115 22 8 4 7 9 2 4 2 0 0 0 2 0 2 1 1 1 0
1659405968 131 115 22 8 4 7 9 2 4 2 0 0 0 2 0 2 1 1 1 0
1659406421 132 115 22 8 4 7 9 2 4 2 0 0 0 2 0 2 1 1 1 0
1659408845 132 115 22 8 4 7 9 2 4 3 0 0 0 2 0 2 1 1 1 0
1659413569 133 115 22 8 4 7 9 2 4 3 0 0 0 2 0 2 1 1 1 0
1659463328 134 115 22 8 4 7 9 2 4 3 0 0 0 2 0 2 1 1 1 0
1659464706 135 115 22 8 4 7 9 2 4 3 0 0 0 2 0 2 1 1 1 0
1659474914 136 115 23 8 4 7 9 2 4 3 0 0 0 2 0 2 1 1 1 0
1659476677 137 115 23 8 4 7 9 2 4 3 0 0 0 2 0 2 1 1 1 0
1659480533 137 115 24 8 4 7 9 2 4 3 0 0 0 2 0 2 1 1 1 0
1659538620 137 116 24 8 4 7 9 2 4 3 0 0 0 2 0 2 1 1 1 0
1659552572 138 116 24 8 4 7 9 2 4 3 0 0 0 2 0 2 1 1 1 0
1659557398 139 116 24 8 4 7 9 2 4 3 0 0 0 2 0 2 1 1 1 0
1659557901 140 116 24 8 4 7 9 2 4 3 0 0 0 2 0 2 1 1 1 0
1659564041 140 116 25 8 4 7 9 2 4 3 0 0 0 2 0 2 1 1 1 0
1659570508 140 116 25 9 4 7 9 2 4 3 0 0 0 2 0 2 1 1 1 0
1659570533 140 116 25 10 4 7 9 2 4 3 0 0 0 2 0 2 1 1 1 0
1659570553 140 116 25 11 4 7 9 2 4 3 0 0 0 2 0 2 1 1 1 0
1659570579 140 116 25 12 4 7 9 2 4 3 0 0 0 2 0 2 1 1 1 0
1659571182 140 116 25 13 4 7 9 2 4 3 0 0 0 2 0 2 1 1 1 0
1659654814 140 117 25 13 4 7 9 2 4 3 0 0 0 2 0 2 1 1 1 0
1659728380 140 118 25 13 4 7 9 2 4 3 0 0 0 2 0 2 1 1 1 0
1659733383 141 118 25 13 4 7 9 2 4 3 0 0 0 2 0 2 1 1 1 0
1659887156 141 118 25 13 4 7 9 2 4 3 0 0 0 2 0 2 1 1 1 0
1659912945 142 118 25 13 4 7 9 2 4 3 0 0 0 2 0 2 1 1 1 0
1659913974 142 118 25 14 4 7 9 2 4 3 0 0 0 2 0 2 1 1 1 0
1659916614 142 119 25 14 4 7 9 2 4 3 0 0 0 2 0 2 1 1 1 0
1659985398 142 120 25 14 4 7 9 2 4 3 0 0 0 2 0 2 1 1 1 0
1659992520 142 121 25 14 4 7 9 2 4 3 0 0 0 2 0 2 1 1 1 0
1660060229 142 122 25 14 4 7 9 2 4 3 0 0 0 2 0 2 1 1 1 0
1660162896 142 123 25 14 4 7 9 2 4 3 0 0 0 2 0 2 1 1 1 0
1660237358 142 124 25 14 4 7 9 2 4 3 0 0 0 2 0 2 1 1 1 0
1660442701 143 124 25 14 4 7 9 2 4 3 0 0 0 2 0 2 1 1 1 0
1660535851 144 124 25 14 4 7 9 2 4 3 0 0 0 2 0 2 1 1 1 0
1660635195 145 124 25 14 4 7 9 2 4 3 0 0 0 2 0 2 1 1 1 0
1660694521 146 124 25 14 4 7 9 2 4 3 0 0 0 2 0 2 1 1 1 0
1660697891 147 124 25 14 4 7 9 2 4 3 0 0 0 2 0 2 1 1 1 0
1660720451 147 124 25 14 4 7 9 2 4 4 0 0 0 2 0 2 1 1 1 0
1660721777 148 124 25 14 4 7 9 2 4 4 0 0 0 2 0 2 1 1 1 0
1660834463 149 124 25 14 4 7 9 2 4 4 0 0 0 2 0 2 1 1 1 0
1660951483 149 125 25 14 4 7 9 2 4 4 0 0 0 2 0 2 1 1 1 0
1661175988 149 126 25 14 4 7 9 2 4 4 0 0 0 2 0 2 1 1 1 0
1661267387 150 126 25 14 4 7 9 2 4 4 0 0 0 2 0 2 1 1 1 0
1661268736 151 126 25 14 4 7 9 2 4 4 0 0 0 2 0 2 1 1 1 0
1661280188 151 126 25 15 4 7 9 2 4 4 0 0 0 2 0 2 1 1 1 0
1661292667 151 126 25 16 4 7 9 2 4 4 0 0 0 2 0 2 1 1 1 0
1661315458 152 126 25 16 4 7 9 2 4 4 0 0 0 2 0 2 1 1 1 0
1661353034 152 127 25 16 4 7 9 2 4 4 0 0 0 2 0 2 1 1 1 0
1661353113 152 128 25 16 4 7 9 2 4 4 0 0 0 2 0 2 1 1 1 0
1661368252 152 129 25 16 4 7 9 2 4 4 0 0 0 2 0 2 1 1 1 0
1661369148 152 130 25 16 4 7 9 2 4 4 0 0 0 2 0 2 1 1 1 0
1661439725 153 130 25 16 4 7 9 2 4 4 0 0 0 2 0 2 1 1 1 0
1661565438 154 130 25 16 4 7 9 2 4 4 0 0 0 2 0 2 1 1 1 0
1661568552 155 130 25 16 4 7 9 2 4 4 0 0 0 2 0 2 1 1 1 0
1661571686 155 130 25 17 4 7 9 2 4 4 0 0 0 2 0 2 1 1 1 0
1661574007 155 130 25 18 4 7 9 2 4 4 0 0 0 2 0 2 1 1 1 0
1661576056 156 130 25 18 4 7 9 2 4 4 0 0 0 2 0 2 1 1 1 0
1661792825 157 130 25 18 4 7 9 2 4 4 0 0 0 2 0 2 1 1 1 0
1661964658 158 130 25 18 4 7 9 2 4 4 0 0 0 2 0 2 1 1 1 0
1661969400 159 130 25 18 4 7 9 2 4 4 0 0 0 2 0 2 1 1 1 0
1661980222 159 130 25 18 5 7 9 2 4 4 0 0 0 2 0 2 1 1 1 0
1661995757 160 130 25 18 5 7 9 2 4 4 0 0 0 2 0 2 1 1 1 0
1662082623 160 130 25 18 6 7 9 2 4 4 0 0 0 2 0 2 1 1 1 0
1662436807 160 130 25 19 8 7 9 2 4 4 0 0 0 2 0 2 1 1 1 0
1662562778 160 131 25 19 8 7 9 2 4 4 0 0 0 2 0 2 1 1 1 0
1662563747 160 131 25 19 8 7 9 2 4 4 0 0 0 2 0 2 1 1 1 0
1662676428 160 131 25 20 8 7 9 2 4 4 0 0 0 2 0 2 1 1 1 0
1662676617 160 131 25 21 8 7 9 2 4 4 0 0 0 2 0 2 1 1 1 0
1662744195 160 131 25 22 8 7 9 2 4 4 0 0 0 2 0 2 1 1 1 0
1662765065 161 131 25 22 8 7 9 2 4 4 0 0 0 2 0 2 1 1 1 0
1662767758 162 131 25 22 8 7 9 2 4 4 0 0 0 2 0 2 1 1 1 0
1662837892 163 131 25 22 8 7 9 2 4 4 0 0 0 2 0 2 1 1 1 0
1662853167 163 131 25 23 8 7 9 2 4 4 0 0 0 2 0 2 1 1 1 0
1662853373 163 131 25 24 8 7 9 2 4 4 0 0 0 2 0 2 1 1 1 0
1662922291 164 131 25 24 8 7 9 2 4 4 0 0 0 2 0 2 1 1 1 0
1663097331 164 131 25 25 8 7 9 2 4 4 0 0 0 2 0 2 1 1 1 0
1663134635 165 131 25 25 8 7 9 2 4 4 0 0 0 2 0 2 1 1 1 0
1663182881 165 131 26 25 8 7 9 2 4 4 0 0 0 2 0 2 1 1 1 0
1663257328 165 131 26 25 8 7 10 2 4 4 0 0 0 2 0 2 1 1 1 0
1663258044 165 131 26 25 9 7 10 2 4 4 0 0 0 2 0 2 1 1 1 0
1663265545 165 131 27 25 9 7 10 2 4 4 0 0 0 2 0 2 1 1 1 0
1663332378 165 132 27 25 9 7 10 2 4 4 0 0 0 2 0 2 1 1 1 0
1663333467 166 132 27 25 9 7 10 2 4 4 0 0 0 2 0 2 1 1 1 0
1663335084 166 133 27 25 9 7 10 2 4 4 0 0 0 2 0 2 1 1 1 0
1663342459 167 133 27 25 9 7 10 2 4 4 0 0 0 2 0 2 1 1 1 0
1663354408 167 134 27 25 9 7 10 2 4 4 0 0 0 2 0 2 1 1 1 0
1663362291 167 134 28 25 9 7 10 2 4 4 0 0 0 2 0 2 1 1 1 0
1663623275 167 134 28 26 9 7 10 2 4 4 0 0 0 2 0 2 1 1 1 0
1663624294 167 134 28 27 9 7 10 2 4 4 0 0 0 2 0 2 1 1 1 0
1663688944 167 135 28 27 9 7 10 2 4 4 0 0 0 2 0 2 1 1 1 0
1663691005 167 136 28 27 9 7 10 2 4 4 0 0 0 2 0 2 1 1 1 0
1663691092 167 137 28 27 9 7 10 2 4 4 0 0 0 2 0 2 1 1 1 0
1663702481 167 138 28 27 9 7 10 2 4 4 0 0 0 2 0 2 1 1 1 0
1663794089 167 139 28 27 9 7 10 2 4 4 0 0 0 2 0 2 1 1 1 0
1663804737 167 140 28 27 9 7 10 2 4 4 0 0 0 2 0 2 1 1 1 0
1663915485 167 140 28 28 9 7 10 2 4 4 0 0 0 2 0 2 1 1 1 0
1663916156 167 140 28 29 9 7 10 2 4 4 0 0 0 2 0 2 1 1 1 0
1664050819 167 140 28 29 10 7 10 2 4 4 0 0 0 2 0 2 1 1 1 0
1664054928 167 140 28 29 11 7 10 2 4 4 0 0 0 2 0 2 1 1 1 0
1664378865 167 140 28 29 11 8 10 2 4 4 0 0 0 2 0 2 1 1 1 0
1664387624 167 140 28 29 12 8 10 2 4 4 0 0 0 2 0 2 1 1 1 0
1664504581 168 140 28 29 12 8 10 2 4 4 0 0 0 2 0 2 1 1 1 0
1664658303 168 140 28 29 13 8 10 2 4 4 0 0 0 2 0 2 1 1 1 0
1664825169 168 140 28 29 14 8 10 2 4 4 0 0 0 2 0 2 1 1 1 0
1664836025 168 140 28 29 14 8 10 2 4 4 0 0 1 2 0 2 1 1 1 0
1664839003 169 140 28 29 14 8 10 2 4 4 0 0 1 2 0 2 1 1 1 0
1664916625 169 140 28 30 14 8 10 2 4 4 0 0 1 2 0 2 1 1 1 0
1664918826 170 140 29 30 14 8 10 2 4 4 0 0 1 2 0 2 1 1 1 0
1665006992 171 140 29 30 14 8 10 2 4 4 0 0 1 2 0 2 1 1 1 0
1665092978 172 140 29 30 14 8 10 2 4 4 0 0 1 2 0 2 1 1 1 0
1665178160 173 140 29 30 14 8 10 2 4 4 0 0 1 2 0 2 1 1 1 0
1665180282 174 140 29 30 14 8 10 2 4 4 0 0 1 2 0 2 1 1 1 0
1665259371 174 140 29 30 14 8 10 2 4 4 0 0 2 2 0 2 1 1 1 0
1665260319 175 140 29 30 14 8 10 2 4 4 0 0 2 2 0 2 1 1 1 0
1665260936 176 140 29 30 14 8 10 2 4 4 0 0 2 2 0 2 1 1 1 0
1665509242 176 140 29 31 14 8 10 2 4 4 0 0 2 2 0 2 1 1 1 0
1665518101 176 140 29 31 15 8 10 2 4 4 0 0 2 2 0 2 1 1 1 0
1665519411 176 140 29 31 15 9 10 2 4 4 0 0 2 2 0 2 1 1 1 0
1665590820 177 140 29 31 15 9 10 2 4 4 0 0 2 2 0 2 1 1 1 0
1665674574 177 140 29 31 16 9 10 2 4 4 0 0 2 2 0 2 1 1 1 0
1665762920 177 140 29 31 17 9 10 2 4 4 0 0 2 2 0 2 1 1 1 0
1665769559 177 140 29 31 18 9 10 2 4 4 0 0 2 2 0 2 1 1 1 0
1665770603 177 140 29 31 19 9 10 2 4 4 0 0 2 2 0 2 1 1 1 0
1665776999 177 140 29 32 19 9 10 2 4 4 0 0 2 2 0 2 1 1 1 0
1665778172 177 140 29 33 19 9 10 2 4 4 0 0 2 2 0 2 1 1 1 0
1665778957 177 140 29 34 19 9 10 2 4 4 0 0 2 2 0 2 1 1 1 0
1666026492 177 140 29 35 19 9 10 2 4 4 0 0 2 2 0 2 1 1 1 0
1666026930 177 140 29 35 20 9 10 2 4 4 0 0 2 2 0 2 1 1 1 0
1666027365 177 140 29 35 21 9 10 2 4 4 0 0 2 2 0 2 1 1 1 0
1666135008 177 140 29 35 22 9 10 2 4 4 0 0 2 2 0 2 1 1 1 0
1666143112 178 140 29 35 22 9 10 2 4 4 0 0 2 2 0 2 1 1 1 0
1666144193 179 140 29 35 22 9 10 2 4 4 0 0 2 2 0 2 1 1 1 0
1666287094 180 140 29 35 22 9 10 2 4 4 0 0 2 2 0 2 1 1 1 0
1666293586 180 140 29 36 24 9 10 2 4 4 0 0 2 2 0 2 1 1 1 0
1666380200 181 140 29 36 24 9 10 2 4 4 0 0 2 2 0 2 1 1 1 0
1666388300 182 140 29 36 24 9 10 2 4 4 0 0 2 2 0 2 1 1 1 0
1666389065 183 140 29 36 24 9 10 2 4 4 0 0 2 2 0 2 1 1 1 0
1666389553 184 140 29 36 24 9 10 2 4 4 0 0 2 2 0 2 1 1 1 0
1666394407 185 140 29 36 24 9 10 2 4 4 0 0 2 2 0 2 1 1 1 0
1666395586 185 141 29 36 25 9 10 2 4 4 0 0 2 2 0 2 1 1 1 0
1666398688 185 141 29 36 26 9 10 2 4 4 0 0 2 2 0 2 1 1 1 0
1666641774 185 141 29 36 26 9 10 2 4 4 0 0 2 2 0 2 1 1 1 0
1666646290 186 141 29 36 26 9 10 2 4 4 0 0 2 2 0 2 1 1 1 0
1666724686 187 141 29 36 26 9 10 2 4 4 0 0 2 2 0 2 1 1 1 0
1666727244 187 141 29 36 27 9 10 2 4 4 0 0 2 2 0 2 1 1 1 0
1666740778 187 142 29 36 27 9 10 2 4 4 0 0 2 2 0 2 1 1 1 0
1666826689 188 142 29 36 27 9 10 2 4 4 0 0 2 2 0 2 1 1 1 0
1666892022 188 142 29 36 28 9 10 2 4 4 0 0 2 2 0 2 1 1 1 0
1666893417 189 142 29 36 28 9 10 2 4 4 0 0 2 2 0 2 1 1 1 0
1666901408 189 142 29 36 29 9 10 2 4 4 0 0 2 2 0 2 1 1 1 0
1666904036 189 142 29 36 30 9 10 2 4 4 0 0 2 2 0 2 1 1 1 0
1666969825 189 143 29 36 30 9 10 2 4 4 0 0 2 2 0 2 1 1 1 0
1666975656 189 144 29 36 31 9 10 2 4 4 0 0 2 2 0 2 1 1 1 0
1666995162 190 144 29 36 31 9 10 2 4 4 0 0 2 2 0 2 1 1 1 0
1667001302 191 144 29 36 31 9 10 2 4 4 0 0 2 2 0 2 1 1 1 0
1667001824 192 144 29 36 31 9 10 2 4 4 0 0 2 2 0 2 1 1 1 0
1667085747 193 144 29 36 31 9 10 2 4 4 0 0 2 2 0 2 1 1 1 0
1667086267 194 144 29 36 31 9 10 2 4 4 0 0 2 2 0 2 1 1 1 0
1667086323 195 144 29 36 31 9 10 2 4 4 0 0 2 2 0 2 1 1 1 0
1667086386 196 144 29 36 31 9 10 2 4 4 0 0 2 2 0 2 1 1 1 0
1667086453 197 144 29 36 31 9 10 2 4 4 0 0 2 2 0 2 1 1 1 0
1667205829 197 144 30 36 31 9 10 2 4 4 0 0 2 2 0 2 1 1 1 0
1667238694 197 145 30 36 31 9 10 2 4 4 0 0 2 2 0 2 1 1 1 0
1667291511 198 145 30 36 31 9 10 2 4 4 0 0 2 2 0 2 1 1 1 0
1667334907 199 145 30 36 32 9 10 2 4 4 0 0 2 2 0 2 1 1 1 0
1667337577 199 145 30 36 33 9 10 2 4 4 0 0 2 2 0 2 1 1 1 0
1667419179 200 145 30 36 33 9 10 2 4 4 0 0 2 2 0 2 1 1 1 0
1667429066 200 145 30 36 34 9 10 2 4 4 0 0 2 2 0 2 1 1 1 0
1667434298 201 145 30 36 34 9 10 2 4 4 0 0 2 2 0 2 1 1 1 0
1667442151 202 145 30 36 34 9 10 2 4 4 0 0 2 2 0 2 1 1 1 0
1667455644 203 145 30 36 34 9 10 2 4 4 0 0 2 2 0 2 1 1 1 0
1667489019 204 145 30 36 34 9 10 2 4 4 0 0 2 2 0 2 1 1 1 0
1667489133 205 145 30 36 34 9 10 2 4 4 0 0 2 2 0 2 1 1 1 0
1667497902 205 145 30 37 34 9 10 2 4 4 0 0 2 2 0 2 1 1 1 0
1667501830 205 145 30 37 35 9 10 2 4 4 0 0 2 2 0 2 1 1 1 0
1667592922 206 145 30 37 35 9 10 2 4 4 0 0 2 2 0 2 1 1 1 0
1667593034 207 145 30 37 35 9 10 2 4 4 0 0 2 2 0 2 1 1 1 0
1667593450 208 145 30 37 35 9 10 2 4 4 0 0 2 2 0 2 1 1 1 0
1667609373 208 145 30 37 35 9 10 3 4 4 0 0 2 2 0 2 1 1 1 0
1667783500 208 145 30 38 35 9 10 3 4 4 0 0 2 2 0 2 1 1 1 0
1667881178 208 145 30 39 35 9 10 3 4 4 0 0 2 2 0 2 1 1 1 0
1667892706 209 145 30 39 35 9 10 3 4 4 0 0 2 2 0 2 1 1 1 0
1667892786 210 145 30 39 35 9 10 3 4 4 0 0 2 2 0 2 1 1 1 0
1667893760 211 145 30 39 35 9 10 3 4 4 0 0 2 2 0 2 1 1 1 0
1667904374 211 145 30 40 35 9 10 3 4 4 0 0 2 2 0 2 1 1 1 0
1667946350 211 145 30 40 36 9 10 3 4 4 0 0 2 2 0 2 1 1 1 0
1668266930 212 145 30 40 36 9 10 3 4 4 0 0 2 2 0 2 1 1 1 0
1668267812 213 145 30 40 36 9 10 3 4 4 0 0 2 2 0 2 1 1 1 0
1668280829 214 145 30 40 36 9 10 3 4 4 0 0 2 2 0 2 1 1 1 0
1668285926 215 145 30 40 36 9 10 3 4 4 0 0 2 2 0 2 1 1 1 0
1668448608 215 145 30 41 37 9 10 3 4 4 0 0 2 2 0 2 1 1 1 0
1668451946 216 145 30 41 37 9 10 3 4 4 0 0 2 2 0 2 1 1 1 0
1668575555 217 145 30 41 37 9 10 3 4 4 0 0 2 2 0 2 1 1 1 0
1668592631 218 145 30 41 37 9 10 3 4 4 0 0 2 2 0 2 1 1 1 0
1668619454 218 145 30 41 38 9 10 3 4 4 0 0 2 2 0 2 1 1 1 0
1668625276 219 145 30 41 38 9 10 3 4 4 0 0 2 2 0 2 1 1 1 0
1668625511 220 145 30 41 38 9 10 3 4 4 0 0 2 2 0 2 1 1 1 0
1668643977 221 145 30 41 38 9 10 3 4 4 0 0 2 2 0 2 1 1 1 0
1668724618 222 145 30 41 38 9 10 3 4 4 0 0 2 2 0 2 1 1 1 0
1668748452 223 145 30 41 38 9 10 3 4 4 0 0 2 2 0 2 1 1 1 0
1668752485 224 145 30 41 38 9 10 3 4 4 0 0 2 2 0 2 1 1 1 0
1668781514 225 145 30 41 38 9 10 3 4 4 0 0 2 2 0 2 1 1 1 0
1668781928 226 145 30 41 38 9 10 3 4 4 0 0 2 2 0 2 1 1 1 0
1668792793 227 145 30 41 38 9 10 3 4 4 0 0 2 2 0 2 1 1 1 0
1668792807 228 145 30 41 38 9 10 3 4 4 0 0 2 2 0 2 1 1 1 0
1668794328 229 145 30 41 38 9 10 3 4 4 0 0 2 2 0 2 1 1 1 0
1668803681 230 145 30 41 38 9 10 3 4 4 0 0 2 2 0 2 1 1 1 0
1668803693 231 145 30 41 38 9 10 3 4 4 0 0 2 2 0 2 1 1 1 0
1668806817 232 145 30 41 38 9 10 3 4 4 0 0 2 2 0 2 1 1 1 0
1668885277 233 145 30 41 38 9 10 3 4 4 0 0 2 2 0 2 1 1 1 0
1668886847 234 145 30 41 38 9 10 3 4 4 0 0 2 2 0 2 1 1 1 0
1668968271 235 145 30 41 38 9 10 3 4 4 0 0 2 2 0 2 1 1 1 0
1669170327 236 145 30 41 38 9 10 3 4 4 0 0 2 2 0 2 1 1 1 0
1669187236 237 145 30 41 38 9 10 3 4 4 0 0 2 2 0 2 1 1 1 0
1669191467 237 145 30 42 38 9 10 3 4 4 0 0 2 2 0 2 1 1 1 0
1669191535 237 145 30 43 38 9 10 3 4 4 0 0 2 2 0 2 1 1 1 0
1669233077 238 145 30 43 38 9 10 3 4 4 0 0 2 2 0 2 1 1 1 0
1669233755 239 145 30 43 38 9 10 3 4 4 0 0 2 2 0 2 1 1 1 0
1669250893 240 145 30 43 38 9 10 3 4 4 0 0 2 2 0 2 1 1 1 0
1669253290 241 145 30 43 38 9 10 3 4 4 0 0 2 2 0 2 1 1 1 0
1669578491 241 146 30 43 38 9 10 3 4 4 0 0 2 2 0 2 1 1 1 0
1669586325 241 147 30 43 38 9 10 3 4 4 0 0 2 2 0 2 1 1 1 0
1669587534 241 147 30 44 38 9 10 3 4 4 0 0 2 2 0 2 1 1 1 0
1669592066 242 147 30 44 38 9 10 3 4 4 0 0 2 2 0 2 1 1 1 0
1669592088 243 147 31 44 38 9 10 3 4 4 0 0 2 2 0 2 1 1 1 0
1669760117 244 147 31 44 38 9 10 3 4 4 0 0 2 2 0 2 1 1 1 0
1669760806 245 147 31 44 38 9 10 3 4 4 0 0 2 2 0 2 1 1 1 0
1669761389 246 147 31 44 38 9 10 3 4 4 0 0 2 2 0 2 1 1 1 0
1669761847 247 147 31 44 38 9 10 3 4 4 0 0 2 2 0 2 1 1 1 0
1669770570 247 148 31 44 38 9 10 3 4 4 0 0 2 2 0 2 1 1 1 0
1669829368 247 148 31 44 38 9 10 3 4 4 0 0 2 2 0 2 1 1 1 0
1669834549 248 148 31 44 38 9 10 3 4 4 0 0 2 2 0 2 1 1 1 0
1669846449 249 148 31 44 38 9 10 3 4 4 0 0 2 2 0 2 1 1 1 0
1669849824 250 148 31 44 38 9 10 3 4 4 0 0 2 2 0 2 1 1 1 0
1669859577 251 148 31 44 38 9 10 3 4 4 0 0 2 2 0 2 1 1 1 0
1669879824 252 148 31 44 38 9 10 3 4 4 0 0 2 2 0 2 1 1 1 0
1669928817 253 148 31 44 38 9 10 3 4 4 0 0 2 2 0 2 1 1 1 0
1669953741 254 148 31 44 38 9 10 3 4 4 0 0 2 2 0 2 1 1 1 0
1670003581 255 148 31 44 38 9 10 3 4 4 0 0 2 2 0 2 1 1 1 0
1670110855 256 148 31 44 38 9 10 3 4 4 0 0 2 2 0 2 1 1 1 0
1670112133 257 148 31 44 38 9 10 3 4 4 0 0 2 2 0 2 1 1 1 0
1670457797 258 148 31 44 38 9 10 3 4 4 0 0 2 2 0 2 1 1 1 0
1670457808 259 148 31 44 38 9 10 3 4 4 0 0 2 2 0 2 1 1 1 0
1670458596 260 148 31 44 38 9 10 3 4 4 0 0 2 2 0 2 1 1 1 0
1670459230 261 148 31 44 38 9 10 3 4 4 0 0 2 2 0 2 1 1 1 0
1670459260 262 148 31 44 38 9 10 3 4 4 0 0 2 2 0 2 1 1 1 0
1670520491 263 148 31 44 38 9 10 3 4 4 0 0 2 2 0 2 1 1 1 0
1670526896 264 148 31 44 38 9 10 3 4 4 0 0 2 2 0 2 1 1 1 0
1670526941 264 148 31 44 38 10 10 3 4 4 0 0 2 2 0 2 1 1 1 0
1670528100 265 148 31 44 38 10 10 3 4 4 0 0 2 2 0 2 1 1 1 0
1670535568 266 148 31 44 38 10 10 3 4 4 0 0 2 2 0 2 1 1 1 0
1670539057 267 148 31 44 38 10 10 3 4 4 0 0 2 2 0 2 1 1 1 0
1670542960 268 148 31 44 38 10 10 3 4 4 0 0 2 2 0 2 1 1 1 0
1670548326 269 148 31 44 38 10 10 3 4 4 0 0 2 2 0 2 1 1 1 0
1670548753 270 148 31 44 38 10 10 3 4 4 0 0 2 2 0 2 1 1 1 0
1670572315 271 148 31 44 38 10 10 3 4 4 0 0 2 2 0 2 1 1 1 0
1670601982 272 148 31 44 38 10 10 3 4 4 0 0 2 2 0 2 1 1 1 0
1670999344 273 148 31 44 38 10 10 3 4 4 0 0 2 2 0 2 1 1 1 0
1671044736 274 148 31 44 38 10 10 3 4 4 0 0 2 2 0 2 1 1 1 0
1671050231 274 149 31 44 38 10 10 3 4 4 0 0 2 2 0 2 1 1 1 0
1671056275 275 149 31 44 38 10 10 3 4 4 0 0 2 2 0 2 1 1 1 0
1671063704 276 149 31 44 38 10 10 3 4 4 0 0 2 2 0 2 1 1 1 0
1671120721 276 150 31 44 38 10 10 3 4 4 0 0 2 2 0 2 1 1 1 0
1671120844 276 151 31 44 38 10 10 3 4 4 0 0 2 2 0 2 1 1 1 0
1671124867 276 152 31 44 38 10 10 3 4 4 0 0 2 2 0 2 1 1 1 0
1671131973 277 152 31 44 38 10 10 3 4 4 0 0 2 2 0 2 1 1 1 0
1671156793 278 152 31 44 38 10 10 3 4 4 0 0 2 2 0 2 1 1 1 0
1671166371 279 152 31 44 38 10 10 3 4 4 0 0 2 2 0 2 1 1 1 0
1671214812 280 152 31 44 38 10 10 3 4 4 0 0 2 2 0 2 1 1 1 0
1671475254 280 152 31 44 38 10 10 4 4 4 0 0 2 2 0 2 1 1 1 0
1671495069 281 152 31 44 38 10 10 4 4 4 0 0 2 2 0 2 1 1 1 0
1671497225 282 152 31 44 38 10 10 4 4 4 0 0 2 2 0 2 1 1 1 0
1671743360 282 152 31 44 38 10 10 4 4 4 0 0 2 2 0 2 1 1 1 0
1671825489 282 153 31 44 38 10 10 4 4 4 0 0 2 2 0 2 1 1 1 0
1672241464 283 153 31 44 38 10 10 4 4 4 0 0 2 2 0 2 1 1 1 0
1672243064 284 153 31 44 38 10 10 4 4 4 0 0 2 2 0 2 1 1 1 0
1672506669 284 153 32 44 38 10 10 4 4 4 0 0 2 2 0 2 1 1 1 0
1672511939 285 153 32 44 38 10 10 4 4 4 0 0 2 2 0 2 1 1 1 0
1672512424 286 153 32 44 38 10 10 4 4 4 0 0 2 2 0 2 1 1 1 0
1672521874 287 153 32 44 38 10 10 4 4 4 0 0 2 2 0 2 1 1 1 0
1672699652 287 154 32 44 38 10 10 4 4 4 0 0 2 2 0 2 1 1 1 0
1672818282 288 154 32 44 38 10 10 4 4 4 0 0 2 2 0 2 1 1 1 0
1672819216 288 154 33 44 38 10 10 4 4 4 0 0 2 2 0 2 1 1 1 0
1672819236 289 154 34 44 38 10 10 4 4 4 0 0 2 2 0 2 1 1 1 0
1672859644 289 154 35 44 38 10 10 4 4 4 0 0 2 2 0 2 1 1 1 0
1672859974 289 154 35 45 38 10 10 4 4 4 0 0 2 2 0 2 1 1 1 0
1672969999 289 154 35 45 39 10 10 4 4 4 0 0 2 2 0 2 1 1 1 0
1673132021 290 154 35 45 39 10 10 4 4 4 0 0 2 2 0 2 1 1 1 0
1673139215 290 155 35 45 39 10 10 4 4 4 0 0 2 2 0 2 1 1 1 0
1673305637 290 155 36 45 39 10 10 4 4 4 0 0 2 2 0 2 1 1 1 0
1673594840 290 156 36 45 39 10 10 4 4 4 0 0 2 2 0 2 1 1 1 0
1673594898 290 156 38 46 40 10 10 4 4 4 0 0 2 2 0 2 1 1 1 0
1673607782 290 156 38 47 40 10 10 4 4 4 0 0 2 2 0 2 1 1 1 0
1673642751 290 156 38 49 41 10 10 4 4 4 0 0 2 2 0 2 1 1 1 0
1673644534 290 156 38 49 42 10 10 4 4 4 0 0 2 2 0 2 1 1 1 0
1673646720 290 156 38 49 43 10 10 4 4 4 0 0 2 2 0 2 1 1 1 0
1673651972 290 156 38 49 44 10 10 4 4 4 0 0 2 2 0 2 1 1 1 0
1673655172 291 156 38 49 44 10 10 4 4 4 0 0 2 2 0 2 1 1 1 0
1673655492 292 156 38 49 44 10 10 4 4 4 0 0 2 2 0 2 1 1 1 0
1673656939 293 156 38 49 44 10 10 4 4 4 0 0 2 2 0 2 1 1 1 0
1673666488 293 156 38 50 44 10 10 4 4 4 0 0 2 2 0 2 1 1 1 0
1673668940 293 156 38 51 44 10 10 4 4 4 0 0 2 2 0 2 1 1 1 0
1673676366 293 156 39 52 44 10 10 4 4 4 0 0 2 2 0 2 1 1 1 0
1673746883 293 156 39 53 44 10 10 4 4 4 0 0 2 2 0 2 1 1 1 0
1673821223 294 156 39 53 44 10 10 4 4 4 0 0 2 2 0 2 1 1 1 0
1673848483 295 156 39 53 44 10 10 4 4 4 0 0 2 2 0 2 1 1 1 0
1673924676 295 156 40 53 44 10 10 4 4 4 0 0 2 2 0 2 1 1 1 0
1673924739 295 156 43 53 44 10 10 4 4 4 0 0 2 2 0 2 1 1 1 0
1673941211 296 156 45 53 44 10 10 4 4 4 0 0 2 2 0 2 1 1 1 0
1673978667 297 156 45 53 44 10 10 4 4 4 0 0 2 2 0 2 1 1 1 0
1673981181 298 156 45 53 44 10 10 4 4 4 0 0 2 2 0 2 1 1 1 0
1673984122 299 156 46 53 44 10 10 4 4 4 0 0 2 2 0 2 1 1 1 0
1673993661 299 156 48 53 44 10 10 4 4 4 0 0 2 2 0 2 1 1 1 0
1674013482 300 156 49 53 44 10 10 4 4 4 0 0 2 2 0 2 1 1 1 0
1674084408 300 156 50 53 44 10 10 4 4 4 0 0 2 2 0 2 1 1 1 0
1674086637 300 156 51 53 44 10 10 4 4 4 0 0 2 2 0 2 1 1 1 0
1674118621 300 156 53 53 44 11 10 4 4 4 0 0 2 2 0 2 1 1 1 0
1674547978 300 156 53 53 44 11 10 4 4 4 0 1 2 2 0 2 1 1 1 0
1674601411 301 156 53 53 44 11 10 4 4 4 0 1 2 2 0 2 1 1 1 0
1674602606 301 156 53 53 44 11 10 4 4 4 0 1 2 2 0 2 1 1 1 0
1674603138 302 156 53 53 44 11 10 4 4 4 0 1 2 2 0 2 1 1 1 0
1674604676 303 156 53 53 44 11 10 4 4 4 0 1 2 2 0 2 1 1 1 0
1674778147 304 156 53 53 44 11 10 4 4 4 0 1 2 2 0 2 1 1 1 0
1675281795 304 157 55 53 44 11 10 4 4 4 0 1 2 2 0 2 1 1 1 0
1675311419 305 157 55 53 44 11 10 4 4 4 0 1 2 2 0 2 1 1 1 0
1675319792 305 157 55 54 44 11 10 4 4 4 0 1 2 2 0 2 1 1 1 0
1675437289 305 157 55 54 44 11 10 5 4 4 0 1 2 2 0 2 1 1 1 0
1675440705 305 157 55 54 44 12 10 5 4 4 0 1 2 2 0 2 1 1 1 0
1675444605 306 157 55 54 44 12 10 5 4 4 0 1 2 2 0 2 1 1 1 0
1675449700 307 157 55 54 44 12 10 5 4 4 0 1 2 2 0 2 1 1 1 0
1675460511 307 157 55 54 44 12 10 6 4 4 0 1 2 2 0 2 1 1 1 0
1675552235 307 157 55 54 45 12 10 6 4 4 0 1 2 2 0 2 1 1 1 0
1675663832 307 157 57 54 45 12 10 6 4 4 0 1 2 2 0 2 1 1 1 0
1675722561 308 157 57 54 45 12 10 6 4 4 0 1 2 2 0 2 1 1 1 0
1675726037 309 157 57 54 45 12 10 6 4 4 0 1 2 2 0 2 1 1 1 0
1675739127 310 157 57 54 45 12 10 6 4 4 0 1 2 2 0 2 1 1 1 0
1675739213 311 157 57 54 45 12 10 6 4 4 0 1 2 2 0 2 1 1 1 0
1675745177 312 157 57 54 45 12 10 6 4 4 0 1 2 2 0 2 1 1 1 0
1675876347 312 157 58 54 45 12 10 6 4 4 0 1 2 2 0 2 1 1 1 0
1675881357 313 157 58 54 45 12 10 6 4 4 0 1 2 2 0 2 1 1 1 0
1675900408 314 157 58 54 45 12 10 6 4 4 0 1 2 2 0 2 1 1 1 0
1675900714 315 157 58 54 45 12 10 6 4 4 0 1 2 2 0 2 1 1 1 0
1675972624 315 157 58 55 45 12 10 6 4 4 0 1 2 2 0 2 1 1 1 0
1676041683 315 157 58 55 45 12 10 6 4 4 0 1 2 2 0 2 1 1 1 0
1676046501 315 157 58 55 45 12 10 6 4 4 0 1 2 2 0 2 1 1 1 0
1676047937 315 158 58 55 45 12 10 6 4 4 0 1 2 2 0 2 1 1 1 0
1676049496 315 159 59 55 45 12 10 6 4 4 0 1 2 2 0 2 1 1 1 0
1676056522 315 159 59 55 45 13 10 6 4 4 0 1 2 2 0 2 1 1 1 0
1676075200 316 159 59 55 45 13 10 6 4 4 0 1 2 2 0 2 1 1 1 0
1676141089 317 159 59 55 45 13 10 6 4 4 0 1 2 2 0 2 1 1 1 0
1676252723 318 159 59 55 45 13 10 6 4 4 0 1 2 2 0 2 1 1 1 0
1676315910 318 159 60 55 45 13 10 6 4 4 0 1 2 2 0 2 1 1 1 0
1676393038 318 159 62 55 45 13 10 6 4 4 0 1 2 2 0 2 1 1 1 0
1676494090 318 159 62 55 46 13 10 6 4 4 0 1 2 2 0 2 1 1 1 0
1676507750 318 159 64 55 46 13 10 6 4 4 0 1 2 2 0 2 1 1 1 0
1676508930 318 159 65 55 46 13 10 6 4 4 0 1 2 2 0 2 1 1 1 0
1676622982 318 159 65 56 46 13 10 6 4 4 0 1 2 2 0 2 1 1 1 0
1676677764 318 159 65 56 47 13 10 6 4 4 0 1 2 2 0 2 1 1 1 0
1676684993 319 159 65 56 47 13 10 6 4 4 0 1 2 2 0 2 1 1 1 0
1676856351 319 159 66 56 47 13 10 6 4 4 0 1 2 2 0 2 1 1 1 0
1677006772 319 159 67 56 47 13 10 6 4 4 0 1 2 2 0 2 1 1 1 0
1677102008 319 159 68 56 47 13 10 6 4 4 0 1 2 2 0 2 1 1 1 0
1677142977 320 159 68 56 47 13 10 6 4 4 0 1 2 2 0 2 1 1 1 0
1677262214 320 159 69 56 47 13 10 6 4 4 0 1 2 2 0 2 1 1 1 0
1677281446 320 159 71 56 47 13 10 6 4 4 0 1 2 2 0 2 1 1 1 0
1677467404 320 159 71 57 47 13 10 6 4 4 0 1 2 2 0 2 1 1 1 0
1677469995 320 159 71 58 47 13 10 6 4 4 0 1 2 2 0 2 1 1 1 0
1677472055 320 159 71 59 47 13 10 6 4 4 0 1 2 2 0 2 1 1 1 0
1677517368 320 159 71 60 47 13 10 6 4 4 0 1 2 2 0 2 1 1 1 0
1677543563 320 159 71 60 47 13 10 7 4 4 0 1 2 2 0 2 1 1 1 0
1677597417 320 159 71 60 47 14 10 7 4 4 0 1 2 2 0 2 1 1 1 0
1677617949 320 160 71 60 47 14 10 7 4 4 0 1 2 2 0 2 1 1 1 0
1677649709 320 160 71 61 47 14 10 7 4 4 0 1 2 2 0 2 1 1 1 0
1677716552 320 161 71 61 47 14 10 7 4 4 0 1 2 2 0 2 1 1 1 0
1677792121 320 161 72 61 47 14 10 7 4 4 0 1 2 2 0 2 1 1 1 0
1677862781 320 161 72 61 47 14 10 7 4 4 0 2 2 2 0 2 1 1 1 0
1677957772 321 161 72 61 47 14 10 7 4 4 0 2 2 2 0 2 1 1 1 0
1678060592 321 161 72 62 47 14 10 7 4 4 0 2 2 2 0 2 1 1 1 0
1678114145 321 161 72 62 47 14 10 7 4 4 0 2 2 2 0 2 1 1 1 0
1678127387 321 161 72 62 47 15 10 7 4 4 0 2 2 2 0 2 1 1 1 0
1678227709 322 161 72 62 47 15 10 7 4 4 0 2 2 2 0 2 1 1 1 0
1678232774 322 161 72 62 48 15 10 7 4 4 0 2 2 2 0 2 1 1 1 0
1678236662 323 161 72 62 48 15 10 7 4 4 0 2 2 2 0 2 1 1 1 0
1678392091 324 161 72 62 48 15 10 7 4 4 0 2 2 2 0 2 1 1 1 0
1678475855 324 161 72 62 48 15 10 7 4 4 0 2 2 2 0 2 1 1 1 0
1678558300 325 161 72 62 48 15 10 7 4 4 0 2 2 2 0 2 1 1 1 0
1678571337 326 161 72 62 48 15 10 7 4 4 0 2 2 2 0 2 1 1 1 0
1678585834 327 161 72 62 48 15 10 7 4 4 0 2 2 2 0 2 1 1 1 0
1678607307 328 161 72 62 48 15 10 7 4 4 0 2 2 2 0 2 1 1 1 0
1678635691 328 162 72 62 48 15 10 7 4 4 0 2 2 2 0 2 1 1 1 0
1678907329 328 162 72 63 48 15 10 7 4 4 0 2 2 2 0 2 1 1 1 0
1679325198 328 163 72 63 48 15 10 7 4 4 0 2 2 2 0 2 1 1 1 0
1679326843 328 163 72 63 48 16 10 7 4 4 0 2 2 2 0 2 1 1 1 0
1679329397 328 163 72 63 48 16 10 7 4 4 1 2 2 2 0 2 1 1 1 0
1679629587 329 163 72 63 48 16 10 7 4 4 1 2 2 2 0 2 1 1 1 0
1679632992 330 163 72 63 48 16 10 7 4 4 1 2 2 2 0 2 1 1 1 0
1679634398 331 163 72 63 48 16 10 7 4 4 1 2 2 2 0 2 1 1 1 0
1680070046 332 163 72 63 48 16 10 7 4 4 1 2 2 2 0 2 1 1 1 0
1680071269 333 163 72 63 48 16 10 7 4 4 1 2 2 2 0 2 1 1 1 0
1680072282 334 163 72 63 48 16 10 7 4 4 1 2 2 2 0 2 1 1 1 0
1680072301 335 163 72 63 48 16 10 7 4 4 1 2 2 2 0 2 1 1 1 0
1680072320 336 163 72 63 48 16 10 7 4 4 1 2 2 2 0 2 1 1 1 0
1680125632 336 163 72 64 48 16 10 7 4 4 1 2 2 2 0 2 1 1 1 0
1680235655 337 163 72 64 48 16 10 7 4 4 1 2 2 2 0 2 1 1 1 0
1680242233 337 163 72 64 48 16 10 7 4 4 1 2 2 2 0 2 1 1 1 1
1680279469 337 163 72 64 48 16 10 8 4 4 1 2 2 2 0 2 1 1 1 1
1680318204 337 163 72 65 48 16 10 8 4 4 1 2 2 2 0 2 1 1 1 1
1680383325 338 163 72 65 48 16 10 8 4 4 1 2 2 2 0 2 1 1 1 1
1680386916 339 163 72 65 48 16 10 8 4 4 1 2 2 2 0 2 1 1 1 1
1680388560 340 163 72 65 48 16 10 8 4 4 1 2 2 2 0 2 1 1 1 1
1680540795 340 163 72 66 48 16 10 8 4 4 1 2 2 2 0 2 1 1 1 1
1680546306 341 163 72 66 48 16 10 8 4 4 1 2 2 2 0 2 1 1 1 1
1680610000 341 163 72 66 48 16 10 8 4 4 2 2 2 2 0 2 1 1 1 1
1681171205 341 164 72 66 48 16 10 8 4 4 2 2 2 2 0 2 1 1 1 1
1681222368 341 164 72 66 48 17 10 8 4 4 2 2 2 2 0 2 1 1 1 1
1681332779 342 164 72 66 48 17 10 8 4 4 2 2 2 2 0 2 1 1 1 1
1681399686 342 165 72 66 48 17 10 8 4 4 2 2 2 2 0 2 1 1 1 1
1681757881 343 165 72 66 48 17 10 8 4 4 2 2 2 2 0 2 1 1 1 1
1681758469 343 165 72 66 49 17 10 8 4 4 2 2 2 2 0 2 1 1 1 1
1681767683 343 165 72 66 50 17 10 8 4 4 2 2 2 2 0 2 1 1 1 1
1681844635 343 165 72 66 51 17 10 8 4 4 2 2 2 2 0 2 1 1 1 1
1681923758 343 165 72 66 51 18 10 8 4 4 2 2 2 2 0 2 1 1 1 1
1681924647 343 165 72 66 51 19 10 8 4 4 2 2 2 2 0 2 1 1 1 1
1681951567 343 165 74 66 51 19 10 8 4 4 2 2 2 2 0 2 1 1 1 1
1681957920 343 165 74 66 52 19 10 8 4 4 2 2 2 2 0 2 1 1 1 1
1682015273 344 165 74 66 52 19 10 8 4 4 2 2 2 2 0 2 1 1 1 1
1682368618 344 165 74 66 53 19 10 8 4 4 2 2 2 2 0 2 1 1 1 1
1682528511 345 165 74 66 53 19 10 8 4 4 2 2 2 2 0 2 1 1 1 1
1682577268 345 165 74 66 54 19 10 8 4 4 2 2 2 2 0 2 1 1 1 1
1682578511 345 165 74 66 55 19 10 8 4 4 2 2 2 2 0 2 1 1 1 1
1682579256 345 165 74 66 56 19 10 8 4 4 2 2 2 2 0 2 1 1 1 1
1682581254 346 165 74 66 56 19 10 8 4 4 2 2 2 2 0 2 1 1 1 1
1682646208 347 165 74 66 56 19 10 8 4 4 2 2 2 2 0 2 1 1 1 1
1682705252 347 165 74 66 57 19 10 8 4 4 2 2 2 2 0 2 1 1 1 1
1682964431 347 165 74 66 58 19 10 8 4 4 2 2 2 2 0 2 1 1 1 1
1682967689 347 165 74 66 59 19 10 8 4 4 2 2 2 2 0 2 1 1 1 1
1682978864 347 165 74 67 59 19 10 8 4 4 2 2 2 2 0 2 1 1 1 1
1683011632 347 165 74 68 59 19 10 8 4 4 2 2 2 2 0 2 1 1 1 1
1683012464 347 165 74 68 60 19 10 8 4 4 2 2 2 2 0 2 1 1 1 1
1683014580 347 165 74 68 61 19 10 8 4 4 2 2 2 2 0 2 1 1 1 1
1683017892 347 165 74 69 61 19 10 8 4 4 2 2 2 2 0 2 1 1 1 1
1683052416 348 165 74 69 61 19 10 8 4 4 2 2 2 2 0 2 1 1 1 1
1683259803 348 165 74 69 62 19 10 8 4 4 2 2 2 2 0 2 1 1 1 1
1683295793 348 165 74 69 62 20 10 8 4 4 2 2 2 2 0 2 1 1 1 1
1683585206 348 166 74 69 62 20 10 8 4 4 2 2 2 2 0 2 1 1 1 1
1683589371 348 166 74 69 62 20 10 8 4 4 2 2 2 2 1 2 1 1 1 1
1683589410 348 166 74 70 62 20 10 8 4 4 2 2 2 2 1 2 1 1 1 1
1683590653 349 166 74 70 62 20 10 8 4 4 2 2 2 2 1 2 1 1 1 1
1683591000 349 166 74 71 62 20 10 8 4 4 2 2 2 2 1 2 1 1 1 1
1683592288 349 166 74 71 62 20 10 8 4 4 2 2 2 2 2 2 1 1 1 1
1683659019 349 166 74 71 63 20 10 8 4 4 2 2 2 2 2 2 1 1 1 1
1683661782 349 166 74 71 64 20 10 8 4 4 2 2 2 2 2 2 1 1 1 1
1683666749 349 166 74 72 64 20 10 8 4 4 2 2 2 2 2 2 1 1 1 1
1683825557 349 166 74 72 64 20 10 8 4 4 2 2 2 2 2 2 1 1 1 1
1683838538 349 166 74 72 65 20 10 8 4 4 2 2 2 2 2 2 1 1 1 1
1683840287 349 166 74 72 66 20 10 8 4 4 2 2 2 2 2 2 1 1 1 1
1683842629 349 166 74 72 67 20 10 8 4 4 2 2 2 2 2 2 1 1 1 1
1683843300 349 166 74 72 68 20 10 8 4 4 2 2 2 2 2 2 1 1 1 1
