1635462348 0 807 0 0 0 0 0 0 0 0 0 0 0 0 0 0 0 0 0 0
1635470001 0 829 0 0 0 0 0 0 0 0 0 0 0 0 0 0 0 0 0 0
1635473874 0 1734 0 0 0 0 0 0 0 0 0 0 0 0 0 0 0 0 0 0
1635515945 0 1875 0 0 0 0 0 0 0 0 0 0 0 0 0 0 0 0 0 0
1635518238 0 2240 0 0 0 0 0 0 0 0 0 0 0 0 0 0 0 0 0 0
1635608942 0 2576 0 0 0 0 0 0 0 0 0 0 0 0 0 0 0 0 0 0
1635777408 0 2577 0 0 0 0 0 0 0 0 0 0 0 0 0 0 0 0 0 0
1635777472 0 2579 0 0 0 0 0 0 0 0 0 0 0 0 0 0 0 0 0 0
1635877206 0 2591 0 0 0 0 0 0 0 0 0 0 0 0 0 0 0 0 0 0
1635877318 0 2592 0 0 0 0 0 0 0 0 0 0 0 0 0 0 0 0 0 0
1635877419 0 2608 0 0 0 0 0 0 0 0 0 0 0 0 0 0 0 0 0 0
1635879194 0 3023 0 0 0 0 0 0 0 0 0 0 0 0 0 0 0 0 0 0
1636148042 0 3023 0 0 0 0 0 0 0 0 0 0 0 0 0 0 0 0 0 0
1636205055 0 3190 0 0 0 0 0 0 0 0 0 0 0 0 0 0 0 0 0 0
1636210427 0 3198 0 0 0 0 0 0 0 0 0 0 0 0 0 0 0 0 0 0
1636218124 0 3230 0 0 0 0 0 0 0 0 0 0 0 0 0 0 0 0 0 0
1636415704 0 3231 0 0 0 0 0 0 0 0 0 0 0 0 0 0 0 0 0 0
1636732201 0 3261 0 0 0 0 0 0 0 0 0 0 0 0 0 0 0 0 0 0
1636732227 0 3266 0 0 0 0 0 0 0 0 0 0 0 0 0 0 0 0 0 0
1638631930 0 3281 0 0 0 0 0 0 0 0 0 0 0 0 0 0 0 0 0 0
1639253027 0 3322 0 0 0 0 0 0 0 0 0 0 0 0 0 0 0 0 0 0
1639928887 0 3332 0 0 0 0 0 0 0 0 0 0 0 0 0 0 0 0 0 0
1640122994 0 3334 0 0 0 0 0 0 0 0 0 0 0 0 0 0 0 0 0 0
1642472104 0 3334 16 0 0 0 0 0 0 0 0 0 0 0 0 0 0 0 0 0
1644519458 0 3337 16 0 0 0 0 0 0 0 0 0 0 0 0 0 0 0 0 0
1645995944 0 3337 16 0 0 0 0 4 0 0 0 0 0 0 0 0 0 0 0 0
1646436290 0 3449 16 0 0 0 0 4 0 0 0 0 0 0 0 0 0 0 0 0
1648240726 0 3626 16 0 0 0 0 4 0 0 0 0 0 0 0 0 0 0 0 0
1648332570 0 3672 16 0 0 0 0 4 0 0 0 0 0 0 0 0 0 0 0 0
1648437832 0 3784 16 0 0 0 0 4 0 0 0 0 0 0 0 0 0 0 0 0
1649033919 0 3804 16 0 0 0 0 4 0 0 0 0 0 0 0 0 0 0 0 0
1649208646 0 3804 94 0 0 0 0 4 0 0 0 0 0 0 0 0 0 0 0 0
1649283311 0 4089 94 0 0 0 0 4 0 0 0 0 0 0 0 0 0 0 0 0
1649865810 1 4089 94 0 0 0 0 4 0 0 0 0 0 0 0 0 0 0 0 0
1649865919 4 4089 94 0 0 0 0 4 0 0 0 0 0 0 0 0 0 0 0 0
1649866265 5 4089 94 0 0 0 0 4 0 0 0 0 0 0 0 0 0 0 0 0
1649996816 5 4105 94 0 0 0 0 4 0 0 0 0 0 0 0 0 0 0 0 0
1650476198 257 4105 94 0 0 0 0 4 0 0 0 0 0 0 0 0 0 0 0 0
1650479976 257 4107 94 0 0 0 0 4 0 0 0 0 0 0 0 0 0 0 0 0
1650669522 257 4185 94 0 0 0 0 4 0 0 0 0 0 0 0 0 0 0 0 0
1650917985 257 4185 94 0 0 0 0 4 0 0 0 0 0 0 0 0 0 0 0 0
1650919003 257 4268 94 0 0 0 0 4 0 0 0 0 0 0 0 0 0 0 0 0
1650923432 257 4269 94 0 0 0 0 4 0 0 0 0 0 0 0 0 0 0 0 0
1650940854 257 9046 94 0 0 0 0 4 0 0 0 0 0 0 0 0 0 0 0 0
1650947459 257 9055 94 0 0 0 0 4 0 0 0 0 0 0 0 0 0 0 0 0
1650954529 257 9058 94 0 0 0 0 4 0 0 0 0 0 0 0 0 0 0 0 0
1650981522 257 9058 94 0 0 0 0 4 0 0 0 0 0 0 0 0 0 0 0 0
1650981647 298 9058 94 0 0 0 0 4 0 0 0 0 0 0 0 0 0 0 0 0
1650995183 336 9058 94 0 0 0 0 4 0 0 0 0 0 0 0 0 0 0 0 0
1651005367 336 9058 94 0 0 0 0 4 0 0 0 0 0 0 0 0 0 0 0 0
1651005863 336 9196 94 0 0 0 0 4 0 0 0 0 0 0 0 0 0 0 0 0
1651036302 767 9196 94 0 0 0 0 4 0 0 0 0 0 0 0 0 0 0 0 0
1651047597 769 9196 94 0 0 0 0 4 0 0 0 0 0 0 0 0 0 0 0 0
1651047740 777 9196 94 0 0 0 0 4 0 0 0 0 0 0 0 0 0 0 0 0
1651047795 778 9196 94 0 0 0 0 4 0 0 0 0 0 0 0 0 0 0 0 0
1651047864 816 9196 94 0 0 0 0 4 0 0 0 0 0 0 0 0 0 0 0 0
1651047963 888 9196 94 0 0 0 0 4 0 0 0 0 0 0 0 0 0 0 0 0
1651048037 915 9196 94 0 0 0 0 4 0 0 0 0 0 0 0 0 0 0 0 0
1651059175 928 9196 94 0 0 0 0 4 0 0 0 0 0 0 0 0 0 0 0 0
1651059469 1157 9196 94 0 0 0 0 4 0 0 0 0 0 0 0 0 0 0 0 0
1651090602 1432 9196 94 0 0 0 0 4 0 0 0 0 0 0 0 0 0 0 0 0
1651102049 1639 9196 94 0 0 0 0 4 0 0 0 0 0 0 0 0 0 0 0 0
1651193937 1711 9196 94 0 0 0 0 4 0 0 0 0 0 0 0 0 0 0 0 0
1651198076 1711 9196 167 0 0 0 0 4 0 0 0 0 0 0 0 0 0 0 0 0
1651202660 1717 9196 167 0 0 0 0 4 0 0 0 0 0 0 0 0 0 0 0 0
1651202914 1717 9196 167 0 0 303 0 4 0 0 0 0 0 0 0 0 0 0 0 0
1651217820 1773 9196 167 0 0 303 0 4 0 0 0 0 0 0 0 0 0 0 0 0
1651218549 1789 9196 167 0 0 303 0 4 0 0 0 0 0 0 0 0 0 0 0 0
1651244292 2258 9196 167 0 0 303 0 4 0 0 0 0 0 0 0 0 0 0 0 0
1651246835 2425 9196 167 0 0 303 0 4 0 0 0 0 0 0 0 0 0 0 0 0
1651547533 2443 9196 167 0 0 303 0 4 0 0 0 0 0 0 0 0 0 0 0 0
1651605990 2443 9196 167 0 0 1861 0 4 0 0 0 0 0 0 0 0 0 0 0 0
1651609483 2638 9196 167 0 0 1861 0 4 0 0 0 0 0 0 0 0 0 0 0 0
1651636876 3072 9196 167 0 0 1861 0 4 0 0 0 0 0 0 0 0 0 0 0 0
1651640252 3124 9196 167 0 0 1861 0 4 0 0 0 0 0 0 0 0 0 0 0 0
1651643711 3213 9196 167 0 0 1861 0 4 0 0 0 0 0 0 0 0 0 0 0 0
1651706938 3708 9196 167 0 0 1861 0 4 0 0 0 0 0 0 0 0 0 0 0 0
1651801437 3713 9196 167 0 0 1861 0 4 0 0 0 0 0 0 0 0 0 0 0 0
1651801781 3746 9196 167 0 0 1861 0 4 0 0 0 0 0 0 0 0 0 0 0 0
1651965475 3746 9196 167 0 0 1861 0 4 0 0 0 0 0 0 0 0 0 0 2 0
1652027259 5387 9196 167 0 0 1861 0 4 0 0 0 0 0 0 0 0 0 0 2 0
1652027493 5387 9211 167 0 0 1861 0 4 0 0 0 0 0 0 0 0 0 0 2 0
1652112650 5400 9211 167 0 0 1861 0 4 0 0 0 0 0 0 0 0 0 0 2 0
1652249552 5410 9211 167 0 0 1861 0 4 0 0 0 0 0 0 0 0 0 0 2 0
1652251251 5428 9211 167 0 0 1861 0 4 0 0 0 0 0 0 0 0 0 0 2 0
1652291036 5428 9511 167 0 0 1861 0 4 0 0 0 0 0 0 0 0 0 0 2 0
1652293316 5827 9511 167 0 0 1861 0 4 0 0 0 0 0 0 0 0 0 0 2 0
1652305968 5867 9511 167 0 0 1861 0 4 0 0 0 0 0 0 0 0 0 0 2 0
1652315198 5867 9511 1090 0 0 1861 0 4 0 0 0 0 0 0 0 0 0 0 2 0
1652495533 5867 9518 1090 0 0 1861 0 4 0 0 0 0 0 0 0 0 0 0 2 0
1652642903 5867 9518 1789 0 0 1861 0 4 0 0 0 0 0 0 0 0 0 0 2 0
1652643048 5867 9518 1807 0 0 1861 0 4 0 0 0 0 0 0 0 0 0 0 2 0
1652716085 5867 9518 1819 0 0 1861 0 4 0 0 0 0 0 0 0 0 0 0 2 0
1652805147 5867 9520 1819 0 0 1861 0 4 0 0 0 0 0 0 0 0 0 0 2 0
1652892220 5867 9524 1819 0 0 1861 0 4 0 0 0 0 0 0 0 0 0 0 2 0
1653025629 5867 9569 1819 0 0 1861 0 4 0 0 0 0 0 0 0 0 0 0 2 0
1653056173 5879 9569 1819 0 0 1861 0 4 0 0 0 0 0 0 0 0 0 0 2 0
1653312523 5879 9573 1819 0 0 1861 0 4 0 0 0 0 0 0 0 0 0 0 2 0
1653317515 5879 9573 1819 0 0 1861 60 4 0 0 0 0 0 0 0 0 0 0 2 0
1653317526 5879 9573 1819 0 0 1861 67 4 0 0 0 0 0 0 0 0 0 0 2 0
1653319940 5879 9574 1819 0 0 1861 67 4 0 0 0 0 0 0 0 0 0 0 2 0
1653320032 5879 9575 1819 0 0 1861 67 4 0 0 0 0 0 0 0 0 0 0 2 0
1653400959 5879 9816 1819 0 0 1861 67 4 0 0 0 0 0 0 0 0 0 0 2 0
1653506570 5879 9892 1819 0 0 1861 67 4 0 0 0 0 0 0 0 0 0 0 2 0
1653506792 5879 9906 1819 0 0 1861 67 4 0 0 0 0 0 0 0 0 0 0 2 0
1653511117 5879 9953 1819 0 0 1861 67 4 0 0 0 0 0 0 0 0 0 0 2 0
1653512157 5879 9973 1819 0 0 1861 67 4 0 0 0 0 0 0 0 0 0 0 2 0
1653512570 5879 9981 1819 0 0 1861 67 4 0 0 0 0 0 0 0 0 0 0 2 0
1653514268 5879 9986 1819 0 0 1861 67 4 0 0 0 0 0 0 0 0 0 0 2 0
1653515349 5879 9993 1819 0 0 1861 67 4 0 0 0 0 0 0 0 0 0 0 2 0
1653531839 5888 9993 1819 0 0 1861 67 4 0 0 0 0 0 0 0 0 0 0 2 0
1653538208 6125 9993 1819 0 0 1861 67 4 0 0 0 0 0 0 0 0 0 0 2 0
1653576692 6127 9993 1819 0 0 1861 67 4 0 0 0 0 0 0 0 0 0 0 2 0
1653578017 6262 9993 1819 0 0 1861 67 4 0 0 0 0 0 0 0 0 0 0 2 0
1653580832 6368 9993 1819 0 0 1861 67 4 0 0 0 0 0 0 0 0 0 0 2 0
1653609539 6384 9993 1819 0 0 1861 67 4 0 0 0 0 0 0 0 0 0 0 2 0
1653611011 6684 9993 1819 0 0 1861 67 4 0 0 0 0 0 0 0 0 0 0 2 0
1653611463 6738 9993 1819 0 0 1861 67 4 0 0 0 0 0 0 0 0 0 0 2 0
1653625283 6748 9993 1819 0 0 1861 67 4 0 0 0 0 0 0 0 0 0 0 2 0
1653938043 6748 10003 1819 0 0 1861 67 4 0 0 0 0 0 0 0 0 0 0 2 0
1653938370 6748 10707 1819 0 0 1861 67 4 0 0 0 0 0 0 0 0 0 0 2 0
1653941555 7269 10707 1819 0 0 1861 67 4 0 0 0 0 0 0 0 0 0 0 2 0
1653943702 7269 10817 1819 0 0 1861 67 4 0 0 0 0 0 0 0 0 0 0 2 0
1653943831 7269 11312 1819 0 0 1861 67 4 0 1831 0 0 0 0 0 0 0 0 2 0
1653948514 7310 11312 1819 0 0 1861 67 4 0 1831 0 0 0 0 0 0 0 0 2 0
1653964616 7310 11388 1819 0 0 1861 67 4 0 1831 0 0 0 0 0 0 0 0 2 0
1654019400 8502 11388 1819 0 0 1861 67 4 0 1831 0 0 0 0 0 0 0 0 2 0
1654033917 8536 11388 1819 0 0 1861 67 4 0 1831 0 0 0 0 0 0 0 0 2 0
1654036588 8916 11388 1819 0 0 1861 67 4 0 1831 0 0 0 0 0 0 0 0 2 0
1654099706 8916 11475 1819 0 0 1861 67 4 0 1831 0 0 0 0 0 0 0 0 2 0
1654100224 8916 11600 1819 0 0 1861 67 4 0 1831 0 0 0 0 0 0 0 0 2 0
1654102542 8926 11600 1819 0 0 1861 67 4 0 1831 0 0 0 0 0 0 0 0 2 0
1654102626 8994 11724 1819 0 0 1861 67 4 0 1831 0 0 0 0 0 0 0 0 2 0
1654107510 8994 11727 1819 0 0 1861 67 4 0 1831 0 0 0 0 0 0 0 0 2 0
1654107892 8994 11734 1819 0 0 1861 67 4 0 1831 0 0 0 0 0 0 0 0 2 0
1654108507 8994 11739 1819 0 0 1861 67 4 0 1831 0 0 0 0 0 0 0 0 2 0
1654116790 9359 11739 1819 0 0 1861 67 4 0 1831 0 0 0 0 0 0 0 0 2 0
1654121228 9359 11742 1819 0 0 1861 67 4 0 1831 0 0 0 0 0 0 0 0 2 0
1654121657 9359 11783 1819 0 0 1861 67 4 0 1831 0 0 0 0 0 0 0 0 2 0
1654140307 9363 11783 1819 0 0 1861 67 4 0 1831 0 0 0 0 0 0 0 0 2 0
1654204833 9363 11783 1819 0 0 1861 73 4 0 1831 0 0 0 0 0 0 0 0 2 0
1654242792 65540 11783 1819 0 0 1861 73 4 0 1831 0 0 0 0 0 0 0 0 2 0
1654245527 65791 11783 1819 0 0 1861 73 4 0 1831 0 0 0 0 0 0 0 0 2 0
1654249447 65793 11783 1819 0 0 1861 73 4 0 1831 0 0 0 0 0 0 0 0 2 0
1654284249 65793 11783 1819 0 0 1861 81 4 0 1831 0 0 0 0 0 0 0 0 2 0
1654290726 65793 11807 1819 0 0 1861 81 4 0 1831 0 0 0 0 0 0 0 0 2 0
1654290762 65793 11810 1819 0 0 1861 81 4 0 1831 0 0 0 0 0 0 0 0 2 0
1654290787 65793 11811 1819 0 0 1861 81 4 0 1831 0 0 0 0 0 0 0 0 2 0
1654293098 66336 11814 1819 0 0 1861 81 4 0 1831 0 0 0 0 0 0 0 0 2 0
1654294901 66352 11814 1819 0 0 1861 81 4 0 1831 0 0 0 0 0 0 0 0 2 0
1654295289 66369 11814 1819 0 0 1861 81 4 0 1831 0 0 0 0 0 0 0 0 2 0
1654296212 66379 11814 1819 0 0 1861 81 4 0 1831 0 0 0 0 0 0 0 0 2 0
1654298183 66379 11814 1820 0 0 1861 81 4 0 1831 0 0 0 0 0 0 0 0 2 0
1654556072 66379 11814 1820 0 0 1861 327 4 0 1831 0 0 0 0 0 0 0 0 2 0
1654580713 66379 11984 1820 0 0 1861 327 4 0 1831 0 0 0 0 0 0 0 0 2 0
1654612318 66379 11988 1820 0 0 1861 327 4 0 1831 0 0 0 0 0 0 0 0 2 0
1654752846 66833 11988 1820 0 0 1861 327 4 0 1831 0 0 0 0 0 0 0 0 2 0
1654820025 66833 11988 1868 0 0 1861 327 4 0 1831 0 0 0 0 0 0 0 0 2 0
1654820853 66833 11988 1877 0 0 1861 327 4 0 1831 0 0 0 0 0 0 0 0 2 0
1654824784 66833 11989 1877 0 0 1861 327 4 0 1831 0 0 0 0 0 0 0 0 2 0
1654890326 66833 11989 1885 0 0 1861 327 4 0 1831 0 0 0 0 0 0 0 0 2 0
1654890892 66833 11989 1885 5 0 1861 327 4 0 1831 0 0 0 0 0 0 0 0 2 0
1654893542 68271 11991 1885 5 0 1861 327 4 0 1831 0 0 0 0 0 0 0 0 2 0
1654903222 68275 11991 1885 5 0 1861 327 4 0 1831 0 0 0 0 0 0 0 0 2 0
1654992460 68275 11991 1885 8 0 1861 327 4 113 1831 0 0 0 0 0 0 0 0 2 0
1654992954 68275 14104 1885 8 0 1861 327 4 113 1831 0 0 0 0 0 0 0 0 2 0
1655148517 68275 14104 1885 8 0 1861 9555 4 113 1831 0 0 0 0 0 0 0 0 2 0
1655150525 68275 14104 1885 8 0 1861 9555 4 113 1831 0 0 0 0 0 0 0 0 2 0
1655151886 68275 14252 1885 8 0 1861 9555 4 117 1831 0 0 0 0 0 0 0 0 2 0
1655175378 68275 14252 1886 8 0 1861 9555 4 117 1831 0 0 0 0 0 0 0 0 2 0
1655181137 71245 14252 1887 8 0 1861 9555 4 117 1831 0 0 0 0 0 0 0 0 2 0
1655184291 71256 14252 1887 8 0 1861 9555 4 117 1831 0 0 0 0 0 0 0 0 2 0
1655215247 71256 14255 1887 8 0 1861 9555 4 117 1831 0 0 0 0 0 0 0 0 2 0
1655215949 71256 14267 1887 8 0 1861 9555 4 117 1831 0 0 0 0 0 0 0 0 2 0
1655227259 72241 14267 1887 8 0 1861 9555 4 117 1831 0 0 0 0 0 0 0 0 2 0
1655236895 72241 14267 1887 34 0 1861 9555 4 117 1831 0 0 0 0 0 0 0 0 2 0
1655238026 72244 14267 1887 34 0 1861 9555 4 117 1831 0 0 0 0 0 0 0 0 2 0
1655248093 72295 14267 1887 34 0 1861 9555 4 117 1831 0 0 0 0 0 0 0 0 2 0
1655253354 72414 14267 1887 34 0 1861 9555 4 117 1831 0 0 0 0 0 0 0 0 2 0
1655253851 72416 14267 1887 34 0 1861 9555 4 117 1831 0 0 0 0 0 0 0 0 2 0
1655253894 72424 14267 1887 34 0 1861 9555 4 117 1831 0 0 0 0 0 0 0 0 2 0
1655254801 72483 14267 1887 34 0 1861 9555 4 117 1831 0 0 0 0 0 0 0 0 2 0
1655256912 72484 14267 1887 34 0 1861 9555 4 117 1831 0 0 0 0 0 0 0 0 2 0
1655316467 72484 14268 1887 34 0 1861 9555 4 117 1831 0 0 0 0 0 0 0 0 2 0
1655321177 72491 14268 1887 34 0 1861 9555 4 117 1831 0 0 0 0 0 0 0 0 2 0
1655321249 72491 14268 2844 34 0 1861 9555 4 117 1831 0 0 0 0 0 0 0 0 2 0
1655336486 72491 14290 2844 34 0 1861 9555 4 117 1831 0 0 0 0 0 0 0 0 2 0
1655395976 72491 14292 2853 34 0 1861 9555 4 117 1831 0 0 0 0 0 0 0 0 2 0
1655401585 72491 14295 2853 34 0 1861 9555 4 117 1831 0 0 0 0 0 0 0 0 2 0
1655413213 72491 14295 2870 34 0 1861 9555 4 117 1831 0 0 0 0 0 0 0 0 2 0
1655426006 72549 14295 2870 34 0 1861 9555 4 117 1831 0 0 0 0 0 0 0 0 2 0
1655462616 72549 14295 2870 34 0 1861 9555 4 134 1831 0 0 0 0 0 19 3 0 2 0
1655485961 72549 14296 2870 34 0 1861 9555 4 134 1831 0 0 0 0 0 19 3 0 2 0
1655485981 72549 14296 2870 34 0 1861 9555 4 134 1831 0 0 0 0 0 19 3 0 2 0
1655503016 72549 14297 2870 34 0 1861 9555 4 134 1831 0 0 0 0 0 19 3 0 2 0
1655503309 72623 14297 2870 34 0 1861 9555 4 134 1831 0 0 0 0 0 19 3 0 2 0
1655737899 72623 14301 2870 34 0 1861 9555 4 134 1831 0 0 0 0 0 19 3 0 2 0
1655747315 72623 14307 2870 34 0 1861 9555 4 134 1831 0 0 0 0 0 19 3 0 2 0
1655751028 72671 14395 2870 34 0 1861 9555 4 134 1831 0 0 0 0 0 19 3 0 2 0
1655767092 72675 14395 2870 34 0 1861 9555 4 134 1831 0 0 0 0 0 19 3 0 2 0
1655767493 72675 14399 2870 34 0 1861 9555 4 134 1831 0 0 0 0 0 19 3 0 2 0
1655783642 72680 14399 2870 34 0 1861 9555 4 134 1831 0 0 0 0 0 19 3 0 2 0
1655939318 72680 14403 2870 34 0 1861 9555 4 134 1831 0 0 0 0 0 19 3 0 2 0
1655944779 72715 14403 2870 34 0 1861 9555 4 134 1831 0 0 0 0 0 19 3 0 2 0
1656014851 72715 14403 2870 605 0 1861 9569 4 134 1831 0 0 0 0 0 19 3 0 2 0
1656029485 72715 14408 2870 605 0 1861 9569 4 134 1831 0 0 0 0 0 19 3 0 2 0
1656035448 72715 14409 3014 605 0 1861 9569 4 134 1831 0 0 0 0 0 19 3 0 2 0
1656355277 72715 14419 3014 605 0 1861 9569 4 134 1831 0 0 0 0 0 19 3 0 2 0
1656357893 72715 14602 3014 606 146 1861 9569 4 134 1831 0 0 0 0 0 19 3 0 2 0
1656376813 72715 14602 3014 606 146 1861 14110 4 134 1831 0 0 0 0 0 19 3 0 2 0
1656376840 74004 14602 3014 606 146 1861 14110 4 134 1831 0 0 0 0 0 19 3 0 2 0
1656377551 74004 14612 3014 606 146 1861 14110 4 134 1831 0 0 0 0 0 19 3 1 2 0
1656379519 74010 14612 3014 606 146 1861 14110 4 134 1831 0 0 0 0 0 19 3 1 2 0
1656379720 74010 14612 3014 606 146 15177 14110 4 134 1831 0 0 0 0 0 19 3 1 2 0
1656384480 74232 14612 3014 606 146 15177 14110 4 134 1831 0 0 0 0 0 19 3 1 2 0
1656390261 74234 14612 3014 606 146 15177 14110 4 134 1831 0 0 0 0 0 19 3 1 2 0
1656431745 74234 15035 3014 606 146 15177 14110 4 134 1831 0 0 0 0 0 19 3 1 2 0
1656432109 74234 15036 3014 606 146 15177 14110 4 134 1831 0 0 0 0 0 19 3 1 2 0
1656432894 74234 15044 3014 606 146 15177 14110 4 134 1831 0 0 0 0 0 19 3 1 2 0
1656439618 74379 15044 3014 606 146 15177 14110 4 134 1831 0 0 0 0 0 19 3 1 2 0
1656460091 74680 15044 3014 606 146 15177 14110 4 134 1831 0 0 0 0 0 19 3 1 2 0
1656460459 74680 15044 3014 606 276 15177 14110 4 134 1831 0 0 0 0 0 19 3 1 2 0
1656522787 74689 15044 3014 606 276 15177 14110 4 134 1831 0 0 0 0 0 19 3 1 2 0
1656527164 74689 15063 3014 606 276 15177 14110 4 134 1831 0 0 0 0 0 19 3 1 2 0
1656527482 74689 15099 3014 606 276 15177 14110 4 134 1831 0 0 0 0 0 19 3 1 2 0
1656527721 74689 15103 3014 606 276 15177 14110 4 134 1831 0 0 0 0 0 19 3 1 2 0
1656554503 74689 15104 3014 606 276 15177 14110 4 134 1831 0 0 0 0 0 19 3 1 2 0
1656555710 74689 15104 3014 606 276 15177 14122 4 134 1831 0 0 0 0 0 19 3 1 2 0
1656610572 74689 15119 3014 606 276 15177 14122 4 134 1831 0 0 0 0 0 19 3 1 2 0
1657134043 74689 15125 3014 606 276 15177 14122 4 134 1831 0 0 0 0 0 19 3 1 2 0
1657600270 74735 15125 3014 606 276 15177 14122 4 134 1831 0 0 0 0 0 19 3 1 2 0
1657747579 74735 15125 3204 606 276 15177 14122 4 134 1831 0 0 0 0 0 19 3 1 2 0
1657765935 74827 15125 3204 606 276 15177 14122 4 134 1831 0 0 0 0 0 19 3 1 2 0
1657907450 74863 15125 3204 606 276 15177 14122 4 134 1831 0 0 0 0 0 19 3 1 2 0
1657921202 74864 15125 3204 606 276 15177 14122 4 134 1831 0 0 0 0 0 19 3 1 2 0
1657921490 74882 15125 3204 606 276 15177 14122 4 134 1831 0 0 0 0 0 19 3 1 2 0
1657921687 74889 15125 3204 606 276 15177 14122 4 134 1831 0 0 0 0 0 19 3 1 2 0
1657921923 74893 15125 3204 606 276 15177 14122 4 134 1831 0 0 0 0 0 19 3 1 2 0
1657922952 76032 15125 3204 606 276 15177 14122 4 134 1831 0 0 0 0 0 19 3 1 2 0
1657923537 76037 15125 3204 606 276 15177 14122 4 134 1831 0 0 0 0 0 19 3 1 2 0
1658254817 76037 15125 3204 606 276 15177 14122 4 134 1831 0 0 0 369 0 19 3 1 2 0
1658336571 76037 15125 3204 606 382 15177 14122 4 134 1831 0 0 0 369 0 19 3 1 2 0
1658339832 76037 15125 3204 606 382 15177 14122 4 134 1831 0 0 0 369 0 19 3 1 2 0
1658339914 76037 15125 3204 606 552 15177 14122 4 134 1831 0 0 0 369 0 19 3 1 2 0
1658339942 76037 15125 3204 607 552 15177 14122 4 134 1831 0 0 0 369 0 19 3 1 2 0
1658763340 76037 15125 3208 607 552 15177 14122 4 134 1831 0 0 0 369 0 19 3 1 2 0
1658779107 76037 15125 3208 607 552 15772 14122 4 134 1831 0 0 0 369 0 19 3 1 2 0
1658794895 76101 15125 3208 607 552 15772 14122 4 134 1831 0 0 0 369 0 19 3 1 2 0
1658799216 76228 15125 3208 607 552 15772 14122 4 134 1831 0 0 0 369 0 19 3 1 2 0
1658853401 76228 15125 3208 607 552 15774 14122 4 134 1831 0 0 0 369 0 19 3 1 2 0
1658860101 76229 15125 3208 607 552 15774 14122 4 134 1831 0 0 0 369 0 19 3 1 2 0
1658860933 76586 15125 3208 607 552 15774 14122 4 134 1831 0 0 0 369 0 19 3 1 2 0
1658947866 76586 15125 3208 607 552 15800 14122 4 134 1831 0 0 0 369 0 19 3 1 2 0
1658953708 76586 15125 3209 607 552 15800 14122 4 134 1831 0 0 0 369 0 19 3 1 2 0
1659029329 76586 15125 3209 607 552 15802 14122 4 134 1831 0 0 0 369 0 19 3 1 2 0
1659042595 76599 15125 3209 607 552 15802 14122 4 134 1831 0 0 0 369 0 19 3 1 2 0
1659053727 76714 15125 3209 607 552 15802 14122 4 134 1831 0 0 0 369 0 19 3 1 2 0
1659055942 76725 15125 3209 607 552 15802 14122 4 134 1831 0 0 0 369 0 19 3 1 2 0
1659071745 76728 15125 3209 607 552 15802 14122 4 134 1831 0 0 0 369 0 19 3 1 2 0
1659144277 76752 15125 3209 607 552 15802 14122 4 134 1831 0 0 0 369 0 19 3 1 2 0
1659147026 76759 15125 3209 607 552 15802 14122 4 134 1831 0 0 0 369 0 19 3 1 2 0
1659374498 76763 15125 3209 607 552 15802 14122 4 134 1831 0 0 0 369 0 19 3 1 2 0
1659388611 76763 15127 3209 607 552 15802 14122 4 134 1831 0 0 0 369 0 19 3 1 2 0
1659389955 77988 15127 3209 607 552 15802 14122 4 134 1831 0 0 0 369 0 19 3 1 2 0
1659390613 77988 15127 3209 607 552 15802 14122 4 134 1831 0 0 0 409 0 19 3 1 2 0
1659390619 78035 15127 3209 607 552 15802 14122 4 134 1831 0 0 0 409 0 19 3 1 2 0
1659396248 79257 15127 3209 607 552 15802 14122 4 134 1831 0 0 0 409 0 19 3 1 2 0
1659396658 79257 15127 3209 608 552 15802 14122 4 134 1831 0 0 0 409 0 19 3 1 2 0
1659396691 79257 15127 3209 611 552 15802 14122 4 134 1831 0 0 0 409 0 19 3 1 2 0
1659397148 79293 15127 3209 611 552 15802 14122 4 134 1831 0 0 0 409 0 19 3 1 2 0
1659405968 79319 15127 3209 611 552 15802 14122 4 134 1831 0 0 0 409 0 19 3 1 2 0
1659406421 79319 15127 3209 611 552 15802 14122 4 134 1831 0 0 0 409 0 19 3 1 2 0
1659408845 79319 15127 3209 611 552 15802 14122 4 134 2155 0 0 0 409 0 19 3 1 2 0
1659413569 81672 15127 3209 611 552 15802 14122 4 134 2155 0 0 0 409 0 19 3 1 2 0
1659463328 81788 15127 3209 611 552 15802 14122 4 134 2155 0 0 0 409 0 19 3 1 2 0
1659464706 81829 15127 3209 611 552 15802 14122 4 134 2155 0 0 0 409 0 19 3 1 2 0
1659474914 81840 15127 3433 611 552 15802 14122 4 134 2155 0 0 0 409 0 19 3 1 2 0
1659476677 81853 15127 3433 611 552 15802 14122 4 134 2155 0 0 0 409 0 19 3 1 2 0
1659480533 81853 15127 3444 611 552 15802 14122 4 134 2155 0 0 0 409 0 19 3 1 2 0
1659538620 81853 15192 3444 611 552 15802 14122 4 134 2155 0 0 0 409 0 19 3 1 2 0
1659552572 81873 15192 3444 611 552 15802 14122 4 134 2155 0 0 0 409 0 19 3 1 2 0
1659557398 81914 15192 3444 611 552 15802 14122 4 134 2155 0 0 0 409 0 19 3 1 2 0
1659557901 81948 15192 3444 611 552 15802 14122 4 134 2155 0 0 0 409 0 19 3 1 2 0
1659564041 81948 15192 3445 611 552 15802 14122 4 134 2155 0 0 0 409 0 19 3 1 2 0
1659570508 81948 15192 3445 617 552 15802 14122 4 134 2155 0 0 0 409 0 19 3 1 2 0
1659570533 81948 15192 3445 619 552 15802 14122 4 134 2155 0 0 0 409 0 19 3 1 2 0
1659570553 81948 15192 3445 621 552 15802 14122 4 134 2155 0 0 0 409 0 19 3 1 2 0
1659570579 81948 15192 3445 624 552 15802 14122 4 134 2155 0 0 0 409 0 19 3 1 2 0
1659571182 81948 15192 3445 760 552 15802 14122 4 134 2155 0 0 0 409 0 19 3 1 2 0
1659654814 81948 15211 3445 760 552 15802 14122 4 134 2155 0 0 0 409 0 19 3 1 2 0
1659728380 81948 15211 3445 760 552 15802 14122 4 134 2155 0 0 0 409 0 19 3 1 2 0
1659733383 81965 15211 3445 760 552 15802 14122 4 134 2155 0 0 0 409 0 19 3 1 2 0
1659887156 81965 15211 3445 760 552 15802 14122 4 134 2155 0 0 0 409 0 19 3 1 2 0
1659912945 81974 15211 3445 760 552 15802 14122 4 134 2155 0 0 0 409 0 19 3 1 2 0
1659913974 81974 15211 3445 800 552 15802 14122 4 134 2155 0 0 0 409 0 19 3 1 2 0
1659916614 81974 15211 3445 800 552 15802 14122 4 134 2155 0 0 0 409 0 19 3 1 2 0
1659985398 81974 15214 3445 800 552 15802 14122 4 134 2155 0 0 0 409 0 19 3 1 2 0
1659992520 81974 15220 3445 800 552 15802 14122 4 134 2155 0 0 0 409 0 19 3 1 2 0
1660060229 81974 15323 3445 800 552 15802 14122 4 134 2155 0 0 0 409 0 19 3 1 2 0
1660162896 81974 16044 3445 800 552 15802 14122 4 134 2155 0 0 0 409 0 19 3 1 2 0
1660237358 81974 16060 3445 800 552 15802 14122 4 134 2155 0 0 0 409 0 19 3 1 2 0
1660442701 82259 16060 3445 800 552 15802 14122 4 134 2155 0 0 0 409 0 19 3 1 2 0
1660535851 82264 16060 3445 800 552 15802 14122 4 134 2155 0 0 0 409 0 19 3 1 2 0
1660635195 82898 16060 3445 800 552 15802 14122 4 134 2155 0 0 0 409 0 19 3 1 2 0
1660694521 82936 16060 3445 800 552 15802 14122 4 134 2155 0 0 0 409 0 19 3 1 2 0
1660697891 83423 16060 3445 800 552 15802 14122 4 134 2155 0 0 0 409 0 19 3 1 2 0
1660720451 83423 16060 3445 800 552 15802 14122 4 134 7442 0 0 0 409 0 19 3 1 2 0
1660721777 83443 16060 3445 800 552 15802 14122 4 134 7442 0 0 0 409 0 19 3 1 2 0
1660834463 83570 16060 3445 800 552 15802 14122 4 134 7442 0 0 0 409 0 19 3 1 2 0
1660951483 83570 16064 3445 800 552 15802 14122 4 134 7442 0 0 0 409 0 19 3 1 2 0
1661175988 83570 16065 3445 800 552 15802 14122 4 134 7442 0 0 0 409 0 19 3 1 2 0
1661267387 83779 16065 3445 800 552 15802 14122 4 134 7442 0 0 0 409 0 19 3 1 2 0
1661268736 83832 16065 3445 800 552 15802 14122 4 134 7442 0 0 0 409 0 19 3 1 2 0
1661280188 83832 16065 3445 835 552 15802 14122 4 134 7442 0 0 0 409 0 19 3 1 2 0
1661292667 83832 16065 3445 839 552 15802 14122 4 134 7442 0 0 0 409 0 19 3 1 2 0
1661315458 83834 16065 3445 839 552 15802 14122 4 134 7442 0 0 0 409 0 19 3 1 2 0
1661353034 83834 16166 3445 839 552 15802 14122 4 134 7442 0 0 0 409 0 19 3 1 2 0
1661353113 83834 16167 3445 839 552 15802 14122 4 134 7442 0 0 0 409 0 19 3 1 2 0
1661368252 83834 16168 3445 839 552 15802 14122 4 134 7442 0 0 0 409 0 19 3 1 2 0
1661369148 83834 16274 3445 839 552 15802 14122 4 134 7442 0 0 0 409 0 19 3 1 2 0
1661439725 83834 16274 3445 839 552 15802 14122 4 134 7442 0 0 0 409 0 19 3 1 2 0
1661565438 84030 16274 3445 839 552 15802 14122 4 134 7442 0 0 0 409 0 19 3 1 2 0
1661568552 84150 16274 3445 839 552 15802 14122 4 134 7442 0 0 0 409 0 19 3 1 2 0
1661571686 84150 16274 3445 840 552 15802 14122 4 134 7442 0 0 0 409 0 19 3 1 2 0
1661574007 84150 16274 3445 1031 552 15802 14122 4 134 7442 0 0 0 409 0 19 3 1 2 0
1661576056 84151 16274 3445 1031 552 15802 14122 4 134 7442 0 0 0 409 0 19 3 1 2 0
1661792825 84158 16274 3445 1031 552 15802 14122 4 134 7442 0 0 0 409 0 19 3 1 2 0
1661964658 84205 16274 3445 1031 552 15802 14122 4 134 7442 0 0 0 409 0 19 3 1 2 0
1661969400 84995 16274 3445 1031 552 15802 14122 4 134 7442 0 0 0 409 0 19 3 1 2 0
1661980222 84995 16274 3445 1031 557 15802 14122 4 134 7442 0 0 0 409 0 19 3 1 2 0
1661995757 85308 16274 3445 1031 557 15802 14122 4 134 7442 0 0 0 409 0 19 3 1 2 0
1662082623 85308 16274 3445 1031 578 15802 14122 4 134 7442 0 0 0 409 0 19 3 1 2 0
1662436807 85308 16274 3445 1032 1226 15802 14122 4 134 7442 0 0 0 409 0 19 3 1 2 0
1662562778 85308 16278 3445 1032 1226 15802 14122 4 134 7442 0 0 0 409 0 19 3 1 2 0
1662563747 85308 16278 3445 1032 1226 15802 14122 4 134 7442 0 0 0 409 0 19 3 1 2 0
1662676428 85308 16278 3445 1035 1226 15802 14122 4 134 7442 0 0 0 409 0 19 3 1 2 0
1662676617 85308 16278 3445 1036 1226 15802 14122 4 134 7442 0 0 0 409 0 19 3 1 2 0
1662744195 85308 16278 3445 1056 1226 15802 14122 4 134 7442 0 0 0 409 0 19 3 1 2 0
1662765065 85352 16278 3445 1056 1226 15802 14122 4 134 7442 0 0 0 409 0 19 3 1 2 0
1662767758 85368 16278 3445 1056 1226 15802 14122 4 134 7442 0 0 0 409 0 19 3 1 2 0
1662837892 85447 16278 3445 1056 1226 15802 14122 4 134 7442 0 0 0 409 0 19 3 1 2 0
1662853167 85447 16278 3445 1110 1226 15802 14122 4 134 7442 0 0 0 409 0 19 3 1 2 0
1662853373 85447 16278 3445 1112 1226 15802 14122 4 134 7442 0 0 0 409 0 19 3 1 2 0
1662922291 93517 16278 3445 1112 1226 15802 14122 4 134 7442 0 0 0 409 0 19 3 1 2 0
1663097331 93517 16278 3445 1154 1226 15802 14122 4 134 7442 0 0 0 409 0 19 3 1 2 0
1663134635 93535 16278 3445 1154 1226 15802 14122 4 134 7442 0 0 0 409 0 19 3 1 2 0
1663182881 93535 16278 3445 1154 1226 15802 14122 4 134 7442 0 0 0 409 0 19 3 1 2 0
1663257328 93535 16278 3445 1154 1226 15802 14218 4 134 7442 0 0 0 409 0 19 3 1 2 0
1663258044 93535 16278 3445 1154 1328 15802 14218 4 134 7442 0 0 0 409 0 19 3 1 2 0
1663265545 93535 16278 3447 1154 1328 15802 14218 4 134 7442 0 0 0 409 0 19 3 1 2 0
1663332378 93535 16278 3447 1154 1328 15802 14218 4 134 7442 0 0 0 409 0 19 3 1 2 0
1663333467 94132 16278 3447 1154 1328 15802 14218 4 134 7442 0 0 0 409 0 19 3 1 2 0
1663335084 94132 16310 3447 1154 1328 15802 14218 4 134 7442 0 0 0 409 0 19 3 1 2 0
1663342459 94143 16310 3447 1154 1328 15802 14218 4 134 7442 0 0 0 409 0 19 3 1 2 0
1663354408 94143 16311 3447 1154 1328 15802 14218 4 134 7442 0 0 0 409 0 19 3 1 2 0
1663362291 94143 16311 3454 1154 1328 15802 14218 4 134 7442 0 0 0 409 0 19 3 1 2 0
1663623275 94143 16311 3454 1464 1328 15802 14218 4 134 7442 0 0 0 409 0 19 3 1 2 0
1663624294 94143 16311 3454 1465 1328 15802 14218 4 134 7442 0 0 0 409 0 19 3 1 2 0
1663688944 94143 16312 3454 1465 1328 15802 14218 4 134 7442 0 0 0 409 0 19 3 1 2 0
1663691005 94143 16314 3454 1465 1328 15802 14218 4 134 7442 0 0 0 409 0 19 3 1 2 0
1663691092 94143 16322 3454 1465 1328 15802 14218 4 134 7442 0 0 0 409 0 19 3 1 2 0
1663702481 94143 16325 3454 1465 1328 15802 14218 4 134 7442 0 0 0 409 0 19 3 1 2 0
1663794089 94143 16326 3454 1465 1328 15802 14218 4 134 7442 0 0 0 409 0 19 3 1 2 0
1663804737 94143 16327 3454 1465 1328 15802 14218 4 134 7442 0 0 0 409 0 19 3 1 2 0
1663915485 94143 16327 3454 1475 1328 15802 14218 4 134 7442 0 0 0 409 0 19 3 1 2 0
1663916156 94143 16327 3454 1512 1328 15802 14218 4 134 7442 0 0 0 409 0 19 3 1 2 0
1664050819 94143 16327 3454 1512 1337 15802 14218 4 134 7442 0 0 0 409 0 19 3 1 2 0
1664054928 94143 16327 3454 1512 1338 15802 14218 4 134 7442 0 0 0 409 0 19 3 1 2 0
1664378865 94143 16327 3454 1512 1338 15935 14218 4 134 7442 0 0 0 409 0 19 3 1 2 0
1664387624 94143 16327 3454 1512 1351 15935 14218 4 134 7442 0 0 0 409 0 19 3 1 2 0
1664504581 94229 16327 3454 1512 1351 15935 14218 4 134 7442 0 0 0 409 0 19 3 1 2 0
1664658303 94229 16327 3454 1512 1364 15935 14218 4 134 7442 0 0 0 409 0 19 3 1 2 0
1664825169 94229 16327 3454 1512 1399 15935 14218 4 134 7442 0 0 0 409 0 19 3 1 2 0
1664836025 94229 16327 3454 1512 1399 15935 14218 4 134 7442 0 0 53 409 0 19 3 1 2 0
1664839003 94233 16327 3454 1512 1399 15935 14218 4 134 7442 0 0 53 409 0 19 3 1 2 0
1664916625 94233 16327 3454 1513 1399 15935 14218 4 134 7442 0 0 53 409 0 19 3 1 2 0
1664918826 94320 16327 3455 1513 1399 15935 14218 4 134 7442 0 0 53 409 0 19 3 1 2 0
1665006992 94322 16327 3455 1513 1399 15935 14218 4 134 7442 0 0 53 409 0 19 3 1 2 0
1665092978 94441 16327 3455 1513 1399 15935 14218 4 134 7442 0 0 53 409 0 19 3 1 2 0
1665178160 94451 16327 3455 1513 1399 15935 14218 4 134 7442 0 0 53 409 0 19 3 1 2 0
1665180282 94534 16327 3455 1513 1399 15935 14218 4 134 7442 0 0 53 409 0 19 3 1 2 0
1665259371 94534 16327 3455 1513 1399 15935 14218 4 134 7442 0 0 1207 409 0 19 3 1 2 0
1665260319 94538 16327 3455 1513 1399 15935 14218 4 134 7442 0 0 1207 409 0 19 3 1 2 0
1665260936 94546 16327 3455 1513 1399 15935 14218 4 134 7442 0 0 1207 409 0 19 3 1 2 0
1665509242 94546 16327 3455 3004 1399 15935 14218 4 134 7442 0 0 1207 409 0 19 3 1 2 0
1665518101 94546 16327 3455 3004 1558 15935 14218 4 134 7442 0 0 1207 409 0 19 3 1 2 0
1665519411 94546 16327 3455 3004 1558 15939 14218 4 134 7442 0 0 1207 409 0 19 3 1 2 0
1665590820 94581 16327 3455 3004 1558 15939 14218 4 134 7442 0 0 1207 409 0 19 3 1 2 0
1665674574 94581 16327 3455 3004 1561 15939 14218 4 134 7442 0 0 1207 409 0 19 3 1 2 0
1665762920 94581 16327 3455 3004 1567 15939 14218 4 134 7442 0 0 1207 409 0 19 3 1 2 0
1665769559 94581 16327 3455 3004 1572 15939 14218 4 134 7442 0 0 1207 409 0 19 3 1 2 0
1665770603 94581 16327 3455 3004 1573 15939 14218 4 134 7442 0 0 1207 409 0 19 3 1 2 0
1665776999 94581 16327 3455 3010 1573 15939 14218 4 134 7442 0 0 1207 409 0 19 3 1 2 0
1665778172 94581 16327 3455 3032 1573 15939 14218 4 134 7442 0 0 1207 409 0 19 3 1 2 0
1665778957 94581 16327 3455 4152 1573 15939 14218 4 134 7442 0 0 1207 409 0 19 3 1 2 0
1666026492 94581 16327 3455 4154 1573 15939 14218 4 134 7442 0 0 1207 409 0 19 3 1 2 0
1666026930 94581 16327 3455 4154 1579 15939 14218 4 134 7442 0 0 1207 409 0 19 3 1 2 0
1666027365 94581 16327 3455 4154 1592 15939 14218 4 134 7442 0 0 1207 409 0 19 3 1 2 0
1666135008 94581 16327 3455 4154 2040 15939 14218 4 134 7442 0 0 1207 409 0 19 3 1 2 0
1666143112 94582 16327 3455 4154 2040 15939 14218 4 134 7442 0 0 1207 409 0 19 3 1 2 0
1666144193 94662 16327 3455 4154 2040 15939 14218 4 134 7442 0 0 1207 409 0 19 3 1 2 0
1666287094 94682 16327 3455 4154 2040 15939 14218 4 134 7442 0 0 1207 409 0 19 3 1 2 0
1666293586 94682 16327 3455 4426 2202 15939 14218 4 134 7442 0 0 1207 409 0 19 3 1 2 0
1666380200 94866 16327 3455 4426 2202 15939 14218 4 134 7442 0 0 1207 409 0 19 3 1 2 0
1666388300 94866 16327 3455 4426 2202 15939 14218 4 134 7442 0 0 1207 409 0 19 3 1 2 0
1666389065 94871 16327 3455 4426 2202 15939 14218 4 134 7442 0 0 1207 409 0 19 3 1 2 0
1666389553 94875 16327 3455 4426 2202 15939 14218 4 134 7442 0 0 1207 409 0 19 3 1 2 0
1666394407 95683 16327 3455 4426 2202 15939 14218 4 134 7442 0 0 1207 409 0 19 3 1 2 0
1666395586 95683 16351 3455 4426 2207 15939 14218 4 134 7442 0 0 1207 409 0 19 3 1 2 0
1666398688 95683 16351 3455 4426 2404 15939 14218 4 134 7442 0 0 1207 409 0 19 3 1 2 0
1666641774 95683 16351 3455 4426 2404 15939 14218 4 134 7442 0 0 1207 409 0 19 3 1 2 0
1666646290 95869 16351 3455 4426 2404 15939 14218 4 134 7442 0 0 1207 409 0 19 3 1 2 0
1666724686 96953 16351 3455 4426 2404 15939 14218 4 134 7442 0 0 1207 409 0 19 3 1 2 0
1666727244 96953 16351 3455 4426 2405 15939 14218 4 134 7442 0 0 1207 409 0 19 3 1 2 0
1666740778 96953 16352 3455 4426 2405 15939 14218 4 134 7442 0 0 1207 409 0 19 3 1 2 0
1666826689 96989 16352 3455 4426 2405 15939 14218 4 134 7442 0 0 1207 409 0 19 3 1 2 0
1666892022 96989 16352 3455 4426 2516 15939 14218 4 134 7442 0 0 1207 409 0 19 3 1 2 0
1666893417 97041 16352 3455 4426 2516 15939 14218 4 134 7442 0 0 1207 409 0 19 3 1 2 0
1666901408 97041 16352 3455 4426 2533 15939 14218 4 134 7442 0 0 1207 409 0 19 3 1 2 0
1666904036 97041 16352 3455 4426 2534 15939 14218 4 134 7442 0 0 1207 409 0 19 3 1 2 0
1666969825 97041 16352 3455 4426 2534 15939 14218 4 134 7442 0 0 1207 409 0 19 3 1 2 0
1666975656 97041 16370 3455 4426 2545 15939 14218 4 134 7442 0 0 1207 409 0 19 3 1 2 0
1666995162 97051 16370 3455 4426 2545 15939 14218 4 134 7442 0 0 1207 409 0 19 3 1 2 0
1667001302 97228 16370 3455 4426 2545 15939 14218 4 134 7442 0 0 1207 409 0 19 3 1 2 0
1667001824 97232 16370 3455 4426 2545 15939 14218 4 134 7442 0 0 1207 409 0 19 3 1 2 0
1667085747 97247 16370 3455 4426 2545 15939 14218 4 134 7442 0 0 1207 409 0 19 3 1 2 0
1667086267 97267 16370 3455 4426 2545 15939 14218 4 134 7442 0 0 1207 409 0 19 3 1 2 0
1667086323 97268 16370 3455 4426 2545 15939 14218 4 134 7442 0 0 1207 409 0 19 3 1 2 0
1667086386 97269 16370 3455 4426 2545 15939 14218 4 134 7442 0 0 1207 409 0 19 3 1 2 0
1667086453 97270 16370 3455 4426 2545 15939 14218 4 134 7442 0 0 1207 409 0 19 3 1 2 0
1667205829 97270 16370 3458 4426 2545 15939 14218 4 134 7442 0 0 1207 409 0 19 3 1 2 0
1667238694 97270 16396 3458 4426 2545 15939 14218 4 134 7442 0 0 1207 409 0 19 3 1 2 0
1667291511 97270 16396 3458 4426 2545 15939 14218 4 134 7442 0 0 1207 409 0 19 3 1 2 0
1667334907 97441 16396 3458 4426 2557 15939 14218 4 134 7442 0 0 1207 409 0 19 3 1 2 0
1667337577 97441 16396 3458 4426 2648 15939 14218 4 134 7442 0 0 1207 409 0 19 3 1 2 0
1667419179 97454 16396 3458 4426 2648 15939 14218 4 134 7442 0 0 1207 409 0 19 3 1 2 0
1667429066 97454 16396 3458 4426 2668 15939 14218 4 134 7442 0 0 1207 409 0 19 3 1 2 0
1667434298 97597 16396 3458 4426 2668 15939 14218 4 134 7442 0 0 1207 409 0 19 3 1 2 0
1667442151 97616 16396 3458 4426 2668 15939 14218 4 134 7442 0 0 1207 409 0 19 3 1 2 0
1667455644 97620 16396 3458 4426 2668 15939 14218 4 134 7442 0 0 1207 409 0 19 3 1 2 0
1667489019 97633 16396 3458 4426 2668 15939 14218 4 134 7442 0 0 1207 409 0 19 3 1 2 0
1667489133 97634 16396 3458 4426 2668 15939 14218 4 134 7442 0 0 1207 409 0 19 3 1 2 0
1667497902 97634 16396 3458 4429 2668 15939 14218 4 134 7442 0 0 1207 409 0 19 3 1 2 0
1667501830 97634 16396 3458 4429 2692 15939 14218 4 134 7442 0 0 1207 409 0 19 3 1 2 0
1667592922 97789 16396 3458 4429 2692 15939 14218 4 134 7442 0 0 1207 409 0 19 3 1 2 0
1667593034 98539 16396 3458 4429 2692 15939 14218 4 134 7442 0 0 1207 409 0 19 3 1 2 0
1667593450 98540 16396 3458 4429 2692 15939 14218 4 134 7442 0 0 1207 409 0 19 3 1 2 0
1667609373 98540 16396 3458 4429 2692 15939 14218 58 134 7442 0 0 1207 409 0 19 3 1 2 0
1667783500 98540 16396 3458 4431 2692 15939 14218 58 134 7442 0 0 1207 409 0 19 3 1 2 0
1667881178 98540 16396 3458 4434 2692 15939 14218 58 134 7442 0 0 1207 409 0 19 3 1 2 0
1667892706 98613 16396 3458 4434 2692 15939 14218 58 134 7442 0 0 1207 409 0 19 3 1 2 0
1667892786 98614 16396 3458 4434 2692 15939 14218 58 134 7442 0 0 1207 409 0 19 3 1 2 0
1667893760 98615 16396 3458 4434 2692 15939 14218 58 134 7442 0 0 1207 409 0 19 3 1 2 0
1667904374 98615 16396 3458 4548 2692 15939 14218 58 134 7442 0 0 1207 409 0 19 3 1 2 0
1667946350 98615 16396 3458 4548 2814 15939 14218 58 134 7442 0 0 1207 409 0 19 3 1 2 0
1668266930 98623 16396 3458 4548 2814 15939 14218 58 134 7442 0 0 1207 409 0 19 3 1 2 0
1668267812 98655 16396 3458 4548 2814 15939 14218 58 134 7442 0 0 1207 409 0 19 3 1 2 0
1668280829 98700 16396 3458 4548 2814 15939 14218 58 134 7442 0 0 1207 409 0 19 3 1 2 0
1668285926 98714 16396 3458 4548 2814 15939 14218 58 134 7442 0 0 1207 409 0 19 3 1 2 0
1668448608 98714 16396 3458 4551 2831 15939 14218 58 134 7442 0 0 1207 409 0 19 3 1 2 0
1668451946 98727 16396 3458 4551 2831 15939 14218 58 134 7442 0 0 1207 409 0 19 3 1 2 0
1668575555 98734 16396 3458 4551 2831 15939 14218 58 134 7442 0 0 1207 409 0 19 3 1 2 0
1668592631 98737 16396 3458 4551 2831 15939 14218 58 134 7442 0 0 1207 409 0 19 3 1 2 0
1668619454 98737 16396 3458 4551 2837 15939 14218 58 134 7442 0 0 1207 409 0 19 3 1 2 0
1668625276 98738 16396 3458 4551 2837 15939 14218 58 134 7442 0 0 1207 409 0 19 3 1 2 0
1668625511 98741 16396 3458 4551 2837 15939 14218 58 134 7442 0 0 1207 409 0 19 3 1 2 0
1668643977 98744 16396 3458 4551 2837 15939 14218 58 134 7442 0 0 1207 409 0 19 3 1 2 0
1668724618 98745 16396 3458 4551 2837 15939 14218 58 134 7442 0 0 1207 409 0 19 3 1 2 0
1668748452 98755 16396 3458 4551 2837 15939 14218 58 134 7442 0 0 1207 409 0 19 3 1 2 0
1668752485 98756 16396 3458 4551 2837 15939 14218 58 134 7442 0 0 1207 409 0 19 3 1 2 0
1668781514 98757 16396 3458 4551 2837 15939 14218 58 134 7442 0 0 1207 409 0 19 3 1 2 0
1668781928 98758 16396 3458 4551 2837 15939 14218 58 134 7442 0 0 1207 409 0 19 3 1 2 0
1668792793 98830 16396 3458 4551 2837 15939 14218 58 134 7442 0 0 1207 409 0 19 3 1 2 0
1668792807 98855 16396 3458 4551 2837 15939 14218 58 134 7442 0 0 1207 409 0 19 3 1 2 0
1668794328 98856 16396 3458 4551 2837 15939 14218 58 134 7442 0 0 1207 409 0 19 3 1 2 0
1668803681 98858 16396 3458 4551 2837 15939 14218 58 134 7442 0 0 1207 409 0 19 3 1 2 0
1668803693 98941 16396 3458 4551 2837 15939 14218 58 134 7442 0 0 1207 409 0 19 3 1 2 0
1668806817 98945 16396 3458 4551 2837 15939 14218 58 134 7442 0 0 1207 409 0 19 3 1 2 0
1668885277 98955 16396 3458 4551 2837 15939 14218 58 134 7442 0 0 1207 409 0 19 3 1 2 0
1668886847 99007 16396 3458 4551 2837 15939 14218 58 134 7442 0 0 1207 409 0 19 3 1 2 0
1668968271 99011 16396 3458 4551 2837 15939 14218 58 134 7442 0 0 1207 409 0 19 3 1 2 0
1669170327 99050 16396 3458 4551 2837 15939 14218 58 134 7442 0 0 1207 409 0 19 3 1 2 0
1669187236 99989 16396 3458 4551 2837 15939 14218 58 134 7442 0 0 1207 409 0 19 3 1 2 0
1669191467 99989 16396 3458 4557 2837 15939 14218 58 134 7442 0 0 1207 409 0 19 3 1 2 0
1669191535 99989 16396 3458 4568 2837 15939 14218 58 134 7442 0 0 1207 409 0 19 3 1 2 0
1669233077 100056 16396 3458 4568 2837 15939 14218 58 134 7442 0 0 1207 409 0 19 3 1 2 0
1669233755 102595 16396 3458 4568 2837 15939 14218 58 134 7442 0 0 1207 409 0 19 3 1 2 0
1669250893 106343 16396 3458 4568 2837 15939 14218 58 134 7442 0 0 1207 409 0 19 3 1 2 0
1669253290 106377 16396 3458 4568 2837 15939 14218 58 134 7442 0 0 1207 409 0 19 3 1 2 0
1669578491 106377 16457 3458 4568 2837 15939 14218 58 134 7442 0 0 1207 409 0 19 3 1 2 0
1669586325 106377 16544 3458 4568 2837 15939 14218 58 134 7442 0 0 1207 409 0 19 3 1 2 0
1669587534 106377 16544 3458 4572 2837 15939 14218 58 134 7442 0 0 1207 409 0 19 3 1 2 0
1669592066 106394 16544 3458 4572 2837 15939 14218 58 134 7442 0 0 1207 409 0 19 3 1 2 0
1669592088 106406 16544 3475 4572 2837 15939 14218 58 134 7442 0 0 1207 409 0 19 3 1 2 0
1669760117 106409 16544 3475 4572 2837 15939 14218 58 134 7442 0 0 1207 409 0 19 3 1 2 0
1669760806 106419 16544 3475 4572 2837 15939 14218 58 134 7442 0 0 1207 409 0 19 3 1 2 0
1669761389 106421 16544 3475 4572 2837 15939 14218 58 134 7442 0 0 1207 409 0 19 3 1 2 0
1669761847 106422 16544 3475 4572 2837 15939 14218 58 134 7442 0 0 1207 409 0 19 3 1 2 0
1669770570 106422 16545 3475 4572 2837 15939 14218 58 134 7442 0 0 1207 409 0 19 3 1 2 0
1669829368 106422 16545 3475 4572 2837 15939 14218 58 134 7442 0 0 1207 409 0 19 3 1 2 0
1669834549 106431 16545 3475 4572 2837 15939 14218 58 134 7442 0 0 1207 409 0 19 3 1 2 0
1669846449 108984 16545 3475 4572 2837 15939 14218 58 134 7442 0 0 1207 409 0 19 3 1 2 0
1669849824 108988 16545 3475 4572 2837 15939 14218 58 134 7442 0 0 1207 409 0 19 3 1 2 0
1669859577 108993 16545 3475 4572 2837 15939 14218 58 134 7442 0 0 1207 409 0 19 3 1 2 0
1669879824 109021 16545 3475 4572 2837 15939 14218 58 134 7442 0 0 1207 409 0 19 3 1 2 0
1669928817 109105 16545 3475 4572 2837 15939 14218 58 134 7442 0 0 1207 409 0 19 3 1 2 0
1669953741 109129 16545 3475 4572 2837 15939 14218 58 134 7442 0 0 1207 409 0 19 3 1 2 0
1670003581 109130 16545 3475 4572 2837 15939 14218 58 134 7442 0 0 1207 409 0 19 3 1 2 0
1670110855 109134 16545 3475 4572 2837 15939 14218 58 134 7442 0 0 1207 409 0 19 3 1 2 0
1670112133 109136 16545 3475 4572 2837 15939 14218 58 134 7442 0 0 1207 409 0 19 3 1 2 0
1670457797 109142 16545 3475 4572 2837 15939 14218 58 134 7442 0 0 1207 409 0 19 3 1 2 0
1670457808 109192 16545 3475 4572 2837 15939 14218 58 134 7442 0 0 1207 409 0 19 3 1 2 0
1670458596 109193 16545 3475 4572 2837 15939 14218 58 134 7442 0 0 1207 409 0 19 3 1 2 0
1670459230 110165 16545 3475 4572 2837 15939 14218 58 134 7442 0 0 1207 409 0 19 3 1 2 0
1670459260 110165 16545 3475 4572 2837 15939 14218 58 134 7442 0 0 1207 409 0 19 3 1 2 0
1670520491 117110 16545 3475 4572 2837 15939 14218 58 134 7442 0 0 1207 409 0 19 3 1 2 0
1670526896 117115 16545 3475 4572 2837 15939 14218 58 134 7442 0 0 1207 409 0 19 3 1 2 0
1670526941 117115 16545 3475 4572 2837 17160 14218 58 134 7442 0 0 1207 409 0 19 3 1 2 0
1670528100 118272 16545 3475 4572 2837 17160 14218 58 134 7442 0 0 1207 409 0 19 3 1 2 0
1670535568 118295 16545 3475 4572 2837 17160 14218 58 134 7442 0 0 1207 409 0 19 3 1 2 0
1670539057 118353 16545 3475 4572 2837 17160 14218 58 134 7442 0 0 1207 409 0 19 3 1 2 0
1670542960 118354 16545 3475 4572 2837 17160 14218 58 134 7442 0 0 1207 409 0 19 3 1 2 0
1670548326 118363 16545 3475 4572 2837 17160 14218 58 134 7442 0 0 1207 409 0 19 3 1 2 0
1670548753 118528 16545 3475 4572 2837 17160 14218 58 134 7442 0 0 1207 409 0 19 3 1 2 0
1670572315 118529 16545 3475 4572 2837 17160 14218 58 134 7442 0 0 1207 409 0 19 3 1 2 0
1670601982 118529 16545 3475 4572 2837 17160 14218 58 134 7442 0 0 1207 409 0 19 3 1 2 0
1670999344 120341 16545 3475 4572 2837 17160 14218 58 134 7442 0 0 1207 409 0 19 3 1 2 0
1671044736 120410 16545 3475 4572 2837 17160 14218 58 134 7442 0 0 1207 409 0 19 3 1 2 0
1671050231 120410 16557 3475 4572 2837 17160 14218 58 134 7442 0 0 1207 409 0 19 3 1 2 0
1671056275 120730 16557 3475 4572 2837 17160 14218 58 134 7442 0 0 1207 409 0 19 3 1 2 0
1671063704 120791 16557 3475 4572 2837 17160 14218 58 134 7442 0 0 1207 409 0 19 3 1 2 0
1671120721 120791 16901 3475 4572 2837 17160 14218 58 134 7442 0 0 1207 409 0 19 3 1 2 0
1671120844 120791 16904 3475 4572 2837 17160 14218 58 134 7442 0 0 1207 409 0 19 3 1 2 0
1671124867 120791 16924 3475 4572 2837 17160 14218 58 134 7442 0 0 1207 409 0 19 3 1 2 0
1671131973 120807 16924 3475 4572 2837 17160 14218 58 134 7442 0 0 1207 409 0 19 3 1 2 0
1671156793 124406 16924 3475 4572 2837 17160 14218 58 134 7442 0 0 1207 409 0 19 3 1 2 0
1671166371 124407 16924 3475 4572 2837 17160 14218 58 134 7442 0 0 1207 409 0 19 3 1 2 0
1671214812 124407 16924 3475 4572 2837 17160 14218 58 134 7442 0 0 1207 409 0 19 3 1 2 0
1671475254 124407 16924 3475 4572 2837 17160 14218 59 134 7442 0 0 1207 409 0 19 3 1 2 0
1671495069 124446 16924 3475 4572 2837 17160 14218 59 134 7442 0 0 1207 409 0 19 3 1 2 0
1671497225 126122 16924 3475 4572 2837 17160 14218 59 134 7442 0 0 1207 409 0 19 3 1 2 0
1671743360 126122 16924 3475 4572 2837 17160 14218 59 134 7442 0 0 1207 409 0 19 3 1 2 0
1671825489 126122 16930 3475 4572 2837 17160 14218 59 134 7442 0 0 1207 409 0 19 3 1 2 0
1672241464 126124 16930 3475 4572 2837 17160 14218 59 134 7442 0 0 1207 409 0 19 3 1 2 0
1672243064 126130 16930 3475 4572 2837 17160 14218 59 134 7442 0 0 1207 409 0 19 3 1 2 0
1672506669 126130 16930 3507 4572 2837 17160 14218 59 134 7442 0 0 1207 409 0 19 3 1 2 0
1672511939 126134 16930 3507 4572 2837 17160 14218 59 134 7442 0 0 1207 409 0 19 3 1 2 0
1672512424 126135 16930 3507 4572 2837 17160 14218 59 134 7442 0 0 1207 409 0 19 3 1 2 0
1672521874 126142 16930 3507 4572 2837 17160 14218 59 134 7442 0 0 1207 409 0 19 3 1 2 0
1672699652 126142 17141 3507 4572 2837 17160 14218 59 134 7442 0 0 1207 409 0 19 3 1 2 0
1672818282 126144 17141 3507 4572 2837 17160 14218 59 134 7442 0 0 1207 409 0 19 3 1 2 0
1672819216 126144 17141 3520 4572 2837 17160 14218 59 134 7442 0 0 1207 409 0 19 3 1 2 0
1672819236 126151 17141 3571 4572 2837 17160 14218 59 134 7442 0 0 1207 409 0 19 3 1 2 0
1672859644 126151 17141 3573 4572 2837 17160 14218 59 134 7442 0 0 1207 409 0 19 3 1 2 0
1672859974 126151 17141 3573 4573 2837 17160 14218 59 134 7442 0 0 1207 409 0 19 3 1 2 0
1672969999 126151 17141 3573 4573 2845 17160 14218 59 134 7442 0 0 1207 409 0 19 3 1 2 0
1673132021 126234 17141 3573 4573 2845 17160 14218 59 134 7442 0 0 1207 409 0 19 3 1 2 0
1673139215 126234 17142 3573 4573 2845 17160 14218 59 134 7442 0 0 1207 409 0 19 3 1 2 0
1673305637 126234 17142 3681 4573 2845 17160 14218 59 134 7442 0 0 1207 409 0 19 3 1 2 0
1673594840 126234 17146 3681 4573 2845 17160 14218 59 134 7442 0 0 1207 409 0 19 3 1 2 0
1673594898 126234 17146 3685 4578 2865 17160 14218 59 134 7442 0 0 1207 409 0 19 3 1 2 0
1673607782 126234 17146 3685 4587 2865 17160 14218 59 134 7442 0 0 1207 409 0 19 3 1 2 0
1673642751 126234 17146 3685 4976 2898 17160 14218 59 134 7442 0 0 1207 409 0 19 3 1 2 0
1673644534 126234 17146 3685 4976 2902 17160 14218 59 134 7442 0 0 1207 409 0 19 3 1 2 0
1673646720 126234 17146 3685 4976 2917 17160 14218 59 134 7442 0 0 1207 409 0 19 3 1 2 0
1673651972 126234 17146 3685 4976 2924 17160 14218 59 134 7442 0 0 1207 409 0 19 3 1 2 0
1673655172 126321 17146 3685 4976 2924 17160 14218 59 134 7442 0 0 1207 409 0 19 3 1 2 0
1673655492 126513 17146 3685 4976 2924 17160 14218 59 134 7442 0 0 1207 409 0 19 3 1 2 0
1673656939 126548 17146 3685 4976 2924 17160 14218 59 134 7442 0 0 1207 409 0 19 3 1 2 0
1673666488 126548 17146 3685 5229 2924 17160 14218 59 134 7442 0 0 1207 409 0 19 3 1 2 0
1673668940 126548 17146 3685 5431 2924 17160 14218 59 134 7442 0 0 1207 409 0 19 3 1 2 0
1673676366 126548 17146 3740 5560 2924 17160 14218 59 134 7442 0 0 1207 409 0 19 3 1 2 0
1673746883 126548 17146 3740 5563 2924 17160 14218 59 134 7442 0 0 1207 409 0 19 3 1 2 0
1673821223 126550 17146 3740 5563 2924 17160 14218 59 134 7442 0 0 1207 409 0 19 3 1 2 0
1673848483 126551 17146 3740 5563 2924 17160 14218 59 134 7442 0 0 1207 409 0 19 3 1 2 0
1673924676 126551 17146 3812 5563 2924 17160 14218 59 134 7442 0 0 1207 409 0 19 3 1 2 0
1673924739 126551 17146 3904 5563 2924 17160 14218 59 134 7442 0 0 1207 409 0 19 3 1 2 0
1673941211 126627 17146 4037 5563 2924 17160 14218 59 134 7442 0 0 1207 409 0 19 3 1 2 0
1673978667 127039 17146 4037 5563 2924 17160 14218 59 134 7442 0 0 1207 409 0 19 3 1 2 0
1673981181 127045 17146 4037 5563 2924 17160 14218 59 134 7442 0 0 1207 409 0 19 3 1 2 0
1673984122 127046 17146 4066 5563 2924 17160 14218 59 134 7442 0 0 1207 409 0 19 3 1 2 0
1673993661 127046 17146 4404 5563 2924 17160 14218 59 134 7442 0 0 1207 409 0 19 3 1 2 0
1674013482 127084 17146 4424 5563 2924 17160 14218 59 134 7442 0 0 1207 409 0 19 3 1 2 0
1674084408 127084 17146 4468 5563 2924 17160 14218 59 134 7442 0 0 1207 409 0 19 3 1 2 0
1674086637 127084 17146 4471 5563 2924 17160 14218 59 134 7442 0 0 1207 409 0 19 3 1 2 0
1674118621 127084 17146 4800 5563 2924 17173 14218 59 134 7442 0 0 1207 409 0 19 3 1 2 0
1674547978 127084 17146 4800 5563 2924 17173 14218 59 134 7442 0 12 1207 409 0 19 3 1 2 0
1674601411 127118 17146 4800 5563 2924 17173 14218 59 134 7442 0 12 1207 409 0 19 3 1 2 0
1674602606 127118 17146 4800 5563 2924 17173 14218 59 134 7442 0 12 1207 409 0 19 3 1 2 0
1674603138 127119 17146 4800 5563 2924 17173 14218 59 134 7442 0 12 1207 409 0 19 3 1 2 0
1674604676 127127 17146 4800 5563 2924 17173 14218 59 134 7442 0 12 1207 409 0 19 3 1 2 0
1674778147 127129 17146 4800 5563 2924 17173 14218 59 134 7442 0 12 1207 409 0 19 3 1 2 0
1675281795 127129 17162 5139 5563 2924 17173 14218 59 134 7442 0 12 1207 409 0 19 3 1 2 0
1675311419 127135 17162 5139 5563 2924 17173 14218 59 134 7442 0 12 1207 409 0 19 3 1 2 0
1675319792 127135 17162 5139 5563 2924 17173 14218 59 134 7442 0 12 1207 409 0 19 3 1 2 0
1675437289 127135 17162 5139 5563 2924 17173 14218 87 134 7442 0 12 1207 409 0 19 3 1 2 0
1675440705 127135 17162 5139 5563 2924 17193 14218 87 134 7442 0 12 1207 409 0 19 3 1 2 0
1675444605 127156 17162 5139 5563 2924 17193 14218 87 134 7442 0 12 1207 409 0 19 3 1 2 0
1675449700 127203 17162 5139 5563 2924 17193 14218 87 134 7442 0 12 1207 409 0 19 3 1 2 0
1675460511 127203 17162 5139 5563 2924 17193 14218 88 134 7442 0 12 1207 409 0 19 3 1 2 0
1675552235 127203 17162 5139 5563 2930 17193 14218 88 134 7442 0 12 1207 409 0 19 3 1 2 0
1675663832 127203 17162 5204 5563 2930 17193 14218 88 134 7442 0 12 1207 409 0 19 3 1 2 0
1675722561 127251 17162 5204 5563 2930 17193 14218 88 134 7442 0 12 1207 409 0 19 3 1 2 0
1675726037 127258 17162 5204 5563 2930 17193 14218 88 134 7442 0 12 1207 409 0 19 3 1 2 0
1675739127 127288 17162 5204 5563 2930 17193 14218 88 134 7442 0 12 1207 409 0 19 3 1 2 0
1675739213 127291 17162 5204 5563 2930 17193 14218 88 134 7442 0 12 1207 409 0 19 3 1 2 0
1675745177 127312 17162 5204 5563 2930 17193 14218 88 134 7442 0 12 1207 409 0 19 3 1 2 0
1675876347 127312 17162 5208 5563 2930 17193 14218 88 134 7442 0 12 1207 409 0 19 3 1 2 0
1675881357 127312 17162 5208 5563 2930 17193 14218 88 134 7442 0 12 1207 409 0 19 3 1 2 0
1675900408 127312 17162 5208 5563 2930 17193 14218 88 134 7442 0 12 1207 409 0 19 3 1 2 0
1675900714 127321 17162 5208 5563 2930 17193 14218 88 134 7442 0 12 1207 409 0 19 3 1 2 0
1675972624 127321 17162 5208 5587 2930 17193 14218 88 134 7442 0 12 1207 409 0 19 3 1 2 0
1676041683 127321 17162 5208 5587 2930 17193 14218 88 134 7442 0 12 1207 409 0 19 3 1 2 0
1676046501 127321 17162 5208 5587 2930 17193 14218 88 134 7442 0 12 1207 409 0 19 3 1 2 0
1676047937 127321 17247 5208 5587 2930 17193 14218 88 134 7442 0 12 1207 409 0 19 3 1 2 0
1676049496 127321 17293 6109 5587 2930 17193 14218 88 134 7442 0 12 1207 409 0 19 3 1 2 0
1676056522 127321 17293 6109 5587 2930 30636 14218 88 134 7442 0 12 1207 409 0 19 3 1 2 0
1676075200 128349 17293 6109 5587 2930 30636 14218 88 134 7442 0 12 1207 409 0 19 3 1 2 0
1676141089 128419 17293 6109 5587 2930 30636 14218 88 134 7442 0 12 1207 409 0 19 3 1 2 0
1676252723 128420 17293 6109 5587 2930 30636 14218 88 134 7442 0 12 1207 409 0 19 3 1 2 0
1676315910 128420 17293 6181 5587 2930 30636 14218 88 134 7442 0 12 1207 409 0 19 3 1 2 0
1676393038 128420 17293 6251 5587 2930 30636 14218 88 134 7442 0 12 1207 409 0 19 3 1 2 0
1676494090 128420 17293 6251 5587 2955 30636 14218 88 134 7442 0 12 1207 409 0 19 3 1 2 0
1676507750 128420 17293 6375 5587 2955 30636 14218 88 134 7442 0 12 1207 409 0 19 3 1 2 0
1676508930 128420 17293 6375 5587 2955 30636 14218 88 134 7442 0 12 1207 409 0 19 3 1 2 0
1676622982 128420 17293 6375 5590 2955 30636 14218 88 134 7442 0 12 1207 409 0 19 3 1 2 0
1676677764 128420 17293 6375 5590 2959 30636 14218 88 134 7442 0 12 1207 409 0 19 3 1 2 0
1676684993 128427 17293 6375 5590 2959 30636 14218 88 134 7442 0 12 1207 409 0 19 3 1 2 0
1676856351 128427 17293 6404 5590 2959 30636 14218 88 134 7442 0 12 1207 409 0 19 3 1 2 0
1677006772 128427 17293 6411 5590 2959 30636 14218 88 134 7442 0 12 1207 409 0 19 3 1 2 0
1677102008 128427 17293 6452 5590 2959 30636 14218 88 134 7442 0 12 1207 409 0 19 3 1 2 0
1677142977 128434 17293 6452 5590 2959 30636 14218 88 134 7442 0 12 1207 409 0 19 3 1 2 0
1677262214 128434 17293 6481 5590 2959 30636 14218 88 134 7442 0 12 1207 409 0 19 3 1 2 0
1677281446 128434 17293 6737 5590 2959 30636 14218 88 134 7442 0 12 1207 409 0 19 3 1 2 0
1677467404 128434 17293 6737 5635 2959 30636 14218 88 134 7442 0 12 1207 409 0 19 3 1 2 0
1677469995 128434 17293 6737 8095 2959 30636 14218 88 134 7442 0 12 1207 409 0 19 3 1 2 0
1677472055 128434 17293 6737 8120 2959 30636 14218 88 134 7442 0 12 1207 409 0 19 3 1 2 0
1677517368 128434 17293 6737 8130 2959 30636 14218 88 134 7442 0 12 1207 409 0 19 3 1 2 0
1677543563 128434 17293 6737 8130 2959 30636 14218 89 134 7442 0 12 1207 409 0 19 3 1 2 0
1677597417 128434 17293 6737 8130 2959 30651 14218 89 134 7442 0 12 1207 409 0 19 3 1 2 0
1677617949 128434 17307 6737 8130 2959 30651 14218 89 134 7442 0 12 1207 409 0 19 3 1 2 0
1677649709 128434 17307 6737 8171 2959 30651 14218 89 134 7442 0 12 1207 409 0 19 3 1 2 0
1677716552 128434 17308 6737 8171 2959 30651 14218 89 134 7442 0 12 1207 409 0 19 3 1 2 0
1677792121 128434 17308 6745 8171 2959 30651 14218 89 134 7442 0 12 1207 409 0 19 3 1 2 0
1677862781 128434 17308 6745 8171 2959 30651 14218 89 134 7442 0 47 1207 409 0 19 3 1 2 0
1677957772 128436 17308 6745 8171 2959 30651 14218 89 134 7442 0 47 1207 409 0 19 3 1 2 0
1678060592 128436 17308 6745 8178 2959 30651 14218 89 134 7442 0 47 1207 409 0 19 3 1 2 0
1678114145 128436 17308 6745 8178 2959 30651 14218 89 134 7442 0 47 1207 409 0 19 3 1 2 0
1678127387 128436 17308 6745 8178 2959 30823 14218 89 134 7442 0 47 1207 409 0 19 3 1 2 0
1678227709 128437 17308 6745 8178 2959 30823 14218 89 134 7442 0 47 1207 409 0 19 3 1 2 0
1678232774 128437 17308 6745 8178 3117 30823 14218 89 134 7442 0 47 1207 409 0 19 3 1 2 0
1678236662 128714 17308 6745 8178 3117 30823 14218 89 134 7442 0 47 1207 409 0 19 3 1 2 0
1678392091 128855 17308 6745 8178 3117 30823 14218 89 134 7442 0 47 1207 409 0 19 3 1 2 0
1678475855 128855 17308 6745 8178 3117 30823 14218 89 134 7442 0 47 1207 409 0 19 3 1 2 0
1678558300 128856 17308 6745 8178 3117 30823 14218 89 134 7442 0 47 1207 409 0 19 3 1 2 0
1678571337 128969 17308 6745 8178 3117 30823 14218 89 134 7442 0 47 1207 409 0 19 3 1 2 0
1678585834 128972 17308 6745 8178 3117 30823 14218 89 134 7442 0 47 1207 409 0 19 3 1 2 0
1678607307 128981 17308 6745 8178 3117 30823 14218 89 134 7442 0 47 1207 409 0 19 3 1 2 0
1678635691 128981 17323 6745 8178 3117 30823 14218 89 134 7442 0 47 1207 409 0 19 3 1 2 0
1678907329 128981 17323 6745 8250 3117 30823 14218 89 134 7442 0 47 1207 409 0 19 3 1 2 0
1679325198 128981 17330 6745 8250 3117 30823 14218 89 134 7442 0 47 1207 409 0 19 3 1 2 0
1679326843 128981 17330 6745 8250 3117 30824 14218 89 134 7442 0 47 1207 409 0 19 3 1 2 0
1679329397 128981 17330 6745 8250 3117 30824 14218 89 134 7442 554 47 1207 409 0 19 3 1 2 0
1679629587 128990 17330 6745 8250 3117 30824 14218 89 134 7442 554 47 1207 409 0 19 3 1 2 0
1679632992 129017 17330 6745 8250 3117 30824 14218 89 134 7442 554 47 1207 409 0 19 3 1 2 0
1679634398 129024 17330 6745 8250 3117 30824 14218 89 134 7442 554 47 1207 409 0 19 3 1 2 0
1680070046 129392 17330 6745 8250 3117 30824 14218 89 134 7442 554 47 1207 409 0 19 3 1 2 0
1680071269 129853 17330 6745 8250 3117 30824 14218 89 134 7442 554 47 1207 409 0 19 3 1 2 0
1680072282 129854 17330 6745 8250 3117 30824 14218 89 134 7442 554 47 1207 409 0 19 3 1 2 0
1680072301 130953 17330 6745 8250 3117 30824 14218 89 134 7442 554 47 1207 409 0 19 3 1 2 0
1680072320 131112 17330 6745 8250 3117 30824 14218 89 134 7442 554 47 1207 409 0 19 3 1 2 0
1680125632 131112 17330 6745 8259 3117 30824 14218 89 134 7442 554 47 1207 409 0 19 3 1 2 0
1680235655 136418 17330 6745 8259 3117 30824 14218 89 134 7442 554 47 1207 409 0 19 3 1 2 0
1680242233 136418 17330 6745 8259 3117 30824 14218 89 134 7442 554 47 1207 409 0 19 3 1 2 1
1680279469 136418 17330 6745 8259 3117 30824 14218 91 134 7442 554 47 1207 409 0 19 3 1 2 1
1680318204 136418 17330 6745 8262 3117 30824 14218 91 134 7442 554 47 1207 409 0 19 3 1 2 1
1680383325 140686 17330 6745 8262 3117 30824 14218 91 134 7442 554 47 1207 409 0 19 3 1 2 1
1680386916 140690 17330 6745 8262 3117 30824 14218 91 134 7442 554 47 1207 409 0 19 3 1 2 1
1680388560 140706 17330 6745 8262 3117 30824 14218 91 134 7442 554 47 1207 409 0 19 3 1 2 1
1680540795 140706 17330 6745 8265 3117 30824 14218 91 134 7442 554 47 1207 409 0 19 3 1 2 1
1680546306 140774 17330 6745 8265 3117 30824 14218 91 134 7442 554 47 1207 409 0 19 3 1 2 1
1680610000 140774 17330 6745 8265 3117 30824 14218 91 134 7442 700 47 1207 409 0 19 3 1 2 1
1681171205 140774 17349 6745 8265 3117 30824 14218 91 134 7442 700 47 1207 409 0 19 3 1 2 1
1681222368 140774 17349 6745 8265 3117 30833 14218 91 134 7442 700 47 1207 409 0 19 3 1 2 1
1681332779 140790 17349 6745 8265 3117 30833 14218 91 134 7442 700 47 1207 409 0 19 3 1 2 1
1681399686 140790 17349 6745 8265 3117 30833 14218 91 134 7442 700 47 1207 409 0 19 3 1 2 1
1681757881 140836 17349 6745 8265 3117 30833 14218 91 134 7442 700 47 1207 409 0 19 3 1 2 1
1681758469 140836 17349 6745 8265 3127 30833 14218 91 134 7442 700 47 1207 409 0 19 3 1 2 1
1681767683 140836 17349 6745 8265 3144 30833 14218 91 134 7442 700 47 1207 409 0 19 3 1 2 1
1681844635 140836 17349 6745 8265 3740 30833 14218 91 134 7442 700 47 1207 409 0 19 3 1 2 1
1681923758 140836 17349 6745 8265 3740 30947 14218 91 134 7442 700 47 1207 409 0 19 3 1 2 1
1681924647 140836 17349 6745 8265 3740 31020 14218 91 134 7442 700 47 1207 409 0 19 3 1 2 1
1681951567 140836 17349 6891 8265 3740 31020 14218 91 134 7442 700 47 1207 409 0 19 3 1 2 1
1681957920 140836 17349 6891 8265 3746 31020 14218 91 134 7442 700 47 1207 409 0 19 3 1 2 1
1682015273 140841 17349 6891 8265 3746 31020 14218 91 134 7442 700 47 1207 409 0 19 3 1 2 1
1682368618 140841 17349 6891 8265 3982 31020 14218 91 134 7442 700 47 1207 409 0 19 3 1 2 1
1682528511 142277 17349 6891 8265 3982 31020 14218 91 134 7442 700 47 1207 409 0 19 3 1 2 1
1682577268 142277 17349 6891 8265 4078 31020 14218 91 134 7442 700 47 1207 409 0 19 3 1 2 1
1682578511 142277 17349 6891 8265 4120 31020 14218 91 134 7442 700 47 1207 409 0 19 3 1 2 1
1682579256 142277 17349 6891 8265 4132 31020 14218 91 134 7442 700 47 1207 409 0 19 3 1 2 1
1682581254 142307 17349 6891 8265 4132 31020 14218 91 134 7442 700 47 1207 409 0 19 3 1 2 1
1682646208 142337 17349 6891 8265 4132 31020 14218 91 134 7442 700 47 1207 409 0 19 3 1 2 1
1682705252 142337 17349 6891 8265 4278 31020 14218 91 134 7442 700 47 1207 409 0 19 3 1 2 1
1682964431 142337 17349 6891 8265 5422 31020 14218 91 134 7442 700 47 1207 409 0 19 3 1 2 1
1682967689 142337 17349 6891 8265 5479 31020 14218 91 134 7442 700 47 1207 409 0 19 3 1 2 1
1682978864 142337 17349 6891 8565 5479 31020 14218 91 134 7442 700 47 1207 409 0 19 3 1 2 1
1683011632 142337 17349 6891 8567 5479 31020 14218 91 134 7442 700 47 1207 409 0 19 3 1 2 1
1683012464 142337 17349 6891 8567 5501 31020 14218 91 134 7442 700 47 1207 409 0 19 3 1 2 1
1683014580 142337 17349 6891 8567 5579 31020 14218 91 134 7442 700 47 1207 409 0 19 3 1 2 1
1683017892 142337 17349 6891 8576 5579 31020 14218 91 134 7442 700 47 1207 409 0 19 3 1 2 1
1683052416 142339 17349 6891 8576 5579 31020 14218 91 134 7442 700 47 1207 409 0 19 3 1 2 1
1683259803 142339 17349 6891 8576 6059 31020 14218 91 134 7442 700 47 1207 409 0 19 3 1 2 1
1683295793 142339 17349 6891 8576 6059 31092 14218 91 134 7442 700 47 1207 409 0 19 3 1 2 1
1683585206 142339 17361 6891 8576 6059 31092 14218 91 134 7442 700 47 1207 409 0 19 3 1 2 1
1683589371 142339 17361 6891 8576 6059 31092 14218 91 134 7442 700 47 1207 409 8 19 3 1 2 1
1683589410 142339 17361 6891 8579 6059 31092 14218 91 134 7442 700 47 1207 409 8 19 3 1 2 1
1683590653 142371 17361 6891 8579 6059 31092 14218 91 134 7442 700 47 1207 409 8 19 3 1 2 1
1683591000 142371 17361 6891 8580 6059 31092 14218 91 134 7442 700 47 1207 409 8 19 3 1 2 1
1683592288 142371 17361 6891 8580 6059 31092 14218 91 134 7442 700 47 1207 409 16 19 3 1 2 1
1683659019 142371 17361 6891 8580 6135 31092 14218 91 134 7442 700 47 1207 409 16 19 3 1 2 1
1683661782 142371 17361 6891 8580 6245 31092 14218 91 134 7442 700 47 1207 409 16 19 3 1 2 1
1683666749 142371 17361 6891 8608 6245 31092 14218 91 134 7442 700 47 1207 409 16 19 3 1 2 1
1683825557 142371 17361 6891 8608 6245 31092 14218 91 134 7442 700 47 1207 409 16 19 3 1 2 1
1683838538 142371 17361 6891 8608 6657 31092 14218 91 134 7442 700 47 1207 409 16 19 3 1 2 1
1683840287 142371 17361 6891 8608 6659 31092 14218 91 134 7442 700 47 1207 409 16 19 3 1 2 1
1683842629 142371 17361 6891 8608 6712 31092 14218 91 134 7442 700 47 1207 409 16 19 3 1 2 1
1683843300 142371 17361 6891 8608 6728 31092 14218 91 134 7442 700 47 1207 409 16 19 3 1 2 1
