1407356643 1 0 0 0 0 0 0 0 0 0 0 0 0 0 0 0 0 0 0 0
1407357027 2 0 0 0 0 0 0 0 0 0 0 0 0 0 0 0 0 0 0 0
1407357502 3 0 0 0 0 0 0 0 0 0 0 0 0 0 0 0 0 0 0 0
1407361027 4 0 0 0 0 0 0 0 0 0 0 0 0 0 0 0 0 0 0 0
1407361257 5 0 0 0 0 0 0 0 0 0 0 0 0 0 0 0 0 0 0 0
1407361368 6 0 0 0 0 0 0 0 0 0 0 0 0 0 0 0 0 0 0 0
1407361433 7 0 0 0 0 0 0 0 0 0 0 0 0 0 0 0 0 0 0 0
1407361506 8 0 0 0 0 0 0 0 0 0 0 0 0 0 0 0 0 0 0 0
1407361609 9 0 0 0 0 0 0 0 0 0 0 0 0 0 0 0 0 0 0 0
1407361711 10 0 0 0 0 0 0 0 0 0 0 0 0 0 0 0 0 0 0 0
1407361810 11 0 0 0 0 0 0 0 0 0 0 0 0 0 0 0 0 0 0 0
1407361925 12 0 0 0 0 0 0 0 0 0 0 0 0 0 0 0 0 0 0 0
1407362093 13 0 0 0 0 0 0 0 0 0 0 0 0 0 0 0 0 0 0 0
1407362292 14 0 0 0 0 0 0 0 0 0 0 0 0 0 0 0 0 0 0 0
1407362372 15 0 0 0 0 0 0 0 0 0 0 0 0 0 0 0 0 0 0 0
1407362469 16 0 0 0 0 0 0 0 0 0 0 0 0 0 0 0 0 0 0 0
1407362787 17 0 0 0 0 0 0 0 0 0 0 0 0 0 0 0 0 0 0 0
1407362862 18 0 0 0 0 0 0 0 0 0 0 0 0 0 0 0 0 0 0 0
1407363227 19 0 0 0 0 0 0 0 0 0 0 0 0 0 0 0 0 0 0 0
1407368330 20 0 0 0 0 0 0 0 0 0 0 0 0 0 0 0 0 0 0 0
1407377957 21 0 0 0 0 0 0 0 0 0 0 0 0 0 0 0 0 0 0 0
1407437784 22 0 0 0 0 0 0 0 0 0 0 0 0 0 0 0 0 0 0 0
1407439450 23 0 0 0 0 0 0 0 0 0 0 0 0 0 0 0 0 0 0 0
1407547390 24 0 0 0 0 0 0 0 0 0 0 0 0 0 0 0 0 0 0 0
1407552274 25 0 0 0 0 0 0 0 0 0 0 0 0 0 0 0 0 0 0 0
1407554275 26 0 0 0 0 0 0 0 0 0 0 0 0 0 0 0 0 0 0 0
1407554465 27 0 0 0 0 0 0 0 0 0 0 0 0 0 0 0 0 0 0 0
1407616194 28 0 0 0 0 0 0 0 0 0 0 0 0 0 0 0 0 0 0 0
1407616212 29 0 0 0 0 0 0 0 0 0 0 0 0 0 0 0 0 0 0 0
1407616241 30 0 0 0 0 0 0 0 0 0 0 0 0 0 0 0 0 0 0 0
1407617517 31 0 0 0 0 0 0 0 0 0 0 0 0 0 0 0 0 0 0 0
1407620626 32 0 0 0 0 0 0 0 0 0 0 0 0 0 0 0 0 0 0 0
1407621113 33 0 0 0 0 0 0 0 0 0 0 0 0 0 0 0 0 0 0 0
1407622345 34 0 0 0 0 0 0 0 0 0 0 0 0 0 0 0 0 0 0 0
1407622751 35 0 0 0 0 0 0 0 0 0 0 0 0 0 0 0 0 0 0 0
1407623243 36 0 0 0 0 0 0 0 0 0 0 0 0 0 0 0 0 0 0 0
1407623336 37 0 0 0 0 0 0 0 0 0 0 0 0 0 0 0 0 0 0 0
1407623343 38 0 0 0 0 0 0 0 0 0 0 0 0 0 0 0 0 0 0 0
1407624014 39 0 0 0 0 0 0 0 0 0 0 0 0 0 0 0 0 0 0 0
1407624544 40 0 0 0 0 0 0 0 0 0 0 0 0 0 0 0 0 0 0 0
1407624861 41 0 0 0 0 0 0 0 0 0 0 0 0 0 0 0 0 0 0 0
1407822926 42 0 0 0 0 0 0 0 0 0 0 0 0 0 0 0 0 0 0 0
1407824029 43 0 0 0 0 0 0 0 0 0 0 0 0 0 0 0 0 0 0 0
1407824717 44 0 0 0 0 0 0 0 0 0 0 0 0 0 0 0 0 0 0 0
1407826777 45 0 0 0 0 0 0 0 0 0 0 0 0 0 0 0 0 0 0 0
1407828910 46 0 0 0 0 0 0 0 0 0 0 0 0 0 0 0 0 0 0 0
1407855984 47 0 0 0 0 0 0 0 0 0 0 0 0 0 0 0 0 0 0 0
1407856133 48 0 0 0 0 0 0 0 0 0 0 0 0 0 0 0 0 0 0 0
1407898246 49 0 0 0 0 0 0 0 0 0 0 0 0 0 0 0 0 0 0 0
1408044727 50 0 0 0 0 0 0 0 0 0 0 0 0 0 0 0 0 0 0 0
1408045546 51 0 0 0 0 0 0 0 0 0 0 0 0 0 0 0 0 0 0 0
1408073401 52 0 0 0 0 0 0 0 0 0 0 0 0 0 0 0 0 0 0 0
1408207314 53 0 0 0 0 0 0 0 0 0 0 0 0 0 0 0 0 0 0 0
1408215286 54 0 0 0 0 0 0 0 0 0 0 0 0 0 0 0 0 0 0 0
1408241668 55 0 0 0 0 0 0 0 0 0 0 0 0 0 0 0 0 0 0 0
1408383650 56 0 0 0 0 0 0 0 0 0 0 0 0 0 0 0 0 0 0 0
1408384424 57 0 0 0 0 0 0 0 0 0 0 0 0 0 0 0 0 0 0 0
1408384469 58 0 0 0 0 0 0 0 0 0 0 0 0 0 0 0 0 0 0 0
1408384519 59 0 0 0 0 0 0 0 0 0 0 0 0 0 0 0 0 0 0 0
1408385499 60 0 0 0 0 0 0 0 0 0 0 0 0 0 0 0 0 0 0 0
1408386484 61 0 0 0 0 0 0 0 0 0 0 0 0 0 0 0 0 0 0 0
1408386504 62 0 0 0 0 0 0 0 0 0 0 0 0 0 0 0 0 0 0 0
1408392551 63 0 0 0 0 0 0 0 0 0 0 0 0 0 0 0 0 0 0 0
1408396159 64 0 0 0 0 0 0 0 0 0 0 0 0 0 0 0 0 0 0 0
1408397161 65 0 0 0 0 0 0 0 0 0 0 0 0 0 0 0 0 0 0 0
1408399907 66 0 0 0 0 0 0 0 0 0 0 0 0 0 0 0 0 0 0 0
1408400624 67 0 0 0 0 0 0 0 0 0 0 0 0 0 0 0 0 0 0 0
1408423870 68 0 0 0 0 0 0 0 0 0 0 0 0 0 0 0 0 0 0 0
1408423883 69 0 0 0 0 0 0 0 0 0 0 0 0 0 0 0 0 0 0 0
1408430210 70 0 0 0 0 0 0 0 0 0 0 0 0 0 0 0 0 0 0 0
1408430220 71 0 0 0 0 0 0 0 0 0 0 0 0 0 0 0 0 0 0 0
1408512047 72 0 0 0 0 0 0 0 0 0 0 0 0 0 0 0 0 0 0 0
1408514669 73 0 0 0 0 0 0 0 0 0 0 0 0 0 0 0 0 0 0 0
1408586501 74 0 0 0 0 0 0 0 0 0 0 0 0 0 0 0 0 0 0 0
1408586636 75 0 0 0 0 0 0 0 0 0 0 0 0 0 0 0 0 0 0 0
1408597628 76 0 0 0 0 0 0 0 0 0 0 0 0 0 0 0 0 0 0 0
1408597655 77 0 0 0 0 0 0 0 0 0 0 0 0 0 0 0 0 0 0 0
1408597762 78 0 0 0 0 0 0 0 0 0 0 0 0 0 0 0 0 0 0 0
1408597908 79 0 0 0 0 0 0 0 0 0 0 0 0 0 0 0 0 0 0 0
1408597916 80 0 0 0 0 0 0 0 0 0 0 0 0 0 0 0 0 0 0 0
1408598334 81 0 0 0 0 0 0 0 0 0 0 0 0 0 0 0 0 0 0 0
1408598469 82 0 0 0 0 0 0 0 0 0 0 0 0 0 0 0 0 0 0 0
1408598580 83 0 0 0 0 0 0 0 0 0 0 0 0 0 0 0 0 0 0 0
1408604610 84 0 0 0 0 0 0 0 0 0 0 0 0 0 0 0 0 0 0 0
1408604982 85 0 0 0 0 0 0 0 0 0 0 0 0 0 0 0 0 0 0 0
1408606008 86 0 0 0 0 0 0 0 0 0 0 0 0 0 0 0 0 0 0 0
1408606158 87 0 0 0 0 0 0 0 0 0 0 0 0 0 0 0 0 0 0 0
1408607264 88 0 0 0 0 0 0 0 0 0 0 0 0 0 0 0 0 0 0 0
1408669606 89 0 0 0 0 0 0 0 0 0 0 0 0 0 0 0 0 0 0 0
1408673805 90 0 0 0 0 0 0 0 0 0 0 0 0 0 0 0 0 0 0 0
1408675888 91 0 0 0 0 0 0 0 0 0 0 0 0 0 0 0 0 0 0 0
1408676748 92 0 0 0 0 0 0 0 0 0 0 0 0 0 0 0 0 0 0 0
1408677793 93 0 0 0 0 0 0 0 0 0 0 0 0 0 0 0 0 0 0 0
1408678050 94 0 0 0 0 0 0 0 0 0 0 0 0 0 0 0 0 0 0 0
1408678288 95 0 0 0 0 0 0 0 0 0 0 0 0 0 0 0 0 0 0 0
1408678505 96 0 0 0 0 0 0 0 0 0 0 0 0 0 0 0 0 0 0 0
1408738918 97 0 0 0 0 0 0 0 0 0 0 0 0 0 0 0 0 0 0 0
1408739118 98 0 0 0 0 0 0 0 0 0 0 0 0 0 0 0 0 0 0 0
1408739318 99 0 0 0 0 0 0 0 0 0 0 0 0 0 0 0 0 0 0 0
1408777496 100 0 0 0 0 0 0 0 0 0 0 0 0 0 0 0 0 0 0 0
1408777890 101 0 0 0 0 0 0 0 0 0 0 0 0 0 0 0 0 0 0 0
1408839737 102 0 0 0 0 0 0 0 0 0 0 0 0 0 0 0 0 0 0 0
1408839816 103 0 0 0 0 0 0 0 0 0 0 0 0 0 0 0 0 0 0 0
1408871252 104 0 0 0 0 0 0 0 0 0 0 0 0 0 0 0 0 0 0 0
1409078568 105 0 0 0 0 0 0 0 0 0 0 0 0 0 0 0 0 0 0 0
1409275502 106 0 0 0 0 0 0 0 0 0 0 0 0 0 0 0 0 0 0 0
1409589367 107 0 0 0 0 0 0 0 0 0 0 0 0 0 0 0 0 0 0 0
1409595284 108 0 0 0 0 0 0 0 0 0 0 0 0 0 0 0 0 0 0 0
1409706957 109 0 0 0 0 0 0 0 0 0 0 0 0 0 0 0 0 0 0 0
1410030718 110 0 0 0 0 0 0 0 0 0 0 0 0 0 0 0 0 0 0 0
1410030756 111 0 0 0 0 0 0 0 0 0 0 0 0 0 0 0 0 0 0 0
1410033776 112 0 0 0 0 0 0 0 0 0 0 0 0 0 0 0 0 0 0 0
1410039880 113 0 0 0 0 0 0 0 0 0 0 0 0 0 0 0 0 0 0 0
1410061379 114 0 0 0 0 0 0 0 0 0 0 0 0 0 0 0 0 0 0 0
1410187368 115 0 0 0 0 0 0 0 0 0 0 0 0 0 0 0 0 0 0 0
1410187500 116 0 0 0 0 0 0 0 0 0 0 0 0 0 0 0 0 0 0 0
1410187803 117 0 0 0 0 0 0 0 0 0 0 0 0 0 0 0 0 0 0 0
1410286424 118 0 0 0 0 0 0 0 0 0 0 0 0 0 0 0 0 0 0 0
1412464389 119 0 0 0 0 0 0 0 0 0 0 0 0 0 0 0 0 0 0 0
1412664345 120 0 0 0 0 0 0 0 0 0 0 0 0 0 0 0 0 0 0 0
1412798973 121 0 0 0 0 0 0 0 0 0 0 0 0 0 0 0 0 0 0 0
1412996867 122 0 0 0 0 0 0 0 0 0 0 0 0 0 0 0 0 0 0 0
1413000294 123 0 0 0 0 0 0 0 0 0 0 0 0 0 0 0 0 0 0 0
1413069532 124 0 0 0 0 0 0 0 0 0 0 0 0 0 0 0 0 0 0 0
1413070930 125 0 0 0 0 0 0 0 0 0 0 0 0 0 0 0 0 0 0 0
1413071128 126 0 0 0 0 0 0 0 0 0 0 0 0 0 0 0 0 0 0 0
1413071142 127 0 0 0 0 0 0 0 0 0 0 0 0 0 0 0 0 0 0 0
1413234634 128 0 0 0 0 0 0 0 0 0 0 0 0 0 0 0 0 0 0 0
1413600242 129 0 0 0 0 0 0 0 0 0 0 0 0 0 0 0 0 0 0 0
1414115796 130 0 0 0 0 0 0 0 0 0 0 0 0 0 0 0 0 0 0 0
1414726709 131 0 0 0 0 0 0 0 0 0 0 0 0 0 0 0 0 0 0 0
1414726736 132 0 0 0 0 0 0 0 0 0 0 0 0 0 0 0 0 0 0 0
1415070039 133 0 0 0 0 0 0 0 0 0 0 0 0 0 0 0 0 0 0 0
1415070265 134 0 0 0 0 0 0 0 0 0 0 0 0 0 0 0 0 0 0 0
1415070285 135 0 0 0 0 0 0 0 0 0 0 0 0 0 0 0 0 0 0 0
1415731990 136 0 0 0 0 0 0 0 0 0 0 0 0 0 0 0 0 0 0 0
1415771248 137 0 0 0 0 0 0 0 0 0 0 0 0 0 0 0 0 0 0 0
1415862988 138 0 0 0 0 0 0 0 0 0 0 0 0 0 0 0 0 0 0 0
1415864059 139 0 0 0 0 0 0 0 0 0 0 0 0 0 0 0 0 0 0 0
1415864100 140 0 0 0 0 0 0 0 0 0 0 0 0 0 0 0 0 0 0 0
1415866603 141 0 0 0 0 0 0 0 0 0 0 0 0 0 0 0 0 0 0 0
1415868411 142 0 0 0 0 0 0 0 0 0 0 0 0 0 0 0 0 0 0 0
1415930620 143 0 0 0 0 0 0 0 0 0 0 0 0 0 0 0 0 0 0 0
1415940280 144 0 0 0 0 0 0 0 0 0 0 0 0 0 0 0 0 0 0 0
1416795246 145 0 0 0 0 0 0 0 0 0 0 0 0 0 0 0 0 0 0 0
1416795268 146 0 0 0 0 0 0 0 0 0 0 0 0 0 0 0 0 0 0 0
1418059416 147 0 0 0 0 0 0 0 0 0 0 0 0 0 0 0 0 0 0 0
1418074864 148 0 0 0 0 0 0 0 0 0 0 0 0 0 0 0 0 0 0 0
1418076271 149 0 0 0 0 0 0 0 0 0 0 0 0 0 0 0 0 0 0 0
1418076880 150 0 0 0 0 0 0 0 0 0 0 0 0 0 0 0 0 0 0 0
1418080192 151 0 0 0 0 0 0 0 0 0 0 0 0 0 0 0 0 0 0 0
1418492077 152 0 0 0 0 0 0 0 0 0 0 0 0 0 0 0 0 0 0 0
1418495738 153 0 0 0 0 0 0 0 0 0 0 0 0 0 0 0 0 0 0 0
1418497191 154 0 0 0 0 0 0 0 0 0 0 0 0 0 0 0 0 0 0 0
1418589317 155 0 0 0 0 0 0 0 0 0 0 0 0 0 0 0 0 0 0 0
1418589392 156 0 0 0 0 0 0 0 0 0 0 0 0 0 0 0 0 0 0 0
1418589415 157 0 0 0 0 0 0 0 0 0 0 0 0 0 0 0 0 0 0 0
1418591608 158 0 0 0 0 0 0 0 0 0 0 0 0 0 0 0 0 0 0 0
1418666323 159 0 0 0 0 0 0 0 0 0 0 0 0 0 0 0 0 0 0 0
1418673950 160 0 0 0 0 0 0 0 0 0 0 0 0 0 0 0 0 0 0 0
1418674025 161 0 0 0 0 0 0 0 0 0 0 0 0 0 0 0 0 0 0 0
1418675522 162 0 0 0 0 0 0 0 0 0 0 0 0 0 0 0 0 0 0 0
1418676428 163 0 0 0 0 0 0 0 0 0 0 0 0 0 0 0 0 0 0 0
1418683199 164 0 0 0 0 0 0 0 0 0 0 0 0 0 0 0 0 0 0 0
1418942213 165 0 0 0 0 0 0 0 0 0 0 0 0 0 0 0 0 0 0 0
1418944724 166 0 0 0 0 0 0 0 0 0 0 0 0 0 0 0 0 0 0 0
1418944875 167 0 0 0 0 0 0 0 0 0 0 0 0 0 0 0 0 0 0 0
1418944989 168 0 0 0 0 0 0 0 0 0 0 0 0 0 0 0 0 0 0 0
1418953327 169 0 0 0 0 0 0 0 0 0 0 0 0 0 0 0 0 0 0 0
1418977913 170 0 0 0 0 0 0 0 0 0 0 0 0 0 0 0 0 0 0 0
1419059383 171 0 0 0 0 0 0 0 0 0 0 0 0 0 0 0 0 0 0 0
1419239570 172 0 0 0 0 0 0 0 0 0 0 0 0 0 0 0 0 0 0 0
1419321383 173 0 0 0 0 0 0 0 0 0 0 0 0 0 0 0 0 0 0 0
1419321475 174 0 0 0 0 0 0 0 0 0 0 0 0 0 0 0 0 0 0 0
1419321495 175 0 0 0 0 0 0 0 0 0 0 0 0 0 0 0 0 0 0 0
1419321566 176 0 0 0 0 0 0 0 0 0 0 0 0 0 0 0 0 0 0 0
1419342905 177 0 0 0 0 0 0 0 0 0 0 0 0 0 0 0 0 0 0 0
1419342929 178 0 0 0 0 0 0 0 0 0 0 0 0 0 0 0 0 0 0 0
1419343175 179 0 0 0 0 0 0 0 0 0 0 0 0 0 0 0 0 0 0 0
1419343206 180 0 0 0 0 0 0 0 0 0 0 0 0 0 0 0 0 0 0 0
1419343222 181 0 0 0 0 0 0 0 0 0 0 0 0 0 0 0 0 0 0 0
1419343235 182 0 0 0 0 0 0 0 0 0 0 0 0 0 0 0 0 0 0 0
1419343249 183 0 0 0 0 0 0 0 0 0 0 0 0 0 0 0 0 0 0 0
1420585676 184 0 0 0 0 0 0 0 0 0 0 0 0 0 0 0 0 0 0 0
1422055140 185 0 0 0 0 0 0 0 0 0 0 0 0 0 0 0 0 0 0 0
1422055156 186 0 0 0 0 0 0 0 0 0 0 0 0 0 0 0 0 0 0 0
1422055662 187 0 0 0 0 0 0 0 0 0 0 0 0 0 0 0 0 0 0 0
1422380211 188 0 0 0 0 0 0 0 0 0 0 0 0 0 0 0 0 0 0 0
1422383750 189 0 0 0 0 0 0 0 0 0 0 0 0 0 0 0 0 0 0 0
1422418280 190 0 0 0 0 0 0 0 0 0 0 0 0 0 0 0 0 0 0 0
1422418439 191 0 0 0 0 0 0 0 0 0 0 0 0 0 0 0 0 0 0 0
1422418809 192 0 0 0 0 0 0 0 0 0 0 0 0 0 0 0 0 0 0 0
1422484731 193 0 0 0 0 0 0 0 0 0 0 0 0 0 0 0 0 0 0 0
1422669013 194 0 0 0 0 0 0 0 0 0 0 0 0 0 0 0 0 0 0 0
1423374416 195 0 0 0 0 0 0 0 0 0 0 0 0 0 0 0 0 0 0 0
1423374452 196 0 0 0 0 0 0 0 0 0 0 0 0 0 0 0 0 0 0 0
1423374544 197 0 0 0 0 0 0 0 0 0 0 0 0 0 0 0 0 0 0 0
1423374580 198 0 0 0 0 0 0 0 0 0 0 0 0 0 0 0 0 0 0 0
1423381255 199 0 0 0 0 0 0 0 0 0 0 0 0 0 0 0 0 0 0 0
1423426053 200 0 0 0 0 0 0 0 0 0 0 0 0 0 0 0 0 0 0 0
1423426733 201 0 0 0 0 0 0 0 0 0 0 0 0 0 0 0 0 0 0 0
1423427142 202 0 0 0 0 0 0 0 0 0 0 0 0 0 0 0 0 0 0 0
1423427256 203 0 0 0 0 0 0 0 0 0 0 0 0 0 0 0 0 0 0 0
1423460380 204 0 0 0 0 0 0 0 0 0 0 0 0 0 0 0 0 0 0 0
1423460611 205 0 0 0 0 0 0 0 0 0 0 0 0 0 0 0 0 0 0 0
1423545087 206 0 0 0 0 0 0 0 0 0 0 0 0 0 0 0 0 0 0 0
1424338101 207 0 0 0 0 0 0 0 0 0 0 0 0 0 0 0 0 0 0 0
1424683742 208 0 0 0 0 0 0 0 0 0 0 0 0 0 0 0 0 0 0 0
1424683754 209 0 0 0 0 0 0 0 0 0 0 0 0 0 0 0 0 0 0 0
1424733426 210 0 0 0 0 0 0 0 0 0 0 0 0 0 0 0 0 0 0 0
1425192423 210 0 0 0 0 0 0 0 0 0 0 0 0 0 0 0 0 0 0 0
1425214866 211 0 0 0 0 0 0 0 0 0 0 0 0 0 0 0 0 0 0 0
1425215198 212 0 0 0 0 0 0 0 0 0 0 0 0 0 0 0 0 0 0 0
1425220667 212 0 0 0 0 0 0 0 0 0 0 0 0 1 0 0 0 0 0 0
1425223980 212 0 0 0 0 0 0 0 0 0 0 0 0 1 0 0 0 0 0 0
1425224457 213 0 0 0 0 0 0 0 0 0 0 0 0 1 0 0 0 0 0 0
1425225035 214 0 0 0 0 0 0 0 0 0 0 0 0 1 0 0 0 0 0 0
1425254316 214 0 0 0 0 0 0 0 0 0 0 0 0 2 0 0 0 0 0 0
1425269674 214 0 0 0 0 0 0 0 0 0 0 0 0 2 0 0 0 0 0 0
1425299854 214 0 0 0 0 0 0 0 0 0 0 0 0 3 0 0 0 0 0 0
1425318583 215 0 0 0 0 0 0 0 0 0 0 0 0 3 0 0 0 0 0 0
1425318596 216 0 0 0 0 0 0 0 0 0 0 0 0 3 0 0 0 0 0 0
1425411667 217 0 0 0 0 0 0 0 0 0 0 0 0 3 0 0 0 0 0 0
1425411741 218 0 0 0 0 0 0 0 0 0 0 0 0 3 0 0 0 0 0 0
1425413517 219 0 0 0 0 0 0 0 0 0 0 0 0 3 0 0 0 0 0 0
1425413733 220 0 0 0 0 0 0 0 0 0 0 0 0 3 0 0 0 0 0 0
1426055961 220 0 0 0 0 0 0 0 0 0 0 0 0 3 0 0 0 0 0 0
1426138613 220 0 0 0 0 0 0 0 0 0 0 0 0 3 0 0 0 0 0 0
1429672279 221 0 0 0 0 0 0 0 0 0 0 0 0 3 0 0 0 0 0 0
1429749515 222 0 0 0 0 0 0 0 0 0 0 0 0 3 0 0 0 0 0 0
1429751915 223 0 0 0 0 0 0 0 0 0 0 0 0 3 0 0 0 0 0 0
1429751962 224 0 0 0 0 0 0 0 0 0 0 0 0 3 0 0 0 0 0 0
1429819623 225 0 0 0 0 0 0 0 0 0 0 0 0 3 0 0 0 0 0 0
1429819815 226 0 0 0 0 0 0 0 0 0 0 0 0 3 0 0 0 0 0 0
1429832824 227 0 0 0 0 0 0 0 0 0 0 0 0 3 0 0 0 0 0 0
1429833115 228 0 0 0 0 0 0 0 0 0 0 0 0 3 0 0 0 0 0 0
1429897268 229 0 0 0 0 0 0 0 0 0 0 0 0 3 0 0 0 0 0 0
1429897292 230 0 0 0 0 0 0 0 0 0 0 0 0 3 0 0 0 0 0 0
1429905753 231 0 0 0 0 0 0 0 0 0 0 0 0 3 0 0 0 0 0 0
1430102784 232 0 0 0 0 0 0 0 0 0 0 0 0 3 0 0 0 0 0 0
1430456058 233 0 0 0 0 0 0 0 0 0 0 0 0 3 0 0 0 0 0 0
1430457385 234 0 0 0 0 0 0 0 0 0 0 0 0 3 0 0 0 0 0 0
1430585446 235 0 0 0 0 0 0 0 0 0 0 0 0 3 0 0 0 0 0 0
1430592882 236 0 0 0 0 0 0 0 0 0 0 0 0 3 0 0 0 0 0 0
1430695119 237 0 0 0 0 0 0 0 0 0 0 0 0 3 0 0 0 0 0 0
1430695641 238 0 0 0 0 0 0 0 0 0 0 0 0 3 0 0 0 0 0 0
1430755035 239 0 0 0 0 0 0 0 0 0 0 0 0 3 0 0 0 0 0 0
1430797317 240 0 0 0 0 0 0 0 0 0 0 0 0 3 0 0 0 0 0 0
1431014781 241 0 0 0 0 0 0 0 0 0 0 0 0 3 0 0 0 0 0 0
1431039525 242 0 0 0 0 0 0 0 0 0 0 0 0 3 0 0 0 0 0 0
1431039555 243 0 0 0 0 0 0 0 0 0 0 0 0 3 0 0 0 0 0 0
1431040431 244 0 0 0 0 0 0 0 0 0 0 0 0 3 0 0 0 0 0 0
1431041687 245 0 0 0 0 0 0 0 0 0 0 0 0 3 0 0 0 0 0 0
1431041828 246 0 0 0 0 0 0 0 0 0 0 0 0 3 0 0 0 0 0 0
1431042732 247 0 0 0 0 0 0 0 0 0 0 0 0 3 0 0 0 0 0 0
1431042940 248 0 0 0 0 0 0 0 0 0 0 0 0 3 0 0 0 0 0 0
1431454525 249 0 0 0 0 0 0 0 0 0 0 0 0 3 0 0 0 0 0 0
1432062505 250 0 0 0 0 0 0 0 0 0 0 0 0 3 0 0 0 0 0 0
1432063070 251 0 0 0 0 0 0 0 0 0 0 0 0 3 0 0 0 0 0 0
1432065318 252 0 0 0 0 0 0 0 0 0 0 0 0 3 0 0 0 0 0 0
1432315298 253 0 0 0 0 0 0 0 0 0 0 0 0 3 0 0 0 0 0 0
1432335812 254 0 0 0 0 0 0 0 0 0 0 0 0 3 0 0 0 0 0 0
1432843763 255 0 0 0 0 0 0 0 0 0 0 0 0 3 0 0 0 0 0 0
1432847007 256 0 0 0 0 0 0 0 0 0 0 0 0 3 0 0 0 0 0 0
1432850431 257 0 0 0 0 0 0 0 0 0 0 0 0 3 0 0 0 0 0 0
1432852500 258 0 0 0 0 0 0 0 0 0 0 0 0 3 0 0 0 0 0 0
1432944101 259 0 0 0 0 0 0 0 0 0 0 0 0 3 0 0 0 0 0 0
1432947043 260 0 0 0 0 0 0 0 0 0 0 0 0 3 0 0 0 0 0 0
1432956439 261 0 0 0 0 0 0 0 0 0 0 0 0 3 0 0 0 0 0 0
1433008749 262 0 0 0 0 0 0 0 0 0 0 0 0 3 0 0 0 0 0 0
1433011926 263 0 0 0 0 0 0 0 0 0 0 0 0 3 0 0 0 0 0 0
1433012839 264 0 0 0 0 0 0 0 0 0 0 0 0 3 0 0 0 0 0 0
1433012922 265 0 0 0 0 0 0 0 0 0 0 0 0 3 0 0 0 0 0 0
1433022234 266 0 0 0 0 0 0 0 0 0 0 0 0 3 0 0 0 0 0 0
1433022251 267 0 0 0 0 0 0 0 0 0 0 0 0 3 0 0 0 0 0 0
1433183423 268 0 0 0 0 0 0 0 0 0 0 0 0 3 0 0 0 0 0 0
1433187771 269 0 0 0 0 0 0 0 0 0 0 0 0 3 0 0 0 0 0 0
1433211606 270 0 0 0 0 0 0 0 0 0 0 0 0 3 0 0 0 0 0 0
1433290108 271 0 0 0 0 0 0 0 0 0 0 0 0 3 0 0 0 0 0 0
1433294919 272 0 0 0 0 0 0 0 0 0 0 0 0 3 0 0 0 0 0 0
1433294936 273 0 0 0 0 0 0 0 0 0 0 0 0 3 0 0 0 0 0 0
1433296858 274 0 0 0 0 0 0 0 0 0 0 0 0 3 0 0 0 0 0 0
1433300753 275 0 0 0 0 0 0 0 0 0 0 0 0 3 0 0 0 0 0 0
1433471370 276 0 0 0 0 0 0 0 0 0 0 0 0 3 0 0 0 0 0 0
1433614656 277 0 0 0 0 0 0 0 0 0 0 0 0 3 0 0 0 0 0 0
1433615166 278 0 0 0 0 0 0 0 0 0 0 0 0 3 0 0 0 0 0 0
1434397229 279 0 0 0 0 0 0 0 0 0 0 0 0 3 0 0 0 0 0 0
1434397268 280 0 0 0 0 0 0 0 0 0 0 0 0 3 0 0 0 0 0 0
1434397418 281 0 0 0 0 0 0 0 0 0 0 0 0 3 0 0 0 0 0 0
1434809779 281 0 0 0 0 0 0 1 0 0 0 0 0 3 0 0 0 0 0 0
1434849269 282 0 0 0 0 0 0 1 0 0 0 0 0 3 0 0 0 0 0 0
1435077450 282 0 0 0 0 0 0 2 0 0 0 0 0 3 0 0 0 0 0 0
1435116142 283 0 0 0 0 0 0 2 0 0 0 0 0 3 0 0 0 0 0 0
1435116164 284 0 0 0 0 0 0 2 0 0 0 0 0 3 0 0 0 0 0 0
1435116226 285 0 0 0 0 0 0 2 0 0 0 0 0 3 0 0 0 0 0 0
1435116276 286 0 0 0 0 0 0 2 0 0 0 0 0 3 0 0 0 0 0 0
1435169361 287 0 0 0 0 0 0 2 0 0 0 0 0 3 0 0 0 0 0 0
1435199394 288 0 0 0 0 0 0 2 0 0 0 0 0 3 0 0 0 0 0 0
1435210230 289 0 0 0 0 0 0 2 0 0 0 0 0 3 0 0 0 0 0 0
1438486716 290 0 0 0 0 0 0 2 0 0 0 0 0 3 0 0 0 0 0 0
1438645552 291 0 0 0 0 0 0 2 0 0 0 0 0 3 0 0 0 0 0 0
1438658571 292 0 0 0 0 0 0 2 0 0 0 0 0 3 0 0 0 0 0 0
1438722636 293 0 0 0 0 0 0 2 0 0 0 0 0 3 0 0 0 0 0 0
1438722654 294 0 0 0 0 0 0 2 0 0 0 0 0 3 0 0 0 0 0 0
1438722706 295 0 0 0 0 0 0 2 0 0 0 0 0 3 0 0 0 0 0 0
1438722716 296 0 0 0 0 0 0 2 0 0 0 0 0 3 0 0 0 0 0 0
1438722817 297 0 0 0 0 0 0 2 0 0 0 0 0 3 0 0 0 0 0 0
1438755870 298 0 0 0 0 0 0 2 0 0 0 0 0 3 0 0 0 0 0 0
1440097485 299 0 0 0 0 0 0 2 0 0 0 0 0 3 0 0 0 0 0 0
1440097529 300 0 0 0 0 0 0 2 0 0 0 0 0 3 0 0 0 0 0 0
1440097950 301 0 0 0 0 0 0 2 0 0 0 0 0 3 0 0 0 0 0 0
1440097970 302 0 0 0 0 0 0 2 0 0 0 0 0 3 0 0 0 0 0 0
1440098211 303 0 0 0 0 0 0 2 0 0 0 0 0 3 0 0 0 0 0 0
1440115496 304 0 0 0 0 0 0 2 0 0 0 0 0 3 0 0 0 0 0 0
1440115551 305 0 0 0 0 0 0 2 0 0 0 0 0 3 0 0 0 0 0 0
1440115575 306 0 0 0 0 0 0 2 0 0 0 0 0 3 0 0 0 0 0 0
1440115637 307 0 0 0 0 0 0 2 0 0 0 0 0 3 0 0 0 0 0 0
1440128959 308 0 0 0 0 0 0 2 0 0 0 0 0 3 0 0 0 0 0 0
1440377031 309 0 0 0 0 0 0 2 0 0 0 0 0 3 0 0 0 0 0 0
1440379570 310 0 0 0 0 0 0 2 0 0 0 0 0 3 0 0 0 0 0 0
1440379592 311 0 0 0 0 0 0 2 0 0 0 0 0 3 0 0 0 0 0 0
1440379643 312 0 0 0 0 0 0 2 0 0 0 0 0 3 0 0 0 0 0 0
1440379861 313 0 0 0 0 0 0 2 0 0 0 0 0 3 0 0 0 0 0 0
1440380757 314 0 0 0 0 0 0 2 0 0 0 0 0 3 0 0 0 0 0 0
1440380783 315 0 0 0 0 0 0 2 0 0 0 0 0 3 0 0 0 0 0 0
1440403731 316 0 0 0 0 0 0 2 0 0 0 0 0 3 0 0 0 0 0 0
1440446385 317 0 0 0 0 0 0 2 0 0 0 0 0 3 0 0 0 0 0 0
1440643310 318 0 0 0 0 0 0 2 0 0 0 0 0 3 0 0 0 0 0 0
1440657655 319 0 0 0 0 0 0 2 0 0 0 0 0 3 0 0 0 0 0 0
1441173902 320 0 0 0 0 0 0 2 0 0 0 0 0 3 0 0 0 0 0 0
1441175781 321 0 0 0 0 0 0 2 0 0 0 0 0 3 0 0 0 0 0 0
1441564363 322 0 0 0 0 0 0 2 0 0 0 0 0 3 0 0 0 0 0 0
1441781839 322 0 1 0 0 0 0 2 0 0 0 0 0 3 0 0 0 0 0 0
1441796104 322 0 2 0 0 0 0 2 0 0 0 0 0 3 0 0 0 0 0 0
1441815578 323 0 2 0 0 0 0 2 0 0 0 0 0 3 0 0 0 0 0 0
1441815594 324 0 2 0 0 0 0 2 0 0 0 0 0 3 0 0 0 0 0 0
1441815637 325 0 2 0 0 0 0 2 0 0 0 0 0 3 0 0 0 0 0 0
1441901950 326 0 2 0 0 0 0 2 0 0 0 0 0 3 0 0 0 0 0 0
1441915352 327 0 2 0 0 0 0 2 0 0 0 0 0 3 0 0 0 0 0 0
1441915377 328 0 2 0 0 0 0 2 0 0 0 0 0 3 0 0 0 0 0 0
1442047945 328 0 3 0 0 0 0 2 0 0 0 0 0 3 0 0 0 0 0 0
1442078448 329 0 3 0 0 0 0 2 0 0 0 0 0 3 0 0 0 0 0 0
1442152657 330 0 4 0 0 0 0 2 0 0 0 0 0 3 0 0 0 0 0 0
1442256795 331 0 5 0 0 0 0 2 0 0 0 0 0 3 0 0 0 0 0 0
1442283432 332 0 5 0 0 0 0 2 0 0 0 0 0 3 0 0 0 0 0 0
1442376904 333 0 5 0 0 0 0 2 0 0 0 0 0 3 0 0 0 0 0 0
1442622613 334 0 5 0 0 0 0 2 0 0 0 0 0 3 0 0 0 0 0 0
1443033013 335 0 5 0 0 0 0 2 0 0 0 0 0 3 0 0 0 0 0 0
1443033851 336 0 5 0 0 0 0 2 0 0 0 0 0 3 0 0 0 0 0 0
1443055117 337 0 5 0 0 0 0 2 0 0 0 0 0 3 0 0 0 0 0 0
1443055370 338 0 5 0 0 0 0 2 0 0 0 0 0 3 0 0 0 0 0 0
1443062513 339 0 5 0 0 0 0 2 0 0 0 0 0 3 0 0 0 0 0 0
1443062541 340 0 5 0 0 0 0 2 0 0 0 0 0 3 0 0 0 0 0 0
1443108377 341 0 5 0 0 0 0 2 0 0 0 0 0 3 0 0 0 0 0 0
1443122227 342 0 6 0 0 0 0 2 0 0 0 0 0 3 0 0 0 0 0 0
1443640695 342 0 7 0 0 0 0 2 0 0 0 0 0 3 0 0 0 0 0 0
1443660656 342 0 8 0 0 0 0 2 0 0 0 0 0 3 0 0 0 0 0 0
1443932769 343 0 8 0 0 0 0 2 0 0 0 0 0 3 0 0 0 0 0 0
1444176737 344 0 8 0 0 0 0 2 0 0 0 0 0 3 0 0 0 0 0 0
1444176814 345 0 8 0 0 0 0 2 0 0 0 0 0 3 0 0 0 0 0 0
1444597819 346 0 8 0 0 0 0 2 0 0 0 0 0 3 0 0 0 0 0 0
1444598010 347 0 8 0 0 0 0 2 0 0 0 0 0 3 0 0 0 0 0 0
1444598079 348 0 8 0 0 0 0 2 0 0 0 0 0 3 0 0 0 0 0 0
1444599671 349 0 8 0 0 0 0 2 0 0 0 0 0 3 0 0 0 0 0 0
1444980297 350 0 8 0 0 0 0 2 0 0 0 0 0 3 0 0 0 0 0 0
1445301394 351 0 8 0 0 0 0 2 0 0 0 0 0 3 0 0 0 0 0 0
1445303831 351 0 9 0 0 0 0 2 0 0 0 0 0 3 0 0 0 0 0 0
1445305168 352 0 9 0 0 0 0 2 0 0 0 0 0 3 0 0 0 0 0 0
1445327035 353 0 9 0 0 0 0 2 0 0 0 0 0 3 0 0 0 0 0 0
1445327061 354 0 9 0 0 0 0 2 0 0 0 0 0 3 0 0 0 0 0 0
1445359943 355 0 9 0 0 0 0 2 0 0 0 0 0 3 0 0 0 0 0 0
1445367191 356 0 9 0 0 0 0 2 0 0 0 0 0 3 0 0 0 0 0 0
1445370697 357 0 9 0 0 0 0 2 0 0 0 0 0 3 0 0 0 0 0 0
1445374772 357 0 10 0 0 0 0 2 0 0 0 0 0 3 0 0 0 0 0 0
1445375154 358 0 10 0 0 0 0 2 0 0 0 0 0 3 0 0 0 0 0 0
1445378717 359 0 10 0 0 0 0 2 0 0 0 0 0 3 0 0 0 0 0 0
1445379081 360 0 10 0 0 0 0 2 0 0 0 0 0 3 0 0 0 0 0 0
1445507874 360 0 11 0 0 0 0 2 0 0 0 0 0 3 0 0 0 0 0 0
1445533298 361 0 11 0 0 0 0 2 0 0 0 0 0 3 0 0 0 0 0 0
1445914095 362 0 11 0 0 0 0 2 0 0 0 0 0 3 0 0 0 0 0 0
1445969280 363 0 11 0 0 0 0 2 0 0 0 0 0 3 0 0 0 0 0 0
1445990931 364 0 11 0 0 0 0 2 0 0 0 0 0 3 0 0 0 0 0 0
1446399213 365 0 11 0 0 0 0 2 0 0 0 0 0 3 0 0 0 0 0 0
1446399252 366 0 11 0 0 0 0 2 0 0 0 0 0 3 0 0 0 0 0 0
1446399495 367 0 11 0 0 0 0 2 0 0 0 0 0 3 0 0 0 0 0 0
1446399685 368 0 11 0 0 0 0 2 0 0 0 0 0 3 0 0 0 0 0 0
1446399699 369 0 11 0 0 0 0 2 0 0 0 0 0 3 0 0 0 0 0 0
1446399988 370 0 11 0 0 0 0 2 0 0 0 0 0 3 0 0 0 0 0 0
1446418119 371 0 11 0 0 0 0 2 0 0 0 0 0 3 0 0 0 0 0 0
1446481475 372 0 11 0 0 0 0 2 0 0 0 0 0 3 0 0 0 0 0 0
1446738456 373 0 11 0 0 0 0 2 0 0 0 0 0 3 0 0 0 0 0 0
1447460376 374 0 11 0 0 0 0 2 0 0 0 0 0 3 0 0 0 0 0 0
1447474613 375 0 11 0 0 0 0 2 0 0 0 0 0 3 0 0 0 0 0 0
1447474642 376 0 11 0 0 0 0 2 0 0 0 0 0 3 0 0 0 0 0 0
1447474668 377 0 11 0 0 0 0 2 0 0 0 0 0 3 0 0 0 0 0 0
1447474680 378 0 11 0 0 0 0 2 0 0 0 0 0 3 0 0 0 0 0 0
1447481353 379 0 11 0 0 0 0 2 0 0 0 0 0 3 0 0 0 0 0 0
1447867951 380 0 11 0 0 0 0 2 0 0 0 0 0 3 0 0 0 0 0 0
1447916076 381 0 11 0 0 0 0 2 0 0 0 0 0 3 0 0 0 0 0 0
1447988371 382 0 11 0 0 0 0 2 0 0 0 0 0 3 0 0 0 0 0 0
1448333895 383 0 11 0 0 0 0 2 0 0 0 0 0 3 0 0 0 0 0 0
1448421104 384 0 11 0 0 0 0 2 0 0 0 0 0 3 0 0 0 0 0 0
1448421134 385 0 11 0 0 0 0 2 0 0 0 0 0 3 0 0 0 0 0 0
1448773652 386 0 11 0 0 0 0 2 0 0 0 0 0 3 0 0 0 0 0 0
1448773872 387 0 11 0 0 0 0 2 0 0 0 0 0 3 0 0 0 0 0 0
1448773933 388 0 11 0 0 0 0 2 0 0 0 0 0 3 0 0 0 0 0 0
1448773945 389 0 11 0 0 0 0 2 0 0 0 0 0 3 0 0 0 0 0 0
1449019850 389 0 11 0 0 1 0 2 0 0 0 0 0 3 0 0 0 0 0 0
1449028154 390 0 11 0 0 1 0 2 0 0 0 0 0 3 0 0 0 0 0 0
1449198774 391 0 11 0 0 1 0 2 0 0 0 0 0 3 0 0 0 0 0 0
1449198838 392 0 11 0 0 1 0 2 0 0 0 0 0 3 0 0 0 0 0 0
1449198869 393 0 11 0 0 1 0 2 0 0 0 0 0 3 0 0 0 0 0 0
1449277381 394 0 11 0 0 1 0 2 0 0 0 0 0 3 0 0 0 0 0 0
1449712106 395 0 11 0 0 1 0 2 0 0 0 0 0 3 0 0 0 0 0 0
1449727795 396 0 11 0 0 1 0 2 0 0 0 0 0 3 0 0 0 0 0 0
1449728013 397 0 11 0 0 1 0 2 0 0 0 0 0 3 0 0 0 0 0 0
1449894619 398 0 11 0 0 1 0 2 0 0 0 0 0 3 0 0 0 0 0 0
1449894643 399 0 11 0 0 1 0 2 0 0 0 0 0 3 0 0 0 0 0 0
1449894665 400 0 11 0 0 1 0 2 0 0 0 0 0 3 0 0 0 0 0 0
1449896125 401 0 11 0 0 1 0 2 0 0 0 0 0 3 0 0 0 0 0 0
1450053358 402 0 12 0 0 1 0 2 0 0 0 0 0 3 0 0 0 0 0 0
1450296804 402 0 13 0 0 1 0 2 0 0 0 0 0 3 0 0 0 0 0 0
1450304194 403 0 13 0 0 1 0 2 0 0 0 0 0 3 0 0 0 0 0 0
1450306550 404 0 14 0 0 1 0 2 0 0 0 0 0 3 0 0 0 0 0 0
1450306814 405 0 14 0 0 1 0 2 0 0 0 0 0 3 0 0 0 0 0 0
1450425104 406 0 14 0 0 1 0 2 0 0 0 0 0 3 0 0 0 0 0 0
1450821697 406 0 14 0 0 1 0 3 0 0 0 0 0 3 0 0 0 0 0 0
1450863738 407 0 14 0 0 1 0 3 0 0 0 0 0 3 0 0 0 0 0 0
1450866054 408 0 14 0 0 1 0 3 0 0 0 0 0 3 0 0 0 0 0 0
1450866108 409 0 14 0 0 1 0 3 0 0 0 0 0 3 0 0 0 0 0 0
1450866228 410 0 14 0 0 1 0 3 0 0 0 0 0 3 0 0 0 0 0 0
1450888564 410 0 14 0 0 1 0 4 0 0 0 0 0 3 0 0 0 0 0 0
1451128914 411 0 14 0 0 1 0 4 0 0 0 0 0 3 0 0 0 0 0 0
1451495066 411 0 14 0 0 1 0 5 0 0 0 0 0 3 0 0 0 0 0 0
1452219676 411 0 14 1 0 1 0 5 0 0 0 0 0 3 0 0 0 0 0 0
1452253549 412 0 14 1 0 1 0 5 0 0 0 0 0 3 0 0 0 0 0 0
1452257325 413 0 14 1 0 1 0 5 0 0 0 0 0 3 0 0 0 0 0 0
1452527371 414 0 14 1 0 1 0 5 0 0 0 0 0 3 0 0 0 0 0 0
1452544914 415 0 14 1 0 1 0 5 0 0 0 0 0 3 0 0 0 0 0 0
1452612073 416 0 14 1 0 1 0 5 0 0 0 0 0 3 0 0 0 0 0 0
1452707804 417 0 14 2 0 1 0 5 0 0 0 0 0 3 0 0 0 0 0 0
1453248068 419 0 14 2 0 1 0 5 0 0 0 0 0 3 0 0 0 0 0 0
1453428558 420 0 14 2 0 1 0 5 0 0 0 0 0 3 0 0 0 0 0 0
1453428574 421 0 14 2 0 1 0 5 0 0 0 0 0 3 0 0 0 0 0 0
1453436395 422 0 14 2 0 1 0 5 0 0 0 0 0 3 0 0 0 0 0 0
1454468816 422 0 14 2 0 1 0 5 0 0 0 0 0 3 0 0 0 0 0 0
1454523279 423 0 14 2 0 1 0 5 0 0 0 0 0 3 0 0 0 0 0 0
1454626741 424 0 14 2 0 1 0 5 0 0 0 0 0 3 0 0 0 0 0 0
1454961793 425 0 14 2 0 1 0 5 0 0 0 0 0 3 0 0 0 0 0 0
1454965614 426 0 14 2 0 1 0 5 0 0 0 0 0 3 0 0 0 0 0 0
1454986196 427 0 14 2 0 1 0 5 0 0 0 0 0 3 0 0 0 0 0 0
1455690503 427 0 14 3 0 1 0 5 0 0 0 0 0 3 0 0 0 0 0 0
1456174855 428 0 14 3 0 1 0 5 0 0 0 0 0 3 0 0 0 0 0 0
1456341184 428 0 14 4 0 1 0 5 0 0 0 0 0 3 0 0 0 0 0 0
1456342067 429 0 14 4 0 1 0 5 0 0 0 0 0 3 0 0 0 0 0 0
1456342109 430 0 14 5 0 1 0 5 0 0 0 0 0 3 0 0 0 0 0 0
1456775569 431 0 14 5 0 1 0 5 0 0 0 0 0 3 0 0 0 0 0 0
1456795802 432 0 14 5 0 1 0 5 0 0 0 0 0 3 0 0 0 0 0 0
1456796292 433 0 14 5 0 1 0 5 0 0 0 0 0 3 0 0 0 0 0 0
1456796580 434 0 14 5 0 1 0 5 0 0 0 0 0 3 0 0 0 0 0 0
1456804229 434 0 14 6 0 1 0 5 0 0 0 0 0 3 0 0 0 0 0 0
1456847539 435 0 14 6 0 1 0 5 0 0 0 0 0 3 0 0 0 0 0 0
1456877019 436 0 14 6 0 1 0 5 0 0 0 0 0 3 0 0 0 0 0 0
1457472146 437 0 14 6 0 1 0 5 0 0 0 0 0 3 0 0 0 0 0 0
1457635734 438 0 14 6 0 1 0 5 0 0 0 0 0 3 0 0 0 0 0 0
1457769254 439 0 14 6 0 1 0 5 0 0 0 0 0 3 0 0 0 0 0 0
1457769263 440 0 14 6 0 1 0 5 0 0 0 0 0 3 0 0 0 0 0 0
1457769567 441 0 14 6 0 1 0 5 0 0 0 0 0 3 0 0 0 0 0 0
1457906546 442 0 15 6 0 1 0 5 0 0 0 0 0 3 0 0 0 0 0 0
1458113660 442 0 16 6 0 1 0 5 0 0 0 0 0 3 0 0 0 0 0 0
1458277347 442 0 17 6 0 1 0 5 0 0 0 0 0 3 0 0 0 0 0 0
1458593064 442 0 19 6 0 1 0 5 0 0 0 0 0 3 0 0 0 0 0 0
1458596523 442 0 20 6 0 1 0 5 0 0 0 0 0 3 0 0 0 0 0 0
1458602016 443 0 20 6 0 1 0 5 0 0 0 0 0 3 0 0 0 0 0 0
1458603556 444 0 20 6 0 1 0 5 0 0 0 0 0 3 0 0 0 0 0 0
1458605838 445 0 20 6 0 1 0 5 0 0 0 0 0 3 0 0 0 0 0 0
1458621894 445 0 20 7 0 1 0 5 0 0 0 0 0 3 0 0 0 0 0 0
1458622443 446 0 20 7 0 1 0 5 0 0 0 0 0 3 0 0 0 0 0 0
1458623354 447 0 20 7 0 1 0 5 0 0 0 0 0 3 0 0 0 0 0 0
1458681901 448 0 20 7 0 1 0 5 0 0 0 0 0 3 0 0 0 0 0 0
1458699526 448 0 21 7 0 1 0 5 0 0 0 0 0 3 0 0 0 0 0 0
1458779485 448 0 22 7 0 1 0 5 0 0 0 0 0 3 0 0 0 0 0 0
1458810931 448 0 23 7 0 1 0 5 0 0 0 0 0 3 0 0 0 0 0 0
1459018597 448 0 24 7 0 1 0 5 0 0 0 0 0 3 0 0 0 0 0 0
1459097729 449 0 24 7 0 1 0 5 0 0 0 0 0 3 0 0 0 0 0 0
1459117300 449 0 25 7 0 1 0 5 0 0 0 0 0 3 0 0 0 0 0 0
1459118094 450 0 25 7 0 1 0 5 0 0 0 0 0 3 0 0 0 0 0 0
1459124607 451 0 25 7 0 1 0 5 0 0 0 0 0 3 0 0 0 0 0 0
1459212754 451 0 26 7 0 1 0 5 0 0 0 0 0 3 0 0 0 0 0 0
1459212947 452 0 26 7 0 1 0 5 0 0 0 0 0 3 0 0 0 0 0 0
1459492191 453 0 26 7 0 1 0 5 0 0 0 0 0 3 0 0 0 0 0 0
1459492266 454 0 26 7 0 1 0 5 0 0 0 0 0 3 0 0 0 0 0 0
1459612046 455 0 26 7 0 1 0 5 0 0 0 0 0 3 0 0 0 0 0 0
1459612390 456 0 26 7 0 1 0 5 0 0 0 0 0 3 0 0 0 0 0 0
1459643420 457 0 26 7 0 1 0 5 0 0 0 0 0 3 0 0 0 0 0 0
1459644393 458 0 26 7 0 1 0 5 0 0 0 0 0 3 0 0 0 0 0 0
1459702474 459 0 26 7 0 1 0 5 0 0 0 0 0 3 0 0 0 0 0 0
1459703451 460 0 26 7 0 1 0 5 0 0 0 0 0 3 0 0 0 0 0 0
1459703919 461 0 26 7 0 1 0 5 0 0 0 0 0 3 0 0 0 0 0 0
1459704393 462 0 26 7 0 1 0 5 0 0 0 0 0 3 0 0 0 0 0 0
1459729243 463 0 26 7 0 1 0 5 0 0 0 0 0 3 0 0 0 0 0 0
1459806760 463 0 26 7 0 1 0 5 0 0 0 0 0 3 0 0 0 0 0 0
1459812486 464 0 26 7 0 1 0 5 0 0 0 0 0 3 0 0 0 0 0 0
1459907397 465 0 26 7 0 1 0 5 0 0 0 0 0 3 0 0 0 0 0 0
1459907757 467 0 26 7 0 1 0 5 0 0 0 0 0 3 0 0 0 0 0 0
1459909951 468 0 26 7 0 1 0 5 0 0 0 0 0 3 0 0 0 0 0 0
1460070976 469 0 26 7 0 1 0 5 0 0 0 0 0 3 0 0 0 0 0 0
1460071123 470 0 26 7 0 1 0 5 0 0 0 0 0 3 0 0 0 0 0 0
1460071472 471 0 26 7 0 1 0 5 0 0 0 0 0 3 0 0 0 0 0 0
1460071619 472 0 26 7 0 1 0 5 0 0 0 0 0 3 0 0 0 0 0 0
1461349934 473 0 26 7 0 1 0 5 0 0 0 0 0 3 0 0 0 0 0 0
1461359836 474 0 26 7 0 1 0 5 0 0 0 0 0 3 0 0 0 0 0 0
1461622971 475 0 26 7 0 1 0 5 0 0 0 0 0 3 0 0 0 0 0 0
1461623733 478 0 26 7 0 1 0 5 0 0 0 0 0 3 0 0 0 0 0 0
1461628446 479 0 26 7 0 1 0 5 0 0 0 0 0 3 0 0 0 0 0 0
1461630792 480 0 26 7 0 1 0 5 0 0 0 0 0 3 0 0 0 0 0 0
1461632838 481 0 26 7 0 1 0 5 0 0 0 0 0 3 0 0 0 0 0 0
1461633370 482 0 26 7 0 1 0 5 0 0 0 0 0 3 0 0 0 0 0 0
1461633868 483 0 26 7 0 1 0 5 0 0 0 0 0 3 0 0 0 0 0 0
1461634463 485 0 26 7 0 1 0 5 0 0 0 0 0 3 0 0 0 0 0 0
1461635164 486 0 26 7 0 1 0 5 0 0 0 0 0 3 0 0 0 0 0 0
1461647144 487 0 26 7 0 1 0 5 0 0 0 0 0 3 0 0 0 0 0 0
1461648331 488 0 26 7 0 1 0 5 0 0 0 0 0 3 0 0 0 0 0 0
1461648777 489 0 26 7 0 1 0 5 0 0 0 0 0 3 0 0 0 0 0 0
1461649627 490 0 26 7 0 1 0 5 0 0 0 0 0 3 0 0 0 0 0 0
1461945218 491 0 26 7 0 1 0 5 0 0 0 0 0 3 0 0 0 0 0 0
1461948973 492 0 26 7 0 1 0 5 0 0 0 0 0 3 0 0 0 0 0 0
1462200535 493 0 26 7 0 1 0 5 0 0 0 0 0 3 0 0 0 0 0 0
1462321261 494 0 26 7 0 1 0 5 0 0 0 0 0 3 0 0 0 0 0 0
1462832495 495 0 26 7 0 1 0 5 0 0 0 0 0 3 0 0 0 0 0 0
1462888251 496 0 26 7 0 1 0 5 0 0 0 0 0 3 0 0 0 0 0 0
1462901275 497 0 26 7 0 1 0 5 0 0 0 0 0 3 0 0 0 0 0 0
1462908794 498 0 26 7 0 1 0 5 0 0 0 0 0 3 0 0 0 0 0 0
1463417867 499 0 26 7 0 1 0 5 0 0 0 0 0 3 0 0 0 0 0 0
1463523314 500 0 26 7 0 1 0 5 0 0 0 0 0 3 0 0 0 0 0 0
1463532911 501 0 26 7 0 1 0 5 0 0 0 0 0 3 0 0 0 0 0 0
1463537039 502 0 26 7 0 1 0 5 0 0 0 0 0 3 0 0 0 0 0 0
1463537527 503 0 26 7 0 1 0 5 0 0 0 0 0 3 0 0 0 0 0 0
1463537558 505 0 26 7 0 1 0 5 0 0 0 0 0 3 0 0 0 0 0 0
1463538599 506 0 26 7 0 1 0 5 0 0 0 0 0 3 0 0 0 0 0 0
1463538816 507 0 26 7 0 1 0 5 0 0 0 0 0 3 0 0 0 0 0 0
1463547730 508 0 26 7 0 1 0 5 0 0 0 0 0 3 0 0 0 0 0 0
1463549793 509 0 26 7 0 1 0 5 0 0 0 0 0 3 0 0 0 0 0 0
1463732272 509 0 26 7 0 1 0 5 0 2 0 0 0 3 0 0 0 0 0 0
1463841699 509 0 26 7 0 1 0 5 0 3 0 0 0 3 0 0 0 0 0 0
1464014872 510 0 26 7 0 1 0 5 0 3 0 0 0 3 0 0 0 0 0 0
1464094300 510 0 26 7 0 1 0 5 0 4 0 0 0 3 0 0 0 0 0 0
1464111463 511 0 26 7 0 1 0 5 0 4 0 0 0 3 0 0 0 0 0 0
1464118002 512 0 26 7 0 1 0 5 0 4 0 0 0 3 0 0 0 0 0 0
1464121760 513 0 26 7 0 1 0 5 0 4 0 0 0 3 0 0 0 0 0 0
1464122074 514 0 26 7 0 1 0 5 0 4 0 0 0 3 0 0 0 0 0 0
1464122328 515 0 26 7 0 1 0 5 0 4 0 0 0 3 0 0 0 0 0 0
1464122363 516 0 26 7 0 1 0 5 0 4 0 0 0 3 0 0 0 0 0 0
1464122552 517 0 26 7 0 1 0 5 0 4 0 0 0 3 0 0 0 0 0 0
1464122642 518 0 26 7 0 1 0 5 0 4 0 0 0 3 0 0 0 0 0 0
1464234511 519 0 26 7 0 1 0 5 0 4 0 0 0 3 0 0 0 0 0 0
1464402821 520 0 26 7 0 1 0 5 0 4 0 0 0 3 0 0 0 0 0 0
1464461466 521 0 26 7 0 1 0 5 0 4 0 0 0 3 0 0 0 0 0 0
1464468097 522 0 26 7 0 1 0 5 0 4 0 0 0 3 0 0 0 0 0 0
1464499621 523 0 26 7 0 1 0 5 0 4 0 0 0 3 0 0 0 0 0 0
1464626862 524 0 26 7 0 1 0 5 0 4 0 0 0 3 0 0 0 0 0 0
1464844810 525 0 26 7 0 1 0 5 0 4 0 0 0 3 0 0 0 0 0 0
1464913910 526 0 26 7 0 1 0 5 0 4 0 0 0 3 0 0 0 0 0 0
1464914872 527 0 26 7 0 1 0 5 0 4 0 0 0 3 0 0 0 0 0 0
1464915086 528 0 26 7 0 1 0 5 0 4 0 0 0 3 0 0 0 0 0 0
1466648407 528 0 26 7 0 1 0 5 0 4 0 0 0 3 0 0 0 0 0 0
1466697754 529 0 26 7 0 1 0 5 0 4 0 0 0 3 0 0 0 0 0 0
1466698360 530 0 26 7 0 1 0 5 0 4 0 0 0 3 0 0 0 0 0 0
1466699194 531 0 26 7 0 1 0 5 0 4 0 0 0 3 0 0 0 0 0 0
1467747285 531 0 26 7 0 1 0 5 0 4 0 0 0 3 0 0 0 0 0 0
1467766546 532 0 26 7 0 1 0 5 0 4 0 0 0 3 0 0 0 0 0 0
1467833697 533 0 26 7 0 1 0 5 0 4 0 0 0 3 0 0 0 0 0 0
1467996887 534 0 26 7 0 1 0 5 0 4 0 0 0 3 0 0 0 0 0 0
1468000112 535 0 26 7 0 1 0 5 0 4 0 0 0 3 0 0 0 0 0 0
1468656014 535 0 26 7 0 1 0 5 0 4 0 0 0 3 0 0 0 0 0 0
1468656150 535 0 26 7 0 1 0 5 0 4 0 0 0 3 0 0 0 0 0 0
1468679172 536 0 26 7 0 1 0 5 0 4 0 0 0 3 0 0 0 0 0 0
1469538217 536 0 26 7 0 1 0 5 0 4 0 0 0 3 0 0 0 0 0 0
1469555031 537 0 26 7 0 1 0 5 0 4 0 0 0 3 0 0 0 0 0 0
1471353988 538 0 26 7 0 1 0 5 0 4 0 0 0 3 0 0 0 0 0 0
1471381571 539 0 26 7 0 1 0 5 0 4 0 0 0 3 0 0 0 0 0 0
1471644400 540 0 26 7 0 1 0 5 0 4 0 0 0 3 0 0 0 0 0 0
1471645845 541 0 26 7 0 1 0 5 0 4 0 0 0 3 0 0 0 0 0 0
1471646872 542 0 26 7 0 1 0 5 0 4 0 0 0 3 0 0 0 0 0 0
1474499924 543 0 26 7 0 1 0 5 0 4 0 0 0 3 0 0 0 0 0 0
1474550078 544 0 26 7 0 1 0 5 0 4 0 0 0 3 0 0 0 0 0 0
1475604060 545 0 26 7 0 1 0 5 0 4 0 0 0 3 0 0 0 0 0 0
1475608740 546 0 26 7 0 1 0 5 0 4 0 0 0 3 0 0 0 0 0 0
1475619577 547 0 26 7 0 1 0 5 0 4 0 0 0 3 0 0 0 0 0 0
1475696716 548 0 26 7 0 1 0 5 0 4 0 0 0 3 0 0 0 0 0 0
1475703884 549 0 26 7 0 1 0 5 0 4 0 0 0 3 0 0 0 0 0 0
1476721565 550 0 26 7 0 1 0 5 0 4 0 0 0 3 0 0 0 0 0 0
1476722529 551 0 26 7 0 1 0 5 0 4 0 0 0 3 0 0 0 0 0 0
1476810295 557 0 26 7 0 1 0 5 0 4 0 0 0 3 0 0 0 0 0 0
1478060265 558 0 26 7 0 1 0 5 0 4 0 0 0 3 0 0 0 0 0 0
1478127367 559 0 26 7 0 1 0 5 0 4 0 0 0 3 0 0 0 0 0 0
1478127655 560 0 26 7 0 1 0 5 0 4 0 0 0 3 0 0 0 0 0 0
1478132225 561 0 26 7 0 1 0 5 0 4 0 0 0 3 0 0 0 0 0 0
1478132423 563 0 26 7 0 1 0 5 0 4 0 0 0 3 0 0 0 0 0 0
1478132841 564 0 26 7 0 1 0 5 0 4 0 0 0 3 0 0 0 0 0 0
1478204394 565 0 26 7 0 1 0 5 0 4 0 0 0 3 0 0 0 0 0 0
1478283330 566 0 26 7 0 1 0 5 0 4 0 0 0 3 0 0 0 0 0 0
1478820218 567 0 26 7 0 1 0 5 0 4 0 0 0 3 0 0 0 0 0 0
1478875478 568 0 26 7 0 1 0 5 0 4 0 0 0 3 0 0 0 0 0 0
1479186519 569 0 26 7 0 1 0 5 0 4 0 0 0 3 0 0 0 0 0 0
1479186548 570 0 26 7 0 2 0 5 0 4 0 0 0 3 0 0 0 0 0 0
1479375941 570 0 26 7 0 3 0 5 0 4 0 0 0 3 0 0 0 0 0 0
1479671891 571 0 26 7 0 3 0 5 0 4 0 0 0 3 0 0 0 0 0 0
1479672307 573 0 26 7 0 3 0 5 0 4 0 0 0 3 0 0 0 0 0 0
1479805722 575 0 26 7 0 3 0 5 0 4 0 0 0 3 0 0 0 0 0 0
1479805931 576 0 26 7 0 3 0 5 0 4 0 0 0 3 0 0 0 0 0 0
1479836730 577 0 26 7 0 3 0 5 0 4 0 0 0 3 0 0 0 0 0 0
1479860731 578 0 26 7 0 4 0 5 0 4 0 0 0 3 0 0 0 0 0 0
1480951755 579 0 26 7 0 4 0 5 0 4 0 0 0 3 0 0 0 0 0 0
1480956452 580 0 26 7 0 4 0 5 0 4 0 0 0 3 0 0 0 0 0 0
1481883618 581 0 26 7 0 4 0 5 0 4 0 0 0 3 0 0 0 0 0 0
1481883724 582 0 26 7 0 4 0 5 0 4 0 0 0 3 0 0 0 0 0 0
1482177559 582 0 26 7 0 5 0 5 0 4 0 0 0 3 0 0 0 0 0 0
1482177883 582 0 26 7 0 6 0 5 0 4 0 0 0 3 0 0 0 0 0 0
1482198024 583 0 26 7 0 6 0 5 0 4 0 0 0 3 0 0 0 0 0 0
1482198122 584 0 26 7 0 6 0 5 0 4 0 0 0 3 0 0 0 0 0 0
1483625647 585 0 26 7 0 6 0 5 0 4 0 0 0 3 0 0 0 0 0 0
1483626355 586 0 26 7 0 6 0 5 0 4 0 0 0 3 0 0 0 0 0 0
1484174814 587 0 26 7 0 6 0 5 0 4 0 0 0 3 0 0 0 0 0 0
1484174926 588 0 26 7 0 6 0 5 0 4 0 0 0 3 0 0 0 0 0 0
1484176853 589 0 26 7 0 6 0 5 0 4 0 0 0 3 0 0 0 0 0 0
1484177049 590 0 26 7 0 6 0 5 0 4 0 0 0 3 0 0 0 0 0 0
1484191417 591 0 26 7 0 6 0 5 0 4 0 0 0 3 0 0 0 0 0 0
1484191592 593 0 26 7 0 6 0 5 0 4 0 0 0 3 0 0 0 0 0 0
1484195375 595 0 26 7 0 6 0 5 0 4 0 0 0 3 0 0 0 0 0 0
1484195498 596 0 26 7 0 6 0 5 0 4 0 0 0 3 0 0 0 0 0 0
1484324063 596 0 26 7 0 6 0 5 0 4 0 0 0 3 0 0 0 0 0 0
1485191613 597 0 26 7 0 6 0 5 0 4 0 0 0 3 0 0 0 0 0 0
1485191671 598 0 26 7 0 6 0 5 0 4 0 0 0 3 0 0 0 0 0 0
1485191764 599 0 26 7 0 6 0 5 0 4 0 0 0 3 0 0 0 0 0 0
1485406047 599 0 26 7 0 6 0 5 0 4 0 0 0 3 0 0 0 0 0 0
1485548185 600 0 26 7 0 6 0 5 0 4 0 0 0 3 0 0 0 0 0 0
1485560994 601 0 26 7 0 6 0 5 0 4 0 0 0 3 0 0 0 0 0 0
1485561006 602 0 26 7 0 6 0 5 0 4 0 0 0 3 0 0 0 0 0 0
1485572076 603 0 26 7 0 6 0 5 0 4 0 0 0 3 0 0 0 0 0 0
1485572577 606 0 26 7 0 6 0 5 0 4 0 0 0 3 0 0 0 0 0 0
1485711240 607 0 26 7 0 6 0 5 0 4 0 0 0 3 0 0 0 0 0 0
1485711370 608 0 26 7 0 6 0 5 0 4 0 0 0 3 0 0 0 0 0 0
1485803426 609 0 26 7 0 6 0 5 0 4 0 0 0 3 0 0 0 0 0 0
1485809797 610 0 26 7 0 6 0 5 0 4 0 0 0 3 0 0 0 0 0 0
1485809856 611 0 26 7 0 6 0 5 0 4 0 0 0 3 0 0 0 0 0 0
1485809948 612 0 26 7 0 6 0 5 0 4 0 0 0 3 0 0 0 0 0 0
1485823183 613 0 26 7 0 6 0 5 0 4 0 0 0 3 0 0 0 0 0 0
1485911855 614 0 26 7 0 6 0 5 0 4 0 0 0 3 0 0 0 0 0 0
1485911867 615 0 26 7 0 6 0 5 0 4 0 0 0 3 0 0 0 0 0 0
1494339334 615 0 26 7 0 6 0 5 0 4 0 0 0 3 0 0 0 0 0 0
1495657509 616 0 26 7 0 6 0 5 0 4 0 0 0 3 0 0 0 0 0 0
1496245086 617 0 26 7 0 6 0 5 0 4 0 0 0 3 0 0 0 0 0 0
1496275607 617 0 26 7 0 6 0 5 0 4 0 0 0 3 0 0 0 0 0 0
1496283256 618 0 26 7 0 6 0 5 0 4 0 0 0 3 0 0 0 0 0 0
1496283339 619 0 26 7 0 6 0 5 0 4 0 0 0 3 0 0 0 0 0 0
1496337878 620 0 26 7 0 6 0 5 0 4 0 0 0 3 0 0 0 0 0 0
1496514929 621 0 26 7 0 6 0 5 0 4 0 0 0 3 0 0 0 0 0 0
1497985032 625 0 26 7 0 6 0 5 0 4 0 0 0 3 0 0 0 0 0 0
1498010291 630 0 26 7 0 6 0 5 0 4 0 0 0 3 0 0 0 0 0 0
1498011267 631 0 26 7 0 6 0 5 0 4 0 0 0 3 0 0 0 0 0 0
1498013280 632 0 26 7 0 6 0 5 0 4 0 0 0 3 0 0 0 0 0 0
1498013352 633 0 26 7 0 6 0 5 0 4 0 0 0 3 0 0 0 0 0 0
1498013947 634 0 26 7 0 6 0 5 0 4 0 0 0 3 0 0 0 0 0 0
1498015469 635 0 26 7 0 6 0 5 0 4 0 0 0 3 0 0 0 0 0 0
1499801609 635 1 26 7 0 6 0 5 0 4 0 0 0 3 0 0 0 0 0 0
1499868068 636 2 26 7 0 6 0 5 0 4 0 0 0 3 0 0 0 0 0 0
1500315921 637 2 26 7 0 6 0 5 0 4 0 0 0 3 0 0 0 0 0 0
1500760784 638 2 26 7 0 6 0 5 0 4 0 0 0 3 0 0 0 0 0 0
1500769763 639 2 26 7 0 6 0 5 0 4 0 0 0 3 0 0 0 0 0 0
1500912875 640 2 26 7 0 6 0 5 0 4 0 0 0 3 0 0 0 0 0 0
1500944689 640 3 26 7 0 6 0 5 0 4 0 0 0 3 0 0 0 0 0 0
1501095067 640 4 26 7 0 6 0 5 0 4 0 0 0 3 0 0 0 0 0 0
1501095181 641 4 26 7 0 6 0 5 0 4 0 0 0 3 0 0 0 0 0 0
1501096411 641 5 26 7 0 6 0 5 0 4 0 0 0 3 0 0 0 0 0 0
1501099004 642 5 26 7 0 6 0 5 0 4 0 0 0 3 0 0 0 0 0 0
1501101556 642 6 26 7 0 6 0 5 0 4 0 0 0 3 0 0 0 0 0 0
1501104039 643 6 26 7 0 6 0 5 0 4 0 0 0 3 0 0 0 0 0 0
1501185265 643 7 26 7 0 7 0 5 0 4 0 0 0 3 0 0 0 0 0 0
1501479929 644 7 26 7 0 7 0 5 0 4 0 0 0 3 0 0 0 0 0 0
1501514502 644 8 26 7 0 7 0 5 0 4 0 0 0 3 0 0 0 0 0 0
1501524087 644 9 26 7 0 7 0 5 0 4 0 0 0 3 0 0 0 0 0 0
1501525281 644 10 26 7 0 7 0 5 0 4 0 0 0 3 0 0 0 0 0 0
1501609153 644 11 26 7 0 7 0 5 0 4 0 0 0 3 0 0 0 0 0 0
1501631607 645 12 26 7 0 7 0 5 0 4 0 0 0 3 0 0 0 0 0 0
1501788386 646 12 26 7 0 7 0 5 0 4 0 0 0 3 0 0 0 0 0 0
1502051798 646 12 26 7 0 8 0 5 0 4 0 0 0 3 0 0 0 0 0 0
1502129984 646 13 26 7 0 8 0 5 0 4 0 0 0 3 0 0 0 0 0 0
1502136523 647 13 26 7 0 8 0 5 0 4 0 0 0 3 0 0 0 0 0 0
1502138946 648 13 26 7 0 8 0 5 0 4 0 0 0 3 0 0 0 0 0 0
1502213199 648 14 26 7 0 8 0 5 0 4 0 0 0 3 0 0 0 0 0 0
1502214626 648 15 26 7 0 8 0 5 0 4 0 0 0 3 0 0 0 0 0 0
1502216231 649 15 26 7 0 8 0 5 0 4 0 0 0 3 0 0 0 0 0 0
1502218935 650 15 26 7 0 8 0 5 0 4 0 0 0 3 0 0 0 0 0 0
1502232033 651 15 26 7 0 8 0 5 0 4 0 0 0 3 0 0 0 0 0 0
1502403910 651 16 26 7 0 8 0 5 0 4 0 0 0 3 0 0 0 0 0 0
1502729902 652 16 26 7 0 8 0 5 0 4 0 0 0 3 0 0 0 0 0 0
1502734119 653 16 26 7 0 8 0 5 0 4 0 0 0 3 0 0 0 0 0 0
1502734795 654 16 26 7 0 8 0 5 0 4 0 0 0 3 0 0 0 0 0 0
1502737248 655 16 26 7 0 8 0 5 0 4 0 0 0 3 0 0 0 0 0 0
1502741524 656 16 26 7 0 8 0 5 0 4 0 0 0 3 0 0 0 0 0 0
1502817342 658 16 26 7 0 8 0 5 0 4 0 0 0 3 0 0 0 0 0 0
1502820056 659 16 26 7 0 8 0 5 0 4 0 0 0 3 0 0 0 0 0 0
1503434267 659 16 26 7 0 8 0 5 0 4 0 0 0 3 0 0 0 0 0 0
1503453184 660 16 26 7 0 8 0 5 0 4 0 0 0 3 0 0 0 0 0 0
1503457955 661 16 26 7 0 8 0 5 0 4 0 0 0 3 0 0 0 0 0 0
1503458918 662 16 26 7 0 8 0 5 0 4 0 0 0 3 0 0 0 0 0 0
1504725248 662 17 26 7 0 8 0 5 0 4 0 0 0 3 0 0 0 0 0 0
1504799720 663 17 26 7 0 8 0 5 0 4 0 0 0 3 0 0 0 0 0 0
1505314976 663 18 26 7 0 8 0 5 0 4 0 0 0 3 0 0 0 0 0 0
1505876436 663 19 26 7 0 8 0 5 0 4 0 0 0 3 0 0 0 0 0 0
1506021907 665 19 26 7 0 8 0 5 0 4 0 0 0 3 0 0 0 0 0 0
1506100531 665 19 26 7 0 8 0 5 0 4 0 0 0 3 0 0 0 0 0 0
1506754615 666 19 26 7 0 8 0 5 0 4 0 0 0 3 0 0 0 0 0 0
1506757385 667 19 26 7 0 8 0 5 0 4 0 0 0 3 0 0 0 0 0 0
1507056766 667 20 26 7 0 8 0 5 0 4 0 0 0 3 0 0 0 0 0 0
1507752553 667 20 26 7 0 8 0 5 0 4 0 0 0 3 0 0 0 0 0 0
1507907640 668 20 26 7 0 8 0 5 0 4 0 0 0 3 0 0 0 0 0 0
1507923232 668 21 26 7 0 8 0 5 0 4 0 0 0 3 0 0 0 0 0 0
1507945507 669 21 26 7 0 8 0 5 0 4 0 0 0 3 0 0 0 0 0 0
1508172526 670 21 26 7 0 8 0 5 0 4 0 0 0 3 0 0 0 0 0 0
1508204883 670 21 26 7 0 8 0 5 0 4 0 0 0 3 0 0 0 0 0 0
1509052624 671 21 26 7 0 8 0 5 0 4 0 0 0 3 0 0 0 0 0 0
1509309230 672 21 26 7 0 8 0 5 0 4 0 0 0 3 0 0 0 0 0 0
1509310419 673 21 26 7 0 8 0 5 0 4 0 0 0 3 0 0 0 0 0 0
1509418433 675 21 26 7 0 8 0 5 0 4 0 0 0 3 0 0 0 0 0 0
1509673548 678 21 26 7 0 8 0 5 0 4 0 0 0 3 0 0 0 0 0 0
1509765256 679 21 26 7 0 8 0 5 0 4 0 0 0 3 0 0 0 0 0 0
1509775867 680 21 26 7 0 8 0 5 0 4 0 0 0 3 0 0 0 0 0 0
1511909051 681 21 26 7 0 8 0 5 0 4 0 0 0 3 0 0 0 0 0 0
1511924806 682 21 26 7 0 8 0 5 0 4 0 0 0 3 0 0 0 0 0 0
1513051704 683 21 26 7 0 8 0 5 0 4 0 0 0 3 0 0 0 0 0 0
1513052154 684 21 26 7 0 8 0 5 0 4 0 0 0 3 0 0 0 0 0 0
1513054538 685 21 26 7 0 8 0 5 0 4 0 0 0 3 0 0 0 0 0 0
1513196125 686 21 26 7 0 8 0 5 0 4 0 0 0 3 0 0 0 0 0 0
1513200156 687 21 26 7 0 8 0 5 0 4 0 0 0 3 0 0 0 0 0 0
1513679469 688 21 26 7 0 8 0 5 0 4 0 0 0 3 0 0 0 0 0 0
1513679489 689 21 26 7 0 8 0 5 0 4 0 0 0 3 0 0 0 0 0 0
1513681136 690 21 26 7 0 8 0 5 0 4 0 0 0 3 0 0 0 0 0 0
1515598635 691 21 26 7 0 8 0 5 0 4 0 0 0 3 0 0 0 0 0 0
1515696311 691 21 26 7 0 8 0 5 0 4 0 0 0 3 0 0 0 0 0 0
1515696415 691 21 26 7 0 8 0 5 0 4 0 0 0 3 0 0 0 0 0 0
1515859348 692 21 26 7 0 8 0 5 0 4 0 0 0 3 0 0 0 0 0 0
1515859822 693 21 26 7 0 8 0 5 0 4 0 0 0 3 0 0 0 0 0 0
1515873695 694 21 26 7 0 8 0 5 0 4 0 0 0 3 0 0 0 0 0 0
1516071273 695 21 26 7 0 8 0 5 0 4 0 0 0 3 0 0 0 0 0 0
1516146016 696 21 26 7 0 8 0 5 0 4 0 0 0 3 0 0 0 0 0 0
1516169250 698 21 26 7 0 8 0 5 0 4 0 0 0 3 0 0 0 0 0 0
1516169286 699 21 26 7 0 8 0 5 0 4 0 0 0 3 0 0 0 0 0 0
1516243754 700 21 26 7 0 8 0 5 0 4 0 0 0 3 0 0 0 0 0 0
1516246642 701 21 26 7 0 8 0 5 0 4 0 0 0 3 0 0 0 0 0 0
1516458754 703 21 26 7 0 8 0 5 0 4 0 0 0 3 0 0 0 0 0 0
1516461053 704 21 26 7 0 8 0 5 0 4 0 0 0 3 0 0 0 0 0 0
1516922846 705 21 26 7 0 8 0 5 0 4 0 0 0 3 0 0 0 0 0 0
1517193211 705 21 26 7 0 8 0 5 0 4 0 0 0 3 0 0 0 0 0 0
1517340883 705 21 26 7 0 8 0 5 0 4 0 0 0 3 0 0 0 0 0 0
1517430319 705 21 26 7 0 8 0 5 0 4 0 0 0 3 0 0 0 0 0 0
1517512883 706 21 26 7 0 8 0 5 0 4 0 0 0 3 0 0 0 0 0 0
1517637653 706 21 26 7 0 8 0 5 0 4 0 0 0 3 0 0 0 0 0 0
1518682280 706 21 26 7 0 8 0 5 0 4 0 0 0 3 0 0 0 0 0 0
1519307491 706 22 26 7 0 8 0 5 0 4 0 0 0 3 0 0 0 0 0 0
1519401150 709 22 26 7 0 8 0 5 0 4 0 0 0 3 0 0 0 0 0 0
1519480460 709 22 26 7 0 8 0 5 0 4 0 0 0 3 0 0 0 0 0 0
1519672461 710 22 26 7 0 8 0 5 0 4 0 0 0 3 0 0 0 0 0 0
1520397507 711 22 26 7 0 8 0 5 0 4 0 0 0 3 0 0 0 0 0 0
1520731093 712 22 26 7 0 8 0 5 0 4 0 0 0 3 0 0 0 0 0 0
1521148807 712 22 26 7 0 8 0 5 0 4 0 0 0 3 0 0 0 0 0 0
1521238134 713 22 26 7 0 8 0 5 0 4 0 0 0 3 0 0 0 0 0 0
1521241446 714 22 26 7 0 8 0 5 0 4 0 0 0 3 0 0 0 0 0 0
1523293492 715 22 26 7 0 8 0 5 0 4 0 0 0 3 0 0 0 0 0 0
1523309717 715 22 26 7 0 8 0 5 0 4 0 0 0 3 0 0 0 0 0 1
1523563669 716 22 26 7 0 8 0 5 0 4 0 0 0 3 0 0 0 0 0 1
1523677986 717 22 26 7 0 8 0 5 0 4 0 0 0 3 0 0 0 0 0 1
1523766735 718 22 26 7 0 8 0 5 0 4 0 0 0 3 0 0 0 0 0 1
1523768427 719 23 26 7 0 8 0 5 0 4 0 0 0 3 0 0 0 0 0 1
1523768715 720 23 26 7 0 8 0 5 0 4 0 0 0 3 0 0 0 0 0 1
1523768865 721 23 26 7 0 8 0 5 0 4 0 0 0 3 0 0 0 0 0 1
1523768982 722 23 26 7 0 8 0 5 0 4 0 0 0 3 0 0 0 0 0 1
1523842583 723 23 26 7 0 8 0 5 0 4 0 0 0 3 0 0 0 0 0 1
1523916162 724 23 26 7 0 8 0 5 0 4 0 0 0 3 0 0 0 0 0 1
1523934993 725 23 26 7 0 8 0 5 0 4 0 0 0 3 0 0 0 0 0 1
1523984790 726 23 26 7 0 8 0 5 0 4 0 0 0 3 0 0 0 0 0 1
1524524888 727 23 26 7 0 8 0 5 0 4 0 0 0 3 0 0 0 0 0 1
1524623533 728 23 26 7 0 8 0 5 0 4 0 0 0 3 0 0 0 0 0 1
1524670593 728 23 26 7 0 8 0 5 0 4 0 0 0 3 0 0 0 0 0 1
1524707668 729 23 26 7 0 8 0 5 0 4 0 0 0 3 0 0 0 0 0 1
1525729473 730 23 26 7 0 8 0 5 0 4 0 0 0 3 0 0 0 0 0 1
1525736046 731 23 26 7 0 8 0 5 0 4 0 0 0 3 0 0 0 0 0 1
1526639660 731 24 26 7 0 8 0 5 0 4 0 0 0 3 0 0 0 0 0 1
1527128329 732 24 26 7 0 8 0 5 0 4 0 0 0 3 0 0 0 0 0 1
1527703913 732 24 26 7 0 8 0 5 0 4 0 0 0 3 0 0 0 0 0 1
1528651344 732 24 26 7 0 8 0 5 0 4 0 0 0 3 0 0 0 0 0 1
1528968311 732 24 26 7 0 8 0 5 0 4 0 0 0 3 0 0 0 0 0 1
1529126073 732 24 26 7 0 8 0 5 0 4 0 0 0 3 0 0 0 0 0 1
1529657454 732 24 26 7 0 8 0 5 0 4 0 0 0 3 0 0 0 0 0 1
1529854021 732 24 26 7 0 8 0 5 0 4 0 0 0 3 0 0 0 0 0 1
1530071285 733 24 26 7 0 8 0 5 0 4 0 0 0 3 0 0 0 0 0 1
1530821206 733 24 26 7 0 8 0 5 0 4 0 0 0 3 0 0 0 0 0 1
1532025321 734 24 26 7 0 8 0 5 0 4 0 0 0 3 0 0 0 0 0 1
1532026095 735 24 26 7 0 8 0 5 0 4 0 0 0 3 0 0 0 0 0 1
1532027907 736 24 26 7 0 8 0 5 0 4 0 0 0 3 0 0 0 0 0 1
1532028595 737 24 26 7 0 8 0 5 0 4 0 0 0 3 0 0 0 0 0 1
1532037060 738 24 26 7 0 8 0 5 0 4 0 0 0 3 0 0 0 0 0 1
1532212803 739 24 26 7 0 8 0 5 0 4 0 0 0 3 0 0 0 0 0 1
1532382265 740 24 26 7 0 8 0 5 0 4 0 0 0 3 0 0 0 0 0 1
1532456740 741 24 26 7 0 8 0 5 0 4 0 0 0 3 0 0 0 0 0 1
1533244495 741 25 26 7 0 8 0 5 0 4 0 0 0 3 0 0 0 0 0 1
1536003325 742 25 26 7 0 8 0 5 0 4 0 0 0 3 0 0 0 0 0 1
1538913236 742 25 26 7 0 8 0 5 0 4 0 0 0 3 0 0 0 0 0 1
1539814844 743 25 26 7 0 8 0 5 0 4 0 0 0 3 0 0 0 0 0 1
1539820389 744 25 26 7 0 8 0 5 0 4 0 0 0 3 0 0 0 0 0 1
1539822681 746 25 26 7 0 8 0 5 0 4 0 0 0 3 0 0 0 0 0 1
1540308849 746 25 26 7 0 8 0 5 0 4 0 0 0 3 0 0 0 0 0 1
1540780696 746 25 26 7 0 8 0 5 0 4 0 0 0 3 0 0 0 0 0 1
1542732230 746 25 26 7 0 8 0 5 1 4 0 0 0 3 0 0 0 0 0 1
1543579830 746 25 26 7 0 8 0 5 1 4 0 0 0 3 0 0 0 0 0 1
1543861981 746 25 26 7 0 8 0 5 2 4 0 0 0 3 0 0 0 0 0 1
1543875565 746 25 26 7 0 8 0 5 3 4 0 0 0 3 0 0 0 0 0 1
1543887340 746 25 26 7 0 8 0 5 4 4 0 0 0 3 0 0 0 0 0 1
1544133510 746 25 26 7 0 8 0 5 4 4 0 0 0 3 0 0 0 0 0 1
1544615536 746 25 26 7 0 8 0 5 5 4 0 0 0 3 0 0 0 0 0 1
1544708364 746 25 26 7 0 8 0 5 5 4 0 0 0 3 0 0 0 0 0 1
1544726760 746 26 26 7 0 8 0 5 5 4 0 0 0 3 0 0 0 0 0 1
1545147243 747 26 26 7 0 8 0 5 5 4 0 0 0 3 0 0 0 0 0 1
1545160799 748 26 26 7 0 8 0 5 5 4 0 0 0 3 0 0 0 0 0 1
1545161072 749 26 26 7 0 8 0 5 5 4 0 0 0 3 0 0 0 0 0 1
1545182365 750 26 26 7 0 8 0 5 5 4 0 0 0 3 0 0 0 0 0 1
1545186724 751 26 26 7 0 8 0 5 5 4 0 0 0 3 0 0 0 0 0 1
1545187953 752 26 26 7 0 8 0 5 5 4 0 0 0 3 0 0 0 0 0 1
1546642383 753 26 26 7 0 8 0 5 5 4 0 0 0 3 0 0 0 0 0 1
1547814252 755 26 26 7 0 8 0 5 5 4 0 0 0 3 0 0 0 0 0 1
1547818883 756 26 26 7 0 8 0 5 5 4 0 0 0 3 0 0 0 0 0 1
1548330604 756 26 26 7 0 8 0 5 5 4 0 0 0 3 0 0 0 0 0 1
1548970205 756 26 26 7 0 8 0 5 5 4 0 0 0 3 0 0 0 0 0 1
1549288862 756 28 26 7 0 8 0 5 5 4 0 0 0 3 0 0 0 0 0 1
1549883761 756 28 26 7 0 8 0 5 5 4 0 0 0 3 0 0 0 0 0 2
1549921198 756 28 26 7 0 8 0 5 5 4 0 0 0 3 0 0 0 0 0 3
1549921309 757 28 26 7 0 8 0 5 5 4 0 0 0 3 0 0 0 0 0 3
1550944021 757 29 26 7 0 8 0 5 5 4 0 0 0 3 0 0 0 0 0 3
1551099854 758 29 26 7 0 8 0 5 5 4 0 0 0 3 0 0 0 0 0 3
1551163545 758 29 26 7 0 8 0 5 5 4 0 0 0 3 0 0 0 0 1 3
1551984375 758 30 26 7 0 8 0 5 5 4 0 0 0 3 0 0 0 0 1 3
1552401881 759 30 26 7 0 8 0 5 5 4 0 0 0 3 0 0 0 0 1 3
1553273364 759 30 26 7 0 8 0 5 5 4 0 0 0 3 0 0 0 0 1 3
1553651514 759 31 26 7 0 8 0 5 5 4 0 0 0 3 0 0 0 0 2 3
1555429468 759 32 26 7 0 8 0 5 5 4 0 0 0 3 0 0 0 0 2 3
1557928765 760 32 26 7 0 8 0 5 5 4 0 0 0 3 0 0 0 0 2 3
1557929166 763 32 26 8 0 8 0 5 5 4 0 0 0 3 0 0 0 0 3 3
1557930007 764 34 26 8 0 8 0 5 5 4 0 0 0 3 0 0 0 0 3 3
1557931830 765 34 26 8 0 8 0 5 5 4 0 0 0 3 0 0 0 0 3 3
1557936637 765 34 26 8 0 8 0 5 5 4 0 0 0 3 0 0 0 0 3 3
1557940248 766 34 26 8 0 8 0 5 5 4 0 0 0 3 0 0 0 0 3 3
1558012708 769 34 26 8 0 8 0 5 5 4 0 0 0 3 0 0 0 0 3 3
1558012733 770 34 26 8 0 8 0 5 5 4 0 0 0 3 0 0 0 0 3 3
1558097643 771 34 26 8 0 8 0 5 5 4 0 0 0 3 0 0 0 0 3 3
1558339567 771 34 26 8 0 8 0 5 5 4 0 0 0 3 0 0 0 0 3 3
1558367071 772 34 26 8 0 8 0 5 5 4 0 0 0 3 0 0 0 0 3 3
1558384729 772 34 26 8 0 8 0 5 5 4 0 0 0 3 0 0 0 0 3 3
1559581903 773 34 26 8 0 8 0 5 5 4 0 0 0 3 0 0 0 0 3 3
1559661799 774 34 26 8 0 8 0 5 5 4 0 0 0 3 0 0 0 0 3 3
1560052881 774 34 26 8 0 8 0 5 5 4 0 0 0 3 0 0 0 0 3 3
1563310176 774 34 26 8 0 8 0 5 5 4 0 0 0 3 0 0 0 0 3 3
1563529860 774 34 26 8 0 8 0 5 5 4 0 0 0 3 0 0 0 0 3 3
1564518009 774 35 26 8 0 8 0 5 5 4 0 0 0 3 0 0 0 0 3 3
1564518706 775 35 26 8 0 8 0 5 5 4 0 0 0 3 0 0 0 0 3 3
1564518713 776 35 26 8 0 8 0 5 5 4 0 0 0 3 0 0 0 0 3 3
1564518915 776 35 26 8 0 8 0 5 5 4 0 0 0 3 0 0 0 0 3 3
1564571931 777 35 26 8 0 8 0 5 5 4 0 0 0 3 0 0 0 0 3 3
1564571943 778 35 26 8 0 8 0 5 5 4 0 0 0 3 0 0 0 0 3 3
1564571954 779 35 26 8 0 8 0 5 5 4 0 0 0 3 0 0 0 0 3 3
1564577173 780 35 26 8 0 8 0 5 5 4 0 0 0 3 0 0 0 0 3 3
1565100716 780 35 26 8 0 8 1 5 5 4 0 0 0 3 0 0 0 0 3 3
1565113043 780 35 26 8 0 8 2 5 5 4 0 0 0 3 0 0 0 0 3 3
1565298193 780 35 26 8 0 8 3 5 5 4 0 0 0 3 0 0 0 0 3 3
1565299718 780 35 26 8 0 8 4 5 5 4 0 0 0 3 0 0 0 0 3 3
1565300359 780 35 26 8 0 8 5 5 5 4 0 0 0 3 0 0 0 0 3 3
1565301121 780 35 26 8 0 8 6 5 5 4 0 0 0 3 0 0 0 0 3 3
1565676834 780 35 26 8 0 8 6 5 5 4 0 0 0 3 0 0 0 0 3 3
1566762726 780 35 26 8 0 8 6 5 5 4 0 0 0 3 0 0 0 0 3 3
1567519395 781 35 26 8 0 8 6 5 5 4 0 0 0 3 0 0 0 0 3 3
1567519554 782 35 26 8 0 8 6 5 5 4 0 0 0 3 0 0 0 0 3 3
1567519674 783 35 26 8 0 8 6 5 5 4 0 0 0 3 0 0 0 0 3 3
1567519721 784 35 26 8 0 8 6 5 5 4 0 0 0 3 0 0 0 0 3 3
1568031844 784 36 26 8 0 8 6 5 5 4 0 0 0 3 0 0 0 0 3 3
1568031912 784 37 26 8 0 8 6 5 5 4 0 0 0 3 0 0 0 0 3 3
1568642453 784 38 26 8 0 8 6 5 5 4 0 0 0 3 0 0 0 0 3 3
1570743236 784 39 26 8 0 8 6 5 5 4 0 0 0 3 0 0 0 0 3 3
1571219924 785 39 26 8 0 8 6 5 5 4 0 0 0 3 0 0 0 0 3 3
1573041220 786 39 26 8 0 8 6 5 5 4 0 0 0 3 0 0 0 0 3 3
1574434720 786 40 26 8 0 8 6 5 5 4 0 0 0 3 0 0 0 0 3 3
1575651345 787 40 26 8 0 8 6 5 5 4 0 0 0 3 0 0 0 0 3 3
1576008890 788 40 26 8 0 8 6 5 5 4 0 0 0 3 0 0 0 0 3 3
1576012857 788 40 26 8 0 8 6 5 5 4 0 0 0 3 0 0 0 0 3 3
1576013007 789 40 26 8 0 8 6 5 5 4 0 0 0 3 0 0 0 0 3 3
1576558179 789 40 26 8 0 8 6 5 5 4 0 0 0 3 0 0 0 0 3 3
1576597485 789 41 26 8 0 8 6 5 5 4 0 0 0 3 0 0 0 0 3 3
1576599318 789 42 26 8 0 8 6 5 5 4 0 0 0 3 0 0 0 0 3 3
1576860479 789 43 26 8 0 8 6 5 5 4 0 0 0 3 0 0 0 0 3 3
1579544914 789 43 26 8 0 8 6 5 5 4 0 0 0 3 0 0 0 0 3 3
1579666155 789 45 26 8 0 8 6 5 5 4 0 0 0 3 0 0 0 0 3 3
1581286947 789 46 26 8 0 8 6 5 5 4 0 0 0 3 0 0 0 0 3 3
1581291277 789 47 26 8 0 8 6 5 5 4 0 0 0 3 0 0 0 0 3 3
1581594836 789 47 26 8 0 8 6 5 5 4 0 0 0 3 0 0 0 0 3 3
1582757898 789 48 26 8 0 8 6 5 5 4 0 0 1 3 0 0 0 0 3 3
1582817582 790 48 26 8 0 8 6 5 5 4 0 0 1 3 0 0 0 0 3 3
1582930907 791 48 26 8 0 8 6 5 5 4 0 0 1 3 0 0 0 0 3 3
1582932694 792 48 26 8 0 8 6 5 5 4 0 0 1 3 0 0 0 0 3 3
1582934647 793 48 26 8 0 8 6 5 5 4 0 0 1 3 0 0 0 0 3 3
1583427064 794 48 26 8 0 8 6 5 5 4 0 0 1 3 0 0 0 0 3 3
1583443195 795 48 26 8 0 8 6 5 5 4 0 0 1 3 0 0 0 0 3 3
1585843072 796 48 26 8 0 8 6 5 5 4 0 0 1 3 0 0 0 0 3 3
1585917598 797 48 26 8 0 8 6 5 5 4 0 0 1 3 0 0 0 0 3 3
1585925838 797 48 26 8 0 8 6 5 5 4 0 0 1 3 0 0 0 0 3 3
1587555344 798 48 26 9 0 8 6 5 5 4 0 0 1 3 0 0 0 0 3 3
1588461347 799 48 26 9 0 8 6 5 5 4 0 0 1 3 0 0 0 0 3 3
1588620246 799 48 26 9 0 8 6 5 5 4 0 0 1 3 0 0 0 0 3 3
1590089587 799 49 26 9 0 8 6 5 5 4 0 0 1 3 0 0 0 0 3 3
1590162481 799 50 26 9 0 8 6 5 5 4 0 0 1 3 0 0 0 0 3 3
1591178269 799 50 26 9 0 8 6 5 5 4 0 0 1 3 0 0 0 0 3 3
1591806890 799 51 26 9 0 8 6 5 5 4 0 0 2 3 0 0 0 0 3 3
1593687428 799 52 26 9 0 8 6 5 5 4 0 0 2 3 0 0 0 0 3 3
1595357101 799 53 26 9 0 8 6 5 5 4 0 0 2 3 0 0 0 0 3 3
1596126516 799 55 26 9 0 8 6 5 5 4 0 0 2 3 0 0 0 0 3 3
1597517388 800 55 26 9 0 8 6 5 5 4 0 0 2 3 0 0 0 0 3 3
1597767616 800 55 26 9 0 8 6 5 5 4 0 0 2 3 0 0 0 0 3 3
1597850327 800 55 26 9 0 8 6 5 5 4 0 0 2 3 0 0 0 0 3 3
1600353212 800 55 26 9 0 8 6 5 5 4 0 0 2 3 0 0 0 0 3 3
1601820530 800 55 26 9 0 8 6 5 5 4 0 0 2 3 0 0 0 0 3 3
1603363532 800 55 26 9 0 8 6 5 5 4 0 0 2 3 0 0 0 0 3 3
1603380003 800 55 26 9 0 8 6 5 5 4 0 0 2 3 0 0 0 0 3 3
1603459720 800 55 26 9 0 8 6 5 5 4 0 0 2 3 0 0 0 0 3 3
1604083601 800 57 26 9 0 8 6 5 5 4 0 0 3 3 0 0 0 0 3 3
1605465945 800 59 26 9 0 8 6 5 5 4 0 0 3 3 0 0 0 0 3 3
1606054328 800 60 26 9 0 8 6 5 5 4 0 0 3 3 0 0 0 0 3 3
1606679488 800 60 26 9 0 8 6 5 5 4 0 0 3 3 0 0 0 0 3 3
1606682437 800 60 26 9 0 8 6 5 5 4 0 0 3 3 0 0 0 0 3 3
1609244479 800 60 26 9 0 8 6 5 5 4 0 0 3 3 0 0 0 0 3 3
1609752856 800 60 26 9 0 8 6 5 5 4 0 0 3 3 0 0 0 0 3 3
1609963260 800 60 26 10 0 8 6 5 5 4 0 0 3 3 0 0 0 0 3 3
1610054177 800 60 26 10 0 8 6 5 5 4 0 0 3 3 0 0 0 0 3 3
1610518520 800 61 26 10 0 8 6 5 5 4 0 0 3 3 0 0 0 0 3 3
1611083038 800 62 26 10 0 8 6 5 5 4 0 0 3 3 0 0 0 0 3 3
1611544453 800 62 26 10 0 8 6 5 5 4 0 0 3 3 0 0 0 0 3 3
1613136308 800 62 26 10 0 8 6 5 5 4 0 0 3 3 0 0 0 0 3 3
1614786753 800 62 26 10 0 8 6 5 5 4 0 0 3 3 0 0 0 0 3 3
1616771924 800 62 26 10 0 8 6 5 5 4 0 0 3 3 0 0 0 0 3 3
1618543689 800 62 26 10 0 8 6 5 5 4 0 0 3 3 0 0 0 0 3 3
1618993155 800 62 26 10 0 8 6 5 5 4 0 0 3 3 0 0 1 0 3 3
1621937535 800 62 26 10 0 8 6 5 5 4 0 0 3 3 0 0 1 0 3 3
1622221410 800 62 26 10 0 8 6 5 5 4 0 0 3 3 0 0 1 0 3 3
1623865138 800 62 26 10 0 8 6 5 5 4 0 0 3 3 0 0 1 0 3 3
1624426622 800 62 26 10 0 8 6 5 5 4 0 1 3 3 0 0 1 0 3 3
1625067055 800 62 26 10 0 8 6 5 5 4 0 1 3 3 0 0 1 0 3 3
1625067061 800 62 26 10 0 8 6 5 5 4 0 1 3 3 0 0 1 0 3 3
1627338268 800 62 26 10 0 8 6 5 5 4 0 1 3 3 0 0 1 0 3 3
1627984601 800 62 26 10 0 8 6 5 5 4 0 1 3 3 0 0 1 0 3 3
1628443160 800 63 26 10 0 8 6 5 5 4 0 1 3 3 0 0 1 0 3 3
1630583578 800 63 26 10 0 8 6 5 5 4 0 1 3 3 0 0 1 0 3 3
1632310350 804 63 26 10 0 8 6 5 5 4 0 1 3 3 0 0 1 0 3 3
1634327950 804 63 26 10 0 8 6 5 5 4 0 1 3 3 0 0 1 0 3 3
1635709242 804 63 26 10 0 8 6 5 5 4 0 1 3 3 0 0 1 0 3 3
1638439866 804 63 26 10 0 8 6 5 5 4 0 1 4 3 0 0 1 0 3 3
1640082286 805 63 26 10 0 8 6 5 5 4 0 1 4 3 0 0 1 0 3 3
1640091780 806 63 26 10 0 8 6 5 5 4 0 1 4 3 0 0 1 0 3 3
1640091919 807 63 26 10 0 8 6 5 5 4 0 1 4 3 0 0 2 0 3 3
1640104055 808 63 26 10 0 8 6 5 5 4 0 1 4 3 0 0 2 0 3 3
1640104893 809 63 26 10 0 8 6 5 5 4 0 1 4 3 0 0 2 0 3 3
1640108994 810 63 26 10 0 8 6 5 5 4 0 1 4 3 0 0 2 0 3 3
1640760645 810 63 26 10 0 8 6 5 5 4 0 1 4 3 0 2 2 0 3 3
1640796133 810 63 26 10 0 8 6 5 5 4 0 1 4 3 0 3 2 0 3 3
1640804833 810 63 26 10 0 8 6 5 5 4 0 1 4 3 0 3 2 0 3 3
1641319400 810 63 26 10 0 8 6 5 5 4 0 1 4 3 0 3 2 0 3 3
1641622118 810 63 26 10 0 8 6 5 5 4 0 1 4 3 0 3 2 0 3 3
1642976016 810 63 26 10 0 8 6 5 5 4 0 1 4 3 0 3 2 0 3 3
1646345324 810 63 26 10 0 8 6 5 5 4 0 1 4 3 0 3 2 0 3 3
1646345676 810 63 26 10 0 8 6 5 5 4 0 1 4 3 0 3 2 0 3 3
1653980451 810 63 26 10 0 8 6 5 5 4 0 1 4 3 0 3 2 0 3 3
1654572692 810 63 26 10 0 8 6 5 5 4 0 1 4 3 0 3 2 0 3 3
1654677463 810 63 26 10 0 8 6 5 5 4 0 1 4 3 0 3 2 0 3 3
1654711506 811 63 26 10 0 8 6 5 5 4 0 1 4 3 0 3 2 0 3 3
1654711524 812 63 26 10 0 8 6 5 5 4 0 1 4 3 0 3 2 0 3 3
1655579839 812 63 26 10 0 8 6 5 5 4 0 1 4 3 0 3 2 0 3 3
1658443348 812 63 26 10 0 8 6 5 5 4 0 1 4 3 0 3 3 0 3 3
1660858292 812 63 26 10 0 8 6 5 5 4 0 1 4 3 0 3 3 0 3 3
1661864027 813 63 26 10 0 8 6 5 5 4 0 1 4 3 0 3 3 0 3 3
1664332508 813 63 26 10 0 8 6 5 5 4 0 1 4 3 0 3 3 0 3 3
1666149343 813 63 26 10 0 8 6 5 5 4 0 4 4 3 0 3 3 0 3 3
1666711851 816 63 26 10 0 8 6 5 5 4 0 4 4 3 0 3 3 0 3 3
1666717171 817 63 26 10 0 8 6 5 5 4 0 4 4 3 0 3 3 0 3 3
1666730902 818 63 26 10 0 8 6 5 5 4 0 4 4 3 0 3 3 0 3 3
1666731448 819 63 26 10 0 8 6 5 5 4 0 4 4 3 0 3 3 0 3 3
1666732131 820 63 26 10 0 8 6 5 5 4 0 4 4 3 0 3 3 0 3 3
1666811920 821 63 26 10 0 8 6 5 5 4 0 4 4 3 0 3 3 0 3 3
1666815893 822 63 26 10 0 8 6 5 5 4 0 4 4 3 0 3 3 0 3 3
1666870476 823 63 26 10 0 8 6 5 5 4 0 4 4 3 0 3 3 0 3 3
1666871645 824 63 26 10 0 8 6 5 5 4 0 4 4 3 0 3 3 0 3 3
1666872891 825 63 26 10 0 8 6 5 5 4 0 4 4 3 0 3 3 0 3 3
1666877048 826 63 26 10 0 8 6 5 5 4 0 4 4 3 0 3 3 0 3 3
1666880392 827 63 26 10 0 8 6 5 5 4 0 4 4 3 0 3 3 0 3 3
1666881123 828 63 26 10 0 8 6 5 5 4 0 4 4 3 0 3 3 0 3 3
1666899654 829 63 26 10 0 8 6 5 5 4 0 4 4 3 0 3 3 0 3 3
1669586100 829 63 26 10 0 8 6 5 5 4 1 4 4 3 0 3 3 0 3 3
1669586605 829 63 26 10 0 8 6 5 5 4 2 4 4 3 0 3 3 0 3 3
1669589198 829 63 26 10 0 8 6 5 5 4 3 4 4 3 0 3 3 0 3 3
1672908012 829 63 26 10 0 8 6 5 5 4 4 4 4 3 0 3 3 0 3 3
1676634465 829 63 26 10 1 8 6 5 5 4 4 4 4 3 0 3 3 0 3 3
1678455550 830 63 26 10 1 8 6 5 5 4 4 4 4 3 0 3 3 0 3 3
1680003370 830 63 26 10 1 8 6 5 5 4 4 4 4 3 0 3 3 0 3 3
1681076760 831 63 26 10 1 8 6 5 5 4 4 4 4 3 0 3 3 0 3 3
1681312025 832 63 26 10 1 8 6 5 5 4 4 4 4 3 0 3 3 0 3 3
1681388009 832 63 26 10 1 8 6 5 5 4 4 4 4 3 0 3 3 0 3 3
1681389426 833 63 26 10 1 8 6 5 5 4 4 4 4 3 0 3 3 0 3 3
1681389464 834 63 26 10 1 8 6 5 5 4 4 4 4 3 0 3 3 0 3 3
1681389717 835 63 26 10 2 8 6 5 5 4 4 4 4 3 0 3 3 0 3 3
1681749638 836 63 26 10 2 8 6 5 5 4 4 4 4 3 0 3 3 0 3 3
1681758136 837 63 26 10 2 8 6 5 5 4 4 4 4 3 0 3 3 0 3 3
1681759126 838 63 26 10 2 8 6 5 5 4 4 4 4 3 0 3 3 0 3 3
1682310278 838 63 26 10 2 8 6 5 5 4 4 4 4 3 0 3 3 0 3 3
1682310592 838 63 26 10 2 8 6 5 5 4 4 4 4 3 0 3 3 0 3 3
1683106304 838 63 26 10 3 8 6 5 5 4 4 4 4 3 0 3 3 0 3 3
1683137437 838 63 26 10 3 8 6 5 5 4 4 4 4 3 0 3 3 0 3 3
1685015721 838 63 26 10 4 8 6 5 5 4 4 4 4 3 0 3 3 0 3 3
1685017138 838 63 26 10 5 8 6 5 5 4 4 4 4 3 0 3 3 0 3 3
1685017956 838 63 26 10 6 8 6 5 5 4 4 4 4 3 0 3 3 0 3 3
1685018726 838 63 26 10 6 8 6 5 5 4 4 4 4 3 0 3 3 0 3 3
1685020561 838 63 26 10 6 8 6 5 5 4 4 4 4 3 0 3 3 1 3 3
1685966281 838 63 26 10 6 8 6 5 5 4 4 4 4 3 0 3 3 1 3 3
1686657920 838 63 26 10 6 8 6 5 5 4 4 4 4 3 0 3 3 1 3 3
1686659696 838 63 26 10 6 8 6 5 5 4 4 4 4 3 0 3 3 1 3 3
1686671963 838 63 26 10 6 8 6 5 5 4 4 4 4 3 0 3 3 1 3 3
1686672908 838 63 26 10 7 8 6 5 5 4 4 4 4 3 0 3 3 1 3 3
1686683113 838 63 26 10 7 8 6 5 5 4 4 4 4 3 0 3 3 2 3 3
1686683302 838 63 26 10 7 8 6 5 5 4 4 4 4 3 0 3 3 3 3 3
1686683643 838 63 26 10 8 8 6 5 5 4 4 4 4 3 0 3 3 3 3 3
1686687674 838 63 26 10 8 8 6 5 5 4 4 4 4 3 1 3 3 3 3 3
1686687731 838 63 26 10 8 8 6 5 5 4 4 4 4 3 2 3 3 3 3 3
1686689446 838 63 26 10 8 8 6 5 5 4 4 4 4 3 2 3 3 3 3 3
1686755695 839 63 26 10 8 8 6 5 5 4 4 4 4 3 2 3 3 3 3 3
1688390226 839 63 26 10 8 8 6 5 5 4 4 4 4 3 3 3 3 3 3 3
