1407356643 14077
1407357027 14077
1407357502 14147
1407361027 14149
1407361257 14149
1407361368 14149
1407361433 14150
1407361506 14151
1407361609 14151
1407361711 14151
1407361810 14151
1407361925 14151
1407362093 14151
1407362292 14151
1407362372 14151
1407362469 14151
1407362787 14151
1407362862 14161
1407363227 14161
1407368330 14235
1407377957 14236
1407437784 14236
1407439450 14236
1407547390 14235
1407552274 14252
1407554275 14255
1407554465 138931
1407616194 138935
1407616212 138935
1407616241 139159
1407617517 139745
1407621113 139713
1407622751 139713
1407623243 139713
1407623336 139662
1407623343 139666
1407624014 139442
1407624544 139443
1407624861 139449
1407828910 139503
1407855984 139670
1407856133 140570
1407898246 140586
1408044727 140589
1408045546 140736
1408073401 140769
1408207314 140885
1408241668 140975
1408384519 142000
1408400624 142050
1408423883 142050
1408512047 142085
1408514669 142358
1408586501 142554
1408586636 142557
1408597628 142618
1408597655 142618
1408597762 142622
1408597908 142814
1408597916 142814
1408598334 142814
1408598469 145154
1408598580 145151
1408604610 145175
1408604982 145175
1408606008 145161
1408606158 145155
1408607264 145155
1408669606 145151
1408673805 145157
1408675888 144908
1408676748 143569
1408677793 143593
1408678050 143613
1408678288 143620
1408678505 143809
1408738918 143810
1408739118 144153
1408739318 144153
1408777496 147813
1408777890 147813
1408839737 147867
1408839816 148081
1408871252 148175
1409078568 148175
1409275502 148175
1409589367 148175
1409595284 148175
1409706957 148175
1410030718 152060
1410030756 152064
1410033776 152066
1410039880 152124
1410061379 152174
1410187368 152175
1410187500 152176
1410187803 152176
1410286424 152176
1412464389 152218
1412664345 152404
1412798973 135573
1412996867 135607
1413000294 135710
1413069532 135714
1413070930 135833
1413071128 135833
1413071142 135900
1413234634 136298
1413600242 136313
1414115796 136948
1414726709 136954
1414726736 136954
1415070039 136958
1415070265 136959
1415070285 136661
1415731990 136666
1415771248 136679
1415862988 136796
1415864059 136796
1415864100 136796
1415866603 136797
1415868411 136635
1415930620 136918
1415940280 136918
1416795246 136919
1416795268 136920
1418059416 137479
1418074864 137959
1418076271 137953
1418076880 137953
1418080192 137620
1418492077 137634
1418495738 137820
1418497191 137824
1418673950 139770
1418674025 139790
1418675522 139790
1418683199 139790
1418942213 139914
1418944724 139916
1418944875 139916
1418944989 139916
1418953327 139927
1418977913 139940
1419059383 139941
1419239570 139941
1419321383 139941
1419321475 140951
1419321495 140960
1419321566 140954
1419342905 140958
1419342929 140948
1419343175 140944
1419343206 140944
1419343222 140948
1419343235 140950
1419343249 140998
1420585676 141121
1422055140 141121
1422055156 141120
1422055662 141120
1422380211 141374
1422383750 141380
1422418280 141568
1422418439 141625
1422418809 141627
1422484731 135403
1422669013 135401
1423374416 135420
1423374452 135885
1423374544 135885
1423374580 135885
1423381255 135937
1423426053 135939
1423426733 135938
1423427142 135938
1423427256 135938
1423460380 135959
1423460611 136012
1423545087 136012
1424338101 136068
1424683742 136073
1424683754 136074
1424733426 136073
1425411667 136065
1425411741 136057
1425413517 136334
1425413733 136338
1429672279 136338
1429749515 136337
1429751915 136339
1429751962 136339
1429819623 136339
1429819815 136335
1429832824 136378
1429833115 136397
1429897268 136397
1429897292 135984
1429905753 135984
1430102784 136123
1430456058 136168
1430457385 136168
1430585446 136345
1430592882 136357
1430695119 136357
1430695641 136357
1430755035 136355
1430797317 136336
1431014781 136354
1431039525 136396
1431039555 136432
1431040431 136403
1431041687 136414
1431041828 136414
1431042732 136420
1431042940 136422
1431454525 136422
1432062505 136422
1432063070 136422
1432065318 136422
1432315298 136422
1432335812 137459
1432843763 137481
1432847007 137503
1432850431 137503
1432852500 137503
1432944101 137504
1432947043 138029
1432956439 138070
1433008749 138118
1433011926 138156
1433012839 138185
1433012922 138384
1433022234 138495
1433022251 138505
1433183423 138545
1433187771 138595
1433211606 138597
1433290108 138615
1433294919 138659
1433294936 138659
1433296858 138659
1433300753 138683
1433471370 138680
1433614656 138682
1433615166 138682
1434397229 138684
1434397268 138684
1434397418 138693
1435116142 138693
1435116164 138699
1435116226 138699
1435116276 138700
1435169361 138702
1435199394 138702
1435210230 141555
1438486716 141598
1438645552 141821
1438658571 141907
1438722636 141913
1438722654 142153
1438722706 142193
1438722716 142193
1438722817 142193
1438755870 142195
1440097485 142559
1440097529 142747
1440097950 142747
1440097970 142813
1440098211 142871
1440115496 142873
1440115551 142871
1440115575 142875
1440115637 142860
1440128959 142914
1440377031 142914
1440379570 142915
1440379592 142915
1440379643 142944
1440379861 142944
1440380757 142949
1440380783 142941
1440403731 142972
1440446385 142970
1440643310 142978
1440657655 142979
1441173902 143055
1441175781 143055
1441564363 143057
1441901950 143059
1441915352 143059
1441915377 143185
1442078448 143220
1442152657 143221
1442256795 143324
1442283432 143353
1442376904 143384
1443055117 32676
1443055370 32574
1443062513 32581
1443062541 32584
1443108377 32584
1443122227 32584
1443640695 32621
1443660656 32538
1443932769 32538
1444176737 32538
1444176814 32540
1444597819 32541
1444598010 32541
1444598079 32710
1444599671 32758
1444980297 33795
1445301394 34155
1445327035 34238
1445327061 34240
1445359943 34240
1445367191 34238
1445370697 34238
1445375154 34238
1445378717 34238
1445379081 34238
1445533298 34239
1445914095 34204
1445969280 34205
1445990931 34243
1446399213 34729
1446399252 34725
1446399495 34725
1446399685 34725
1446399699 34730
1446399988 34730
1446418119 34785
1446481475 34785
1446738456 35001
1447460376 34941
1447474613 34947
1447474642 34954
1447474668 34954
1447474680 34963
1447481353 34988
1447867951 34997
1447916076 36107
1447988371 34707
1448333895 35804
1448421104 35834
1448421134 35836
1448773652 35779
1448773872 35794
1448773933 35797
1448773945 35807
1449198774 35812
1449198838 35844
1449198869 35844
1449277381 35844
1449712106 35844
1449727795 37092
1449728013 37092
1449894619 37110
1449894643 37111
1449894665 37141
1449896125 37141
1450053358 37281
1450296804 140158
1450304194 140159
1450306550 140158
1450306814 140158
1450425104 140152
1450863738 140164
1450866054 140164
1450866108 140164
1450866228 140182
1452257325 140206
1452527371 140295
1452544914 140299
1452612073 140325
1452707804 140321
1452713336 140440
1453248068 140441
1453428558 140444
1453428574 140482
1453436395 140482
1454523279 140483
1454626741 140485
1454961793 140474
1454965614 140476
1454986196 140533
1456174855 140531
1456342067 140567
1456342109 140567
1456775569 140805
1456795802 144405
1456796292 144437
1456796580 144455
1456847539 144497
1456877019 144679
1457472146 144695
1457635734 144695
1457769254 144695
1457769263 144772
1457769567 144771
1457906546 144767
1458113660 33891
1458593064 33900
1458596523 34221
1458603556 34237
1458605838 34235
1458622443 34243
1458623354 34243
1458681901 34246
1458779485 34227
1459018597 34684
1459118094 34684
1459124607 34679
1459212947 34685
1459492266 34686
1459612390 34684
1459644393 34679
1459703451 34674
1459729243 34667
1459812486 34667
1459907757 34685
1459909951 34750
1460071123 35146
1460071472 35145
1460071619 35145
1461359836 35151
1461623733 35152
1461628446 35550
1461632838 35666
1461634463 35671
1461635164 35671
1461649627 35737
1461948973 35750
1462832495 35753
1462901275 38155
1462908794 38157
1463523314 38170
1463537527 38170
1463537558 38176
1463538816 38198
1463549793 38258
1464014872 38265
1464118002 38273
1464121760 38278
1464122363 38279
1464122642 38285
1464461466 38824
1464626862 38941
1464915086 39153
1466697754 39165
1466699194 39165
1467766546 39187
1467833697 39187
1468000112 39216
1468679172 39216
1469555031 39216
1471381571 39221
1471646872 39233
1474550078 39237
1475608740 39247
1475703884 39238
1476721565 39255
1476722529 39255
1476810295 39256
1478060265 39636
1478132225 39653
1478132423 39677
1478132841 39699
1478283330 39701
1478875478 39774
1479186548 39774
1479671891 39772
1479672307 40373
1479805722 40377
1479805931 40640
1479860731 40652
1480956452 40669
1481883724 40683
1482198024 40683
1482198122 40826
1483626355 40858
1484174926 40858
1484177049 40858
1484191592 40888
1484195375 40917
1484195498 40917
1485191671 40921
1485191764 40956
1485548185 41483
1485560994 41483
1485561006 41483
1485572076 41484
1485572577 41527
1485711370 41671
1485809856 41675
1485809948 41742
1485823183 41742
1485911855 41742
1485911867 41742
1495657509 41744
1496245086 41744
1496283256 41777
1496283339 41778
1496514929 41778
1497985032 41779
1498010291 41816
1498011267 42047
1498013280 42050
1498013352 42050
1498013947 42050
1498015469 42050
1499868068 42050
1500315921 42119
1500760784 42170
1500912875 42170
1501095067 42737
1501095181 42793
1501099004 42793
1501104039 42792
1501479929 42789
1501631607 44283
1501788386 44514
1502136523 44516
1502138946 44516
1502216231 44519
1502218935 44519
1502232033 44597
1502734119 44667
1502737248 44667
1502817342 44667
1502820056 44723
1503457955 44723
1503458918 45088
1504799720 45088
1505314976 45091
1505583873 45098
1505591912 45108
1505876436 45091
1506020072 45115
1506021907 45115
1506100531 45150
1506754615 45150
1506757385 45150
1507056766 45151
1507752553 45469
1507907640 45505
1507923232 45508
1507945507 45552
1508172526 45556
1508204883 45556
1509052624 45556
1509309230 45617
1509310419 45609
1509413609 45643
1509414785 46675
1509418433 45617
1509673424 45646
1509673548 45646
1509765256 46675
1509775867 54714
1511909051 54721
1511924806 54722
1513051704 54775
1513052154 54775
1513053622 54827
1513054538 54775
1513196125 54782
1513200156 54827
1513679469 54827
1513679489 54843
1513681136 54843
1515598635 54845
1515696311 54846
1515696415 54846
1515859348 54875
1515859822 54876
1515873695 54876
1516071273 54878
1516146016 54878
1516149791 54884
1516169250 54880
1516169286 54918
1516243754 54919
1516246642 54964
1516458460 54987
1516458754 54985
1516461053 55013
1516675522 55084
1516922846 55072
1517193211 55123
1517340883 55135
1517430319 55141
1517512883 55141
1517637653 55141
1518682280 55141
1519307491 55153
1519355999 55185
1519356806 347224
1519360435 55104
1519401150 55185
1519478679 55105
1519480460 55104
1519672461 55406
1520397507 55406
1520731093 55417
1521148807 55417
1521238134 55418
1521241446 55418
1523293492 55418
1523309717 55420
1523563669 55589
1523677986 347222
1523748080 347838
1523766735 347664
1523768427 347838
1523768715 347838
1523768865 347838
1523768982 347838
1523842583 347849
1523916162 347850
1523934993 347886
1523984790 347890
1524524888 347973
1524623533 347973
1524670593 347973
1524707668 348006
1525729473 348006
1525736046 348111
1526639660 348097
1527128329 348097
1527703913 348149
1528651344 348149
1528968311 348149
1529126073 348149
1529540661 348194
1529657454 348149
1529854021 348195
1530071285 348201
1530821206 348205
1532025321 348153
1532026095 348153
1532027907 348153
1532028595 348153
1532037060 348131
1532212803 348134
1532382265 348141
1532456740 348142
1533244495 348146
1536003325 348149
1538913236 348149
1539814844 348148
1539820380 348157
1539820389 348156
1539821565 348202
1539822681 348157
1540088812 348311
1540308849 348230
1540780696 348309
1542732230 348326
1543579830 348326
1543861981 348370
1543875565 348370
1543887340 348463
1544133510 348466
1544615536 348596
1544708364 348602
1544726760 367645
1545147243 367646
1545160799 367646
1545161072 367646
1545182365 367666
1545186724 367666
1545187953 367666
1546642383 367672
1547813974 367753
1547814252 367672
1547818883 367990
1548330604 367978
1548970205 367987
1549288862 367987
1549883761 367999
1549921198 368013
1549921309 368135
1550726994 367638
1551099854 368137
1551163545 368142
1551537554 368219
1551984375 368182
1552401881 368182
1552936677 368252
1553273364 368182
1553651514 368183
1553711945 368264
1553736867 368259
1555332492 368219
1555333157 367664
1555429468 368219
1556614562 367679
1556705525 367693
1557928765 368238
1557929166 368239
1557930007 367640
1557931830 367695
1557936637 367694
1557940248 367693
1557940285 367697
1558006482 367703
1558012708 367695
1558012733 367863
1558097643 367864
1558339567 367864
1558367071 367864
1558384729 369828
1559169843 369830
1559581903 369828
1559661799 369830
1560052881 369831
1563310176 369908
1563529860 369908
1564518009 369919
1564518706 369920
1564518713 369882
1564518915 369902
1564571931 369906
1564571943 369906
1564571954 369908
1564577173 369921
1565100716 369941
1565113043 369945
1565298193 369945
1565299718 369955
1565300359 369968
1565301121 369973
1565676834 369983
1565998225 370037
1566283096 370028
1566762726 369998
1567519395 370082
1567519554 370082
1567519674 370082
1567519721 370082
1568031844 370084
1568031912 370086
1568642453 370086
1568716875 370099
1569368103 370099
1570743236 370086
1571219924 370117
1572532618 370114
1573041220 370114
1574434720 370138
1575651345 370218
1576008890 367118
1576012857 367128
1576013007 367138
1576558179 367138
1576597485 367145
1576599318 367180
1576854811 367219
1576858850 367375
1576860479 367221
1579544914 367221
1579666155 367186
1581286947 367376
1581291277 367387
1581594836 367387
1582351879 367390
1582757898 367390
1582817582 367449
1582930907 367449
1582932694 367450
1582934647 367456
1583427064 367464
1583443195 367462
1584431014 369365
1585843072 367462
1585917598 367465
1585925838 367519
1586020501 367562
1587555344 367547
1588461347 367599
1588516262 370718
1588620246 367599
1590076879 369890
1590089587 367605
1590162481 367605
1590225178 369357
1590618486 369912
1591178269 367605
1591806890 367605
1593276873 369401
1593687428 369399
1595357101 369904
1596126516 369906
1597517388 369892
1597767616 369892
1597850327 369892
1600353212 369921
1601123282 370628
1601820530 369921
1602342041 370244
1602780095 370060
1603363532 369965
1603380003 369980
1603459720 370056
1604083601 370057
1605465945 370637
1606054328 370749
1606679488 370967
1606682437 371064
1609244479 371136
1609752856 371136
1609963260 371148
1610054177 371148
1610476967 371163
1610518520 371150
1610935416 371163
1611083038 371163
1611544453 371161
1611650937 455183
1612393054 371223
1613136308 371161
1614786753 371161
1615497291 371223
1616771924 371161
1618543689 371164
1618993155 371164
1621937535 455254
1622221410 455254
1623642020 455752
1623865138 455752
1624030347 455757
1624426622 455756
1624891443 456884
1624909254 456884
1624992263 456885
1625067055 455765
1625067061 455765
1627338268 455824
1627984601 455825
1628443160 455895
1630433450 455896
1630583578 455896
1630751096 456487
1631189397 455929
1631189713 456485
1632310350 455896
1634327950 456485
1635709242 456485
1638439866 456491
1639995123 456495
1640082286 456492
1640091780 456495
1640091919 456495
1640104055 456516
1640104893 456516
1640108994 456521
1640758948 456521
1640760645 456521
1640796133 456573
1640804833 456573
1641164621 456656
1641319400 456635
1641622118 456715
1642976016 456726
1643503927 456881
1646345324 456729
1646345676 456729
1653980451 456735
1654572692 456735
1654677463 456735
1654711506 456714
1654711524 456714
1655579839 456714
1658443348 456714
1660858292 456722
1661864027 456722
1663803854 456885
1664332508 456722
1666149343 456723
1666711851 456881
1666717171 456881
1666730902 456901
1666731448 456908
1666732131 456906
1666811920 456906
1666815893 456906
1666870476 457074
1666871645 457075
1666872891 457083
1666877048 456980
1666880392 456980
1666881123 456982
1666899654 456982
1669586100 456998
1669586605 456999
1669589198 456999
1670100261 457046
1672908012 456999
1676634465 457059
1678455550 457161
1680003370 457179
1680065943 457192
1681033996 457343
1681076760 457180
1681312025 457180
1681322138 457922
1681388009 457356
1681389426 457356
1681389464 457370
1681389717 457376
1681749638 457925
1681758136 457925
1681759126 457925
1681797566 457928
1682310278 457925
1682310592 457925
1683106304 457943
1683137437 457966
1685015721 457988
1685017138 458026
1685017956 458039
1685018726 458064
1685020561 458094
1685966281 458098
1686657920 458114
1686659696 458139
1686671963 458159
1686672908 458218
1686683113 458309
1686683302 458307
1686683643 458329
1686687674 458329
1686687731 458331
1686689446 458369
1686755695 458331
1688390226 458333
