1407356643 14077 0 0 0 0 0 0 0 0 0 0 0 0 0 0 0 0 0 0 0
1407357027 14078 0 0 0 0 0 0 0 0 0 0 0 0 0 0 0 0 0 0 0
1407357502 14148 0 0 0 0 0 0 0 0 0 0 0 0 0 0 0 0 0 0 0
1407361027 14254 0 0 0 0 0 0 0 0 0 0 0 0 0 0 0 0 0 0 0
1407361257 14606 0 0 0 0 0 0 0 0 0 0 0 0 0 0 0 0 0 0 0
1407361368 14646 0 0 0 0 0 0 0 0 0 0 0 0 0 0 0 0 0 0 0
1407361433 14647 0 0 0 0 0 0 0 0 0 0 0 0 0 0 0 0 0 0 0
1407361506 14648 0 0 0 0 0 0 0 0 0 0 0 0 0 0 0 0 0 0 0
1407361609 14680 0 0 0 0 0 0 0 0 0 0 0 0 0 0 0 0 0 0 0
1407361711 14682 0 0 0 0 0 0 0 0 0 0 0 0 0 0 0 0 0 0 0
1407361810 14692 0 0 0 0 0 0 0 0 0 0 0 0 0 0 0 0 0 0 0
1407361925 14706 0 0 0 0 0 0 0 0 0 0 0 0 0 0 0 0 0 0 0
1407362093 14714 0 0 0 0 0 0 0 0 0 0 0 0 0 0 0 0 0 0 0
1407362292 14724 0 0 0 0 0 0 0 0 0 0 0 0 0 0 0 0 0 0 0
1407362372 14726 0 0 0 0 0 0 0 0 0 0 0 0 0 0 0 0 0 0 0
1407362469 14740 0 0 0 0 0 0 0 0 0 0 0 0 0 0 0 0 0 0 0
1407362787 14752 0 0 0 0 0 0 0 0 0 0 0 0 0 0 0 0 0 0 0
1407362862 14762 0 0 0 0 0 0 0 0 0 0 0 0 0 0 0 0 0 0 0
1407363227 14768 0 0 0 0 0 0 0 0 0 0 0 0 0 0 0 0 0 0 0
1407368330 14913 0 0 0 0 0 0 0 0 0 0 0 0 0 0 0 0 0 0 0
1407377957 14914 0 0 0 0 0 0 0 0 0 0 0 0 0 0 0 0 0 0 0
1407437784 14916 0 0 0 0 0 0 0 0 0 0 0 0 0 0 0 0 0 0 0
1407439450 14926 0 0 0 0 0 0 0 0 0 0 0 0 0 0 0 0 0 0 0
1407547390 14931 0 0 0 0 0 0 0 0 0 0 0 0 0 0 0 0 0 0 0
1407552274 14950 0 0 0 0 0 0 0 0 0 0 0 0 0 0 0 0 0 0 0
1407554275 14954 0 0 0 0 0 0 0 0 0 0 0 0 0 0 0 0 0 0 0
1407554465 139632 0 0 0 0 0 0 0 0 0 0 0 0 0 0 0 0 0 0 0
1407616194 139637 0 0 0 0 0 0 0 0 0 0 0 0 0 0 0 0 0 0 0
1407616212 139638 0 0 0 0 0 0 0 0 0 0 0 0 0 0 0 0 0 0 0
1407616241 139862 0 0 0 0 0 0 0 0 0 0 0 0 0 0 0 0 0 0 0
1407617517 140514 0 0 0 0 0 0 0 0 0 0 0 0 0 0 0 0 0 0 0
1407620626 140523 0 0 0 0 0 0 0 0 0 0 0 0 0 0 0 0 0 0 0
1407621113 140523 0 0 0 0 0 0 0 0 0 0 0 0 0 0 0 0 0 0 0
1407622345 140527 0 0 0 0 0 0 0 0 0 0 0 0 0 0 0 0 0 0 0
1407622751 140531 0 0 0 0 0 0 0 0 0 0 0 0 0 0 0 0 0 0 0
1407623243 140533 0 0 0 0 0 0 0 0 0 0 0 0 0 0 0 0 0 0 0
1407623336 140533 0 0 0 0 0 0 0 0 0 0 0 0 0 0 0 0 0 0 0
1407623343 140533 0 0 0 0 0 0 0 0 0 0 0 0 0 0 0 0 0 0 0
1407624014 161103 0 0 0 0 0 0 0 0 0 0 0 0 0 0 0 0 0 0 0
1407624544 161105 0 0 0 0 0 0 0 0 0 0 0 0 0 0 0 0 0 0 0
1407624861 161111 0 0 0 0 0 0 0 0 0 0 0 0 0 0 0 0 0 0 0
1407822926 161172 0 0 0 0 0 0 0 0 0 0 0 0 0 0 0 0 0 0 0
1407824029 186327 0 0 0 0 0 0 0 0 0 0 0 0 0 0 0 0 0 0 0
1407824717 186336 0 0 0 0 0 0 0 0 0 0 0 0 0 0 0 0 0 0 0
1407826777 197154 0 0 0 0 0 0 0 0 0 0 0 0 0 0 0 0 0 0 0
1407828910 197212 0 0 0 0 0 0 0 0 0 0 0 0 0 0 0 0 0 0 0
1407855984 197212 0 0 0 0 0 0 0 0 0 0 0 0 0 0 0 0 0 0 0
1407856133 197212 0 0 0 0 0 0 0 0 0 0 0 0 0 0 0 0 0 0 0
1407898246 197228 0 0 0 0 0 0 0 0 0 0 0 0 0 0 0 0 0 0 0
1408044727 197231 0 0 0 0 0 0 0 0 0 0 0 0 0 0 0 0 0 0 0
1408045546 210216 0 0 0 0 0 0 0 0 0 0 0 0 0 0 0 0 0 0 0
1408073401 210250 0 0 0 0 0 0 0 0 0 0 0 0 0 0 0 0 0 0 0
1408207314 210367 0 0 0 0 0 0 0 0 0 0 0 0 0 0 0 0 0 0 0
1408215286 210379 0 0 0 0 0 0 0 0 0 0 0 0 0 0 0 0 0 0 0
1408241668 210476 0 0 0 0 0 0 0 0 0 0 0 0 0 0 0 0 0 0 0
1408383650 210476 0 0 0 0 0 0 0 0 0 0 0 0 0 0 0 0 0 0 0
1408384424 210494 0 0 0 0 0 0 0 0 0 0 0 0 0 0 0 0 0 0 0
1408384469 232607 0 0 0 0 0 0 0 0 0 0 0 0 0 0 0 0 0 0 0
1408384519 232607 0 0 0 0 0 0 0 0 0 0 0 0 0 0 0 0 0 0 0
1408385499 232633 0 0 0 0 0 0 0 0 0 0 0 0 0 0 0 0 0 0 0
1408386484 232653 0 0 0 0 0 0 0 0 0 0 0 0 0 0 0 0 0 0 0
1408386504 232654 0 0 0 0 0 0 0 0 0 0 0 0 0 0 0 0 0 0 0
1408392551 232666 0 0 0 0 0 0 0 0 0 0 0 0 0 0 0 0 0 0 0
1408396159 232669 0 0 0 0 0 0 0 0 0 0 0 0 0 0 0 0 0 0 0
1408397161 232675 0 0 0 0 0 0 0 0 0 0 0 0 0 0 0 0 0 0 0
1408399907 232676 0 0 0 0 0 0 0 0 0 0 0 0 0 0 0 0 0 0 0
1408400624 232676 0 0 0 0 0 0 0 0 0 0 0 0 0 0 0 0 0 0 0
1408423870 232678 0 0 0 0 0 0 0 0 0 0 0 0 0 0 0 0 0 0 0
1408423883 232678 0 0 0 0 0 0 0 0 0 0 0 0 0 0 0 0 0 0 0
1408430210 232683 0 0 0 0 0 0 0 0 0 0 0 0 0 0 0 0 0 0 0
1408430220 244723 0 0 0 0 0 0 0 0 0 0 0 0 0 0 0 0 0 0 0
1408512047 244842 0 0 0 0 0 0 0 0 0 0 0 0 0 0 0 0 0 0 0
1408514669 245132 0 0 0 0 0 0 0 0 0 0 0 0 0 0 0 0 0 0 0
1408586501 245667 0 0 0 0 0 0 0 0 0 0 0 0 0 0 0 0 0 0 0
1408586636 245667 0 0 0 0 0 0 0 0 0 0 0 0 0 0 0 0 0 0 0
1408597628 245880 0 0 0 0 0 0 0 0 0 0 0 0 0 0 0 0 0 0 0
1408597655 245881 0 0 0 0 0 0 0 0 0 0 0 0 0 0 0 0 0 0 0
1408597762 245885 0 0 0 0 0 0 0 0 0 0 0 0 0 0 0 0 0 0 0
1408597908 246077 0 0 0 0 0 0 0 0 0 0 0 0 0 0 0 0 0 0 0
1408597916 246078 0 0 0 0 0 0 0 0 0 0 0 0 0 0 0 0 0 0 0
1408598334 246080 0 0 0 0 0 0 0 0 0 0 0 0 0 0 0 0 0 0 0
1408598469 288410 0 0 0 0 0 0 0 0 0 0 0 0 0 0 0 0 0 0 0
1408598580 288410 0 0 0 0 0 0 0 0 0 0 0 0 0 0 0 0 0 0 0
1408604610 288442 0 0 0 0 0 0 0 0 0 0 0 0 0 0 0 0 0 0 0
1408604982 288444 0 0 0 0 0 0 0 0 0 0 0 0 0 0 0 0 0 0 0
1408606008 288444 0 0 0 0 0 0 0 0 0 0 0 0 0 0 0 0 0 0 0
1408606158 288456 0 0 0 0 0 0 0 0 0 0 0 0 0 0 0 0 0 0 0
1408607264 288460 0 0 0 0 0 0 0 0 0 0 0 0 0 0 0 0 0 0 0
1408669606 288508 0 0 0 0 0 0 0 0 0 0 0 0 0 0 0 0 0 0 0
1408673805 288516 0 0 0 0 0 0 0 0 0 0 0 0 0 0 0 0 0 0 0
1408675888 289053 0 0 0 0 0 0 0 0 0 0 0 0 0 0 0 0 0 0 0
1408676748 300823 0 0 0 0 0 0 0 0 0 0 0 0 0 0 0 0 0 0 0
1408677793 300848 0 0 0 0 0 0 0 0 0 0 0 0 0 0 0 0 0 0 0
1408678050 300868 0 0 0 0 0 0 0 0 0 0 0 0 0 0 0 0 0 0 0
1408678288 300884 0 0 0 0 0 0 0 0 0 0 0 0 0 0 0 0 0 0 0
1408678505 327076 0 0 0 0 0 0 0 0 0 0 0 0 0 0 0 0 0 0 0
1408738918 327084 0 0 0 0 0 0 0 0 0 0 0 0 0 0 0 0 0 0 0
1408739118 350885 0 0 0 0 0 0 0 0 0 0 0 0 0 0 0 0 0 0 0
1408739318 350886 0 0 0 0 0 0 0 0 0 0 0 0 0 0 0 0 0 0 0
1408777496 378100 0 0 0 0 0 0 0 0 0 0 0 0 0 0 0 0 0 0 0
1408777890 378103 0 0 0 0 0 0 0 0 0 0 0 0 0 0 0 0 0 0 0
1408839737 378159 0 0 0 0 0 0 0 0 0 0 0 0 0 0 0 0 0 0 0
1408839816 388731 0 0 0 0 0 0 0 0 0 0 0 0 0 0 0 0 0 0 0
1408871252 401482 0 0 0 0 0 0 0 0 0 0 0 0 0 0 0 0 0 0 0
1409078568 401494 0 0 0 0 0 0 0 0 0 0 0 0 0 0 0 0 0 0 0
1409275502 401497 0 0 0 0 0 0 0 0 0 0 0 0 0 0 0 0 0 0 0
1409589367 401498 0 0 0 0 0 0 0 0 0 0 0 0 0 0 0 0 0 0 0
1409595284 401499 0 0 0 0 0 0 0 0 0 0 0 0 0 0 0 0 0 0 0
1409706957 401507 0 0 0 0 0 0 0 0 0 0 0 0 0 0 0 0 0 0 0
1410030718 405829 0 0 0 0 0 0 0 0 0 0 0 0 0 0 0 0 0 0 0
1410030756 405833 0 0 0 0 0 0 0 0 0 0 0 0 0 0 0 0 0 0 0
1410033776 405837 0 0 0 0 0 0 0 0 0 0 0 0 0 0 0 0 0 0 0
1410039880 405895 0 0 0 0 0 0 0 0 0 0 0 0 0 0 0 0 0 0 0
1410061379 405945 0 0 0 0 0 0 0 0 0 0 0 0 0 0 0 0 0 0 0
1410187368 405950 0 0 0 0 0 0 0 0 0 0 0 0 0 0 0 0 0 0 0
1410187500 405955 0 0 0 0 0 0 0 0 0 0 0 0 0 0 0 0 0 0 0
1410187803 405957 0 0 0 0 0 0 0 0 0 0 0 0 0 0 0 0 0 0 0
1410286424 405991 0 0 0 0 0 0 0 0 0 0 0 0 0 0 0 0 0 0 0
1412464389 406047 0 0 0 0 0 0 0 0 0 0 0 0 0 0 0 0 0 0 0
1412664345 406269 0 0 0 0 0 0 0 0 0 0 0 0 0 0 0 0 0 0 0
1412798973 487937 0 0 0 0 0 0 0 0 0 0 0 0 0 0 0 0 0 0 0
1412996867 487971 0 0 0 0 0 0 0 0 0 0 0 0 0 0 0 0 0 0 0
1413000294 496309 0 0 0 0 0 0 0 0 0 0 0 0 0 0 0 0 0 0 0
1413069532 496317 0 0 0 0 0 0 0 0 0 0 0 0 0 0 0 0 0 0 0
1413070930 496438 0 0 0 0 0 0 0 0 0 0 0 0 0 0 0 0 0 0 0
1413071128 496440 0 0 0 0 0 0 0 0 0 0 0 0 0 0 0 0 0 0 0
1413071142 512307 0 0 0 0 0 0 0 0 0 0 0 0 0 0 0 0 0 0 0
1413234634 527093 0 0 0 0 0 0 0 0 0 0 0 0 0 0 0 0 0 0 0
1413600242 527109 0 0 0 0 0 0 0 0 0 0 0 0 0 0 0 0 0 0 0
1414115796 546975 0 0 0 0 0 0 0 0 0 0 0 0 0 0 0 0 0 0 0
1414726709 546981 0 0 0 0 0 0 0 0 0 0 0 0 0 0 0 0 0 0 0
1414726736 546982 0 0 0 0 0 0 0 0 0 0 0 0 0 0 0 0 0 0 0
1415070039 546988 0 0 0 0 0 0 0 0 0 0 0 0 0 0 0 0 0 0 0
1415070265 546989 0 0 0 0 0 0 0 0 0 0 0 0 0 0 0 0 0 0 0
1415070285 546989 0 0 0 0 0 0 0 0 0 0 0 0 0 0 0 0 0 0 0
1415731990 546994 0 0 0 0 0 0 0 0 0 0 0 0 0 0 0 0 0 0 0
1415771248 547010 0 0 0 0 0 0 0 0 0 0 0 0 0 0 0 0 0 0 0
1415862988 547296 0 0 0 0 0 0 0 0 0 0 0 0 0 0 0 0 0 0 0
1415864059 547297 0 0 0 0 0 0 0 0 0 0 0 0 0 0 0 0 0 0 0
1415864100 547299 0 0 0 0 0 0 0 0 0 0 0 0 0 0 0 0 0 0 0
1415866603 547300 0 0 0 0 0 0 0 0 0 0 0 0 0 0 0 0 0 0 0
1415868411 547374 0 0 0 0 0 0 0 0 0 0 0 0 0 0 0 0 0 0 0
1415930620 560042 0 0 0 0 0 0 0 0 0 0 0 0 0 0 0 0 0 0 0
1415940280 560051 0 0 0 0 0 0 0 0 0 0 0 0 0 0 0 0 0 0 0
1416795246 560055 0 0 0 0 0 0 0 0 0 0 0 0 0 0 0 0 0 0 0
1416795268 560068 0 0 0 0 0 0 0 0 0 0 0 0 0 0 0 0 0 0 0
1418059416 568556 0 0 0 0 0 0 0 0 0 0 0 0 0 0 0 0 0 0 0
1418074864 578604 0 0 0 0 0 0 0 0 0 0 0 0 0 0 0 0 0 0 0
1418076271 585929 0 0 0 0 0 0 0 0 0 0 0 0 0 0 0 0 0 0 0
1418076880 596066 0 0 0 0 0 0 0 0 0 0 0 0 0 0 0 0 0 0 0
1418080192 596066 0 0 0 0 0 0 0 0 0 0 0 0 0 0 0 0 0 0 0
1418492077 596084 0 0 0 0 0 0 0 0 0 0 0 0 0 0 0 0 0 0 0
1418495738 596283 0 0 0 0 0 0 0 0 0 0 0 0 0 0 0 0 0 0 0
1418497191 605260 0 0 0 0 0 0 0 0 0 0 0 0 0 0 0 0 0 0 0
1418589317 605279 0 0 0 0 0 0 0 0 0 0 0 0 0 0 0 0 0 0 0
1418589392 605279 0 0 0 0 0 0 0 0 0 0 0 0 0 0 0 0 0 0 0
1418589415 614891 0 0 0 0 0 0 0 0 0 0 0 0 0 0 0 0 0 0 0
1418591608 614895 0 0 0 0 0 0 0 0 0 0 0 0 0 0 0 0 0 0 0
1418666323 614911 0 0 0 0 0 0 0 0 0 0 0 0 0 0 0 0 0 0 0
1418673950 616857 0 0 0 0 0 0 0 0 0 0 0 0 0 0 0 0 0 0 0
1418674025 616857 0 0 0 0 0 0 0 0 0 0 0 0 0 0 0 0 0 0 0
1418675522 616859 0 0 0 0 0 0 0 0 0 0 0 0 0 0 0 0 0 0 0
1418676428 616861 0 0 0 0 0 0 0 0 0 0 0 0 0 0 0 0 0 0 0
1418683199 616861 0 0 0 0 0 0 0 0 0 0 0 0 0 0 0 0 0 0 0
1418942213 629447 0 0 0 0 0 0 0 0 0 0 0 0 0 0 0 0 0 0 0
1418944724 629450 0 0 0 0 0 0 0 0 0 0 0 0 0 0 0 0 0 0 0
1418944875 629453 0 0 0 0 0 0 0 0 0 0 0 0 0 0 0 0 0 0 0
1418944989 629462 0 0 0 0 0 0 0 0 0 0 0 0 0 0 0 0 0 0 0
1418953327 629473 0 0 0 0 0 0 0 0 0 0 0 0 0 0 0 0 0 0 0
1418977913 629528 0 0 0 0 0 0 0 0 0 0 0 0 0 0 0 0 0 0 0
1419059383 629532 0 0 0 0 0 0 0 0 0 0 0 0 0 0 0 0 0 0 0
1419239570 629560 0 0 0 0 0 0 0 0 0 0 0 0 0 0 0 0 0 0 0
1419321383 629564 0 0 0 0 0 0 0 0 0 0 0 0 0 0 0 0 0 0 0
1419321475 630574 0 0 0 0 0 0 0 0 0 0 0 0 0 0 0 0 0 0 0
1419321495 630583 0 0 0 0 0 0 0 0 0 0 0 0 0 0 0 0 0 0 0
1419321566 630595 0 0 0 0 0 0 0 0 0 0 0 0 0 0 0 0 0 0 0
1419342905 630601 0 0 0 0 0 0 0 0 0 0 0 0 0 0 0 0 0 0 0
1419342929 630654 0 0 0 0 0 0 0 0 0 0 0 0 0 0 0 0 0 0 0
1419343175 630688 0 0 0 0 0 0 0 0 0 0 0 0 0 0 0 0 0 0 0
1419343206 641893 0 0 0 0 0 0 0 0 0 0 0 0 0 0 0 0 0 0 0
1419343222 641899 0 0 0 0 0 0 0 0 0 0 0 0 0 0 0 0 0 0 0
1419343235 641907 0 0 0 0 0 0 0 0 0 0 0 0 0 0 0 0 0 0 0
1419343249 641993 0 0 0 0 0 0 0 0 0 0 0 0 0 0 0 0 0 0 0
1420585676 642201 0 0 0 0 0 0 0 0 0 0 0 0 0 0 0 0 0 0 0
1422055140 642203 0 0 0 0 0 0 0 0 0 0 0 0 0 0 0 0 0 0 0
1422055156 642204 0 0 0 0 0 0 0 0 0 0 0 0 0 0 0 0 0 0 0
1422055662 642214 0 0 0 0 0 0 0 0 0 0 0 0 0 0 0 0 0 0 0
1422380211 642631 0 0 0 0 0 0 0 0 0 0 0 0 0 0 0 0 0 0 0
1422383750 642657 0 0 0 0 0 0 0 0 0 0 0 0 0 0 0 0 0 0 0
1422418280 643064 0 0 0 0 0 0 0 0 0 0 0 0 0 0 0 0 0 0 0
1422418439 643197 0 0 0 0 0 0 0 0 0 0 0 0 0 0 0 0 0 0 0
1422418809 643199 0 0 0 0 0 0 0 0 0 0 0 0 0 0 0 0 0 0 0
1422484731 727568 0 0 0 0 0 0 0 0 0 0 0 0 0 0 0 0 0 0 0
1422669013 727569 0 0 0 0 0 0 0 0 0 0 0 0 0 0 0 0 0 0 0
1423374416 727610 0 0 0 0 0 0 0 0 0 0 0 0 0 0 0 0 0 0 0
1423374452 735570 0 0 0 0 0 0 0 0 0 0 0 0 0 0 0 0 0 0 0
1423374544 735572 0 0 0 0 0 0 0 0 0 0 0 0 0 0 0 0 0 0 0
1423374580 735574 0 0 0 0 0 0 0 0 0 0 0 0 0 0 0 0 0 0 0
1423381255 735662 0 0 0 0 0 0 0 0 0 0 0 0 0 0 0 0 0 0 0
1423426053 735664 0 0 0 0 0 0 0 0 0 0 0 0 0 0 0 0 0 0 0
1423426733 735671 0 0 0 0 0 0 0 0 0 0 0 0 0 0 0 0 0 0 0
1423427142 735673 0 0 0 0 0 0 0 0 0 0 0 0 0 0 0 0 0 0 0
1423427256 735675 0 0 0 0 0 0 0 0 0 0 0 0 0 0 0 0 0 0 0
1423460380 735696 0 0 0 0 0 0 0 0 0 0 0 0 0 0 0 0 0 0 0
1423460611 735763 0 0 0 0 0 0 0 0 0 0 0 0 0 0 0 0 0 0 0
1423545087 735773 0 0 0 0 0 0 0 0 0 0 0 0 0 0 0 0 0 0 0
1424338101 735831 0 0 0 0 0 0 0 0 0 0 0 0 0 0 0 0 0 0 0
1424683742 735836 0 0 0 0 0 0 0 0 0 0 0 0 0 0 0 0 0 0 0
1424683754 735837 0 0 0 0 0 0 0 0 0 0 0 0 0 0 0 0 0 0 0
1424733426 735890 0 0 0 0 0 0 0 0 0 0 0 0 0 0 0 0 0 0 0
1425192423 735890 0 0 0 0 0 0 0 0 0 0 0 0 0 0 0 0 0 0 0
1425214866 735890 0 0 0 0 0 0 0 0 0 0 0 0 0 0 0 0 0 0 0
1425215198 735892 0 0 0 0 0 0 0 0 0 0 0 0 0 0 0 0 0 0 0
1425220667 735892 0 0 0 0 0 0 0 0 0 0 0 0 0 0 0 0 0 0 0
1425223980 735892 0 0 0 0 0 0 0 0 0 0 0 0 0 0 0 0 0 0 0
1425224457 735903 0 0 0 0 0 0 0 0 0 0 0 0 0 0 0 0 0 0 0
1425225035 735903 0 0 0 0 0 0 0 0 0 0 0 0 0 0 0 0 0 0 0
1425254316 735903 0 0 0 0 0 0 0 0 0 0 0 0 0 0 0 0 0 0 0
1425269674 735903 0 0 0 0 0 0 0 0 0 0 0 0 0 0 0 0 0 0 0
1425299854 735903 0 0 0 0 0 0 0 0 0 0 0 0 2 0 0 0 0 0 0
1425318583 735903 0 0 0 0 0 0 0 0 0 0 0 0 2 0 0 0 0 0 0
1425318596 735903 0 0 0 0 0 0 0 0 0 0 0 0 2 0 0 0 0 0 0
1425411667 735950 0 0 0 0 0 0 0 0 0 0 0 0 2 0 0 0 0 0 0
1425411741 735950 0 0 0 0 0 0 0 0 0 0 0 0 2 0 0 0 0 0 0
1425413517 747963 0 0 0 0 0 0 0 0 0 0 0 0 2 0 0 0 0 0 0
1425413733 747968 0 0 0 0 0 0 0 0 0 0 0 0 2 0 0 0 0 0 0
1426055961 747968 0 0 0 0 0 0 0 0 0 0 0 0 2 0 0 0 0 0 0
1426138613 747968 0 0 0 0 0 0 0 0 0 0 0 0 2 0 0 0 0 0 0
1429672279 747974 0 0 0 0 0 0 0 0 0 0 0 0 2 0 0 0 0 0 0
1429749515 747976 0 0 0 0 0 0 0 0 0 0 0 0 2 0 0 0 0 0 0
1429751915 747979 0 0 0 0 0 0 0 0 0 0 0 0 2 0 0 0 0 0 0
1429751962 747981 0 0 0 0 0 0 0 0 0 0 0 0 2 0 0 0 0 0 0
1429819623 747984 0 0 0 0 0 0 0 0 0 0 0 0 2 0 0 0 0 0 0
1429819815 747987 0 0 0 0 0 0 0 0 0 0 0 0 2 0 0 0 0 0 0
1429832824 748052 0 0 0 0 0 0 0 0 0 0 0 0 2 0 0 0 0 0 0
1429833115 748071 0 0 0 0 0 0 0 0 0 0 0 0 2 0 0 0 0 0 0
1429897268 748073 0 0 0 0 0 0 0 0 0 0 0 0 2 0 0 0 0 0 0
1429897292 825516 0 0 0 0 0 0 0 0 0 0 0 0 2 0 0 0 0 0 0
1429905753 825520 0 0 0 0 0 0 0 0 0 0 0 0 2 0 0 0 0 0 0
1430102784 825659 0 0 0 0 0 0 0 0 0 0 0 0 2 0 0 0 0 0 0
1430456058 825710 0 0 0 0 0 0 0 0 0 0 0 0 2 0 0 0 0 0 0
1430457385 825711 0 0 0 0 0 0 0 0 0 0 0 0 2 0 0 0 0 0 0
1430585446 835118 0 0 0 0 0 0 0 0 0 0 0 0 2 0 0 0 0 0 0
1430592882 835133 0 0 0 0 0 0 0 0 0 0 0 0 2 0 0 0 0 0 0
1430695119 835137 0 0 0 0 0 0 0 0 0 0 0 0 2 0 0 0 0 0 0
1430695641 835138 0 0 0 0 0 0 0 0 0 0 0 0 2 0 0 0 0 0 0
1430755035 835139 0 0 0 0 0 0 0 0 0 0 0 0 2 0 0 0 0 0 0
1430797317 835225 0 0 0 0 0 0 0 0 0 0 0 0 2 0 0 0 0 0 0
1431014781 835251 0 0 0 0 0 0 0 0 0 0 0 0 2 0 0 0 0 0 0
1431039525 835499 0 0 0 0 0 0 0 0 0 0 0 0 2 0 0 0 0 0 0
1431039555 835548 0 0 0 0 0 0 0 0 0 0 0 0 2 0 0 0 0 0 0
1431040431 835548 0 0 0 0 0 0 0 0 0 0 0 0 2 0 0 0 0 0 0
1431041687 835574 0 0 0 0 0 0 0 0 0 0 0 0 2 0 0 0 0 0 0
1431041828 835575 0 0 0 0 0 0 0 0 0 0 0 0 2 0 0 0 0 0 0
1431042732 835582 0 0 0 0 0 0 0 0 0 0 0 0 2 0 0 0 0 0 0
1431042940 835584 0 0 0 0 0 0 0 0 0 0 0 0 2 0 0 0 0 0 0
1431454525 835586 0 0 0 0 0 0 0 0 0 0 0 0 2 0 0 0 0 0 0
1432062505 835591 0 0 0 0 0 0 0 0 0 0 0 0 2 0 0 0 0 0 0
1432063070 835592 0 0 0 0 0 0 0 0 0 0 0 0 2 0 0 0 0 0 0
1432065318 835594 0 0 0 0 0 0 0 0 0 0 0 0 2 0 0 0 0 0 0
1432315298 835623 0 0 0 0 0 0 0 0 0 0 0 0 2 0 0 0 0 0 0
1432335812 857643 0 0 0 0 0 0 0 0 0 0 0 0 2 0 0 0 0 0 0
1432843763 857665 0 0 0 0 0 0 0 0 0 0 0 0 2 0 0 0 0 0 0
1432847007 857715 0 0 0 0 0 0 0 0 0 0 0 0 2 0 0 0 0 0 0
1432850431 857717 0 0 0 0 0 0 0 0 0 0 0 0 2 0 0 0 0 0 0
1432852500 857721 0 0 0 0 0 0 0 0 0 0 0 0 2 0 0 0 0 0 0
1432944101 857722 0 0 0 0 0 0 0 0 0 0 0 0 2 0 0 0 0 0 0
1432947043 858247 0 0 0 0 0 0 0 0 0 0 0 0 2 0 0 0 0 0 0
1432956439 858288 0 0 0 0 0 0 0 0 0 0 0 0 2 0 0 0 0 0 0
1433008749 858344 0 0 0 0 0 0 0 0 0 0 0 0 2 0 0 0 0 0 0
1433011926 858385 0 0 0 0 0 0 0 0 0 0 0 0 2 0 0 0 0 0 0
1433012839 858415 0 0 0 0 0 0 0 0 0 0 0 0 2 0 0 0 0 0 0
1433012922 873476 0 0 0 0 0 0 0 0 0 0 0 0 2 0 0 0 0 0 0
1433022234 873590 0 0 0 0 0 0 0 0 0 0 0 0 2 0 0 0 0 0 0
1433022251 873601 0 0 0 0 0 0 0 0 0 0 0 0 2 0 0 0 0 0 0
1433183423 873685 0 0 0 0 0 0 0 0 0 0 0 0 2 0 0 0 0 0 0
1433187771 873685 0 0 0 0 0 0 0 0 0 0 0 0 2 0 0 0 0 0 0
1433211606 873687 0 0 0 0 0 0 0 0 0 0 0 0 2 0 0 0 0 0 0
1433290108 873742 0 0 0 0 0 0 0 0 0 0 0 0 2 0 0 0 0 0 0
1433294919 873796 0 0 0 0 0 0 0 0 0 0 0 0 2 0 0 0 0 0 0
1433294936 873797 0 0 0 0 0 0 0 0 0 0 0 0 2 0 0 0 0 0 0
1433296858 873801 0 0 0 0 0 0 0 0 0 0 0 0 2 0 0 0 0 0 0
1433300753 873825 0 0 0 0 0 0 0 0 0 0 0 0 2 0 0 0 0 0 0
1433471370 873840 0 0 0 0 0 0 0 0 0 0 0 0 2 0 0 0 0 0 0
1433614656 873842 0 0 0 0 0 0 0 0 0 0 0 0 2 0 0 0 0 0 0
1433615166 873844 0 0 0 0 0 0 0 0 0 0 0 0 2 0 0 0 0 0 0
1434397229 873848 0 0 0 0 0 0 0 0 0 0 0 0 2 0 0 0 0 0 0
1434397268 873849 0 0 0 0 0 0 0 0 0 0 0 0 2 0 0 0 0 0 0
1434397418 873859 0 0 0 0 0 0 0 0 0 0 0 0 2 0 0 0 0 0 0
1434809779 873859 0 0 0 0 0 0 1 0 0 0 0 0 2 0 0 0 0 0 0
1434849269 873859 0 0 0 0 0 0 1 0 0 0 0 0 2 0 0 0 0 0 0
1435077450 873859 0 0 0 0 0 0 2 0 0 0 0 0 2 0 0 0 0 0 0
1435116142 873860 0 0 0 0 0 0 2 0 0 0 0 0 2 0 0 0 0 0 0
1435116164 873867 0 0 0 0 0 0 2 0 0 0 0 0 2 0 0 0 0 0 0
1435116226 873868 0 0 0 0 0 0 2 0 0 0 0 0 2 0 0 0 0 0 0
1435116276 873868 0 0 0 0 0 0 2 0 0 0 0 0 2 0 0 0 0 0 0
1435169361 873870 0 0 0 0 0 0 2 0 0 0 0 0 2 0 0 0 0 0 0
1435199394 873871 0 0 0 0 0 0 2 0 0 0 0 0 2 0 0 0 0 0 0
1435210230 876725 0 0 0 0 0 0 2 0 0 0 0 0 2 0 0 0 0 0 0
1438486716 876790 0 0 0 0 0 0 2 0 0 0 0 0 2 0 0 0 0 0 0
1438645552 877069 0 0 0 0 0 0 2 0 0 0 0 0 2 0 0 0 0 0 0
1438658571 877224 0 0 0 0 0 0 2 0 0 0 0 0 2 0 0 0 0 0 0
1438722636 877230 0 0 0 0 0 0 2 0 0 0 0 0 2 0 0 0 0 0 0
1438722654 893764 0 0 0 0 0 0 2 0 0 0 0 0 2 0 0 0 0 0 0
1438722706 893806 0 0 0 0 0 0 2 0 0 0 0 0 2 0 0 0 0 0 0
1438722716 893806 0 0 0 0 0 0 2 0 0 0 0 0 2 0 0 0 0 0 0
1438722817 893807 0 0 0 0 0 0 2 0 0 0 0 0 2 0 0 0 0 0 0
1438755870 893810 0 0 0 0 0 0 2 0 0 0 0 0 2 0 0 0 0 0 0
1440097485 894174 0 0 0 0 0 0 2 0 0 0 0 0 2 0 0 0 0 0 0
1440097529 894363 0 0 0 0 0 0 2 0 0 0 0 0 2 0 0 0 0 0 0
1440097950 894364 0 0 0 0 0 0 2 0 0 0 0 0 2 0 0 0 0 0 0
1440097970 894465 0 0 0 0 0 0 2 0 0 0 0 0 2 0 0 0 0 0 0
1440098211 894523 0 0 0 0 0 0 2 0 0 0 0 0 2 0 0 0 0 0 0
1440115496 894525 0 0 0 0 0 0 2 0 0 0 0 0 2 0 0 0 0 0 0
1440115551 894525 0 0 0 0 0 0 2 0 0 0 0 0 2 0 0 0 0 0 0
1440115575 894529 0 0 0 0 0 0 2 0 0 0 0 0 2 0 0 0 0 0 0
1440115637 894529 0 0 0 0 0 0 2 0 0 0 0 0 2 0 0 0 0 0 0
1440128959 894605 0 0 0 0 0 0 2 0 0 0 0 0 2 0 0 0 0 0 0
1440377031 894611 0 0 0 0 0 0 2 0 0 0 0 0 2 0 0 0 0 0 0
1440379570 894612 0 0 0 0 0 0 2 0 0 0 0 0 2 0 0 0 0 0 0
1440379592 894614 0 0 0 0 0 0 2 0 0 0 0 0 2 0 0 0 0 0 0
1440379643 894962 0 0 0 0 0 0 2 0 0 0 0 0 2 0 0 0 0 0 0
1440379861 894963 0 0 0 0 0 0 2 0 0 0 0 0 2 0 0 0 0 0 0
1440380757 895033 0 0 0 0 0 0 2 0 0 0 0 0 2 0 0 0 0 0 0
1440380783 895076 0 0 0 0 0 0 2 0 0 0 0 0 2 0 0 0 0 0 0
1440403731 895110 0 0 0 0 0 0 2 0 0 0 0 0 2 0 0 0 0 0 0
1440446385 895123 0 0 0 0 0 0 2 0 0 0 0 0 2 0 0 0 0 0 0
1440643310 895132 0 0 0 0 0 0 2 0 0 0 0 0 2 0 0 0 0 0 0
1440657655 895134 0 0 0 0 0 0 2 0 0 0 0 0 2 0 0 0 0 0 0
1441173902 895224 0 0 0 0 0 0 2 0 0 0 0 0 2 0 0 0 0 0 0
1441175781 895226 0 0 0 0 0 0 2 0 0 0 0 0 2 0 0 0 0 0 0
1441564363 895228 0 0 0 0 0 0 2 0 0 0 0 0 2 0 0 0 0 0 0
1441781839 895228 0 114 0 0 0 0 2 0 0 0 0 0 2 0 0 0 0 0 0
1441796104 895228 0 147 0 0 0 0 2 0 0 0 0 0 2 0 0 0 0 0 0
1441815578 895228 0 147 0 0 0 0 2 0 0 0 0 0 2 0 0 0 0 0 0
1441815594 895228 0 147 0 0 0 0 2 0 0 0 0 0 2 0 0 0 0 0 0
1441815637 895228 0 147 0 0 0 0 2 0 0 0 0 0 2 0 0 0 0 0 0
1441901950 895230 0 147 0 0 0 0 2 0 0 0 0 0 2 0 0 0 0 0 0
1441915352 895236 0 147 0 0 0 0 2 0 0 0 0 0 2 0 0 0 0 0 0
1441915377 895236 0 147 0 0 0 0 2 0 0 0 0 0 2 0 0 0 0 0 0
1442047945 895236 0 184 0 0 0 0 2 0 0 0 0 0 2 0 0 0 0 0 0
1442078448 895236 0 184 0 0 0 0 2 0 0 0 0 0 2 0 0 0 0 0 0
1442152657 895238 0 518 0 0 0 0 2 0 0 0 0 0 2 0 0 0 0 0 0
1442256795 895238 0 552 0 0 0 0 2 0 0 0 0 0 2 0 0 0 0 0 0
1442283432 895238 0 552 0 0 0 0 2 0 0 0 0 0 2 0 0 0 0 0 0
1442376904 895288 0 552 0 0 0 0 2 0 0 0 0 0 2 0 0 0 0 0 0
1442622613 895328 0 552 0 0 0 0 2 0 0 0 0 0 2 0 0 0 0 0 0
1443033013 895332 0 552 0 0 0 0 2 0 0 0 0 0 2 0 0 0 0 0 0
1443033851 895333 0 552 0 0 0 0 2 0 0 0 0 0 2 0 0 0 0 0 0
1443055117 896102 0 552 0 0 0 0 2 0 0 0 0 0 2 0 0 0 0 0 0
1443055370 896102 0 552 0 0 0 0 2 0 0 0 0 0 2 0 0 0 0 0 0
1443062513 896117 0 552 0 0 0 0 2 0 0 0 0 0 2 0 0 0 0 0 0
1443062541 896251 0 552 0 0 0 0 2 0 0 0 0 0 2 0 0 0 0 0 0
1443108377 896252 0 552 0 0 0 0 2 0 0 0 0 0 2 0 0 0 0 0 0
1443122227 896253 0 676 0 0 0 0 2 0 0 0 0 0 2 0 0 0 0 0 0
1443640695 896253 0 676 0 0 0 0 2 0 0 0 0 0 2 0 0 0 0 0 0
1443660656 896253 0 677 0 0 0 0 2 0 0 0 0 0 2 0 0 0 0 0 0
1443932769 896256 0 677 0 0 0 0 2 0 0 0 0 0 2 0 0 0 0 0 0
1444176737 896261 0 677 0 0 0 0 2 0 0 0 0 0 2 0 0 0 0 0 0
1444176814 896267 0 677 0 0 0 0 2 0 0 0 0 0 2 0 0 0 0 0 0
1444597819 896268 0 677 0 0 0 0 2 0 0 0 0 0 2 0 0 0 0 0 0
1444598010 896273 0 677 0 0 0 0 2 0 0 0 0 0 2 0 0 0 0 0 0
1444598079 896655 0 677 0 0 0 0 2 0 0 0 0 0 2 0 0 0 0 0 0
1444599671 896727 0 677 0 0 0 0 2 0 0 0 0 0 2 0 0 0 0 0 0
1444980297 898541 0 677 0 0 0 0 2 0 0 0 0 0 2 0 0 0 0 0 0
1445301394 898976 0 677 0 0 0 0 2 0 0 0 0 0 2 0 0 0 0 0 0
1445303831 898976 0 679 0 0 0 0 2 0 0 0 0 0 2 0 0 0 0 0 0
1445305168 898976 0 679 0 0 0 0 2 0 0 0 0 0 2 0 0 0 0 0 0
1445327035 899148 0 679 0 0 0 0 2 0 0 0 0 0 2 0 0 0 0 0 0
1445327061 899148 0 679 0 0 0 0 2 0 0 0 0 0 2 0 0 0 0 0 0
1445359943 899149 0 679 0 0 0 0 2 0 0 0 0 0 2 0 0 0 0 0 0
1445367191 899208 0 679 0 0 0 0 2 0 0 0 0 0 2 0 0 0 0 0 0
1445370697 899209 0 679 0 0 0 0 2 0 0 0 0 0 2 0 0 0 0 0 0
1445374772 899209 0 685 0 0 0 0 2 0 0 0 0 0 2 0 0 0 0 0 0
1445375154 899209 0 685 0 0 0 0 2 0 0 0 0 0 2 0 0 0 0 0 0
1445378717 899210 0 685 0 0 0 0 2 0 0 0 0 0 2 0 0 0 0 0 0
1445379081 899211 0 685 0 0 0 0 2 0 0 0 0 0 2 0 0 0 0 0 0
1445507874 899211 0 686 0 0 0 0 2 0 0 0 0 0 2 0 0 0 0 0 0
1445533298 899211 0 686 0 0 0 0 2 0 0 0 0 0 2 0 0 0 0 0 0
1445914095 899281 0 686 0 0 0 0 2 0 0 0 0 0 2 0 0 0 0 0 0
1445969280 899283 0 686 0 0 0 0 2 0 0 0 0 0 2 0 0 0 0 0 0
1445990931 899321 0 686 0 0 0 0 2 0 0 0 0 0 2 0 0 0 0 0 0
1446399213 900422 0 686 0 0 0 0 2 0 0 0 0 0 2 0 0 0 0 0 0
1446399252 900422 0 686 0 0 0 0 2 0 0 0 0 0 2 0 0 0 0 0 0
1446399495 900424 0 686 0 0 0 0 2 0 0 0 0 0 2 0 0 0 0 0 0
1446399685 900425 0 686 0 0 0 0 2 0 0 0 0 0 2 0 0 0 0 0 0
1446399699 900518 0 686 0 0 0 0 2 0 0 0 0 0 2 0 0 0 0 0 0
1446399988 900519 0 686 0 0 0 0 2 0 0 0 0 0 2 0 0 0 0 0 0
1446418119 900613 0 686 0 0 0 0 2 0 0 0 0 0 2 0 0 0 0 0 0
1446481475 900614 0 686 0 0 0 0 2 0 0 0 0 0 2 0 0 0 0 0 0
1446738456 901096 0 686 0 0 0 0 2 0 0 0 0 0 2 0 0 0 0 0 0
1447460376 901388 0 686 0 0 0 0 2 0 0 0 0 0 2 0 0 0 0 0 0
1447474613 901394 0 686 0 0 0 0 2 0 0 0 0 0 2 0 0 0 0 0 0
1447474642 901404 0 686 0 0 0 0 2 0 0 0 0 0 2 0 0 0 0 0 0
1447474668 901406 0 686 0 0 0 0 2 0 0 0 0 0 2 0 0 0 0 0 0
1447474680 901437 0 686 0 0 0 0 2 0 0 0 0 0 2 0 0 0 0 0 0
1447481353 901475 0 686 0 0 0 0 2 0 0 0 0 0 2 0 0 0 0 0 0
1447867951 901487 0 686 0 0 0 0 2 0 0 0 0 0 2 0 0 0 0 0 0
1447916076 902669 0 686 0 0 0 0 2 0 0 0 0 0 2 0 0 0 0 0 0
1447988371 902669 0 686 0 0 0 0 2 0 0 0 0 0 2 0 0 0 0 0 0
1448333895 903778 0 686 0 0 0 0 2 0 0 0 0 0 2 0 0 0 0 0 0
1448421104 903808 0 686 0 0 0 0 2 0 0 0 0 0 2 0 0 0 0 0 0
1448421134 903810 0 686 0 0 0 0 2 0 0 0 0 0 2 0 0 0 0 0 0
1448773652 903911 0 686 0 0 0 0 2 0 0 0 0 0 2 0 0 0 0 0 0
1448773872 903926 0 686 0 0 0 0 2 0 0 0 0 0 2 0 0 0 0 0 0
1448773933 903929 0 686 0 0 0 0 2 0 0 0 0 0 2 0 0 0 0 0 0
1448773945 903939 0 686 0 0 0 0 2 0 0 0 0 0 2 0 0 0 0 0 0
1449019850 903939 0 686 0 0 1 0 2 0 0 0 0 0 2 0 0 0 0 0 0
1449028154 903939 0 686 0 0 1 0 2 0 0 0 0 0 2 0 0 0 0 0 0
1449198774 904000 0 686 0 0 1 0 2 0 0 0 0 0 2 0 0 0 0 0 0
1449198838 904046 0 686 0 0 1 0 2 0 0 0 0 0 2 0 0 0 0 0 0
1449198869 904046 0 686 0 0 1 0 2 0 0 0 0 0 2 0 0 0 0 0 0
1449277381 904054 0 686 0 0 1 0 2 0 0 0 0 0 2 0 0 0 0 0 0
1449712106 904055 0 686 0 0 1 0 2 0 0 0 0 0 2 0 0 0 0 0 0
1449727795 905364 0 686 0 0 1 0 2 0 0 0 0 0 2 0 0 0 0 0 0
1449728013 905365 0 686 0 0 1 0 2 0 0 0 0 0 2 0 0 0 0 0 0
1449894619 905383 0 686 0 0 1 0 2 0 0 0 0 0 2 0 0 0 0 0 0
1449894643 905385 0 686 0 0 1 0 2 0 0 0 0 0 2 0 0 0 0 0 0
1449894665 905429 0 686 0 0 1 0 2 0 0 0 0 0 2 0 0 0 0 0 0
1449896125 905430 0 686 0 0 1 0 2 0 0 0 0 0 2 0 0 0 0 0 0
1450053358 905571 0 112871 0 0 1 0 2 0 0 0 0 0 2 0 0 0 0 0 0
1450296804 905571 0 112871 0 0 1 0 2 0 0 0 0 0 2 0 0 0 0 0 0
1450304194 905572 0 112871 0 0 1 0 2 0 0 0 0 0 2 0 0 0 0 0 0
1450306550 905572 0 112875 0 0 1 0 2 0 0 0 0 0 2 0 0 0 0 0 0
1450306814 905572 0 112875 0 0 1 0 2 0 0 0 0 0 2 0 0 0 0 0 0
1450425104 905574 0 112875 0 0 1 0 2 0 0 0 0 0 2 0 0 0 0 0 0
1450821697 905574 0 112875 0 0 1 0 4 0 0 0 0 0 2 0 0 0 0 0 0
1450863738 905586 0 112875 0 0 1 0 4 0 0 0 0 0 2 0 0 0 0 0 0
1450866054 905587 0 112875 0 0 1 0 4 0 0 0 0 0 2 0 0 0 0 0 0
1450866108 905588 0 112875 0 0 1 0 4 0 0 0 0 0 2 0 0 0 0 0 0
1450866228 905606 0 112875 0 0 1 0 4 0 0 0 0 0 2 0 0 0 0 0 0
1450888564 905606 0 112875 0 0 1 0 5 0 0 0 0 0 2 0 0 0 0 0 0
1451128914 905606 0 112875 0 0 1 0 5 0 0 0 0 0 2 0 0 0 0 0 0
1451495066 905606 0 112875 0 0 1 0 6 0 0 0 0 0 2 0 0 0 0 0 0
1452219676 905606 0 112875 4 0 1 0 6 0 0 0 0 0 2 0 0 0 0 0 0
1452253549 905606 0 112875 4 0 1 0 6 0 0 0 0 0 2 0 0 0 0 0 0
1452257325 905632 0 112875 4 0 1 0 6 0 0 0 0 0 2 0 0 0 0 0 0
1452527371 905738 0 112875 4 0 1 0 6 0 0 0 0 0 2 0 0 0 0 0 0
1452544914 905738 0 112875 4 0 1 0 6 0 0 0 0 0 2 0 0 0 0 0 0
1452612073 905979 0 112875 4 0 1 0 6 0 0 0 0 0 2 0 0 0 0 0 0
1452707804 905984 0 112875 148 0 1 0 6 0 0 0 0 0 2 0 0 0 0 0 0
1453248068 905984 0 112875 148 0 1 0 6 0 0 0 0 0 2 0 0 0 0 0 0
1453428558 905988 0 112875 148 0 1 0 6 0 0 0 0 0 2 0 0 0 0 0 0
1453428574 906029 0 112875 148 0 1 0 6 0 0 0 0 0 2 0 0 0 0 0 0
1453436395 906029 0 112875 148 0 1 0 6 0 0 0 0 0 2 0 0 0 0 0 0
1454468816 906029 0 112875 148 0 1 0 6 0 0 0 0 0 2 0 0 0 0 0 0
1454523279 906029 0 112875 148 0 1 0 6 0 0 0 0 0 2 0 0 0 0 0 0
1454626741 906071 0 112875 148 0 1 0 6 0 0 0 0 0 2 0 0 0 0 0 0
1454961793 906120 0 112875 148 0 1 0 6 0 0 0 0 0 2 0 0 0 0 0 0
1454965614 906124 0 112875 148 0 1 0 6 0 0 0 0 0 2 0 0 0 0 0 0
1454986196 906203 0 112875 148 0 1 0 6 0 0 0 0 0 2 0 0 0 0 0 0
1455690503 906203 0 112875 149 0 1 0 6 0 0 0 0 0 2 0 0 0 0 0 0
1456174855 906207 0 112875 149 0 1 0 6 0 0 0 0 0 2 0 0 0 0 0 0
1456341184 906207 0 112875 185 0 1 0 6 0 0 0 0 0 2 0 0 0 0 0 0
1456342067 906207 0 112875 185 0 1 0 6 0 0 0 0 0 2 0 0 0 0 0 0
1456342109 906207 0 112875 465 0 1 0 6 0 0 0 0 0 2 0 0 0 0 0 0
1456775569 906207 0 112875 465 0 1 0 6 0 0 0 0 0 2 0 0 0 0 0 0
1456795802 911834 0 112875 465 0 1 0 6 0 0 0 0 0 2 0 0 0 0 0 0
1456796292 911866 0 112875 465 0 1 0 6 0 0 0 0 0 2 0 0 0 0 0 0
1456796580 911884 0 112875 465 0 1 0 6 0 0 0 0 0 2 0 0 0 0 0 0
1456804229 911884 0 112875 508 0 1 0 6 0 0 0 0 0 2 0 0 0 0 0 0
1456847539 911884 0 112875 508 0 1 0 6 0 0 0 0 0 2 0 0 0 0 0 0
1456877019 912116 0 112875 508 0 1 0 6 0 0 0 0 0 2 0 0 0 0 0 0
1457472146 912133 0 112875 508 0 1 0 6 0 0 0 0 0 2 0 0 0 0 0 0
1457635734 912134 0 112875 508 0 1 0 6 0 0 0 0 0 2 0 0 0 0 0 0
1457769254 912135 0 112875 508 0 1 0 6 0 0 0 0 0 2 0 0 0 0 0 0
1457769263 912262 0 112875 508 0 1 0 6 0 0 0 0 0 2 0 0 0 0 0 0
1457769567 912264 0 112875 508 0 1 0 6 0 0 0 0 0 2 0 0 0 0 0 0
1457906546 912270 0 113481 508 0 1 0 6 0 0 0 0 0 2 0 0 0 0 0 0
1458113660 912270 0 113481 508 0 1 0 6 0 0 0 0 0 2 0 0 0 0 0 0
1458277347 912270 0 113591 508 0 1 0 6 0 0 0 0 0 2 0 0 0 0 0 0
1458593064 912270 0 113923 508 0 1 0 6 0 0 0 0 0 2 0 0 0 0 0 0
1458596523 912270 0 113923 508 0 1 0 6 0 0 0 0 0 2 0 0 0 0 0 0
1458602016 912312 0 113923 508 0 1 0 6 0 0 0 0 0 2 0 0 0 0 0 0
1458603556 912312 0 113923 508 0 1 0 6 0 0 0 0 0 2 0 0 0 0 0 0
1458605838 912329 0 113923 508 0 1 0 6 0 0 0 0 0 2 0 0 0 0 0 0
1458621894 912329 0 113923 514 0 1 0 6 0 0 0 0 0 2 0 0 0 0 0 0
1458622443 912337 0 113923 514 0 1 0 6 0 0 0 0 0 2 0 0 0 0 0 0
1458623354 912338 0 113923 514 0 1 0 6 0 0 0 0 0 2 0 0 0 0 0 0
1458681901 912338 0 113923 514 0 1 0 6 0 0 0 0 0 2 0 0 0 0 0 0
1458699526 912338 0 117094 514 0 1 0 6 0 0 0 0 0 2 0 0 0 0 0 0
1458779485 912338 0 117094 514 0 1 0 6 0 0 0 0 0 2 0 0 0 0 0 0
1458810931 912338 0 118242 514 0 1 0 6 0 0 0 0 0 2 0 0 0 0 0 0
1459018597 912338 0 118242 514 0 1 0 6 0 0 0 0 0 2 0 0 0 0 0 0
1459097729 912340 0 118242 514 0 1 0 6 0 0 0 0 0 2 0 0 0 0 0 0
1459117300 912340 0 118245 514 0 1 0 6 0 0 0 0 0 2 0 0 0 0 0 0
1459118094 912340 0 118245 514 0 1 0 6 0 0 0 0 0 2 0 0 0 0 0 0
1459124607 912340 0 118245 514 0 1 0 6 0 0 0 0 0 2 0 0 0 0 0 0
1459212754 912340 0 118263 514 0 1 0 6 0 0 0 0 0 2 0 0 0 0 0 0
1459212947 912340 0 118263 514 0 1 0 6 0 0 0 0 0 2 0 0 0 0 0 0
1459492191 912341 0 118263 514 0 1 0 6 0 0 0 0 0 2 0 0 0 0 0 0
1459492266 912341 0 118263 514 0 1 0 6 0 0 0 0 0 2 0 0 0 0 0 0
1459612046 912342 0 118263 514 0 1 0 6 0 0 0 0 0 2 0 0 0 0 0 0
1459612390 912342 0 118263 514 0 1 0 6 0 0 0 0 0 2 0 0 0 0 0 0
1459643420 912343 0 118263 514 0 1 0 6 0 0 0 0 0 2 0 0 0 0 0 0
1459644393 912343 0 118263 514 0 1 0 6 0 0 0 0 0 2 0 0 0 0 0 0
1459702474 912349 0 118263 514 0 1 0 6 0 0 0 0 0 2 0 0 0 0 0 0
1459703451 912349 0 118263 514 0 1 0 6 0 0 0 0 0 2 0 0 0 0 0 0
1459703919 912355 0 118263 514 0 1 0 6 0 0 0 0 0 2 0 0 0 0 0 0
1459704393 912359 0 118263 514 0 1 0 6 0 0 0 0 0 2 0 0 0 0 0 0
1459729243 912359 0 118263 514 0 1 0 6 0 0 0 0 0 2 0 0 0 0 0 0
1459806760 912359 0 118263 514 0 1 0 6 0 0 0 0 0 2 0 0 0 0 0 0
1459812486 912359 0 118263 514 0 1 0 6 0 0 0 0 0 2 0 0 0 0 0 0
1459907397 912378 0 118263 514 0 1 0 6 0 0 0 0 0 2 0 0 0 0 0 0
1459907757 912463 0 118263 514 0 1 0 6 0 0 0 0 0 2 0 0 0 0 0 0
1459909951 912463 0 118263 514 0 1 0 6 0 0 0 0 0 2 0 0 0 0 0 0
1460070976 912859 0 118263 514 0 1 0 6 0 0 0 0 0 2 0 0 0 0 0 0
1460071123 912859 0 118263 514 0 1 0 6 0 0 0 0 0 2 0 0 0 0 0 0
1460071472 912859 0 118263 514 0 1 0 6 0 0 0 0 0 2 0 0 0 0 0 0
1460071619 912862 0 118263 514 0 1 0 6 0 0 0 0 0 2 0 0 0 0 0 0
1461349934 912870 0 118263 514 0 1 0 6 0 0 0 0 0 2 0 0 0 0 0 0
1461359836 912870 0 118263 514 0 1 0 6 0 0 0 0 0 2 0 0 0 0 0 0
1461622971 912874 0 118263 514 0 1 0 6 0 0 0 0 0 2 0 0 0 0 0 0
1461623733 913513 0 118263 514 0 1 0 6 0 0 0 0 0 2 0 0 0 0 0 0
1461628446 913513 0 118263 514 0 1 0 6 0 0 0 0 0 2 0 0 0 0 0 0
1461630792 913629 0 118263 514 0 1 0 6 0 0 0 0 0 2 0 0 0 0 0 0
1461632838 913629 0 118263 514 0 1 0 6 0 0 0 0 0 2 0 0 0 0 0 0
1461633370 913638 0 118263 514 0 1 0 6 0 0 0 0 0 2 0 0 0 0 0 0
1461633868 913644 0 118263 514 0 1 0 6 0 0 0 0 0 2 0 0 0 0 0 0
1461634463 913658 0 118263 514 0 1 0 6 0 0 0 0 0 2 0 0 0 0 0 0
1461635164 913658 0 118263 514 0 1 0 6 0 0 0 0 0 2 0 0 0 0 0 0
1461647144 913706 0 118263 514 0 1 0 6 0 0 0 0 0 2 0 0 0 0 0 0
1461648331 913744 0 118263 514 0 1 0 6 0 0 0 0 0 2 0 0 0 0 0 0
1461648777 913748 0 118263 514 0 1 0 6 0 0 0 0 0 2 0 0 0 0 0 0
1461649627 913748 0 118263 514 0 1 0 6 0 0 0 0 0 2 0 0 0 0 0 0
1461945218 913804 0 118263 514 0 1 0 6 0 0 0 0 0 2 0 0 0 0 0 0
1461948973 913804 0 118263 514 0 1 0 6 0 0 0 0 0 2 0 0 0 0 0 0
1462200535 913808 0 118263 514 0 1 0 6 0 0 0 0 0 2 0 0 0 0 0 0
1462321261 916298 0 118263 514 0 1 0 6 0 0 0 0 0 2 0 0 0 0 0 0
1462832495 916298 0 118263 514 0 1 0 6 0 0 0 0 0 2 0 0 0 0 0 0
1462888251 916301 0 118263 514 0 1 0 6 0 0 0 0 0 2 0 0 0 0 0 0
1462901275 916301 0 118263 514 0 1 0 6 0 0 0 0 0 2 0 0 0 0 0 0
1462908794 916301 0 118263 514 0 1 0 6 0 0 0 0 0 2 0 0 0 0 0 0
1463417867 916321 0 118263 514 0 1 0 6 0 0 0 0 0 2 0 0 0 0 0 0
1463523314 916321 0 118263 514 0 1 0 6 0 0 0 0 0 2 0 0 0 0 0 0
1463532911 916327 0 118263 514 0 1 0 6 0 0 0 0 0 2 0 0 0 0 0 0
1463537039 916343 0 118263 514 0 1 0 6 0 0 0 0 0 2 0 0 0 0 0 0
1463537527 916343 0 118263 514 0 1 0 6 0 0 0 0 0 2 0 0 0 0 0 0
1463537558 916352 0 118263 514 0 1 0 6 0 0 0 0 0 2 0 0 0 0 0 0
1463538599 916374 0 118263 514 0 1 0 6 0 0 0 0 0 2 0 0 0 0 0 0
1463538816 916374 0 118263 514 0 1 0 6 0 0 0 0 0 2 0 0 0 0 0 0
1463547730 916431 0 118263 514 0 1 0 6 0 0 0 0 0 2 0 0 0 0 0 0
1463549793 916431 0 118263 514 0 1 0 6 0 0 0 0 0 2 0 0 0 0 0 0
1463732272 916431 0 118263 514 0 1 0 6 0 14 0 0 0 2 0 0 0 0 0 0
1463841699 916431 0 118263 514 0 1 0 6 0 16 0 0 0 2 0 0 0 0 0 0
1464014872 916431 0 118263 514 0 1 0 6 0 16 0 0 0 2 0 0 0 0 0 0
1464094300 916431 0 118263 514 0 1 0 6 0 30 0 0 0 2 0 0 0 0 0 0
1464111463 916437 0 118263 514 0 1 0 6 0 30 0 0 0 2 0 0 0 0 0 0
1464118002 916437 0 118263 514 0 1 0 6 0 30 0 0 0 2 0 0 0 0 0 0
1464121760 916437 0 118263 514 0 1 0 6 0 30 0 0 0 2 0 0 0 0 0 0
1464122074 916443 0 118263 514 0 1 0 6 0 30 0 0 0 2 0 0 0 0 0 0
1464122328 916444 0 118263 514 0 1 0 6 0 30 0 0 0 2 0 0 0 0 0 0
1464122363 916444 0 118263 514 0 1 0 6 0 30 0 0 0 2 0 0 0 0 0 0
1464122552 916468 0 118263 514 0 1 0 6 0 30 0 0 0 2 0 0 0 0 0 0
1464122642 916468 0 118263 514 0 1 0 6 0 30 0 0 0 2 0 0 0 0 0 0
1464234511 917215 0 118263 514 0 1 0 6 0 30 0 0 0 2 0 0 0 0 0 0
1464402821 917434 0 118263 514 0 1 0 6 0 30 0 0 0 2 0 0 0 0 0 0
1464461466 917434 0 118263 514 0 1 0 6 0 30 0 0 0 2 0 0 0 0 0 0
1464468097 917461 0 118263 514 0 1 0 6 0 30 0 0 0 2 0 0 0 0 0 0
1464499621 917671 0 118263 514 0 1 0 6 0 30 0 0 0 2 0 0 0 0 0 0
1464626862 917671 0 118263 514 0 1 0 6 0 30 0 0 0 2 0 0 0 0 0 0
1464844810 917844 0 118263 514 0 1 0 6 0 30 0 0 0 2 0 0 0 0 0 0
1464913910 917932 0 118263 514 0 1 0 6 0 30 0 0 0 2 0 0 0 0 0 0
1464914872 917940 0 118263 514 0 1 0 6 0 30 0 0 0 2 0 0 0 0 0 0
1464915086 917940 0 118263 514 0 1 0 6 0 30 0 0 0 2 0 0 0 0 0 0
1466648407 917940 0 118263 514 0 1 0 6 0 30 0 0 0 2 0 0 0 0 0 0
1466697754 917940 0 118263 514 0 1 0 6 0 30 0 0 0 2 0 0 0 0 0 0
1466698360 917947 0 118263 514 0 1 0 6 0 30 0 0 0 2 0 0 0 0 0 0
1466699194 917947 0 118263 514 0 1 0 6 0 30 0 0 0 2 0 0 0 0 0 0
1467747285 917947 0 118263 514 0 1 0 6 0 30 0 0 0 2 0 0 0 0 0 0
1467766546 917947 0 118263 514 0 1 0 6 0 30 0 0 0 2 0 0 0 0 0 0
1467833697 917948 0 118263 514 0 1 0 6 0 30 0 0 0 2 0 0 0 0 0 0
1467996887 917979 0 118263 514 0 1 0 6 0 30 0 0 0 2 0 0 0 0 0 0
1468000112 917979 0 118263 514 0 1 0 6 0 30 0 0 0 2 0 0 0 0 0 0
1468656014 917979 0 118263 514 0 1 0 6 0 30 0 0 0 2 0 0 0 0 0 0
1468656150 917979 0 118263 514 0 1 0 6 0 30 0 0 0 2 0 0 0 0 0 0
1468679172 917979 0 118263 514 0 1 0 6 0 30 0 0 0 2 0 0 0 0 0 0
1469538217 917979 0 118263 514 0 1 0 6 0 30 0 0 0 2 0 0 0 0 0 0
1469555031 917979 0 118263 514 0 1 0 6 0 30 0 0 0 2 0 0 0 0 0 0
1471353988 917990 0 118263 514 0 1 0 6 0 30 0 0 0 2 0 0 0 0 0 0
1471381571 917990 0 118263 514 0 1 0 6 0 30 0 0 0 2 0 0 0 0 0 0
1471644400 918001 0 118263 514 0 1 0 6 0 30 0 0 0 2 0 0 0 0 0 0
1471645845 918005 0 118263 514 0 1 0 6 0 30 0 0 0 2 0 0 0 0 0 0
1471646872 918005 0 118263 514 0 1 0 6 0 30 0 0 0 2 0 0 0 0 0 0
1474499924 918010 0 118263 514 0 1 0 6 0 30 0 0 0 2 0 0 0 0 0 0
1474550078 918010 0 118263 514 0 1 0 6 0 30 0 0 0 2 0 0 0 0 0 0
1475604060 918029 0 118263 514 0 1 0 6 0 30 0 0 0 2 0 0 0 0 0 0
1475608740 918029 0 118263 514 0 1 0 6 0 30 0 0 0 2 0 0 0 0 0 0
1475619577 918080 0 118263 514 0 1 0 6 0 30 0 0 0 2 0 0 0 0 0 0
1475696716 918082 0 118263 514 0 1 0 6 0 30 0 0 0 2 0 0 0 0 0 0
1475703884 918082 0 118263 514 0 1 0 6 0 30 0 0 0 2 0 0 0 0 0 0
1476721565 918082 0 118263 514 0 1 0 6 0 30 0 0 0 2 0 0 0 0 0 0
1476722529 918083 0 118263 514 0 1 0 6 0 30 0 0 0 2 0 0 0 0 0 0
1476810295 919122 0 118263 514 0 1 0 6 0 30 0 0 0 2 0 0 0 0 0 0
1478060265 919122 0 118263 514 0 1 0 6 0 30 0 0 0 2 0 0 0 0 0 0
1478127367 919141 0 118263 514 0 1 0 6 0 30 0 0 0 2 0 0 0 0 0 0
1478127655 919336 0 118263 514 0 1 0 6 0 30 0 0 0 2 0 0 0 0 0 0
1478132225 919336 0 118263 514 0 1 0 6 0 30 0 0 0 2 0 0 0 0 0 0
1478132423 919363 0 118263 514 0 1 0 6 0 30 0 0 0 2 0 0 0 0 0 0
1478132841 919363 0 118263 514 0 1 0 6 0 30 0 0 0 2 0 0 0 0 0 0
1478204394 919382 0 118263 514 0 1 0 6 0 30 0 0 0 2 0 0 0 0 0 0
1478283330 919382 0 118263 514 0 1 0 6 0 30 0 0 0 2 0 0 0 0 0 0
1478820218 919459 0 118263 514 0 1 0 6 0 30 0 0 0 2 0 0 0 0 0 0
1478875478 919459 0 118263 514 0 1 0 6 0 30 0 0 0 2 0 0 0 0 0 0
1479186519 919460 0 118263 514 0 1 0 6 0 30 0 0 0 2 0 0 0 0 0 0
1479186548 919460 0 118263 514 0 117 0 6 0 30 0 0 0 2 0 0 0 0 0 0
1479375941 919460 0 118263 514 0 754 0 6 0 30 0 0 0 2 0 0 0 0 0 0
1479671891 919460 0 118263 514 0 754 0 6 0 30 0 0 0 2 0 0 0 0 0 0
1479672307 919468 0 118263 514 0 754 0 6 0 30 0 0 0 2 0 0 0 0 0 0
1479805722 920149 0 118263 514 0 754 0 6 0 30 0 0 0 2 0 0 0 0 0 0
1479805931 920149 0 118263 514 0 754 0 6 0 30 0 0 0 2 0 0 0 0 0 0
1479836730 920167 0 118263 514 0 754 0 6 0 30 0 0 0 2 0 0 0 0 0 0
1479860731 920167 0 118263 514 0 877 0 6 0 30 0 0 0 2 0 0 0 0 0 0
1480951755 920198 0 118263 514 0 877 0 6 0 30 0 0 0 2 0 0 0 0 0 0
1480956452 920198 0 118263 514 0 877 0 6 0 30 0 0 0 2 0 0 0 0 0 0
1481883618 920214 0 118263 514 0 877 0 6 0 30 0 0 0 2 0 0 0 0 0 0
1481883724 920214 0 118263 514 0 877 0 6 0 30 0 0 0 2 0 0 0 0 0 0
1482177559 920214 0 118263 514 0 907 0 6 0 30 0 0 0 2 0 0 0 0 0 0
1482177883 920214 0 118263 514 0 909 0 6 0 30 0 0 0 2 0 0 0 0 0 0
1482198024 920214 0 118263 514 0 909 0 6 0 30 0 0 0 2 0 0 0 0 0 0
1482198122 920214 0 118263 514 0 909 0 6 0 30 0 0 0 2 0 0 0 0 0 0
1483625647 920247 0 118263 514 0 909 0 6 0 30 0 0 0 2 0 0 0 0 0 0
1483626355 920247 0 118263 514 0 909 0 6 0 30 0 0 0 2 0 0 0 0 0 0
1484174814 920251 0 118263 514 0 909 0 6 0 30 0 0 0 2 0 0 0 0 0 0
1484174926 920251 0 118263 514 0 909 0 6 0 30 0 0 0 2 0 0 0 0 0 0
1484176853 920273 0 118263 514 0 909 0 6 0 30 0 0 0 2 0 0 0 0 0 0
1484177049 920273 0 118263 514 0 909 0 6 0 30 0 0 0 2 0 0 0 0 0 0
1484191417 920315 0 118263 514 0 909 0 6 0 30 0 0 0 2 0 0 0 0 0 0
1484191592 920351 0 118263 514 0 909 0 6 0 30 0 0 0 2 0 0 0 0 0 0
1484195375 920382 0 118263 514 0 909 0 6 0 30 0 0 0 2 0 0 0 0 0 0
1484195498 920382 0 118263 514 0 909 0 6 0 30 0 0 0 2 0 0 0 0 0 0
1484324063 920382 0 118263 514 0 909 0 6 0 30 0 0 0 2 0 0 0 0 0 0
1485191613 920431 0 118263 514 0 909 0 6 0 30 0 0 0 2 0 0 0 0 0 0
1485191671 920431 0 118263 514 0 909 0 6 0 30 0 0 0 2 0 0 0 0 0 0
1485191764 920431 0 118263 514 0 909 0 6 0 30 0 0 0 2 0 0 0 0 0 0
1485406047 920431 0 118263 514 0 909 0 6 0 30 0 0 0 2 0 0 0 0 0 0
1485548185 920431 0 118263 514 0 909 0 6 0 30 0 0 0 2 0 0 0 0 0 0
1485560994 920437 0 118263 514 0 909 0 6 0 30 0 0 0 2 0 0 0 0 0 0
1485561006 920438 0 118263 514 0 909 0 6 0 30 0 0 0 2 0 0 0 0 0 0
1485572076 920440 0 118263 514 0 909 0 6 0 30 0 0 0 2 0 0 0 0 0 0
1485572577 920592 0 118263 514 0 909 0 6 0 30 0 0 0 2 0 0 0 0 0 0
1485711240 920697 0 118263 514 0 909 0 6 0 30 0 0 0 2 0 0 0 0 0 0
1485711370 920697 0 118263 514 0 909 0 6 0 30 0 0 0 2 0 0 0 0 0 0
1485803426 920778 0 118263 514 0 909 0 6 0 30 0 0 0 2 0 0 0 0 0 0
1485809797 920798 0 118263 514 0 909 0 6 0 30 0 0 0 2 0 0 0 0 0 0
1485809856 920798 0 118263 514 0 909 0 6 0 30 0 0 0 2 0 0 0 0 0 0
1485809948 920798 0 118263 514 0 909 0 6 0 30 0 0 0 2 0 0 0 0 0 0
1485823183 920799 0 118263 514 0 909 0 6 0 30 0 0 0 2 0 0 0 0 0 0
1485911855 920801 0 118263 514 0 909 0 6 0 30 0 0 0 2 0 0 0 0 0 0
1485911867 920802 0 118263 514 0 909 0 6 0 30 0 0 0 2 0 0 0 0 0 0
1494339334 920802 0 118263 514 0 909 0 6 0 30 0 0 0 2 0 0 0 0 0 0
1495657509 920802 0 118263 514 0 909 0 6 0 30 0 0 0 2 0 0 0 0 0 0
1496245086 920804 0 118263 514 0 909 0 6 0 30 0 0 0 2 0 0 0 0 0 0
1496275607 920804 0 118263 514 0 909 0 6 0 30 0 0 0 2 0 0 0 0 0 0
1496283256 920804 0 118263 514 0 909 0 6 0 30 0 0 0 2 0 0 0 0 0 0
1496283339 920804 0 118263 514 0 909 0 6 0 30 0 0 0 2 0 0 0 0 0 0
1496337878 920806 0 118263 514 0 909 0 6 0 30 0 0 0 2 0 0 0 0 0 0
1496514929 920807 0 118263 514 0 909 0 6 0 30 0 0 0 2 0 0 0 0 0 0
1497985032 920968 0 118263 514 0 909 0 6 0 30 0 0 0 2 0 0 0 0 0 0
1498010291 921227 0 118263 514 0 909 0 6 0 30 0 0 0 2 0 0 0 0 0 0
1498011267 921227 0 118263 514 0 909 0 6 0 30 0 0 0 2 0 0 0 0 0 0
1498013280 921251 0 118263 514 0 909 0 6 0 30 0 0 0 2 0 0 0 0 0 0
1498013352 921252 0 118263 514 0 909 0 6 0 30 0 0 0 2 0 0 0 0 0 0
1498013947 921253 0 118263 514 0 909 0 6 0 30 0 0 0 2 0 0 0 0 0 0
1498015469 921254 0 118263 514 0 909 0 6 0 30 0 0 0 2 0 0 0 0 0 0
1499801609 921254 12 118263 514 0 909 0 6 0 30 0 0 0 2 0 0 0 0 0 0
1499868068 921254 159 118263 514 0 909 0 6 0 30 0 0 0 2 0 0 0 0 0 0
1500315921 921254 159 118263 514 0 909 0 6 0 30 0 0 0 2 0 0 0 0 0 0
1500760784 921305 159 118263 514 0 909 0 6 0 30 0 0 0 2 0 0 0 0 0 0
1500769763 921309 159 118263 514 0 909 0 6 0 30 0 0 0 2 0 0 0 0 0 0
1500912875 921309 159 118263 514 0 909 0 6 0 30 0 0 0 2 0 0 0 0 0 0
1500944689 921309 217 118263 514 0 909 0 6 0 30 0 0 0 2 0 0 0 0 0 0
1501095067 921309 837 118263 514 0 909 0 6 0 30 0 0 0 2 0 0 0 0 0 0
1501095181 921309 837 118263 514 0 909 0 6 0 30 0 0 0 2 0 0 0 0 0 0
1501096411 921309 839 118263 514 0 909 0 6 0 30 0 0 0 2 0 0 0 0 0 0
1501099004 921309 839 118263 514 0 909 0 6 0 30 0 0 0 2 0 0 0 0 0 0
1501101556 921309 844 118263 514 0 909 0 6 0 30 0 0 0 2 0 0 0 0 0 0
1501104039 921309 844 118263 514 0 909 0 6 0 30 0 0 0 2 0 0 0 0 0 0
1501185265 921309 2437 118263 514 0 931 0 6 0 30 0 0 0 2 0 0 0 0 0 0
1501479929 921309 2437 118263 514 0 931 0 6 0 30 0 0 0 2 0 0 0 0 0 0
1501514502 921309 2441 118263 514 0 931 0 6 0 30 0 0 0 2 0 0 0 0 0 0
1501524087 921309 2443 118263 514 0 931 0 6 0 30 0 0 0 2 0 0 0 0 0 0
1501525281 921309 2445 118263 514 0 931 0 6 0 30 0 0 0 2 0 0 0 0 0 0
1501609153 921309 2446 118263 514 0 931 0 6 0 30 0 0 0 2 0 0 0 0 0 0
1501631607 921309 5543 118263 514 0 931 0 6 0 30 0 0 0 2 0 0 0 0 0 0
1501788386 921309 5543 118263 514 0 931 0 6 0 30 0 0 0 2 0 0 0 0 0 0
1502051798 921309 5543 118263 514 0 1014 0 6 0 30 0 0 0 2 0 0 0 0 0 0
1502129984 921309 5639 118263 514 0 1014 0 6 0 30 0 0 0 2 0 0 0 0 0 0
1502136523 921309 5639 118263 514 0 1014 0 6 0 30 0 0 0 2 0 0 0 0 0 0
1502138946 921310 5639 118263 514 0 1014 0 6 0 30 0 0 0 2 0 0 0 0 0 0
1502213199 921310 5642 118263 514 0 1014 0 6 0 30 0 0 0 2 0 0 0 0 0 0
1502214626 921310 5643 118263 514 0 1014 0 6 0 30 0 0 0 2 0 0 0 0 0 0
1502216231 921310 5643 118263 514 0 1014 0 6 0 30 0 0 0 2 0 0 0 0 0 0
1502218935 921310 5643 118263 514 0 1014 0 6 0 30 0 0 0 2 0 0 0 0 0 0
1502232033 921310 5643 118263 514 0 1014 0 6 0 30 0 0 0 2 0 0 0 0 0 0
1502403910 921310 5645 118263 514 0 1014 0 6 0 30 0 0 0 2 0 0 0 0 0 0
1502729902 921381 5645 118263 514 0 1014 0 6 0 30 0 0 0 2 0 0 0 0 0 0
1502734119 921381 5645 118263 514 0 1014 0 6 0 30 0 0 0 2 0 0 0 0 0 0
1502734795 921384 5645 118263 514 0 1014 0 6 0 30 0 0 0 2 0 0 0 0 0 0
1502737248 921384 5645 118263 514 0 1014 0 6 0 30 0 0 0 2 0 0 0 0 0 0
1502741524 921429 5645 118263 514 0 1014 0 6 0 30 0 0 0 2 0 0 0 0 0 0
1502817342 921459 5645 118263 514 0 1014 0 6 0 30 0 0 0 2 0 0 0 0 0 0
1502820056 921459 5645 118263 514 0 1014 0 6 0 30 0 0 0 2 0 0 0 0 0 0
1503434267 921459 5645 118263 514 0 1014 0 6 0 30 0 0 0 2 0 0 0 0 0 0
1503453184 921461 5645 118263 514 0 1014 0 6 0 30 0 0 0 2 0 0 0 0 0 0
1503457955 921461 5645 118263 514 0 1014 0 6 0 30 0 0 0 2 0 0 0 0 0 0
1503458918 921461 5645 118263 514 0 1014 0 6 0 30 0 0 0 2 0 0 0 0 0 0
1504725248 921461 5646 118263 514 0 1014 0 6 0 30 0 0 0 2 0 0 0 0 0 0
1504799720 921461 5646 118263 514 0 1014 0 6 0 30 0 0 0 2 0 0 0 0 0 0
1505314976 921461 5714 118263 514 0 1014 0 6 0 30 0 0 0 2 0 0 0 0 0 0
1505876436 921461 5739 118263 514 0 1014 0 6 0 30 0 0 0 2 0 0 0 0 0 0
1506021907 921471 5739 118263 514 0 1014 0 6 0 30 0 0 0 2 0 0 0 0 0 0
1506100531 921471 5739 118263 514 0 1014 0 6 0 30 0 0 0 2 0 0 0 0 0 0
1506754615 921472 5739 118263 514 0 1014 0 6 0 30 0 0 0 2 0 0 0 0 0 0
1506757385 921473 5739 118263 514 0 1014 0 6 0 30 0 0 0 2 0 0 0 0 0 0
1507056766 921473 5740 118263 514 0 1014 0 6 0 30 0 0 0 2 0 0 0 0 0 0
1507752553 921473 5740 118263 514 0 1014 0 6 0 30 0 0 0 2 0 0 0 0 0 0
1507907640 921514 5740 118263 514 0 1014 0 6 0 30 0 0 0 2 0 0 0 0 0 0
1507923232 921514 5743 118263 514 0 1014 0 6 0 30 0 0 0 2 0 0 0 0 0 0
1507945507 921562 5743 118263 514 0 1014 0 6 0 30 0 0 0 2 0 0 0 0 0 0
1508172526 921568 5743 118263 514 0 1014 0 6 0 30 0 0 0 2 0 0 0 0 0 0
1508204883 921568 5743 118263 514 0 1014 0 6 0 30 0 0 0 2 0 0 0 0 0 0
1509052624 921570 5743 118263 514 0 1014 0 6 0 30 0 0 0 2 0 0 0 0 0 0
1509309230 921659 5743 118263 514 0 1014 0 6 0 30 0 0 0 2 0 0 0 0 0 0
1509310419 921700 5743 118263 514 0 1014 0 6 0 30 0 0 0 2 0 0 0 0 0 0
1509418433 921762 5743 118263 514 0 1014 0 6 0 30 0 0 0 2 0 0 0 0 0 0
1509673548 923052 5743 118263 514 0 1014 0 6 0 30 0 0 0 2 0 0 0 0 0 0
1509765256 923056 5743 118263 514 0 1014 0 6 0 30 0 0 0 2 0 0 0 0 0 0
1509775867 931095 5743 118263 514 0 1014 0 6 0 30 0 0 0 2 0 0 0 0 0 0
1511909051 931102 5743 118263 514 0 1014 0 6 0 30 0 0 0 2 0 0 0 0 0 0
1511924806 931120 5743 118263 514 0 1014 0 6 0 30 0 0 0 2 0 0 0 0 0 0
1513051704 931178 5743 118263 514 0 1014 0 6 0 30 0 0 0 2 0 0 0 0 0 0
1513052154 931181 5743 118263 514 0 1014 0 6 0 30 0 0 0 2 0 0 0 0 0 0
1513054538 931182 5743 118263 514 0 1014 0 6 0 30 0 0 0 2 0 0 0 0 0 0
1513196125 931251 5743 118263 514 0 1014 0 6 0 30 0 0 0 2 0 0 0 0 0 0
1513200156 931252 5743 118263 514 0 1014 0 6 0 30 0 0 0 2 0 0 0 0 0 0
1513679469 931253 5743 118263 514 0 1014 0 6 0 30 0 0 0 2 0 0 0 0 0 0
1513679489 931269 5743 118263 514 0 1014 0 6 0 30 0 0 0 2 0 0 0 0 0 0
1513681136 931271 5743 118263 514 0 1014 0 6 0 30 0 0 0 2 0 0 0 0 0 0
1515598635 931273 5743 118263 514 0 1014 0 6 0 30 0 0 0 2 0 0 0 0 0 0
1515696311 931273 5743 118263 514 0 1014 0 6 0 30 0 0 0 2 0 0 0 0 0 0
1515696415 931273 5743 118263 514 0 1014 0 6 0 30 0 0 0 2 0 0 0 0 0 0
1515859348 931480 5743 118263 514 0 1014 0 6 0 30 0 0 0 2 0 0 0 0 0 0
1515859822 931481 5743 118263 514 0 1014 0 6 0 30 0 0 0 2 0 0 0 0 0 0
1515873695 931482 5743 118263 514 0 1014 0 6 0 30 0 0 0 2 0 0 0 0 0 0
1516071273 931488 5743 118263 514 0 1014 0 6 0 30 0 0 0 2 0 0 0 0 0 0
1516146016 931495 5743 118263 514 0 1014 0 6 0 30 0 0 0 2 0 0 0 0 0 0
1516169250 931514 5743 118263 514 0 1014 0 6 0 30 0 0 0 2 0 0 0 0 0 0
1516169286 931577 5743 118263 514 0 1014 0 6 0 30 0 0 0 2 0 0 0 0 0 0
1516243754 931580 5743 118263 514 0 1014 0 6 0 30 0 0 0 2 0 0 0 0 0 0
1516246642 931634 5743 118263 514 0 1014 0 6 0 30 0 0 0 2 0 0 0 0 0 0
1516458754 931686 5743 118263 514 0 1014 0 6 0 30 0 0 0 2 0 0 0 0 0 0
1516461053 931712 5743 118263 514 0 1014 0 6 0 30 0 0 0 2 0 0 0 0 0 0
1516922846 931728 5743 118263 514 0 1014 0 6 0 30 0 0 0 2 0 0 0 0 0 0
1517193211 931728 5743 118263 514 0 1014 0 6 0 30 0 0 0 2 0 0 0 0 0 0
1517340883 931728 5743 118263 514 0 1014 0 6 0 30 0 0 0 2 0 0 0 0 0 0
1517430319 931728 5743 118263 514 0 1014 0 6 0 30 0 0 0 2 0 0 0 0 0 0
1517512883 931731 5743 118263 514 0 1014 0 6 0 30 0 0 0 2 0 0 0 0 0 0
1517637653 931731 5743 118263 514 0 1014 0 6 0 30 0 0 0 2 0 0 0 0 0 0
1518682280 931731 5743 118263 514 0 1014 0 6 0 30 0 0 0 2 0 0 0 0 0 0
1519307491 931731 5779 118263 514 0 1014 0 6 0 30 0 0 0 2 0 0 0 0 0 0
1519401150 935496 5779 118263 514 0 1014 0 6 0 30 0 0 0 2 0 0 0 0 0 0
1519480460 935496 5779 118263 514 0 1014 0 6 0 30 0 0 0 2 0 0 0 0 0 0
1519672461 935835 5779 118263 514 0 1014 0 6 0 30 0 0 0 2 0 0 0 0 0 0
1520397507 936109 5779 118263 514 0 1014 0 6 0 30 0 0 0 2 0 0 0 0 0 0
1520731093 936149 5779 118263 514 0 1014 0 6 0 30 0 0 0 2 0 0 0 0 0 0
1521148807 936149 5779 118263 514 0 1014 0 6 0 30 0 0 0 2 0 0 0 0 0 0
1521238134 936215 5779 118263 514 0 1014 0 6 0 30 0 0 0 2 0 0 0 0 0 0
1521241446 936224 5779 118263 514 0 1014 0 6 0 30 0 0 0 2 0 0 0 0 0 0
1523293492 936225 5779 118263 514 0 1014 0 6 0 30 0 0 0 2 0 0 0 0 0 0
1523309717 936225 5779 118263 514 0 1014 0 6 0 30 0 0 0 2 0 0 0 0 0 50
1523563669 1234196 5779 118263 514 0 1014 0 6 0 30 0 0 0 2 0 0 0 0 0 50
1523677986 1234221 5779 118263 514 0 1014 0 6 0 30 0 0 0 2 0 0 0 0 0 50
1523766735 1234698 5779 118263 514 0 1014 0 6 0 30 0 0 0 2 0 0 0 0 0 50
1523768427 1234876 5782 118263 514 0 1014 0 6 0 30 0 0 0 2 0 0 0 0 0 50
1523768715 1234877 5782 118263 514 0 1014 0 6 0 30 0 0 0 2 0 0 0 0 0 50
1523768865 1234885 5782 118263 514 0 1014 0 6 0 30 0 0 0 2 0 0 0 0 0 50
1523768982 1234886 5782 118263 514 0 1014 0 6 0 30 0 0 0 2 0 0 0 0 0 50
1523842583 1234906 5782 118263 514 0 1014 0 6 0 30 0 0 0 2 0 0 0 0 0 50
1523916162 1234912 5782 118263 514 0 1014 0 6 0 30 0 0 0 2 0 0 0 0 0 50
1523934993 1234952 5782 118263 514 0 1014 0 6 0 30 0 0 0 2 0 0 0 0 0 50
1523984790 1234956 5782 118263 514 0 1014 0 6 0 30 0 0 0 2 0 0 0 0 0 50
1524524888 1235086 5782 118263 514 0 1014 0 6 0 30 0 0 0 2 0 0 0 0 0 50
1524623533 1235087 5782 118263 514 0 1014 0 6 0 30 0 0 0 2 0 0 0 0 0 50
1524670593 1235087 5782 118263 514 0 1014 0 6 0 30 0 0 0 2 0 0 0 0 0 50
1524707668 1235130 5782 118263 514 0 1014 0 6 0 30 0 0 0 2 0 0 0 0 0 50
1525729473 1235132 5782 118263 514 0 1014 0 6 0 30 0 0 0 2 0 0 0 0 0 50
1525736046 1235237 5782 118263 514 0 1014 0 6 0 30 0 0 0 2 0 0 0 0 0 50
1526639660 1235237 5784 118263 514 0 1014 0 6 0 30 0 0 0 2 0 0 0 0 0 50
1527128329 1235238 5784 118263 514 0 1014 0 6 0 30 0 0 0 2 0 0 0 0 0 50
1527703913 1235238 5784 118263 514 0 1014 0 6 0 30 0 0 0 2 0 0 0 0 0 50
1528651344 1235238 5784 118263 514 0 1014 0 6 0 30 0 0 0 2 0 0 0 0 0 50
1528968311 1235238 5784 118263 514 0 1014 0 6 0 30 0 0 0 2 0 0 0 0 0 50
1529126073 1235238 5784 118263 514 0 1014 0 6 0 30 0 0 0 2 0 0 0 0 0 50
1529657454 1235238 5784 118263 514 0 1014 0 6 0 30 0 0 0 2 0 0 0 0 0 50
1529854021 1235238 5784 118263 514 0 1014 0 6 0 30 0 0 0 2 0 0 0 0 0 50
1530071285 1235251 5784 118263 514 0 1014 0 6 0 30 0 0 0 2 0 0 0 0 0 50
1530821206 1235251 5784 118263 514 0 1014 0 6 0 30 0 0 0 2 0 0 0 0 0 50
1532025321 1235251 5784 118263 514 0 1014 0 6 0 30 0 0 0 2 0 0 0 0 0 50
1532026095 1235252 5784 118263 514 0 1014 0 6 0 30 0 0 0 2 0 0 0 0 0 50
1532027907 1235260 5784 118263 514 0 1014 0 6 0 30 0 0 0 2 0 0 0 0 0 50
1532028595 1235269 5784 118263 514 0 1014 0 6 0 30 0 0 0 2 0 0 0 0 0 50
1532037060 1235269 5784 118263 514 0 1014 0 6 0 30 0 0 0 2 0 0 0 0 0 50
1532212803 1235272 5784 118263 514 0 1014 0 6 0 30 0 0 0 2 0 0 0 0 0 50
1532382265 1235281 5784 118263 514 0 1014 0 6 0 30 0 0 0 2 0 0 0 0 0 50
1532456740 1235282 5784 118263 514 0 1014 0 6 0 30 0 0 0 2 0 0 0 0 0 50
1533244495 1235282 5795 118263 514 0 1014 0 6 0 30 0 0 0 2 0 0 0 0 0 50
1536003325 1235285 5795 118263 514 0 1014 0 6 0 30 0 0 0 2 0 0 0 0 0 50
1538913236 1235285 5795 118263 514 0 1014 0 6 0 30 0 0 0 2 0 0 0 0 0 50
1539814844 1235286 5795 118263 514 0 1014 0 6 0 30 0 0 0 2 0 0 0 0 0 50
1539820389 1235301 5795 118263 514 0 1014 0 6 0 30 0 0 0 2 0 0 0 0 0 50
1539822681 1235414 5795 118263 514 0 1014 0 6 0 30 0 0 0 2 0 0 0 0 0 50
1540308849 1235414 5795 118263 514 0 1014 0 6 0 30 0 0 0 2 0 0 0 0 0 50
1540780696 1235414 5795 118263 514 0 1014 0 6 0 30 0 0 0 2 0 0 0 0 0 50
1542732230 1235414 5795 118263 514 0 1014 0 6 274 30 0 0 0 2 0 0 0 0 0 50
1543579830 1235414 5795 118263 514 0 1014 0 6 274 30 0 0 0 2 0 0 0 0 0 50
1543861981 1235414 5795 118263 514 0 1014 0 6 431 30 0 0 0 2 0 0 0 0 0 50
1543875565 1235414 5795 118263 514 0 1014 0 6 435 30 0 0 0 2 0 0 0 0 0 50
1543887340 1235414 5795 118263 514 0 1014 0 6 560 30 0 0 0 2 0 0 0 0 0 50
1544133510 1235414 5795 118263 514 0 1014 0 6 560 30 0 0 0 2 0 0 0 0 0 50
1544615536 1235414 5795 118263 514 0 1014 0 6 698 30 0 0 0 2 0 0 0 0 0 50
1544708364 1235414 5795 118263 514 0 1014 0 6 698 30 0 0 0 2 0 0 0 0 0 50
1544726760 1235414 24910 118263 514 0 1014 0 6 698 30 0 0 0 2 0 0 0 0 0 50
1545147243 1235416 24910 118263 514 0 1014 0 6 698 30 0 0 0 2 0 0 0 0 0 50
1545160799 1235417 24910 118263 514 0 1014 0 6 698 30 0 0 0 2 0 0 0 0 0 50
1545161072 1235425 24910 118263 514 0 1014 0 6 698 30 0 0 0 2 0 0 0 0 0 50
1545182365 1235445 24910 118263 514 0 1014 0 6 698 30 0 0 0 2 0 0 0 0 0 50
1545186724 1235446 24910 118263 514 0 1014 0 6 698 30 0 0 0 2 0 0 0 0 0 50
1545187953 1235455 24910 118263 514 0 1014 0 6 698 30 0 0 0 2 0 0 0 0 0 50
1546642383 1235522 24910 118263 514 0 1014 0 6 698 30 0 0 0 2 0 0 0 0 0 50
1547814252 1235641 24910 118263 514 0 1014 0 6 698 30 0 0 0 2 0 0 0 0 0 50
1547818883 1235961 24910 118263 514 0 1014 0 6 698 30 0 0 0 2 0 0 0 0 0 50
1548330604 1235961 24910 118263 514 0 1014 0 6 698 30 0 0 0 2 0 0 0 0 0 50
1548970205 1235961 24910 118263 514 0 1014 0 6 698 30 0 0 0 2 0 0 0 0 0 50
1549288862 1235961 25037 118263 514 0 1014 0 6 698 30 0 0 0 2 0 0 0 0 0 50
1549883761 1235961 25037 118263 514 0 1014 0 6 698 30 0 0 0 2 0 0 0 0 0 68
1549921198 1235961 25037 118263 514 0 1014 0 6 698 30 0 0 0 2 0 0 0 0 0 108
1549921309 1235961 25037 118263 514 0 1014 0 6 698 30 0 0 0 2 0 0 0 0 0 108
1550944021 1235961 25041 118263 514 0 1014 0 6 698 30 0 0 0 2 0 0 0 0 0 108
1551099854 1235961 25041 118263 514 0 1014 0 6 698 30 0 0 0 2 0 0 0 0 0 108
1551163545 1235961 25041 118263 514 0 1014 0 6 698 30 0 0 0 2 0 0 0 0 6 108
1551984375 1235961 25112 118263 514 0 1014 0 6 698 30 0 0 0 2 0 0 0 0 6 108
1552401881 1235963 25112 118263 514 0 1014 0 6 698 30 0 0 0 2 0 0 0 0 6 108
1553273364 1235963 25112 118263 514 0 1014 0 6 698 30 0 0 0 2 0 0 0 0 6 108
1553651514 1235963 25148 118263 514 0 1014 0 6 698 30 0 0 0 2 0 0 0 0 8 108
1555429468 1235963 25155 118263 514 0 1014 0 6 698 30 0 0 0 2 0 0 0 0 8 108
1557928765 1235985 25155 118263 514 0 1014 0 6 698 30 0 0 0 2 0 0 0 0 8 108
1557929166 1236067 25155 118263 524 0 1014 0 6 698 30 0 0 0 2 0 0 0 0 22 108
1557930007 1236072 25225 118263 524 0 1014 0 6 698 30 0 0 0 2 0 0 0 0 22 108
1557931830 1236089 25225 118263 524 0 1014 0 6 698 30 0 0 0 2 0 0 0 0 22 108
1557936637 1236089 25225 118263 524 0 1014 0 6 698 30 0 0 0 2 0 0 0 0 22 108
1557940248 1236093 25225 118263 524 0 1014 0 6 698 30 0 0 0 2 0 0 0 0 22 108
1558012708 1236129 25225 118263 524 0 1014 0 6 698 30 0 0 0 2 0 0 0 0 22 108
1558012733 1237032 25225 118263 524 0 1014 0 6 698 30 0 0 0 2 0 0 0 0 22 108
1558097643 1237058 25225 118263 524 0 1014 0 6 698 30 0 0 0 2 0 0 0 0 22 108
1558339567 1237058 25225 118263 524 0 1014 0 6 698 30 0 0 0 2 0 0 0 0 22 108
1558367071 1237059 25225 118263 524 0 1014 0 6 698 30 0 0 0 2 0 0 0 0 22 108
1558384729 1237059 25225 118263 524 0 1014 0 6 698 30 0 0 0 2 0 0 0 0 22 108
1559581903 1237070 25225 118263 524 0 1014 0 6 698 30 0 0 0 2 0 0 0 0 22 108
1559661799 1237071 25225 118263 524 0 1014 0 6 698 30 0 0 0 2 0 0 0 0 22 108
1560052881 1237071 25225 118263 524 0 1014 0 6 698 30 0 0 0 2 0 0 0 0 22 108
1563310176 1237071 25225 118263 524 0 1014 0 6 698 30 0 0 0 2 0 0 0 0 22 108
1563529860 1237071 25225 118263 524 0 1014 0 6 698 30 0 0 0 2 0 0 0 0 22 108
1564518009 1237071 25236 118263 524 0 1014 0 6 698 30 0 0 0 2 0 0 0 0 22 108
1564518706 1237072 25236 118263 524 0 1014 0 6 698 30 0 0 0 2 0 0 0 0 22 108
1564518713 1237072 25236 118263 524 0 1014 0 6 698 30 0 0 0 2 0 0 0 0 22 108
1564518915 1237072 25236 118263 524 0 1014 0 6 698 30 0 0 0 2 0 0 0 0 22 108
1564571931 1237079 25236 118263 524 0 1014 0 6 698 30 0 0 0 2 0 0 0 0 22 108
1564571943 1237081 25236 118263 524 0 1014 0 6 698 30 0 0 0 2 0 0 0 0 22 108
1564571954 1237083 25236 118263 524 0 1014 0 6 698 30 0 0 0 2 0 0 0 0 22 108
1564577173 1237100 25236 118263 524 0 1014 0 6 698 30 0 0 0 2 0 0 0 0 22 108
1565100716 1237100 25236 118263 524 0 1014 20 6 698 30 0 0 0 2 0 0 0 0 22 108
1565113043 1237100 25236 118263 524 0 1014 30 6 698 30 0 0 0 2 0 0 0 0 22 108
1565298193 1237100 25236 118263 524 0 1014 32 6 698 30 0 0 0 2 0 0 0 0 22 108
1565299718 1237100 25236 118263 524 0 1014 45 6 698 30 0 0 0 2 0 0 0 0 22 108
1565300359 1237100 25236 118263 524 0 1014 68 6 698 30 0 0 0 2 0 0 0 0 22 108
1565301121 1237100 25236 118263 524 0 1014 89 6 698 30 0 0 0 2 0 0 0 0 22 108
1565676834 1237100 25236 118263 524 0 1014 89 6 698 30 0 0 0 2 0 0 0 0 22 108
1566762726 1237100 25236 118263 524 0 1014 89 6 698 30 0 0 0 2 0 0 0 0 22 108
1567519395 1237145 25236 118263 524 0 1014 89 6 698 30 0 0 0 2 0 0 0 0 22 108
1567519554 1237146 25236 118263 524 0 1014 89 6 698 30 0 0 0 2 0 0 0 0 22 108
1567519674 1237148 25236 118263 524 0 1014 89 6 698 30 0 0 0 2 0 0 0 0 22 108
1567519721 1237154 25236 118263 524 0 1014 89 6 698 30 0 0 0 2 0 0 0 0 22 108
1568031844 1237154 25252 118263 524 0 1014 89 6 698 30 0 0 0 2 0 0 0 0 22 108
1568031912 1237154 25257 118263 524 0 1014 89 6 698 30 0 0 0 2 0 0 0 0 22 108
1568642453 1237154 25269 118263 524 0 1014 89 6 698 30 0 0 0 2 0 0 0 0 22 108
1570743236 1237154 25368 118263 524 0 1014 89 6 698 30 0 0 0 2 0 0 0 0 22 108
1571219924 1237172 25368 118263 524 0 1014 89 6 698 30 0 0 0 2 0 0 0 0 22 108
1573041220 1237172 25368 118263 524 0 1014 89 6 698 30 0 0 0 2 0 0 0 0 22 108
1574434720 1237172 25392 118263 524 0 1014 89 6 698 30 0 0 0 2 0 0 0 0 22 108
1575651345 1237578 25392 118263 524 0 1014 89 6 698 30 0 0 0 2 0 0 0 0 22 108
1576008890 1239320 25392 118263 524 0 1014 89 6 698 30 0 0 0 2 0 0 0 0 22 108
1576012857 1239320 25392 118263 524 0 1014 89 6 698 30 0 0 0 2 0 0 0 0 22 108
1576013007 1239340 25392 118263 524 0 1014 89 6 698 30 0 0 0 2 0 0 0 0 22 108
1576558179 1239340 25392 118263 524 0 1014 89 6 698 30 0 0 0 2 0 0 0 0 22 108
1576597485 1239340 25443 118263 524 0 1014 89 6 698 30 0 0 0 2 0 0 0 0 22 108
1576599318 1239340 25485 118263 524 0 1014 89 6 698 30 0 0 0 2 0 0 0 0 22 108
1576860479 1239340 25526 118263 524 0 1014 89 6 698 30 0 0 0 2 0 0 0 0 22 108
1579544914 1239340 25526 118263 524 0 1014 89 6 698 30 0 0 0 2 0 0 0 0 22 108
1579666155 1239340 25716 118263 524 0 1014 89 6 698 30 0 0 0 2 0 0 0 0 22 108
1581286947 1239340 25768 118263 524 0 1014 89 6 698 30 0 0 0 2 0 0 0 0 22 108
1581291277 1239340 25779 118263 524 0 1014 89 6 698 30 0 0 0 2 0 0 0 0 22 108
1581594836 1239340 25779 118263 524 0 1014 89 6 698 30 0 0 0 2 0 0 0 0 22 108
1582757898 1239340 25796 118263 524 0 1014 89 6 698 30 0 0 3 2 0 0 0 0 22 108
1582817582 1239399 25796 118263 524 0 1014 89 6 698 30 0 0 3 2 0 0 0 0 22 108
1582930907 1239416 25796 118263 524 0 1014 89 6 698 30 0 0 3 2 0 0 0 0 22 108
1582932694 1239418 25796 118263 524 0 1014 89 6 698 30 0 0 3 2 0 0 0 0 22 108
1582934647 1239427 25796 118263 524 0 1014 89 6 698 30 0 0 3 2 0 0 0 0 22 108
1583427064 1239442 25796 118263 524 0 1014 89 6 698 30 0 0 3 2 0 0 0 0 22 108
1583443195 1239442 25796 118263 524 0 1014 89 6 698 30 0 0 3 2 0 0 0 0 22 108
1585843072 1239443 25796 118263 524 0 1014 89 6 698 30 0 0 3 2 0 0 0 0 22 108
1585917598 1239450 25796 118263 524 0 1014 89 6 698 30 0 0 3 2 0 0 0 0 22 108
1585925838 1239450 25796 118263 524 0 1014 89 6 698 30 0 0 3 2 0 0 0 0 22 108
1587555344 1239501 25796 118263 541 0 1014 89 6 698 30 0 0 3 2 0 0 0 0 22 108
1588461347 1239568 25796 118263 541 0 1014 89 6 698 30 0 0 3 2 0 0 0 0 22 108
1588620246 1239568 25796 118263 541 0 1014 89 6 698 30 0 0 3 2 0 0 0 0 22 108
1590089587 1239568 25802 118263 541 0 1014 89 6 698 30 0 0 3 2 0 0 0 0 22 108
1590162481 1239568 25816 118263 541 0 1014 89 6 698 30 0 0 3 2 0 0 0 0 22 108
1591178269 1239568 25816 118263 541 0 1014 89 6 698 30 0 0 3 2 0 0 0 0 22 108
1591806890 1239568 28009 118263 541 0 1014 89 6 698 30 0 0 11 2 0 0 0 0 22 108
1593687428 1239568 28011 118263 541 0 1014 89 6 698 30 0 0 11 2 0 0 0 0 22 108
1595357101 1239568 28632 118263 541 0 1014 89 6 698 30 0 0 11 2 0 0 0 0 22 108
1596126516 1239568 28668 118263 541 0 1014 89 6 698 30 0 0 11 2 0 0 0 0 22 108
1597517388 1239572 28668 118263 541 0 1014 89 6 698 30 0 0 11 2 0 0 0 0 22 108
1597767616 1239572 28668 118263 541 0 1014 89 6 698 30 0 0 11 2 0 0 0 0 22 108
1597850327 1239572 28668 118263 541 0 1014 89 6 698 30 0 0 11 2 0 0 0 0 22 108
1600353212 1239572 28668 118263 541 0 1014 89 6 698 30 0 0 11 2 0 0 0 0 22 108
1601820530 1239572 28668 118263 541 0 1014 89 6 698 30 0 0 11 2 0 0 0 0 22 108
1603363532 1239572 28668 118263 541 0 1014 89 6 698 30 0 0 11 2 0 0 0 0 22 108
1603380003 1239572 28668 118263 541 0 1014 89 6 698 30 0 0 11 2 0 0 0 0 22 108
1603459720 1239572 28668 118263 541 0 1014 89 6 698 30 0 0 11 2 0 0 0 0 22 108
1604083601 1239572 29251 118263 541 0 1014 89 6 698 30 0 0 21 2 0 0 0 0 22 108
1605465945 1239572 29387 118263 541 0 1014 89 6 698 30 0 0 21 2 0 0 0 0 22 108
1606054328 1239572 29438 118263 541 0 1014 89 6 698 30 0 0 21 2 0 0 0 0 22 108
1606679488 1239572 29438 118263 541 0 1014 89 6 698 30 0 0 21 2 0 0 0 0 22 108
1606682437 1239572 29438 118263 541 0 1014 89 6 698 30 0 0 21 2 0 0 0 0 22 108
1609244479 1239572 29438 118263 541 0 1014 89 6 698 30 0 0 21 2 0 0 0 0 22 108
1609752856 1239572 29438 118263 541 0 1014 89 6 698 30 0 0 21 2 0 0 0 0 22 108
1609963260 1239572 29438 118263 554 0 1014 89 6 698 30 0 0 21 2 0 0 0 0 22 108
1610054177 1239572 29438 118263 554 0 1014 89 6 698 30 0 0 21 2 0 0 0 0 22 108
1610518520 1239572 29454 118263 554 0 1014 89 6 698 30 0 0 21 2 0 0 0 0 22 108
1611083038 1239572 29456 118263 554 0 1014 89 6 698 30 0 0 21 2 0 0 0 0 22 108
1611544453 1239572 29456 118263 554 0 1014 89 6 698 30 0 0 21 2 0 0 0 0 22 108
1613136308 1239572 29456 118263 554 0 1014 89 6 698 30 0 0 21 2 0 0 0 0 22 108
1614786753 1239572 29456 118263 554 0 1014 89 6 698 30 0 0 21 2 0 0 0 0 22 108
1616771924 1239572 29456 118263 554 0 1014 89 6 698 30 0 0 21 2 0 0 0 0 22 108
1618543689 1239572 29456 118263 554 0 1014 89 6 698 30 0 0 21 2 0 0 0 0 22 108
1618993155 1239572 29456 118263 554 0 1014 89 6 698 30 0 0 21 2 0 0 84 0 22 108
1621937535 1239572 29456 118263 554 0 1014 89 6 698 30 0 0 21 2 0 0 84 0 22 108
1622221410 1239572 29456 118263 554 0 1014 89 6 698 30 0 0 21 2 0 0 84 0 22 108
1623865138 1239572 29456 118263 554 0 1014 89 6 698 30 0 0 21 2 0 0 84 0 22 108
1624426622 1239572 29456 118263 554 0 1014 89 6 698 30 0 8 21 2 0 0 84 0 22 108
1625067055 1239572 29456 118263 554 0 1014 89 6 698 30 0 8 21 2 0 0 84 0 22 108
1625067061 1239572 29456 118263 554 0 1014 89 6 698 30 0 8 21 2 0 0 84 0 22 108
1627338268 1239572 29456 118263 554 0 1014 89 6 698 30 0 8 21 2 0 0 84 0 22 108
1627984601 1239572 29456 118263 554 0 1014 89 6 698 30 0 8 21 2 0 0 84 0 22 108
1628443160 1239572 29538 118263 554 0 1014 89 6 698 30 0 8 21 2 0 0 84 0 22 108
1630583578 1239572 29538 118263 554 0 1014 89 6 698 30 0 8 21 2 0 0 84 0 22 108
1632310350 1240393 29538 118263 554 0 1014 89 6 698 30 0 8 21 2 0 0 84 0 22 108
1634327950 1240393 29538 118263 554 0 1014 89 6 698 30 0 8 21 2 0 0 84 0 22 108
1635709242 1240393 29538 118263 554 0 1014 89 6 698 30 0 8 21 2 0 0 84 0 22 108
1638439866 1240393 29538 118263 554 0 1014 89 6 698 30 0 8 31 2 0 0 84 0 22 108
1640082286 1240395 29538 118263 554 0 1014 89 6 698 30 0 8 31 2 0 0 84 0 22 108
1640091780 1240398 29538 118263 554 0 1014 89 6 698 30 0 8 31 2 0 0 84 0 22 108
1640091919 1240399 29538 118263 554 0 1014 89 6 698 30 0 8 31 2 0 0 85 0 22 108
1640104055 1240433 29538 118263 554 0 1014 89 6 698 30 0 8 31 2 0 0 85 0 22 108
1640104893 1240434 29538 118263 554 0 1014 89 6 698 30 0 8 31 2 0 0 85 0 22 108
1640108994 1240460 29538 118263 554 0 1014 89 6 698 30 0 8 31 2 0 0 85 0 22 108
1640760645 1240460 29538 118263 554 0 1014 89 6 698 30 0 8 31 2 0 12 85 0 22 108
1640796133 1240460 29538 118263 554 0 1014 89 6 698 30 0 8 31 2 0 66 85 0 22 108
1640804833 1240460 29538 118263 554 0 1014 89 6 698 30 0 8 31 2 0 66 85 0 22 108
1641319400 1240460 29538 118263 554 0 1014 89 6 698 30 0 8 31 2 0 66 85 0 22 108
1641622118 1240460 29538 118263 554 0 1014 89 6 698 30 0 8 31 2 0 66 85 0 22 108
1642976016 1240460 29538 118263 554 0 1014 89 6 698 30 0 8 31 2 0 66 85 0 22 108
1646345324 1240460 29538 118263 554 0 1014 89 6 698 30 0 8 31 2 0 66 85 0 22 108
1646345676 1240460 29538 118263 554 0 1014 89 6 698 30 0 8 31 2 0 66 85 0 22 108
1653980451 1240460 29538 118263 554 0 1014 89 6 698 30 0 8 31 2 0 66 85 0 22 108
1654572692 1240460 29538 118263 554 0 1014 89 6 698 30 0 8 31 2 0 66 85 0 22 108
1654677463 1240460 29538 118263 554 0 1014 89 6 698 30 0 8 31 2 0 66 85 0 22 108
1654711506 1240460 29538 118263 554 0 1014 89 6 698 30 0 8 31 2 0 66 85 0 22 108
1654711524 1240461 29538 118263 554 0 1014 89 6 698 30 0 8 31 2 0 66 85 0 22 108
1655579839 1240461 29538 118263 554 0 1014 89 6 698 30 0 8 31 2 0 66 85 0 22 108
1658443348 1240461 29538 118263 554 0 1014 89 6 698 30 0 8 31 2 0 66 88 0 22 108
1660858292 1240461 29538 118263 554 0 1014 89 6 698 30 0 8 31 2 0 66 88 0 22 108
1661864027 1240462 29538 118263 554 0 1014 89 6 698 30 0 8 31 2 0 66 88 0 22 108
1664332508 1240462 29538 118263 554 0 1014 89 6 698 30 0 8 31 2 0 66 88 0 22 108
1666149343 1240462 29538 118263 554 0 1014 89 6 698 30 0 16 31 2 0 66 88 0 22 108
1666711851 1240466 29538 118263 554 0 1014 89 6 698 30 0 16 31 2 0 66 88 0 22 108
1666717171 1240467 29538 118263 554 0 1014 89 6 698 30 0 16 31 2 0 66 88 0 22 108
1666730902 1240496 29538 118263 554 0 1014 89 6 698 30 0 16 31 2 0 66 88 0 22 108
1666731448 1240503 29538 118263 554 0 1014 89 6 698 30 0 16 31 2 0 66 88 0 22 108
1666732131 1240507 29538 118263 554 0 1014 89 6 698 30 0 16 31 2 0 66 88 0 22 108
1666811920 1240526 29538 118263 554 0 1014 89 6 698 30 0 16 31 2 0 66 88 0 22 108
1666815893 1240530 29538 118263 554 0 1014 89 6 698 30 0 16 31 2 0 66 88 0 22 108
1666870476 1240716 29538 118263 554 0 1014 89 6 698 30 0 16 31 2 0 66 88 0 22 108
1666871645 1240720 29538 118263 554 0 1014 89 6 698 30 0 16 31 2 0 66 88 0 22 108
1666872891 1240741 29538 118263 554 0 1014 89 6 698 30 0 16 31 2 0 66 88 0 22 108
1666877048 1240761 29538 118263 554 0 1014 89 6 698 30 0 16 31 2 0 66 88 0 22 108
1666880392 1240764 29538 118263 554 0 1014 89 6 698 30 0 16 31 2 0 66 88 0 22 108
1666881123 1240767 29538 118263 554 0 1014 89 6 698 30 0 16 31 2 0 66 88 0 22 108
1666899654 1240783 29538 118263 554 0 1014 89 6 698 30 0 16 31 2 0 66 88 0 22 108
1669586100 1240783 29538 118263 554 0 1014 89 6 698 30 16 16 31 2 0 66 88 0 22 108
1669586605 1240783 29538 118263 554 0 1014 89 6 698 30 25 16 31 2 0 66 88 0 22 108
1669589198 1240783 29538 118263 554 0 1014 89 6 698 30 26 16 31 2 0 66 88 0 22 108
1672908012 1240783 29538 118263 554 0 1014 89 6 698 30 73 16 31 2 0 66 88 0 22 108
1676634465 1240783 29538 118263 554 13 1014 89 6 698 30 73 16 31 2 0 66 88 0 22 108
1678455550 1240886 29538 118263 554 13 1014 89 6 698 30 73 16 31 2 0 66 88 0 22 108
1680003370 1240886 29538 118263 554 13 1014 89 6 698 30 73 16 31 2 0 66 88 0 22 108
1681076760 1240894 29538 118263 554 13 1014 89 6 698 30 73 16 31 2 0 66 88 0 22 108
1681312025 1240896 29538 118263 554 13 1014 89 6 698 30 73 16 31 2 0 66 88 0 22 108
1681388009 1240896 29538 118263 554 13 1014 89 6 698 30 73 16 31 2 0 66 88 0 22 108
1681389426 1240898 29538 118263 554 13 1014 89 6 698 30 73 16 31 2 0 66 88 0 22 108
1681389464 1240948 29538 118263 554 13 1014 89 6 698 30 73 16 31 2 0 66 88 0 22 108
1681389717 1241608 29538 118263 554 19 1014 89 6 698 30 73 16 31 2 0 66 88 0 22 108
1681749638 1241611 29538 118263 554 19 1014 89 6 698 30 73 16 31 2 0 66 88 0 22 108
1681758136 1241633 29538 118263 554 19 1014 89 6 698 30 73 16 31 2 0 66 88 0 22 108
1681759126 1241639 29538 118263 554 19 1014 89 6 698 30 73 16 31 2 0 66 88 0 22 108
1682310278 1241639 29538 118263 554 19 1014 89 6 698 30 73 16 31 2 0 66 88 0 22 108
1682310592 1241639 29538 118263 554 19 1014 89 6 698 30 73 16 31 2 0 66 88 0 22 108
1683106304 1241639 29538 118263 554 34 1014 89 6 698 30 73 16 31 2 0 66 88 0 22 108
1683137437 1241639 29538 118263 554 34 1014 89 6 698 30 73 16 31 2 0 66 88 0 22 108
1685015721 1241639 29538 118263 554 145 1014 89 6 698 30 73 16 31 2 0 66 88 0 22 108
1685017138 1241639 29538 118263 554 183 1014 89 6 698 30 73 16 31 2 0 66 88 0 22 108
1685017956 1241639 29538 118263 554 196 1014 89 6 698 30 73 16 31 2 0 66 88 0 22 108
1685018726 1241639 29538 118263 554 196 1014 89 6 698 30 73 16 31 2 0 66 88 0 22 108
1685020561 1241639 29538 118263 554 196 1014 89 6 698 30 73 16 31 2 0 66 88 30 22 108
1685966281 1241639 29538 118263 554 196 1014 89 6 698 30 73 16 31 2 0 66 88 30 22 108
1686657920 1241639 29538 118263 554 196 1014 89 6 698 30 73 16 31 2 0 66 88 30 22 108
1686659696 1241639 29538 118263 554 196 1014 89 6 698 30 73 16 31 2 0 66 88 30 22 108
1686671963 1241639 29538 118263 554 196 1014 89 6 698 30 73 16 31 2 0 66 88 30 22 108
1686672908 1241639 29538 118263 554 255 1014 89 6 698 30 73 16 31 2 0 66 88 30 22 108
1686683113 1241639 29538 118263 554 255 1014 89 6 698 30 73 16 31 2 0 66 88 121 22 108
1686683302 1241639 29538 118263 554 255 1014 89 6 698 30 73 16 31 2 0 66 88 123 22 108
1686683643 1241639 29538 118263 554 277 1014 89 6 698 30 73 16 31 2 0 66 88 123 22 108
1686687674 1241639 29538 118263 554 277 1014 89 6 698 30 73 16 31 2 1 66 88 123 22 108
1686687731 1241639 29538 118263 554 277 1014 89 6 698 30 73 16 31 2 4 66 88 123 22 108
1686689446 1241639 29538 118263 554 277 1014 89 6 698 30 73 16 31 2 4 66 88 123 22 108
1686755695 1241643 29538 118263 554 277 1014 89 6 698 30 73 16 31 2 4 66 88 123 22 108
1688390226 1241643 29538 118263 554 277 1014 89 6 698 30 73 16 31 2 6 66 88 123 22 108
