1545003955 635
1545531715 883
1547957071 1324
1548393490 1324
1548393917 1330
1548539581 1337
1548640280 1337
1548640324 1337
1548640433 3092
1548819672 3101
1549513081 3101
1550036106 3143
1551653564 2921
1551667043 2933
1551672606 3031
1551672873 3037
1551673702 3141
1569639896 2861
1569657334 2859
1569657393 2859
1569658229 2859
1570786991 2871
1570787094 2871
1570787105 2893
1614053693 2900
1625064905 2899
1625399354 2901
1651131094 2926
1651131123 2936
1651153033 2944
1651153199 2944
1651153287 2953
1660197836 2953
1660200183 3195
1660200321 2947
1660201969 3197
1670905946 4740
1684369258 3197
1684377242 3387
1684378252 3387
1684378404 3432
1684383543 3494
1684383604 3540
1684386315 4167
1684387969 4195
1684388336 4192
1684388965 4199
1684389762 4497
1684391093 4740
