1267579071 0 1 0 0 0 0 0 0 0 0 0 0 0 0 0 0 0 0 0 0
1268262516 0 2 0 0 0 0 0 0 0 0 0 0 0 0 0 0 0 0 0 0
1268262528 0 3 0 0 0 0 0 0 0 0 0 0 0 0 0 0 0 0 0 0
1268262548 0 4 0 0 0 0 0 0 0 0 0 0 0 0 0 0 0 0 0 0
1268269438 0 5 0 0 0 0 0 0 0 0 0 0 0 0 0 0 0 0 0 0
1268269531 0 6 0 0 0 0 0 0 0 0 0 0 0 0 0 0 0 0 0 0
1268272231 0 7 0 0 0 0 0 0 0 0 0 0 0 0 0 0 0 0 0 0
1268273579 0 8 0 0 0 0 0 0 0 0 0 0 0 0 0 0 0 0 0 0
1268331215 0 9 0 0 0 0 0 0 0 0 0 0 0 0 0 0 0 0 0 0
1268342912 0 10 0 0 0 0 0 0 0 0 0 0 0 0 0 0 0 0 0 0
1268416358 0 11 0 0 0 0 0 0 0 0 0 0 0 0 0 0 0 0 0 0
1269060932 0 12 0 0 0 0 0 0 0 0 0 0 0 0 0 0 0 0 0 0
1269060941 0 13 0 0 0 0 0 0 0 0 0 0 0 0 0 0 0 0 0 0
1269060950 0 14 0 0 0 0 0 0 0 0 0 0 0 0 0 0 0 0 0 0
1269060967 0 15 0 0 0 0 0 0 0 0 0 0 0 0 0 0 0 0 0 0
1269060974 0 16 0 0 0 0 0 0 0 0 0 0 0 0 0 0 0 0 0 0
1269886769 0 17 0 0 0 0 0 0 0 0 0 0 0 0 0 0 0 0 0 0
1271445667 0 17 1 0 0 0 0 0 0 0 0 0 0 0 0 0 0 0 0 0
1271983741 0 17 2 0 0 0 0 0 0 0 0 0 0 0 0 0 0 0 0 0
1271983830 0 17 3 0 0 0 0 0 0 0 0 0 0 0 0 0 0 0 0 0
1272608105 0 17 4 0 0 0 0 0 0 0 0 0 0 0 0 0 0 0 0 0
1272609170 0 17 5 0 0 0 0 0 0 0 0 0 0 0 0 0 0 0 0 0
1272656936 0 17 6 0 0 0 0 0 0 0 0 0 0 0 0 0 0 0 0 0
1272656942 0 17 7 0 0 0 0 0 0 0 0 0 0 0 0 0 0 0 0 0
1273532619 0 18 7 0 0 0 0 0 0 0 0 0 0 0 0 0 0 0 0 0
1273534552 0 19 7 0 0 0 0 0 0 0 0 0 0 0 0 0 0 0 0 0
1273537966 0 20 7 0 0 0 0 0 0 0 0 0 0 0 0 0 0 0 0 0
1273539744 0 21 7 0 0 0 0 0 0 0 0 0 0 0 0 0 0 0 0 0
1279243462 0 22 7 0 0 0 0 0 0 0 0 0 0 0 0 0 0 0 0 0
1279243561 0 23 7 0 0 0 0 0 0 0 0 0 0 0 0 0 0 0 0 0
1279244928 0 24 7 0 0 0 0 0 0 0 0 0 0 0 0 0 0 0 0 0
1279245073 0 24 7 0 0 0 0 0 0 0 0 0 0 0 0 0 0 0 1 0
1279245154 0 25 7 0 0 0 0 0 0 0 0 0 0 0 0 0 0 0 1 0
1279246113 0 26 7 0 0 0 0 0 0 0 0 0 0 0 0 0 0 0 1 0
1279246300 0 27 7 0 0 0 0 0 0 0 0 0 0 0 0 0 0 0 1 0
1279251485 0 28 7 0 0 0 0 0 0 0 0 0 0 0 0 0 0 0 1 0
1279259946 0 29 7 0 0 0 0 0 0 0 0 0 0 0 0 0 0 0 1 0
1279304237 0 30 7 0 0 0 0 0 0 0 0 0 0 0 0 0 0 0 1 0
1279304275 0 31 7 0 0 0 0 0 0 0 0 0 0 0 0 0 0 0 1 0
1280943111 0 32 7 0 0 0 0 0 0 0 0 0 0 0 0 0 0 0 1 0
1284658409 0 32 8 0 0 0 0 0 0 0 0 0 0 0 0 0 0 0 1 0
1285871928 0 33 8 0 0 0 0 0 0 0 0 0 0 0 0 0 0 0 1 0
1285872052 0 34 8 0 0 0 0 0 0 0 0 0 0 0 0 0 0 0 1 0
1286820377 0 35 8 0 0 0 0 0 0 0 0 0 0 0 0 0 0 0 1 0
1294012346 0 36 8 0 0 0 0 0 0 0 0 0 0 0 0 0 0 0 1 0
1294087367 0 37 8 0 0 0 0 0 0 0 0 0 0 0 0 0 0 0 1 0
1294155399 0 38 8 0 0 0 0 0 0 0 0 0 0 0 0 0 0 0 1 0
1295482376 0 39 8 0 0 0 0 0 0 0 0 0 0 0 0 0 0 0 1 0
1295494950 0 40 8 0 0 0 0 0 0 0 0 0 0 0 0 0 0 0 1 0
1296412512 0 41 8 0 0 0 0 0 0 0 0 0 0 0 0 0 0 0 1 0
1296412661 0 42 8 0 0 0 0 0 0 0 0 0 0 0 0 0 0 0 1 0
1296412865 0 43 8 0 0 0 0 0 0 0 0 0 0 0 0 0 0 0 1 0
1296507861 0 44 8 0 0 0 0 0 0 0 0 0 0 0 0 0 0 0 1 0
1296576037 0 45 8 0 0 0 0 0 0 0 0 0 0 0 0 0 0 0 1 0
1296576061 0 46 8 0 0 0 0 0 0 0 0 0 0 0 0 0 0 0 1 0
1296576547 0 47 8 0 0 0 0 0 0 0 0 0 0 0 0 0 0 0 1 0
1296576573 0 48 8 0 0 0 0 0 0 0 0 0 0 0 0 0 0 0 1 0
1299099586 0 49 8 0 0 0 0 0 0 0 0 0 0 0 0 0 0 0 1 0
1304277172 0 50 8 0 0 0 0 0 0 0 0 0 0 0 0 0 0 0 1 0
1304277993 0 51 8 0 0 0 0 0 0 0 0 0 0 0 0 0 0 0 1 0
1305554182 0 52 8 0 0 0 0 0 0 0 0 0 0 0 0 0 0 0 1 0
1308683844 0 53 8 0 0 0 0 0 0 0 0 0 0 0 0 0 0 0 1 0
1308707157 0 54 8 0 0 0 0 0 0 0 0 0 0 0 0 0 0 0 1 0
1311305944 0 55 8 0 0 0 0 0 0 0 0 0 0 0 0 0 0 0 1 0
1315221608 0 56 8 0 0 0 0 0 0 0 0 0 0 0 0 0 0 0 1 0
1315221690 0 57 8 0 0 0 0 0 0 0 0 0 0 0 0 0 0 0 1 0
1315414963 0 58 8 0 0 0 0 0 0 0 0 0 0 0 0 0 0 0 1 0
1315427314 0 59 8 0 0 0 0 0 0 0 0 0 0 0 0 0 0 0 1 0
1315505872 0 60 8 0 0 0 0 0 0 0 0 0 0 0 0 0 0 0 1 0
1318631623 0 61 8 0 0 0 0 0 0 0 0 0 0 0 0 0 0 0 1 0
1319406259 0 62 8 0 0 0 0 0 0 0 0 0 0 0 0 0 0 0 1 0
1319406280 0 62 9 0 0 0 0 0 0 0 0 0 0 0 0 0 0 0 1 0
1319406484 0 62 10 0 0 0 0 0 0 0 0 0 0 0 0 0 0 0 1 0
1319406643 0 62 11 0 0 0 0 0 0 0 0 0 0 0 0 0 0 0 1 0
1319990228 0 62 11 0 0 0 0 0 0 0 0 0 1 0 0 0 0 0 1 0
1323448865 0 63 11 0 0 0 0 0 0 0 0 0 1 0 0 0 0 0 1 0
1323449053 0 64 11 0 0 0 0 0 0 0 0 0 1 0 0 0 0 0 1 0
1323449163 0 65 11 0 0 0 0 0 0 0 0 0 1 0 0 0 0 0 1 0
1327599198 0 65 12 0 0 0 0 0 0 0 0 0 1 0 0 0 0 0 1 0
1328638386 0 66 12 0 0 0 0 0 0 0 0 0 1 0 0 0 0 0 1 0
1330975236 0 67 12 0 0 0 0 0 0 0 0 0 1 0 0 0 0 0 1 0
1338306556 0 68 12 0 0 0 0 0 0 0 0 0 1 0 0 0 0 0 1 0
1338306630 0 68 13 0 0 0 0 0 0 0 0 0 1 0 0 0 0 0 1 0
1338306648 0 68 14 0 0 0 0 0 0 0 0 0 1 0 0 0 0 0 1 0
1342555376 0 69 14 0 0 0 0 0 0 0 0 0 1 0 0 0 0 0 1 0
1342556406 0 70 14 0 0 0 0 0 0 0 0 0 1 0 0 0 0 0 1 0
1342556555 0 71 14 0 0 0 0 0 0 0 0 0 1 0 0 0 0 0 1 0
1342557472 0 72 14 0 0 0 0 0 0 0 0 0 1 0 0 0 0 0 1 0
1342557617 0 73 14 0 0 0 0 0 0 0 0 0 1 0 0 0 0 0 1 0
1342557663 0 74 14 0 0 0 0 0 0 0 0 0 1 0 0 0 0 0 1 0
1342557849 0 75 14 0 0 0 0 0 0 0 0 0 1 0 0 0 0 0 1 0
1342557914 0 76 14 0 0 0 0 0 0 0 0 0 1 0 0 0 0 0 1 0
1342736064 0 77 14 0 0 0 0 0 0 0 0 0 1 0 0 0 0 0 1 0
1344530763 0 77 14 0 0 0 0 0 0 0 0 0 1 0 0 0 0 0 1 0
1345559728 0 78 14 0 0 0 0 0 0 0 0 0 1 0 0 0 0 0 1 0
1350830849 0 79 14 0 0 0 0 0 0 0 0 0 1 0 0 0 0 0 1 0
1350830891 0 80 14 0 0 0 0 0 0 0 0 0 1 0 0 0 0 0 1 0
1353946059 0 80 14 0 0 0 0 0 0 0 0 0 1 0 0 0 0 0 1 0
1358188659 0 81 14 0 0 0 0 0 0 0 0 0 1 0 0 0 0 0 1 0
1358193564 0 82 14 0 0 0 0 0 0 0 0 0 1 0 0 0 0 0 1 0
1358199390 0 83 14 0 0 0 0 0 0 0 0 0 1 0 0 0 0 0 1 0
1371844369 0 84 14 0 0 0 0 0 0 0 0 0 1 0 0 0 0 0 1 0
1373569680 0 85 14 0 0 0 0 0 0 0 0 0 1 0 0 0 0 0 1 0
1373569914 0 86 14 0 0 0 0 0 0 0 0 0 1 0 0 0 0 0 1 0
1373570141 0 86 14 0 0 0 0 0 0 0 0 0 1 0 0 0 0 0 1 0
1375409806 0 87 14 0 0 0 0 0 0 0 0 0 1 0 0 0 0 0 1 0
1382561510 0 87 14 0 0 0 0 0 0 0 0 0 1 0 0 0 0 0 1 0
1389314945 0 87 14 0 0 0 0 0 0 0 0 0 1 0 1 0 0 0 1 0
1389318551 0 88 14 0 0 0 0 0 0 0 0 0 1 0 1 0 0 0 1 0
1389321839 0 88 14 0 0 0 0 0 0 0 0 0 1 0 1 0 0 0 1 0
1389322788 0 89 14 0 0 0 0 0 0 0 0 0 1 0 1 0 0 0 1 0
1389323815 0 90 14 0 0 0 0 0 0 0 0 0 1 0 1 0 0 0 1 0
1389324708 0 91 14 0 0 0 0 0 0 0 0 0 1 0 1 0 0 0 1 0
1389367179 0 92 14 0 0 0 0 0 0 0 0 0 1 0 1 0 0 0 1 0
1393898098 0 92 14 0 0 0 0 0 0 0 0 0 1 0 1 0 0 0 1 0
1403795937 0 92 14 0 0 0 0 1 0 0 0 0 1 0 1 0 0 0 1 0
1410057481 0 92 14 0 0 0 0 2 0 0 0 0 1 0 1 0 0 0 1 0
1412621799 0 93 14 0 0 0 0 2 0 0 0 0 1 0 1 0 0 0 1 0
1412622527 0 94 14 0 0 0 0 2 0 0 0 0 1 0 1 0 0 0 1 0
1416512406 0 96 14 0 0 0 0 2 0 0 0 0 1 0 1 0 0 0 1 0
1416512570 0 97 14 0 0 0 0 2 0 0 0 0 1 0 1 0 0 0 1 0
1416513574 0 98 14 0 0 0 0 2 0 0 0 0 1 0 1 0 0 0 1 0
1416517770 0 99 14 0 0 0 0 2 0 0 0 0 1 0 1 0 0 0 1 0
1416521407 0 100 14 0 0 0 0 2 0 0 0 0 1 0 1 0 0 0 1 0
1417491064 0 101 14 0 0 0 0 2 0 0 0 0 1 0 1 0 0 0 1 0
1418921655 0 102 14 0 0 0 0 3 0 0 0 0 1 0 1 0 0 0 1 0
1418923473 0 103 14 0 0 0 0 3 0 0 0 0 1 0 1 0 0 0 1 0
1418935401 0 104 14 0 0 0 0 3 0 0 0 0 1 0 1 0 0 0 1 0
1419621070 0 104 14 0 0 0 0 3 0 0 0 0 1 0 1 0 0 0 1 0
1427967198 1 104 14 0 0 0 0 3 0 0 0 0 1 0 1 0 0 0 1 0
1427976628 2 104 14 0 0 0 0 3 0 0 0 0 1 0 1 0 0 0 1 0
1427986964 2 104 14 0 0 0 0 3 0 0 0 0 1 0 1 0 0 0 1 0
1428548495 2 104 14 1 0 0 0 3 0 0 0 0 1 0 1 0 0 0 1 0
1428594338 3 104 14 2 0 0 0 3 0 0 0 0 1 0 1 0 0 0 1 0
1428596907 4 104 14 2 0 0 0 3 0 0 0 0 1 0 1 0 0 0 1 0
1428624054 5 104 14 3 0 0 0 3 0 0 0 0 1 0 1 0 0 0 1 0
1428911280 6 104 14 3 0 0 0 3 0 0 0 0 1 0 1 0 0 0 1 0
1429442085 7 104 14 3 0 0 0 3 0 0 0 0 1 0 1 0 0 0 1 0
1429768888 10 104 14 3 0 0 0 3 0 0 0 0 1 0 1 0 0 0 1 0
1430127540 11 104 14 3 0 0 0 3 0 0 0 0 1 0 1 0 0 0 1 0
1430130587 12 104 14 3 0 0 0 3 0 0 0 0 1 0 1 0 0 0 1 0
1430196492 13 104 14 3 0 0 0 3 0 0 0 0 1 0 1 0 0 0 1 0
1430197875 15 104 14 3 0 0 0 3 0 0 0 0 1 0 1 0 0 0 1 0
1430709023 16 104 14 3 0 0 0 3 0 0 0 0 1 0 1 0 0 0 1 0
1431110994 16 104 14 4 0 0 0 3 0 0 0 0 1 0 1 0 0 0 1 0
1431217210 16 104 14 4 0 0 0 3 0 0 0 0 1 0 1 0 0 0 1 0
1431237969 17 104 14 4 0 0 0 3 0 0 0 0 1 0 1 0 0 0 1 0
1431352140 18 104 14 5 0 0 0 3 0 0 0 0 1 0 1 0 0 0 1 0
1431498995 19 104 14 5 0 0 0 3 0 0 0 0 1 0 1 0 0 0 1 0
1431503225 19 104 14 5 0 0 0 3 0 0 0 0 1 0 1 0 0 1 1 0
1432284157 20 104 14 5 0 0 0 3 0 0 0 0 1 0 1 0 0 1 1 0
1433800134 20 104 14 5 0 0 0 3 0 0 0 0 1 0 1 0 0 1 1 0
1433917931 22 104 14 5 0 0 0 3 0 0 0 0 1 0 1 0 0 1 1 0
1434574762 23 104 14 5 0 0 0 3 0 0 0 0 1 0 1 0 0 1 1 0
1434873462 24 104 14 5 0 0 0 3 0 0 0 0 1 0 1 0 0 1 1 0
1435125008 25 104 14 5 0 0 0 3 0 0 0 0 1 0 1 0 0 1 1 0
1435125307 26 104 14 5 0 0 0 3 0 0 0 0 1 0 1 0 0 1 1 0
1435140980 27 104 14 5 0 0 0 3 0 0 0 0 1 0 1 0 0 1 1 0
1435743676 28 104 14 5 0 0 0 3 0 0 0 0 1 0 1 0 0 1 1 0
1435747311 29 104 14 5 0 0 0 3 0 0 0 0 1 0 1 0 0 1 1 0
1436165842 30 104 14 5 0 0 0 3 0 0 0 0 1 0 1 0 0 1 1 0
1436515913 30 104 14 5 0 1 0 3 0 0 0 0 1 0 1 0 0 1 1 0
1436516587 30 104 14 5 0 2 0 3 0 0 0 0 1 0 1 0 0 1 1 0
1436530802 30 104 14 5 0 3 0 3 0 0 0 0 1 0 1 0 0 1 1 0
1436693036 30 104 14 5 0 4 0 3 0 0 0 0 1 0 1 0 0 1 1 0
1436880726 31 104 14 5 0 4 0 3 0 0 0 0 1 0 1 0 0 1 1 0
1436932525 32 104 14 5 0 4 0 3 0 0 0 0 1 0 1 0 0 1 1 0
1436970242 32 104 14 5 0 4 0 3 0 0 0 0 1 0 1 0 0 1 1 0
1437576923 35 104 14 5 0 4 0 3 0 0 0 0 1 0 1 0 0 1 1 0
1437719619 37 104 14 5 0 4 0 3 0 0 0 0 1 0 1 0 0 1 1 0
1437730055 38 104 14 5 0 4 0 3 0 0 1 0 1 0 1 0 0 1 1 0
1438325932 39 104 14 5 0 4 0 3 0 0 1 0 1 0 1 0 0 1 1 0
1438326751 40 104 14 5 0 4 0 3 0 0 1 0 1 0 1 0 0 1 1 0
1438398000 41 104 14 5 0 4 0 3 0 0 1 0 1 0 1 0 0 1 1 0
1441634986 42 104 14 5 0 4 0 3 0 0 1 0 1 0 1 0 0 1 1 0
1442292646 43 104 14 5 0 4 0 3 0 0 2 0 1 0 1 0 0 1 1 0
1443200072 44 104 14 5 0 4 0 3 0 0 2 0 1 0 1 0 0 1 1 0
1443201678 46 104 14 5 0 4 0 3 0 0 2 0 1 0 1 0 0 1 1 0
1443239072 47 104 14 5 0 4 0 3 0 0 2 0 1 0 1 0 0 1 1 0
1443240591 48 104 14 5 0 4 0 3 0 0 2 0 1 0 1 0 0 1 1 0
1443243272 49 104 14 5 0 4 0 3 0 0 2 0 1 0 1 0 0 1 1 0
1443499800 50 104 14 5 0 4 0 3 0 0 2 0 1 0 1 0 0 1 1 0
1443768384 51 104 14 5 0 4 0 3 0 0 2 0 1 0 1 0 0 1 1 0
1444190645 52 104 14 5 0 4 0 3 0 0 2 0 1 0 1 0 0 1 1 0
1444205558 53 104 14 5 0 4 0 3 0 0 2 0 1 0 1 0 0 1 1 0
1444210006 54 104 14 5 0 4 0 3 0 0 2 0 1 0 1 0 0 1 1 0
1444272510 55 104 14 5 0 4 0 3 0 0 2 0 1 0 1 0 0 1 1 0
1444274669 56 104 14 5 0 4 0 3 0 0 2 0 1 0 1 0 0 1 1 0
1444276136 57 104 14 5 0 4 0 3 0 0 2 0 1 0 1 0 0 1 1 0
1444278768 58 104 14 5 0 4 0 3 0 0 2 0 1 0 1 0 0 1 1 0
1444367871 59 104 14 5 0 4 0 3 0 0 2 0 1 0 1 0 0 1 1 0
1444368784 60 104 14 5 0 4 0 3 0 0 2 0 1 0 1 0 0 1 1 0
1444450404 61 104 14 5 0 4 0 3 0 0 2 0 1 0 1 0 0 1 1 0
1444691044 62 104 14 5 0 4 0 3 0 0 2 0 1 0 1 0 0 1 1 0
1444695612 63 104 14 5 0 4 0 3 0 0 2 0 1 0 1 0 0 1 1 0
1444704324 64 104 14 5 0 4 0 3 0 0 2 0 1 0 1 0 0 1 1 0
1444760076 64 104 14 5 0 4 0 3 0 0 2 0 1 0 1 0 0 1 1 0
1445255060 65 104 14 5 0 4 0 3 0 0 2 0 1 0 1 0 0 1 1 0
1445649427 66 104 14 5 0 4 0 3 0 0 2 0 1 0 1 0 0 1 1 0
1446171363 67 104 14 5 0 4 0 3 0 0 2 0 1 0 1 0 0 1 1 0
1446361901 68 104 14 5 0 4 0 3 0 0 2 0 1 0 1 0 0 1 1 0
1446362870 69 104 14 5 0 4 0 3 0 0 2 0 1 0 1 0 0 1 1 0
1446366306 70 104 14 5 0 4 0 3 0 0 2 0 1 0 1 0 0 1 1 0
1446369199 71 104 14 5 0 4 0 3 0 0 2 0 1 0 1 0 0 1 1 0
1446550235 72 104 14 5 0 4 0 3 0 0 2 0 1 0 1 0 0 1 1 0
1446611797 73 104 14 5 0 4 0 3 0 0 2 0 1 0 1 0 0 1 1 0
1446616338 74 104 14 5 0 4 0 3 0 0 2 0 1 0 1 0 0 1 1 0
1447207426 75 104 14 5 0 4 0 3 0 0 2 0 1 0 1 0 0 1 1 0
1447679744 76 104 14 5 0 4 0 3 0 0 2 0 1 0 1 0 0 1 1 0
1448285397 76 104 14 6 0 4 0 3 0 0 2 0 1 0 1 0 0 1 1 0
1448858940 77 104 14 6 0 4 0 3 0 0 2 0 1 0 1 0 0 1 1 0
1448860906 78 104 14 6 0 4 0 3 0 0 2 0 1 0 1 0 0 1 1 0
1448929543 79 104 14 6 0 4 0 3 0 0 2 0 1 0 1 0 0 1 1 0
1448938404 80 104 14 6 0 4 0 3 0 0 2 0 1 0 1 0 0 1 1 0
1449376724 81 104 14 6 0 4 0 3 0 0 2 0 1 0 1 0 0 1 1 0
1449381982 82 104 14 6 0 4 0 3 0 0 2 0 1 0 1 0 0 1 1 0
1449447025 83 104 14 6 0 4 0 3 0 0 2 0 1 0 1 0 0 1 1 0
1449709619 84 104 14 6 0 4 0 3 0 0 2 0 1 0 1 0 0 1 1 0
1449713220 84 104 14 6 0 4 0 3 0 0 2 0 1 0 1 0 0 1 1 0
1450322594 85 104 14 6 0 4 0 3 0 0 2 0 1 0 1 0 0 1 1 0
1450844513 86 104 14 6 0 4 0 3 0 0 2 0 1 0 1 0 0 1 1 0
1451803102 87 104 15 6 0 4 0 3 0 0 2 0 1 0 1 0 0 1 1 0
1452146021 88 104 15 6 0 4 0 3 0 0 2 0 1 0 1 0 0 1 1 0
1452309230 89 104 15 6 0 4 0 3 0 0 2 0 1 0 1 0 0 1 1 0
1452590659 90 104 15 6 0 4 0 3 0 0 2 0 1 0 1 0 0 1 1 0
1452702506 90 104 15 6 0 4 1 3 0 0 2 0 1 0 1 0 0 1 1 0
1453711193 91 104 15 6 0 4 1 3 0 0 2 0 1 0 1 0 0 1 1 0
1454237311 92 104 15 6 0 4 1 3 0 0 2 0 1 0 1 0 0 1 1 0
1454303598 93 104 15 6 0 4 1 3 0 0 2 0 1 0 1 0 0 1 1 0
1454484961 93 104 15 6 0 4 1 3 0 0 2 0 1 0 1 0 0 1 1 0
1454911950 94 104 15 6 0 4 1 3 0 0 2 0 1 0 1 0 0 1 1 0
1454936144 95 104 15 6 0 4 1 3 0 0 2 0 1 0 1 0 0 1 1 0
1454942371 96 104 15 6 0 4 1 3 0 0 2 0 1 0 1 0 0 1 1 0
1455010623 97 104 15 6 0 4 1 3 0 0 2 0 1 0 1 0 0 1 1 0
1455066941 99 104 15 6 0 4 1 3 0 0 2 0 1 0 1 0 0 1 1 0
1455087362 100 104 15 6 0 4 1 3 0 0 2 0 1 0 1 0 0 1 1 0
1455154200 101 104 15 6 0 4 1 3 0 0 2 0 1 0 1 0 0 1 1 0
1455414991 102 104 15 6 0 4 1 3 0 0 2 0 1 0 1 0 0 1 1 0
1455510060 103 104 15 6 0 4 1 3 0 0 2 0 1 0 1 0 0 1 1 0
1455510526 104 104 15 6 0 4 1 3 0 0 2 0 1 0 1 0 0 1 1 0
1456113158 105 104 15 6 0 4 1 3 0 0 2 0 1 0 1 0 0 1 1 0
1456114916 106 104 15 6 0 4 1 3 0 0 2 0 1 0 1 0 0 1 1 0
1456115698 107 104 15 6 0 4 1 3 0 0 2 0 1 0 1 0 0 1 1 0
1456128496 108 104 15 6 0 4 1 3 0 0 2 0 1 0 1 0 0 1 1 0
1456137320 109 104 15 6 0 4 1 3 0 0 2 0 1 0 1 0 0 1 1 0
1456199835 110 104 15 6 0 4 1 3 0 0 2 0 1 0 1 0 0 1 1 0
1456716380 111 104 15 6 0 4 1 3 0 0 2 0 1 0 1 0 0 1 1 0
1456826857 112 104 15 6 0 4 1 3 0 0 2 0 1 0 1 0 0 1 1 0
1456827078 113 104 15 6 0 4 1 3 0 0 2 0 1 0 1 0 0 1 1 0
1456842725 114 104 15 6 0 4 1 3 0 0 2 0 1 0 1 0 0 1 1 0
1456843408 115 104 15 6 0 4 1 3 0 0 2 0 1 0 1 0 0 1 1 0
1456845915 115 104 15 6 0 4 1 3 0 0 2 0 1 0 1 0 0 1 1 0
1456887139 116 104 15 6 0 4 1 3 0 0 2 0 1 0 1 0 0 1 1 0
1456975527 117 104 15 6 0 4 1 3 0 0 2 0 1 0 1 0 0 1 1 0
1457117144 117 104 15 6 0 4 1 3 0 1 2 0 1 0 1 0 0 1 1 0
1457141362 118 104 15 6 0 4 1 3 0 1 2 0 1 0 1 0 0 1 1 0
1457174011 119 104 15 6 0 4 1 3 0 1 2 0 1 0 1 0 0 1 1 0
1457856397 121 104 15 6 0 4 1 3 0 1 2 0 1 0 1 0 0 1 1 0
1458018022 122 104 15 6 0 4 1 3 0 1 2 0 1 0 1 0 0 1 1 0
1458114966 123 104 15 6 0 4 1 3 0 1 2 0 1 0 1 0 0 1 1 0
1458121261 124 104 15 6 0 4 1 3 0 1 2 0 1 0 1 0 0 1 1 0
1458602562 125 104 15 6 0 4 1 3 0 1 2 0 1 0 1 0 0 1 1 0
1458621277 126 104 15 6 0 4 1 3 0 1 2 0 1 0 1 0 0 1 1 0
1458719584 127 104 15 6 0 4 1 3 0 1 2 0 1 0 1 0 0 1 1 0
1459219512 128 104 15 7 0 4 1 3 0 1 2 0 1 0 1 0 0 1 1 0
1459438534 128 104 15 7 0 4 2 3 0 1 2 0 1 0 1 0 0 1 1 0
1459485260 129 104 15 7 0 4 2 3 0 1 2 0 1 0 1 0 0 1 1 0
1459919784 130 104 15 7 0 4 2 3 0 1 2 0 1 0 1 0 0 1 1 0
1460012507 130 104 15 7 0 4 2 3 0 1 2 0 1 0 1 0 0 1 1 0
1460035196 131 104 15 7 0 4 2 3 0 1 2 0 1 0 1 0 0 1 1 0
1460095523 132 104 15 7 0 4 2 3 0 1 2 0 1 0 1 0 0 1 1 0
1460101156 133 104 15 7 0 4 2 3 0 1 2 0 1 0 1 0 0 1 1 0
1460550185 133 104 15 8 0 4 3 3 0 1 2 0 1 0 1 0 0 1 1 0
1460608460 134 104 15 8 0 4 3 3 0 1 2 0 1 0 1 0 0 1 1 0
1460712740 135 104 15 8 0 4 3 3 0 1 2 0 1 0 1 0 0 1 1 0
1461507167 136 104 15 8 0 4 3 3 0 1 2 0 1 0 1 0 0 1 1 0
1461595827 136 104 15 8 0 4 3 3 0 1 2 0 1 0 1 0 0 1 1 0
1461754288 137 104 15 8 0 4 3 3 0 1 2 0 1 0 1 0 0 1 1 0
1461847344 138 104 15 8 0 4 3 3 0 1 2 0 1 0 1 0 0 1 1 0
1462162683 139 104 15 8 0 4 3 3 0 1 2 0 1 0 1 0 0 1 1 0
1462263727 140 104 15 8 0 4 3 3 0 1 2 0 1 0 1 0 0 1 1 0
1462275355 141 104 15 8 0 4 3 3 0 1 2 0 1 0 1 0 0 1 1 0
1462768957 142 104 15 8 0 4 3 3 0 1 2 0 1 0 1 0 0 1 1 0
1462769213 143 104 15 8 0 4 3 3 0 1 2 0 1 0 1 0 0 1 1 0
1462861757 144 104 15 8 0 4 3 3 0 1 2 0 1 0 1 0 0 1 1 0
1462862955 145 104 15 8 0 4 3 3 0 1 2 0 1 0 1 0 0 1 1 0
1462863664 146 104 15 8 0 4 3 3 0 1 2 0 1 0 1 0 0 1 1 0
1463116891 147 104 15 8 0 4 3 3 0 1 2 0 1 0 1 0 0 1 1 0
1463117549 148 104 15 8 0 4 3 3 0 1 2 0 1 0 1 0 0 1 1 0
1463118136 149 104 15 8 0 4 3 3 0 1 2 0 1 0 1 0 0 1 1 0
1463120812 150 104 15 8 0 4 3 3 0 1 2 0 1 0 1 0 0 1 1 0
1463122309 151 104 15 8 0 4 3 3 0 1 2 0 1 0 1 0 0 1 1 0
1463124305 152 104 15 8 0 4 3 3 0 1 2 0 1 0 1 0 0 1 1 0
1463655984 153 104 15 8 0 4 3 3 0 1 2 0 1 0 1 0 0 1 1 0
1463720724 154 104 15 8 0 4 3 3 0 1 2 0 1 0 1 0 0 1 1 0
1463995214 155 104 15 8 0 4 3 3 0 1 2 0 1 0 1 0 0 1 1 0
1464014059 156 104 15 8 0 4 3 3 0 1 2 0 1 0 1 0 0 1 1 0
1464024012 157 104 15 8 0 4 3 3 0 1 2 0 1 0 1 0 0 1 1 0
1464078972 158 104 15 8 0 4 3 3 0 1 2 0 1 0 1 0 0 1 1 0
1464324306 159 104 15 8 0 4 3 3 0 1 2 0 1 0 1 0 0 1 1 0
1464625909 159 104 15 8 0 4 3 3 0 1 2 0 1 0 1 0 0 1 1 0
1464695674 160 104 15 8 0 4 3 3 0 1 2 0 1 0 1 0 0 1 1 0
1464752231 161 104 15 8 0 4 3 3 0 1 2 0 1 0 1 0 0 1 1 0
1465820987 162 104 15 8 0 4 3 3 0 1 2 0 1 0 1 0 0 1 1 0
1466405411 163 104 15 8 0 4 3 3 0 1 2 0 1 0 1 0 0 1 1 0
1466717256 163 104 15 8 0 4 3 3 0 2 2 0 1 0 1 0 0 1 1 0
1467551885 164 104 15 8 0 4 3 3 0 2 2 0 1 0 1 0 0 1 1 0
1467621363 165 104 15 8 0 4 3 3 0 2 2 0 1 0 1 0 0 1 1 0
1467635710 166 104 15 8 0 4 3 3 0 2 2 0 1 0 1 0 0 1 1 0
1467638557 167 104 15 8 0 4 3 3 0 2 2 0 1 0 1 0 0 1 1 0
1467720990 168 104 15 8 0 4 3 3 0 2 2 0 1 0 1 0 0 1 1 0
1467721625 169 104 15 8 0 4 3 3 0 2 2 0 1 0 1 0 0 1 1 0
1467786372 170 104 15 8 0 4 3 3 0 2 2 0 1 0 1 0 0 1 1 0
1468312507 171 104 15 8 0 4 3 3 0 2 2 0 1 0 1 0 0 1 1 0
1468314077 172 104 15 8 0 4 3 3 0 2 2 0 1 0 1 0 0 1 1 0
1468322160 173 104 15 8 0 4 3 3 0 2 2 0 1 0 1 0 0 1 1 0
1468323282 174 104 15 8 0 4 3 3 0 2 2 0 1 0 1 0 0 1 1 0
1468324441 175 104 15 8 0 4 3 3 0 2 2 0 1 0 1 0 0 1 1 0
1468333714 176 104 15 8 0 4 3 3 0 2 2 0 1 0 1 0 0 1 1 0
1468473915 177 104 15 8 0 4 3 3 0 2 2 0 1 0 1 0 0 1 1 0
1468495082 178 104 15 8 0 4 3 3 0 2 2 0 1 0 1 0 0 1 1 0
1468576419 179 104 15 8 0 4 3 3 0 2 2 0 1 0 1 0 0 1 1 0
1468579208 180 104 15 8 0 4 3 3 0 2 2 0 1 0 1 0 0 1 1 0
1468581855 181 104 15 8 0 4 3 3 0 2 2 0 1 0 1 0 0 1 1 0
1468821612 182 104 15 8 0 4 3 3 0 2 2 0 1 0 1 0 0 1 1 0
1468823169 183 104 15 8 0 4 3 3 0 2 2 0 1 0 1 0 0 1 1 0
1469117193 184 104 15 8 0 4 3 3 0 2 2 0 1 0 1 0 0 1 1 0
1469117918 185 104 15 8 0 4 3 3 0 2 2 0 1 0 1 0 0 1 1 0
1469118178 186 104 15 8 0 4 3 3 0 2 2 0 1 0 1 0 0 1 1 0
1469118637 187 104 15 8 0 4 3 3 0 2 2 0 1 0 1 0 0 1 1 0
1469119699 188 104 15 8 0 4 3 3 0 2 2 0 1 0 1 0 0 1 1 0
1469169216 189 104 15 8 0 4 3 3 0 2 2 0 1 0 1 0 0 1 1 0
1469299763 189 104 15 8 0 4 3 3 0 2 2 0 1 0 1 0 0 1 1 0
1469528690 190 104 15 8 0 4 3 3 0 2 2 0 1 0 1 0 0 1 1 0
1469531382 191 104 15 8 0 4 3 3 0 2 2 0 1 0 1 0 0 1 1 0
1469533220 192 104 15 8 0 4 3 3 0 2 2 0 1 0 1 0 0 1 1 0
1469534461 193 104 15 8 0 4 3 3 0 2 2 0 1 0 1 0 0 1 1 0
1470120890 194 104 15 8 0 4 3 3 0 2 2 0 1 0 1 0 0 1 1 0
1470124558 195 104 15 8 0 4 3 3 0 2 2 0 1 0 1 0 0 1 1 0
1470133578 196 104 15 8 0 4 3 3 0 2 2 0 1 0 1 0 0 1 1 0
1470134362 197 104 15 8 0 4 3 3 0 2 2 0 1 0 1 0 0 1 1 0
1470138597 198 104 15 8 0 4 3 3 0 2 2 0 1 0 1 0 0 1 1 0
1470140347 199 104 15 8 0 4 3 3 0 2 2 0 1 0 1 0 0 1 1 0
1470306003 200 104 15 8 0 4 3 3 0 2 2 0 1 0 1 0 0 1 1 0
1470307729 201 104 15 8 0 4 3 3 0 2 2 0 1 0 1 0 0 1 1 0
1470310891 202 104 15 8 0 4 3 3 0 2 2 0 1 0 1 0 0 1 1 0
1470312748 203 104 15 8 0 4 3 3 0 2 2 0 1 0 1 0 0 1 1 0
1470314809 204 104 15 8 0 4 3 3 0 2 2 0 1 0 1 0 0 1 1 0
1470317953 205 104 15 8 0 4 3 3 0 2 2 0 1 0 1 0 0 1 1 0
1470567508 206 104 15 8 0 4 3 3 0 2 2 0 1 0 1 0 0 1 1 0
1470570257 207 104 15 8 0 4 3 3 0 2 2 0 1 0 1 0 0 1 1 0
1470571585 208 104 15 8 0 4 3 3 0 2 2 0 1 0 1 0 0 1 1 0
1470573869 209 104 15 8 0 4 3 3 0 2 2 0 1 0 1 0 0 1 1 0
1470576129 210 104 15 8 0 4 3 3 0 2 2 0 1 0 1 0 0 1 1 0
1470635913 211 104 15 8 0 4 3 3 0 2 2 0 1 0 1 0 0 1 1 0
1470811696 212 104 15 8 0 4 3 3 0 2 2 0 1 0 1 0 0 1 1 0
1470820861 213 104 15 8 0 4 3 3 0 2 2 0 1 0 1 0 0 1 1 0
1470823153 214 104 15 8 0 4 3 3 0 2 2 0 1 0 1 0 0 1 1 0
1470827734 215 104 15 8 0 4 3 3 0 2 2 0 1 0 1 0 0 1 1 0
1470896468 216 104 15 8 0 4 3 3 0 2 2 0 1 0 1 0 0 1 1 0
1470913318 217 104 15 8 0 4 3 3 0 2 2 0 1 0 1 0 0 1 1 0
1470918656 218 104 15 8 0 4 3 3 0 2 2 0 1 0 1 0 0 1 1 0
1470921124 219 104 15 8 0 4 3 3 0 2 2 0 1 0 1 0 0 1 1 0
1470926254 220 104 15 8 0 4 3 3 0 2 2 0 1 0 1 0 0 1 1 0
1470972426 221 104 15 8 0 4 3 3 0 2 2 0 1 0 1 0 0 1 1 0
1470985298 222 104 15 8 0 4 3 3 0 2 2 0 1 0 1 0 0 1 1 0
1470993226 223 104 15 8 0 4 3 3 0 2 2 0 1 0 1 0 0 1 1 0
1471336658 224 104 15 8 0 4 3 3 0 2 2 0 1 0 1 0 0 1 1 0
1471350423 225 104 15 8 0 4 3 3 0 2 2 0 1 0 1 0 0 1 1 0
1471353097 226 104 15 8 0 4 3 3 0 2 2 0 1 0 1 0 0 1 1 0
1471354931 227 104 15 8 0 4 3 3 0 2 2 0 1 0 1 0 0 1 1 0
1471357625 228 104 15 8 0 4 3 3 0 2 2 0 1 0 1 0 0 1 1 0
1471359616 229 104 15 8 0 4 3 3 0 2 2 0 1 0 1 0 0 1 1 0
1471514231 230 104 15 8 0 4 3 3 0 2 2 0 1 0 1 0 0 1 1 0
1471519747 231 104 15 8 0 4 3 3 0 2 2 0 1 0 1 0 0 1 1 0
1471521378 232 104 15 8 0 4 3 3 0 2 2 0 1 0 1 0 0 1 1 0
1471522631 233 104 15 8 0 4 3 3 0 2 2 0 1 0 1 0 0 1 1 0
1471523714 234 104 15 8 0 4 3 3 0 2 2 0 1 0 1 0 0 1 1 0
1471847663 235 104 15 8 0 4 3 3 0 2 2 0 1 0 1 0 0 1 1 0
1471850526 236 104 15 8 0 4 3 3 0 2 2 0 1 0 1 0 0 1 1 0
1471861928 237 104 15 8 0 4 3 3 0 2 2 0 1 0 1 0 0 1 1 0
1471868193 238 104 15 8 0 4 3 3 0 2 2 0 1 0 1 0 0 1 1 0
1471873830 239 104 15 8 0 4 3 3 0 2 2 0 1 0 1 0 0 1 1 0
1471875758 240 104 15 8 0 4 3 3 0 2 2 0 1 0 1 0 0 1 1 0
1471877972 241 104 15 8 0 4 3 3 0 2 2 0 1 0 1 0 0 1 1 0
1471941384 242 104 15 8 0 4 3 3 0 2 2 0 1 0 1 0 0 1 1 0
1471956160 243 104 15 8 0 4 3 3 0 2 2 0 1 0 1 0 0 1 1 0
1472399165 244 104 15 8 0 4 3 3 0 2 2 0 1 0 1 0 0 1 1 0
1472400225 245 104 15 8 0 4 3 3 0 2 2 0 1 0 1 0 0 1 1 0
1472401307 246 104 15 8 0 4 3 3 0 2 2 0 1 0 1 0 0 1 1 0
1472404062 247 104 15 8 0 4 3 3 0 2 2 0 1 0 1 0 0 1 1 0
1472547911 248 104 15 8 0 4 3 3 0 2 2 0 1 0 1 0 0 1 1 0
1472553852 249 104 15 8 0 4 3 3 0 2 2 0 1 0 1 0 0 1 1 0
1472556432 250 104 15 8 0 4 3 3 0 2 2 0 1 0 1 0 0 1 1 0
1472558939 251 104 15 8 0 4 3 3 0 2 2 0 1 0 1 0 0 1 1 0
1472559128 252 104 15 8 0 4 3 3 0 2 2 0 1 0 1 0 0 1 1 0
1472559856 253 104 15 8 0 4 3 3 0 2 2 0 1 0 1 0 0 1 1 0
1472560773 254 104 15 8 0 4 3 3 0 2 2 0 1 0 1 0 0 1 1 0
1472562426 255 104 15 8 0 4 3 3 0 2 2 0 1 0 1 0 0 1 1 0
1472627986 256 104 15 8 0 4 3 3 0 2 2 0 1 0 1 0 0 1 1 0
1472790752 257 104 15 8 0 4 3 3 0 2 2 0 1 0 1 0 0 1 1 0
1472806740 258 104 15 8 0 4 3 3 0 2 2 0 1 0 1 0 0 1 1 0
1472813549 259 104 15 8 0 4 3 3 0 2 2 0 1 0 1 0 0 1 1 0
1472814896 260 104 15 8 0 4 3 3 0 2 2 0 1 0 1 0 0 1 1 0
1472816441 261 104 15 8 0 4 3 3 0 2 2 0 1 0 1 0 0 1 1 0
1473059001 262 104 15 8 0 4 3 3 0 2 2 0 1 0 1 0 0 1 1 0
1473149158 263 104 15 8 0 4 3 3 0 2 2 0 1 0 1 0 0 1 1 0
1473149556 264 104 15 8 0 4 3 3 0 2 2 0 1 0 1 0 0 1 1 0
1473150823 265 104 15 8 0 4 3 3 0 2 2 0 1 0 1 0 0 1 1 0
1473157913 266 104 15 8 0 4 3 3 0 2 2 0 1 0 1 0 0 1 1 0
1473160513 267 104 15 8 0 4 3 3 0 2 2 0 1 0 1 0 0 1 1 0
1473161981 268 104 15 8 0 4 3 3 0 2 2 0 1 0 1 0 0 1 1 0
1473162696 269 104 15 8 0 4 3 3 0 2 2 0 1 0 1 0 0 1 1 0
1473165289 270 104 15 8 0 4 3 3 0 2 2 0 1 0 1 0 0 1 1 0
1473165961 271 104 15 8 0 4 3 3 0 2 2 0 1 0 1 0 0 1 1 0
1473167943 272 104 15 8 0 4 3 3 0 2 2 0 1 0 1 0 0 1 1 0
1473321472 273 104 15 8 0 4 3 3 0 2 2 0 1 0 1 0 0 1 1 0
1473337874 274 104 15 8 0 4 3 3 0 2 2 0 1 0 1 0 0 1 1 0
1473349193 275 104 15 8 0 4 3 3 0 2 2 0 1 0 1 0 0 1 1 0
1473400828 276 104 15 8 0 4 3 3 0 2 2 0 1 0 1 0 0 1 1 0
1473411235 277 104 15 8 0 4 3 3 0 2 2 0 1 0 1 0 0 1 1 0
1473683494 278 104 15 8 0 4 3 3 0 2 2 0 1 0 1 0 0 1 1 0
1473684048 279 104 15 8 0 4 3 3 0 2 2 0 1 0 1 0 0 1 1 0
1474537115 280 104 15 8 0 4 3 3 0 2 2 0 1 0 1 0 0 1 1 0
1474803316 281 104 15 8 0 4 3 3 0 2 2 0 1 0 1 0 0 1 1 0
1475054330 282 104 15 8 0 4 3 3 0 2 2 0 1 0 1 0 0 1 1 0
1476691984 283 104 15 8 0 4 3 3 0 2 2 0 1 0 1 0 0 1 1 0
1476957133 283 104 15 8 0 4 4 3 0 2 2 0 1 0 1 0 0 1 1 0
1477974994 284 104 15 8 0 4 4 3 0 2 2 0 1 0 1 0 0 1 1 0
1479039198 285 104 15 8 0 4 4 3 0 2 2 0 1 0 1 0 0 1 1 0
1479182254 286 104 15 8 0 4 4 3 0 2 2 0 1 0 1 0 0 1 1 0
1479733813 287 104 15 8 0 4 4 3 0 2 2 0 1 0 1 0 0 1 1 0
1479736363 288 104 15 8 0 4 4 3 0 2 2 0 1 0 1 0 0 1 1 0
1479823876 289 104 15 8 0 4 4 3 0 2 2 0 1 0 1 0 0 1 1 0
1479825117 290 104 15 8 0 4 4 3 0 2 2 0 1 0 1 0 0 1 1 0
1481274628 291 104 15 8 0 4 4 3 0 2 2 0 1 0 1 0 0 1 1 0
1481627482 292 104 15 8 0 4 4 3 0 2 2 0 1 0 1 0 0 1 1 0
1484204059 293 104 15 8 0 4 4 3 0 2 2 0 1 0 1 0 0 1 1 0
1484216008 293 104 15 8 0 4 4 3 0 2 2 0 1 1 1 0 0 1 1 0
1484225721 294 104 15 8 0 4 4 3 0 2 2 0 1 1 1 0 0 1 1 0
1484232577 295 104 15 8 0 4 4 3 0 2 2 0 1 1 1 0 0 1 1 0
1486613104 296 104 15 8 0 4 4 3 0 2 2 0 1 1 1 0 0 1 1 0
1486968572 297 104 15 8 0 4 4 3 0 2 2 0 1 1 1 0 0 1 1 0
1486970370 298 104 15 8 0 4 4 3 0 2 2 0 1 1 1 0 0 1 1 0
1486982344 299 104 15 8 0 4 4 3 0 2 2 0 1 1 1 0 0 1 1 0
1486982795 300 104 15 8 0 4 4 3 0 2 2 0 1 1 1 0 0 1 1 0
1487047244 301 104 15 8 0 4 4 3 0 2 2 0 1 1 1 0 0 1 1 0
1487152920 302 104 15 8 0 4 4 3 0 2 2 0 1 1 1 0 0 1 1 0
1487307267 303 104 15 8 0 4 4 3 0 2 2 0 1 1 1 0 0 1 1 0
1487308865 304 104 15 8 0 4 4 3 0 2 2 0 1 1 1 0 0 1 1 0
1487311961 305 104 15 8 0 4 4 3 0 2 2 0 1 1 1 0 0 1 1 0
1487567010 306 104 15 8 0 4 4 3 0 2 2 0 1 1 1 0 0 1 1 0
1487744776 307 104 15 8 0 4 4 3 0 2 2 0 1 1 1 0 0 1 1 0
1488232101 308 104 15 8 0 4 4 3 0 2 2 0 1 1 1 0 0 1 1 0
1488240574 309 104 15 8 0 4 4 3 0 2 2 0 1 1 1 0 0 1 1 0
1488371835 310 104 15 8 0 4 4 3 0 2 2 0 1 1 1 0 0 1 1 0
1488525661 311 104 15 8 0 4 4 3 0 2 2 0 1 1 1 0 0 1 1 0
1490104655 311 104 15 8 0 4 4 3 0 2 2 0 1 1 1 0 0 1 1 0
1490948919 312 104 15 8 0 4 4 3 0 2 2 0 1 1 1 0 0 1 1 0
1491896490 313 104 15 8 0 4 4 3 0 2 2 0 1 1 1 0 0 1 1 0
1491974034 314 104 15 8 0 4 4 3 0 2 2 0 1 1 1 0 0 1 1 0
1492509966 315 104 15 8 0 4 4 3 0 2 2 0 1 1 1 0 0 1 1 0
1492750102 316 104 15 8 0 4 4 3 0 2 2 0 1 1 1 0 0 1 1 0
1493009900 317 104 15 8 0 4 4 3 0 2 2 0 1 1 1 0 0 1 1 0
1493823407 317 104 15 8 0 4 4 3 0 2 2 0 1 1 1 0 0 1 1 0
1493976380 318 104 15 8 0 4 4 3 0 2 2 0 1 1 1 0 0 1 1 0
1494331713 319 104 15 8 0 4 4 3 0 2 2 0 1 1 1 0 0 1 1 0
1495020766 320 104 15 8 0 4 4 3 0 2 2 0 1 1 1 0 0 1 1 0
1497789856 321 104 15 8 0 4 4 3 0 2 2 0 1 1 1 0 0 1 1 0
1497882158 322 104 15 8 0 4 4 3 0 2 2 0 1 1 1 0 0 1 1 0
1497891590 323 104 15 8 0 4 4 3 0 2 2 0 1 1 1 0 0 1 1 0
1497892813 324 104 15 8 0 4 4 3 0 2 2 0 1 1 1 0 0 1 1 0
1497967300 325 104 15 8 0 4 4 3 0 2 2 0 1 1 1 0 0 1 1 0
1497973687 326 104 15 8 0 4 4 3 0 2 2 0 1 1 1 0 0 1 1 0
1498130778 327 104 15 8 0 4 4 3 0 2 2 0 1 1 1 0 0 1 1 0
1498144996 328 104 15 8 0 4 4 3 0 2 2 0 1 1 1 0 0 1 1 0
1498545543 329 104 15 8 0 4 4 3 0 2 2 0 1 1 1 0 0 1 1 0
1498548713 330 104 15 8 0 4 4 3 0 2 2 0 1 1 1 0 0 1 1 0
1498568071 331 104 15 8 0 4 4 3 0 2 2 0 1 1 1 0 0 1 1 0
1499148144 332 104 15 8 0 4 4 3 0 2 2 0 1 1 1 0 0 1 1 0
1499149716 333 104 15 8 0 4 4 3 0 2 2 0 1 1 1 0 0 1 1 0
1499405434 334 104 15 8 0 4 4 3 0 2 2 0 1 1 1 0 0 1 1 0
1503914627 335 104 15 8 0 4 4 3 0 2 2 0 1 1 1 0 0 1 1 0
1503929207 336 104 15 8 0 4 4 3 0 2 2 0 1 1 1 0 0 1 1 0
1504436306 337 104 15 8 0 4 4 3 0 2 2 0 1 1 1 0 0 1 1 0
1504507215 338 104 15 8 0 4 4 3 0 2 2 0 1 1 1 0 0 1 1 0
1505190785 339 104 15 8 0 4 4 3 0 2 2 0 1 1 1 0 0 1 1 0
1506859532 340 104 15 8 0 4 4 3 0 2 2 0 1 1 1 0 0 1 1 0
1507034405 341 104 15 8 0 4 4 3 0 2 2 0 1 1 1 0 0 1 1 0
1507036566 342 104 15 8 0 4 4 3 0 2 2 0 1 1 1 0 0 1 1 0
1507037596 343 104 15 8 0 4 4 3 0 2 2 0 1 1 1 0 0 1 1 0
1507042065 344 104 15 8 0 4 4 3 0 2 2 0 1 1 1 0 0 1 1 0
1507101375 345 104 15 8 0 4 4 3 0 2 2 0 1 1 1 0 0 1 1 0
1507359732 346 104 15 8 0 4 4 3 0 2 2 0 1 1 1 0 0 1 1 0
1507639814 346 104 15 8 0 4 4 3 1 2 2 0 1 1 1 0 0 1 1 0
1507643662 346 104 15 8 0 4 4 3 2 2 2 0 1 1 1 0 0 1 1 0
1507710848 347 104 15 8 0 4 4 3 2 2 2 0 1 1 1 0 0 1 1 0
1507714987 348 104 15 8 0 4 4 3 2 2 2 0 1 1 1 0 0 1 1 0
1507715397 349 104 15 8 0 4 4 3 2 2 2 0 1 1 1 0 0 1 1 0
1507717393 350 104 15 8 0 4 4 3 2 2 2 0 1 1 1 0 0 1 1 0
1507718039 351 104 15 8 0 4 4 3 2 2 2 0 1 1 1 0 0 1 1 0
1507718277 352 104 15 8 0 4 4 3 2 2 2 0 1 1 1 0 0 1 1 0
1507721429 353 104 15 8 0 4 4 3 2 2 2 0 1 1 1 0 0 1 1 0
1507872541 354 104 15 8 0 4 4 3 2 2 2 0 1 1 1 0 0 1 1 0
1507962819 355 104 15 8 0 4 4 3 2 2 2 0 1 1 1 0 0 1 1 0
1508129000 356 104 15 8 0 4 4 3 2 2 2 0 1 1 1 0 0 1 1 0
1508136287 357 104 15 8 0 4 4 3 2 2 2 0 1 1 1 0 0 1 1 0
1508151334 357 104 15 8 0 4 4 3 2 2 2 0 1 1 1 0 0 1 1 0
1508794029 358 104 15 8 0 4 4 3 2 2 2 0 1 1 1 0 0 1 1 0
1509080785 359 104 15 8 0 4 4 3 2 2 2 0 1 1 1 0 0 1 1 0
1509156957 360 104 15 8 0 4 4 3 2 2 2 0 1 1 1 0 0 1 1 0
1510400638 361 104 15 8 0 4 4 3 2 2 2 0 1 1 1 0 0 1 1 0
1510653386 362 104 15 8 0 4 4 3 2 2 2 0 1 1 1 0 0 1 1 0
1510657001 363 104 15 8 0 4 4 3 2 2 2 0 1 1 1 0 0 1 1 0
1510658044 364 104 15 8 0 4 4 3 2 2 2 0 1 1 1 0 0 1 1 0
1510667481 365 104 15 8 0 4 4 3 2 2 2 0 1 1 1 0 0 1 1 0
1510826261 366 104 15 8 0 4 4 3 2 2 2 0 1 1 1 0 0 1 1 0
1510869032 367 104 15 8 0 4 4 3 2 2 2 0 1 1 1 0 0 1 1 0
1512475121 368 104 15 8 0 4 4 3 2 2 2 0 1 1 1 0 0 1 1 0
1512554470 369 104 15 8 0 4 4 3 2 2 2 0 1 1 1 0 0 1 1 0
1512572110 370 104 15 8 0 4 4 3 2 2 2 0 1 1 1 0 0 1 1 0
1512613931 371 104 15 8 0 4 4 3 2 2 2 0 1 1 1 0 0 1 1 0
1512716074 372 104 15 8 0 4 4 3 2 2 2 0 1 1 1 0 0 1 1 0
1512963149 373 104 15 8 0 4 4 3 2 2 2 0 1 1 1 0 0 1 1 0
1512965913 374 104 15 8 0 4 4 3 2 2 2 0 1 1 1 0 0 1 1 0
1512972135 375 104 15 8 0 4 4 3 2 2 2 0 1 1 1 0 0 1 1 0
1513086566 376 104 15 8 0 4 4 3 2 2 2 0 1 1 1 0 0 1 1 0
1513087471 377 104 15 8 0 4 4 3 2 2 2 0 1 1 1 0 0 1 1 0
1513087885 378 104 15 8 0 4 4 3 2 2 2 0 1 1 1 0 0 1 1 0
1513088558 379 104 15 8 0 4 4 3 2 2 2 0 1 1 1 0 0 1 1 0
1513092432 380 104 15 8 0 4 4 3 2 2 2 0 1 1 1 0 0 1 1 0
1513093183 381 104 15 8 0 4 4 3 2 2 2 0 1 1 1 0 0 1 1 0
1513094016 382 104 15 8 0 4 4 3 2 2 2 0 1 1 1 0 0 1 1 0
1513678564 383 104 15 8 0 4 4 3 2 2 2 0 1 1 1 0 0 1 1 0
1513679255 384 104 15 8 0 4 4 3 2 2 2 0 1 1 1 0 0 1 1 0
1515562865 384 104 15 8 0 4 4 3 2 2 2 0 1 1 1 0 0 1 1 0
1515645182 385 104 15 8 0 4 4 3 2 2 2 0 1 1 1 0 0 1 1 0
1517201567 385 104 15 8 0 4 4 3 2 2 2 0 1 1 1 0 0 1 1 0
1517918744 386 104 15 8 0 4 4 3 2 2 2 0 1 1 1 0 0 1 1 0
1518105351 387 104 15 8 0 4 4 3 2 2 2 0 1 1 1 0 0 1 1 0
1518567171 388 104 15 8 0 4 4 3 2 2 2 0 1 1 1 0 0 1 1 0
1518746475 388 104 15 8 1 4 4 3 2 2 2 0 1 1 1 0 0 1 1 0
1518954970 389 104 15 8 1 4 4 3 2 2 2 0 1 1 1 0 0 1 1 0
1518965178 390 104 15 8 1 4 4 3 2 2 2 0 1 1 1 0 0 1 1 0
1518965266 390 104 15 8 1 4 4 3 2 2 2 0 1 1 1 0 0 1 1 0
1518969451 391 104 15 8 1 4 4 3 2 2 2 0 1 1 1 0 0 1 1 0
1519302632 392 104 15 8 1 4 4 3 2 2 2 0 1 1 1 0 0 1 1 0
1519304014 393 104 15 8 1 4 4 3 2 2 2 0 1 1 1 0 0 1 1 0
1520170918 394 104 15 8 1 4 4 3 2 2 2 0 1 1 1 0 0 1 1 0
1520346800 395 104 15 8 1 4 4 3 2 2 2 0 1 1 1 0 0 1 1 0
1520380391 396 104 15 8 1 4 4 3 2 2 2 0 1 1 1 0 0 1 1 0
1520381006 397 104 15 8 1 4 4 3 2 2 2 0 1 1 1 0 0 1 1 0
1520382240 398 104 15 8 1 4 4 3 2 2 2 0 1 1 1 0 0 1 1 0
1521108663 399 104 15 8 1 4 4 3 2 2 2 0 1 1 1 0 0 1 1 0
1524550949 400 104 15 8 1 4 4 3 2 2 2 0 1 1 1 0 0 1 1 0
1525528994 401 104 15 8 1 4 4 3 2 2 2 0 1 1 1 0 0 1 1 0
1526284530 402 104 15 8 1 4 4 3 2 2 2 0 1 1 1 0 0 1 1 0
1526285756 403 104 15 8 1 4 4 3 2 2 2 0 1 1 1 0 0 1 1 0
1526285996 404 104 15 8 1 4 4 3 2 2 2 0 1 1 1 0 0 1 1 0
1526461761 405 104 15 8 1 4 4 3 2 2 2 0 1 1 1 0 0 1 1 0
1529237986 406 104 15 8 1 4 4 3 2 2 2 0 1 1 1 0 0 1 1 0
1529791892 406 104 15 8 1 4 4 3 2 2 2 0 1 1 1 0 0 1 1 0
1531305001 407 104 15 8 1 4 4 3 2 2 2 0 1 1 1 0 0 1 1 0
1534423428 407 104 15 8 1 4 4 3 2 2 2 0 1 1 1 0 0 1 1 0
1535199062 408 104 15 8 1 4 4 3 2 2 2 0 1 1 1 0 0 1 1 0
1535464652 408 104 15 8 1 4 4 3 2 2 2 0 1 1 1 0 0 1 1 0
1535634290 409 104 15 8 1 4 4 3 2 2 2 0 1 1 1 0 0 1 1 0
1535637074 410 104 15 8 1 4 4 3 2 2 2 0 1 1 1 0 0 1 1 0
1535638095 411 104 15 8 1 4 4 3 2 2 2 0 1 1 1 0 0 1 1 0
1535647665 412 104 15 8 1 4 4 3 2 2 2 0 1 1 1 0 0 1 1 0
1535650491 413 104 15 8 1 4 4 3 2 2 2 0 1 1 1 0 0 1 1 0
1535971705 414 104 15 8 1 4 4 3 2 2 2 0 1 1 1 0 0 1 1 0
1537344045 415 104 15 8 1 4 4 3 2 2 2 0 1 1 1 0 0 1 1 0
1537436244 416 104 15 8 1 4 4 3 2 2 2 0 1 1 1 0 0 1 1 0
1538128734 417 104 15 8 1 4 4 3 2 2 2 0 1 1 1 0 0 1 1 0
1538468370 418 104 15 8 1 4 4 3 2 2 2 0 1 1 1 0 0 1 1 0
1538534532 419 104 15 8 1 4 4 3 2 2 2 0 1 1 1 0 0 1 1 0
1539270662 420 104 15 8 1 4 4 3 2 2 2 0 1 1 1 0 0 1 1 0
1540280678 421 104 15 8 1 4 4 3 2 2 2 0 1 1 1 0 0 1 1 0
1540879125 422 104 15 8 1 4 4 3 2 2 2 0 1 1 1 0 0 1 1 0
1540992939 423 104 15 8 1 4 4 3 2 2 2 0 1 1 1 0 0 1 1 0
1541022072 424 104 15 8 1 4 4 3 2 2 2 0 1 1 1 0 0 1 1 0
1541051185 425 104 15 8 1 4 4 3 2 2 2 0 1 1 1 0 0 1 1 0
1541479651 426 104 15 8 1 4 4 3 2 2 2 0 1 1 1 0 0 1 1 0
1541481203 427 104 15 8 1 4 4 3 2 2 2 0 1 1 1 0 0 1 1 0
1541511478 428 104 15 8 1 4 4 3 2 2 2 0 1 1 1 0 0 1 1 0
1542958663 429 104 15 8 1 4 4 3 2 2 2 0 1 1 1 0 0 1 1 0
1544424162 430 104 15 8 1 4 4 3 2 2 2 0 1 1 1 0 0 1 1 0
1544703628 431 104 15 8 1 4 4 3 2 2 2 0 1 1 1 0 0 1 1 0
1544711954 432 104 15 8 1 4 4 3 2 2 2 0 1 1 1 0 0 1 1 0
1544721820 433 104 15 8 1 4 4 3 2 2 2 0 1 1 1 0 0 1 1 0
1544724636 434 104 15 8 1 4 4 3 2 2 2 0 1 1 1 0 0 1 1 0
1544765578 435 104 15 8 1 4 4 3 2 2 2 0 1 1 1 0 0 1 1 0
1544780340 436 104 15 8 1 4 4 3 2 2 2 0 1 1 1 0 0 1 1 0
1545200476 437 104 15 8 2 4 4 3 2 2 2 0 1 1 1 0 0 1 1 0
1545424662 437 104 15 8 3 4 4 3 2 2 2 0 1 1 1 0 0 1 1 0
1545425009 437 104 15 8 4 4 4 3 2 2 2 0 1 1 1 0 0 1 1 0
1545449623 438 104 15 8 4 4 4 3 2 2 2 0 1 1 1 0 0 1 1 0
1545657207 439 104 15 8 4 4 4 3 2 2 2 0 1 1 1 0 0 1 1 0
1546975664 439 104 15 8 4 4 4 3 2 2 2 0 1 1 1 0 1 1 1 0
1547071657 439 104 15 8 5 4 4 3 2 2 2 0 1 1 1 0 1 1 1 0
1547071695 439 104 15 8 6 4 4 3 2 2 2 0 1 1 1 0 1 1 1 0
1547186905 440 104 15 8 6 4 4 3 2 2 2 0 1 1 1 0 1 1 1 0
1547192870 441 104 15 8 6 4 4 3 2 2 2 0 1 1 1 0 1 1 1 0
1547194060 442 104 15 8 6 4 4 3 2 2 2 0 1 1 1 0 1 1 1 0
1547196098 443 104 15 8 6 4 4 3 2 2 2 0 1 1 1 0 1 1 1 0
1548131856 444 104 15 8 6 4 4 3 2 2 2 0 1 1 1 0 1 1 1 0
1548135204 445 104 15 8 6 4 4 3 2 2 2 0 1 1 1 0 1 1 1 0
1548136412 446 104 15 8 6 4 4 3 2 2 2 0 1 1 1 0 1 1 1 0
1548409833 447 104 15 8 6 4 4 3 2 2 2 0 1 1 1 0 1 1 1 0
1548779027 448 104 15 8 6 4 4 3 2 2 2 0 1 1 1 0 1 1 1 0
1548951179 449 104 15 8 6 4 4 3 2 2 2 0 1 1 1 0 1 1 1 0
1548953011 450 104 15 8 6 4 4 3 2 2 2 0 1 1 1 0 1 1 1 0
1548954594 451 104 15 8 6 4 4 3 2 2 2 0 1 1 1 0 1 1 1 0
1548956081 452 104 15 8 6 4 4 3 2 2 2 0 1 1 1 0 1 1 1 0
1548978478 453 104 15 8 6 4 4 3 2 2 2 0 1 1 1 0 1 1 1 0
1549805551 454 104 15 8 6 4 4 3 2 2 2 0 1 1 1 0 1 1 1 0
1550061794 455 104 15 8 6 4 4 3 2 2 2 0 1 1 1 0 1 1 1 0
1551114568 455 104 15 8 7 4 4 3 2 2 2 0 1 1 1 0 1 1 1 0
1551116256 456 104 15 8 7 4 4 3 2 2 2 0 1 1 1 0 1 1 1 0
1551151569 457 104 15 8 7 4 4 3 2 2 2 0 1 1 1 0 1 1 1 0
1551690262 458 104 15 8 7 4 4 3 2 2 2 0 1 1 1 0 1 1 1 0
1551792977 459 104 15 8 7 4 4 3 2 2 2 0 1 1 1 0 1 1 1 0
1551793801 460 104 15 8 7 4 4 3 2 2 2 0 1 1 1 0 1 1 1 0
1551861024 461 104 15 8 7 4 4 3 2 2 2 0 1 1 1 0 1 1 1 0
1552047047 462 104 15 8 7 4 4 3 2 2 2 0 1 1 1 0 1 1 1 0
1552099053 463 104 15 8 7 4 4 3 2 2 2 0 1 1 1 0 1 1 1 0
1552100468 464 104 15 8 7 4 4 3 2 2 2 0 1 1 1 0 1 1 1 0
1552283904 465 104 15 8 7 4 4 3 2 2 2 0 1 1 1 0 1 1 1 0
1552288184 466 104 15 8 7 4 4 3 2 2 2 0 1 1 1 0 1 1 1 0
1552300504 467 104 15 8 7 4 4 3 2 2 2 0 1 1 1 0 1 1 1 0
1552461798 468 104 15 8 7 4 4 3 2 2 2 0 1 1 1 0 1 1 1 0
1552566637 469 104 15 8 7 4 4 3 2 2 2 0 1 1 1 0 1 1 1 0
1552894266 470 104 15 8 7 4 4 3 2 2 2 0 1 1 1 0 1 1 1 0
1552895372 471 104 15 8 7 4 4 3 2 2 2 0 1 1 1 0 1 1 1 0
1552896298 472 104 15 8 7 4 4 3 2 2 2 0 1 1 1 0 1 1 1 0
1552897960 473 104 15 8 7 4 4 3 2 2 2 0 1 1 1 0 1 1 1 0
1552898705 474 104 15 8 7 4 4 3 2 2 2 0 1 1 1 0 1 1 1 0
1552899619 475 104 15 8 7 4 4 3 2 2 2 0 1 1 1 0 1 1 1 0
1552900354 476 104 15 8 7 4 4 3 2 2 2 0 1 1 1 0 1 1 1 0
1554816182 477 104 15 8 7 4 4 3 2 2 2 0 1 1 1 0 1 1 1 0
1554985857 477 104 15 8 7 4 4 3 2 2 2 0 1 1 1 0 1 1 1 0
1555561357 478 104 15 8 7 4 4 3 2 2 2 0 1 1 1 0 1 1 1 0
1555603708 479 104 15 8 7 4 4 3 2 2 2 0 1 1 1 0 1 1 1 0
1555687929 480 104 15 8 7 4 4 3 2 2 2 0 1 1 1 0 1 1 1 0
1557060456 481 104 15 8 7 4 4 3 2 2 2 0 1 1 1 0 1 1 1 0
1558525569 482 104 15 8 7 4 4 3 2 2 2 0 1 1 1 0 1 1 1 0
1560489463 483 104 15 8 7 4 4 3 2 2 2 0 1 1 1 0 1 1 1 0
1560490436 484 104 15 8 7 4 4 3 2 2 2 0 1 1 1 0 1 1 1 0
1562226799 485 104 15 8 7 4 4 3 2 2 2 0 1 1 1 0 1 1 1 0
1562234395 486 104 15 8 7 4 4 3 2 2 2 0 1 1 1 0 1 1 1 0
1562293542 487 104 15 8 7 4 4 3 2 2 2 0 1 1 1 0 1 1 1 0
1562295023 488 104 15 8 7 4 4 3 2 2 2 0 1 1 1 0 1 1 1 0
1562320897 489 104 15 8 7 4 4 3 2 2 2 0 1 1 1 0 1 1 1 0
1562508777 490 104 15 8 7 4 4 3 2 2 2 0 1 1 1 0 1 1 1 0
1563707667 491 104 15 8 7 4 4 3 2 2 2 0 1 1 1 0 1 1 1 0
1563975479 492 104 15 8 7 4 4 3 2 2 2 0 1 1 1 0 1 1 1 0
1563981710 493 104 15 8 7 4 4 3 2 2 2 0 1 1 1 0 1 1 1 0
1564062367 494 104 15 8 7 4 4 3 2 2 2 0 1 1 1 0 1 1 1 0
1564063066 495 104 15 8 7 4 4 3 2 2 2 0 1 1 1 0 1 1 1 0
1564128630 496 104 15 8 7 4 4 3 2 2 2 0 1 1 1 0 1 1 1 0
1564130636 497 104 15 8 7 4 4 3 2 2 2 0 1 1 1 0 1 1 1 0
1564564809 498 104 15 8 7 4 4 3 2 2 2 0 1 1 1 0 1 1 1 0
1565881731 499 104 15 8 7 4 4 3 2 2 2 0 1 1 1 0 1 1 1 0
1565883169 500 104 15 8 7 4 4 3 2 2 2 0 1 1 1 0 1 1 1 0
1565884271 501 104 15 8 7 4 4 3 2 2 2 0 1 1 1 0 1 1 1 0
1566137456 502 104 15 8 7 4 4 3 2 2 2 0 1 1 1 0 1 1 1 0
1566141009 503 104 15 8 7 4 4 3 2 2 2 0 1 1 1 0 1 1 1 0
1566141715 504 104 15 8 7 4 4 3 2 2 2 0 1 1 1 0 1 1 1 0
1566142143 505 104 15 8 7 4 4 3 2 2 2 0 1 1 1 0 1 1 1 0
1566144314 506 104 15 8 7 4 4 3 2 2 2 0 1 1 1 0 1 1 1 0
1566145462 507 104 15 8 7 4 4 3 2 2 2 0 1 1 1 0 1 1 1 0
1566149239 508 104 15 8 7 4 4 3 2 2 2 0 1 1 1 0 1 1 1 0
1566150531 509 104 15 8 7 4 4 3 2 2 2 0 1 1 1 0 1 1 1 0
1566151681 510 104 15 8 7 4 4 3 2 2 2 0 1 1 1 0 1 1 1 0
1566153364 511 104 15 8 7 4 4 3 2 2 2 0 1 1 1 0 1 1 1 0
1566222044 512 104 15 8 7 4 4 3 2 2 2 0 1 1 1 0 1 1 1 0
1566224203 513 104 15 8 7 4 4 3 2 2 2 0 1 1 1 0 1 1 1 0
1566816918 514 104 15 8 7 4 4 3 2 2 2 0 1 1 1 0 1 1 1 0
1566832691 515 104 15 8 7 4 4 3 2 2 2 0 1 1 1 0 1 1 1 0
1566881313 516 104 15 8 7 4 4 3 2 2 2 0 1 1 1 0 1 1 1 0
1570464597 517 104 15 8 7 4 4 3 2 2 2 0 1 1 1 0 1 1 1 0
1570610172 518 104 15 8 7 4 4 3 2 2 2 0 1 1 1 0 1 1 1 0
1570699830 519 104 15 8 7 4 4 3 2 2 2 0 1 1 1 0 1 1 1 0
1570702581 520 104 15 8 7 4 4 3 2 2 2 0 1 1 1 0 1 1 1 0
1570704169 521 104 15 8 7 4 4 3 2 2 2 0 1 1 1 0 1 1 1 0
1570705588 522 104 15 8 7 4 4 3 2 2 2 0 1 1 1 0 1 1 1 0
1570706909 523 104 15 8 7 4 4 3 2 2 2 0 1 1 1 0 1 1 1 0
1570811263 524 104 15 8 7 4 4 3 2 2 2 0 1 1 1 0 1 1 1 0
1570813883 525 104 15 8 7 4 4 3 2 2 2 0 1 1 1 0 1 1 1 0
1570817083 526 104 15 8 7 4 4 3 2 2 2 0 1 1 1 0 1 1 1 0
1570820326 527 104 15 8 7 4 4 3 2 2 2 0 1 1 1 0 1 1 1 0
1570821353 528 104 15 8 7 4 4 3 2 2 2 0 1 1 1 0 1 1 1 0
1570822566 529 104 15 8 7 4 4 3 2 2 2 0 1 1 1 0 1 1 1 0
1570824567 530 104 15 8 7 4 4 3 2 2 2 0 1 1 1 0 1 1 1 0
1570825900 531 104 15 8 7 4 4 3 2 2 2 0 1 1 1 0 1 1 1 0
1571032126 532 104 15 8 7 4 4 3 2 2 2 0 1 1 1 0 1 1 1 0
1572344330 533 104 15 8 7 4 4 3 2 2 2 0 1 1 1 0 1 1 1 0
1572349487 534 104 15 8 7 4 4 3 2 2 2 0 1 1 1 0 1 1 1 0
1572357872 535 104 15 8 7 4 4 3 2 2 2 0 1 1 1 0 1 1 1 0
1573449702 536 104 15 8 7 4 4 3 2 2 2 0 1 1 1 0 1 1 1 0
1574674444 537 104 15 8 7 4 4 3 2 2 2 0 1 1 1 0 1 1 1 0
1574680868 538 104 15 8 7 4 4 3 2 2 2 0 1 1 1 0 1 1 1 0
1575884639 539 104 15 8 7 4 4 3 2 2 2 0 1 1 1 0 1 1 1 0
1576292380 540 104 15 8 7 4 4 3 2 2 2 0 1 1 1 0 1 1 1 0
1577690542 541 104 15 8 7 4 4 3 2 2 2 0 1 1 1 0 1 1 1 0
1578218732 542 104 15 8 7 4 4 3 2 2 2 0 1 1 1 0 1 1 1 0
1578464078 543 104 15 8 7 4 4 3 2 2 2 0 1 1 1 0 1 1 1 0
1578822795 544 104 15 8 7 4 4 3 2 2 2 0 1 1 1 0 1 1 1 0
1580288395 545 104 15 8 7 4 4 3 2 2 2 0 1 1 1 0 1 1 1 0
1580529089 546 104 15 8 7 4 4 3 2 2 2 0 1 1 1 0 1 1 1 0
1580799573 547 104 15 8 7 4 4 3 2 2 2 0 1 1 1 0 1 1 1 0
1580826362 548 104 15 8 7 4 4 3 2 2 2 0 1 1 1 0 1 1 1 0
1581473989 549 104 15 8 7 4 4 3 2 2 2 0 1 1 1 0 1 1 1 0
1581590059 550 104 15 8 7 4 4 3 2 2 2 0 1 1 1 0 1 1 1 0
1581659066 551 104 15 8 7 4 4 3 2 2 2 0 1 1 1 0 1 1 1 0
1581659846 552 104 15 8 7 4 4 3 2 2 2 0 1 1 1 0 1 1 1 0
1581697590 553 104 15 8 7 4 4 3 2 2 2 0 1 1 1 0 1 1 1 0
1581700513 554 104 15 8 7 4 4 3 2 2 2 0 1 1 1 0 1 1 1 0
1581704766 555 104 15 8 7 4 4 3 2 2 2 0 1 1 1 0 1 1 1 0
1582012290 556 104 15 8 7 4 4 3 2 2 2 0 1 1 1 0 1 1 1 0
1582257351 557 104 15 8 7 4 4 3 2 2 2 0 1 1 1 0 1 1 1 0
1582679093 558 104 15 8 7 4 4 3 2 2 2 0 1 1 1 0 1 1 1 0
1582694624 559 104 15 8 7 4 4 3 2 2 2 0 1 1 1 0 1 1 1 0
1582714223 560 104 15 8 7 4 4 3 2 2 2 0 1 1 1 0 1 1 1 0
1582776525 561 104 15 8 7 4 4 3 2 2 2 0 1 1 1 0 1 1 1 0
1582879797 562 104 15 8 7 4 4 3 2 2 2 0 1 1 1 0 1 1 1 0
1583117048 563 104 15 8 7 4 4 3 2 2 2 0 1 1 1 0 1 1 1 0
1583210799 564 104 15 8 7 4 4 3 2 2 2 0 1 1 1 0 1 1 1 0
1583331482 564 104 15 8 7 4 4 3 2 2 2 0 1 1 1 0 1 1 1 0
1584069661 565 104 15 8 7 4 4 3 2 2 2 0 1 1 1 0 1 1 1 0
1584278500 566 104 15 8 7 4 4 3 2 2 2 0 1 1 1 0 1 1 1 0
1585307550 567 104 15 8 7 4 4 3 2 2 2 0 1 1 1 0 1 1 1 0
1585308161 568 104 15 8 7 4 4 3 2 2 2 0 1 1 1 0 1 1 1 0
1586101878 569 104 15 8 7 4 4 3 2 2 2 0 1 1 1 0 1 1 1 0
1586105441 570 104 15 8 7 4 4 3 2 2 2 0 1 1 1 0 1 1 1 0
1586109415 571 104 15 8 7 4 4 3 2 2 2 0 1 1 1 0 1 1 1 0
1586239833 572 104 15 8 7 4 4 3 2 2 2 0 1 1 1 0 1 1 1 0
1586464494 573 104 15 8 7 4 4 3 2 2 2 0 1 1 1 0 1 1 1 0
1587315248 574 104 15 8 7 4 4 3 2 2 2 0 1 1 1 0 1 1 1 0
1587392383 575 104 15 8 7 4 4 3 2 2 2 0 1 1 1 0 1 1 1 0
1587467980 576 104 15 8 7 4 4 3 2 2 2 0 1 1 1 0 1 1 1 0
1587654832 577 104 15 8 7 4 4 3 2 2 2 0 1 1 1 0 1 1 1 0
1587655814 578 104 15 8 7 4 4 3 2 2 2 0 1 1 1 0 1 1 1 0
1587657158 579 104 15 8 7 4 4 3 2 2 2 0 1 1 1 0 1 1 1 0
1588409423 580 104 15 8 7 4 4 3 2 2 2 0 1 1 1 0 1 1 1 0
1588697540 581 104 15 8 7 4 4 3 2 2 2 0 1 1 1 0 1 1 1 0
1589119955 582 104 15 8 7 4 4 3 2 2 2 0 1 1 1 0 1 1 1 0
1589207191 583 104 15 8 7 4 4 3 2 2 2 0 1 1 1 0 1 1 1 0
1589210776 584 104 15 8 7 4 4 3 2 2 2 0 1 1 1 0 1 1 1 0
1589213151 585 104 15 8 7 4 4 3 2 2 2 0 1 1 1 0 1 1 1 0
1589216595 586 104 15 8 7 4 4 3 2 2 2 0 1 1 1 0 1 1 1 0
1589571550 587 104 15 8 7 4 4 3 2 2 2 0 1 1 1 0 1 1 1 0
1589620442 588 104 15 8 7 4 4 3 2 2 2 0 1 1 1 0 1 1 1 0
1589689865 589 104 15 8 7 4 4 3 2 2 2 0 1 1 1 0 1 1 1 0
1589727741 590 104 15 8 7 4 4 3 2 2 2 0 1 1 1 0 1 1 1 0
1589730036 591 104 15 8 7 4 4 3 2 2 2 0 1 1 1 0 1 1 1 0
1589730436 592 104 15 8 7 4 4 3 2 2 2 0 1 1 1 0 1 1 1 0
1589735503 593 104 15 8 7 4 4 3 2 2 2 0 1 1 1 0 1 1 1 0
1589735726 594 104 15 8 7 4 4 3 2 2 2 0 1 1 1 0 1 1 1 0
1589902279 595 104 15 8 7 4 4 3 2 2 2 0 1 1 1 0 1 1 1 0
1589904260 596 104 15 8 7 4 4 3 2 2 2 0 1 1 1 0 1 1 1 0
1589907584 597 104 15 8 7 4 4 3 2 2 2 0 1 1 1 0 1 1 1 0
1589984718 598 104 15 8 7 4 4 3 2 2 2 0 1 1 1 0 1 1 1 0
1590139552 599 104 15 8 7 4 4 3 2 2 2 0 1 1 1 0 1 1 1 0
1590141192 600 104 15 8 7 4 4 3 2 2 2 0 1 1 1 0 1 1 1 0
1590147403 601 104 15 8 7 4 4 3 2 2 2 0 1 1 1 0 1 1 1 0
1590148096 602 104 15 8 7 4 4 3 2 2 2 0 1 1 1 0 1 1 1 0
1590597207 603 104 15 8 7 4 4 3 2 2 2 0 1 1 1 0 1 1 1 0
1591448849 604 104 15 8 7 4 4 3 2 2 2 0 1 1 1 0 1 1 1 0
1591605436 605 104 15 8 7 4 4 3 2 2 2 0 1 1 1 0 1 1 1 0
1592202903 606 104 15 8 7 4 4 3 2 2 2 0 1 1 1 0 1 1 1 0
1592276690 607 104 15 8 7 4 4 3 2 2 2 0 1 1 1 0 1 1 1 0
1592318193 608 104 15 8 7 4 4 3 2 2 2 0 1 1 1 0 1 1 1 0
1592338443 609 104 15 8 7 4 4 3 2 2 2 0 1 1 1 0 1 1 1 0
1592496426 610 104 15 8 7 4 4 3 2 2 2 0 1 1 1 0 1 1 1 0
1592503868 611 104 15 8 7 4 4 3 2 2 2 0 1 1 1 0 1 1 1 0
1593075405 611 104 15 8 7 4 4 3 2 2 2 0 1 1 1 0 1 1 1 1
1593766008 611 104 15 8 7 4 4 3 3 2 2 0 1 1 1 0 1 1 1 1
1594013162 612 104 15 8 7 4 4 3 3 2 2 0 1 1 1 0 1 1 1 1
1594747426 613 104 15 8 7 4 4 3 3 2 2 0 1 1 1 0 1 1 1 1
1600786603 614 104 15 8 7 4 4 3 3 2 2 0 1 1 1 0 1 1 1 1
1600790634 615 104 15 8 7 4 4 3 3 2 2 0 1 1 1 0 1 1 1 1
1600791722 616 104 15 8 7 4 4 3 3 2 2 0 1 1 1 0 1 1 1 1
1600795391 617 104 15 8 7 4 4 3 3 2 2 0 1 1 1 0 1 1 1 1
1600796458 618 104 15 8 7 4 4 3 3 2 2 0 1 1 1 0 1 1 1 1
1600803730 619 104 15 8 7 4 4 3 3 2 2 0 1 1 1 0 1 1 1 1
1600805657 620 104 15 8 7 4 4 3 3 2 2 0 1 1 1 0 1 1 1 1
1600807174 621 104 15 8 7 4 4 3 3 2 2 0 1 1 1 0 1 1 1 1
1600808702 622 104 15 8 7 4 4 3 3 2 2 0 1 1 1 0 1 1 1 1
1600810417 623 104 15 8 7 4 4 3 3 2 2 0 1 1 1 0 1 1 1 1
1601095266 624 104 15 8 7 4 4 3 3 2 2 0 1 1 1 0 1 1 1 1
1601096154 625 104 15 8 7 4 4 3 3 2 2 0 1 1 1 0 1 1 1 1
1601096805 626 104 15 8 7 4 4 3 3 2 2 0 1 1 1 0 1 1 1 1
1601202864 627 104 15 8 7 4 4 3 3 2 2 0 1 1 1 0 1 1 1 1
1601203189 628 104 15 8 7 4 4 3 3 2 2 0 1 1 1 0 1 1 1 1
1601985605 629 104 15 8 7 4 4 3 3 2 2 0 1 1 1 0 1 1 1 1
1602092504 630 104 15 8 7 4 4 3 3 2 2 0 1 1 1 0 1 1 1 1
1602093739 631 104 15 8 7 4 4 3 3 2 2 0 1 1 1 0 1 1 1 1
1602116327 632 104 15 8 7 4 4 3 3 2 2 0 1 1 1 0 1 1 1 1
1602139169 633 104 15 8 7 4 4 3 3 2 2 0 1 1 1 0 1 1 1 1
1602168341 634 104 15 8 7 4 4 3 3 2 2 0 1 1 1 0 1 1 1 1
1602226884 635 104 15 8 7 4 4 3 3 2 2 0 1 1 1 0 1 1 1 1
1602580827 636 104 15 8 7 4 4 3 3 2 2 0 1 1 1 0 1 1 1 1
1602586550 637 104 15 8 7 4 4 3 3 2 2 0 1 1 1 0 1 1 1 1
1603707283 638 104 15 8 7 4 4 3 3 2 2 0 1 1 1 0 1 1 1 1
1605458422 638 104 15 8 7 4 4 3 3 2 2 0 1 1 1 1 1 1 1 1
1605682916 639 104 15 8 7 4 4 3 3 2 2 0 1 1 1 1 1 1 1 1
1606366743 640 104 15 8 7 4 4 3 3 2 2 0 1 1 1 1 1 1 1 1
1609314201 641 104 15 8 7 4 4 3 3 2 2 0 1 1 1 1 1 1 1 1
1609320790 642 104 15 8 7 4 4 3 3 2 2 0 1 1 1 1 1 1 1 1
1610614878 642 104 15 8 7 4 4 3 3 2 2 0 1 1 1 1 1 1 1 1
1611705704 643 104 15 8 7 4 4 3 3 2 2 0 1 1 1 1 1 1 1 1
1611854311 644 104 15 8 7 4 4 3 3 2 2 0 1 1 1 1 1 1 1 1
1612224869 645 104 15 8 7 4 4 3 3 2 2 0 1 1 1 1 1 1 1 1
1612265614 646 104 15 8 7 4 4 3 3 2 2 0 1 1 1 1 1 1 1 1
1612701041 647 104 15 8 7 4 4 3 3 2 2 0 1 1 1 1 1 1 1 1
1613961718 648 104 15 8 7 4 4 3 3 2 2 0 1 1 1 1 1 1 1 1
1614160692 649 104 15 8 7 4 4 3 3 2 2 0 1 1 1 1 1 1 1 1
1616761220 650 104 15 8 7 4 4 3 3 2 2 0 1 1 1 1 1 1 1 1
1618890288 651 104 15 8 7 4 4 3 3 2 2 0 1 1 1 1 1 1 1 1
1619696502 652 104 15 8 7 4 4 3 3 2 2 0 1 1 1 1 1 1 1 1
1620094285 653 104 15 8 7 4 4 3 3 2 2 0 1 1 1 1 1 1 1 1
1620640826 654 104 15 8 7 4 4 3 3 2 2 0 1 1 1 1 1 1 1 1
1620835163 655 104 15 8 7 4 4 3 3 2 2 0 1 1 1 1 1 1 1 1
1621401273 656 104 15 8 7 4 4 3 3 2 2 0 1 1 1 1 1 1 1 1
1621402685 657 104 15 8 7 4 4 3 3 2 2 0 1 1 1 1 1 1 1 1
1621434749 658 104 15 8 7 4 4 3 3 2 2 0 1 1 1 1 1 1 1 1
1621596257 659 104 15 8 7 4 4 3 3 2 2 0 1 1 1 1 1 1 1 1
1624462601 660 104 15 8 7 4 4 3 3 2 2 0 1 1 1 1 1 1 1 1
1624463995 661 104 15 8 7 4 4 3 3 2 2 0 1 1 1 1 1 1 1 1
1624464172 662 104 15 8 7 4 4 3 3 2 2 0 1 1 1 1 1 1 1 1
1625122133 663 104 15 8 7 4 4 3 3 2 2 0 1 1 1 1 1 1 1 1
1625219346 664 104 15 8 7 4 4 3 3 2 2 0 1 1 1 1 1 1 1 1
1625330483 665 104 15 8 7 4 4 3 3 2 2 0 1 1 1 1 1 1 1 1
1625391718 666 104 15 8 7 4 4 3 3 2 2 0 1 1 1 1 1 1 1 1
1625539936 667 104 15 8 7 4 4 3 3 2 2 0 1 1 1 1 1 1 1 1
1625595705 668 104 15 8 7 4 4 3 3 2 2 0 1 1 1 1 1 1 1 1
1625601994 669 104 15 8 7 4 4 3 3 2 2 0 1 1 1 1 1 1 1 1
1625632705 670 104 15 8 7 4 4 3 3 2 2 0 1 1 1 1 1 1 1 1
1625634053 671 104 15 8 7 4 4 3 3 2 2 0 1 1 1 1 1 1 1 1
1625658943 672 104 15 8 7 4 4 3 3 2 2 0 1 1 1 1 1 1 1 1
1625789282 673 104 15 8 7 4 4 3 3 2 2 0 1 1 1 1 1 1 1 1
1627126683 674 104 15 8 7 4 4 3 3 2 2 0 1 1 1 1 1 1 1 1
1627982912 675 104 15 8 7 4 4 3 3 2 2 0 1 1 1 1 1 1 1 1
1627985768 676 104 15 8 7 4 4 3 3 2 2 0 1 1 1 1 1 1 1 1
1628527512 677 104 15 8 7 4 4 3 3 2 2 0 1 1 1 1 1 1 1 1
1628527734 678 104 15 8 7 4 4 3 3 2 2 0 1 1 1 1 1 1 1 1
1628859419 679 104 15 8 7 4 4 3 3 2 2 0 1 1 1 1 1 1 1 1
1629727653 680 104 15 8 7 4 4 3 3 2 2 0 1 1 1 1 1 1 1 1
1630046357 681 104 15 8 7 4 4 3 3 2 2 0 1 1 1 1 1 1 1 1
1630401154 682 104 15 8 7 4 4 3 3 2 2 0 1 1 1 1 1 1 1 1
1630583240 683 104 15 8 7 4 4 3 3 2 2 0 1 1 1 1 1 1 1 1
1630594698 684 104 15 8 7 4 4 3 3 2 2 0 1 1 1 1 1 1 1 1
1634565865 685 104 15 8 7 4 4 3 3 2 2 0 1 1 1 1 1 1 1 1
1634705506 686 104 15 8 7 4 4 3 3 2 2 0 1 1 1 1 1 1 1 1
1635046679 687 104 15 8 7 4 4 3 3 2 2 0 1 1 1 1 1 1 1 1
1635160761 688 104 15 8 7 4 4 3 3 2 2 0 1 1 1 1 1 1 1 1
1635167602 689 104 15 8 7 4 4 3 3 2 2 0 1 1 1 1 1 1 1 1
1635328786 690 104 15 8 7 4 4 3 3 2 2 0 1 1 1 1 1 1 1 1
1635402086 691 104 15 8 7 4 4 3 3 2 2 0 1 1 1 1 1 1 1 1
1635854274 692 104 15 8 7 4 4 3 3 2 2 0 1 1 1 1 1 1 1 1
1637251877 693 104 15 8 7 4 4 3 3 2 2 0 1 1 1 1 1 1 1 1
1640347487 693 104 15 8 7 4 4 3 3 2 2 0 1 1 1 1 1 1 1 1
1641977604 694 104 15 8 7 4 4 3 3 2 2 0 1 1 1 1 1 1 1 1
1642342592 694 104 16 8 7 4 4 3 3 2 2 0 1 1 1 1 1 1 1 1
1642481206 695 104 16 8 7 4 4 3 3 2 2 0 1 1 1 1 1 1 1 1
1642499151 696 104 16 8 7 4 4 3 3 2 2 0 1 1 1 1 1 1 1 1
1642565563 697 104 16 8 7 4 4 3 3 2 2 0 1 1 1 1 1 1 1 1
1642659752 698 104 16 8 7 4 4 3 3 2 2 0 1 1 1 1 1 1 1 1
1643042326 699 104 16 8 7 4 4 3 3 2 2 0 1 1 1 1 1 1 1 1
1643301488 700 104 16 8 7 4 4 3 3 2 2 0 1 1 1 1 1 1 1 1
1643308107 701 104 16 8 7 4 4 3 3 2 2 0 1 1 1 1 1 1 1 1
1643315291 702 104 16 8 7 4 4 3 3 2 2 0 1 1 1 1 1 1 1 1
1645128875 703 104 16 8 7 4 4 3 3 2 2 0 1 1 1 1 1 1 1 1
1645716163 704 104 16 8 7 4 4 3 3 2 2 0 1 1 1 1 1 1 1 1
1646314347 705 104 16 8 7 4 4 3 3 2 2 0 1 1 1 1 1 1 1 1
1646989742 705 104 16 8 7 4 4 3 3 2 2 0 1 1 1 1 1 1 1 1
1647354144 706 104 16 8 7 4 4 3 3 2 2 0 1 1 1 1 1 1 1 1
1647366650 708 104 16 8 7 4 4 3 3 2 2 0 1 1 1 1 1 1 1 1
1647606155 709 104 16 8 7 4 4 3 3 2 2 0 1 1 1 1 1 1 1 1
1647976016 710 104 16 8 7 4 4 3 3 2 2 0 1 1 1 1 1 1 1 1
1648134985 711 104 16 8 7 4 4 3 3 2 2 0 1 1 1 1 1 1 1 1
1648665197 712 104 16 8 7 4 4 3 3 2 2 0 1 1 1 1 1 1 1 1
1649262173 713 104 16 8 7 4 4 3 3 2 2 0 1 1 1 1 1 1 1 1
1649425114 714 104 16 8 7 4 4 3 3 2 2 0 1 1 1 1 1 1 1 1
1649426241 715 104 16 8 7 4 4 3 3 2 2 0 1 1 1 1 1 1 1 1
1649444982 716 104 16 8 7 4 4 3 3 2 2 0 1 1 1 1 1 1 1 1
1649690145 717 104 16 8 7 4 4 3 3 2 2 0 1 1 1 1 1 1 1 1
1652165872 718 104 16 8 7 4 4 3 3 2 2 0 1 1 1 1 1 1 1 1
1654021402 719 104 16 8 7 4 4 3 3 2 2 0 1 1 1 1 1 1 1 1
1654301789 719 104 16 8 7 4 4 3 3 2 2 0 1 1 1 1 1 1 1 1
1659593604 720 104 16 8 7 4 4 3 3 2 2 0 1 1 1 1 1 1 1 1
1659612629 721 104 16 8 7 4 4 3 3 2 2 0 1 1 1 1 1 1 1 1
1659692152 722 104 16 8 7 4 4 3 3 2 2 0 1 1 1 1 1 1 1 1
1659985737 723 104 16 8 7 4 4 3 3 2 2 0 1 1 1 1 1 1 1 1
1661325545 724 104 16 8 7 4 4 3 3 2 2 0 1 1 1 1 1 1 1 1
1661529859 725 104 16 8 7 4 4 3 3 2 2 0 1 1 1 1 1 1 1 1
1663160322 726 104 16 8 7 4 4 3 3 2 2 0 1 1 1 1 1 1 1 1
1665066966 726 104 16 8 7 4 4 3 3 2 2 1 1 1 1 1 1 1 1 1
1665415290 726 104 16 8 7 4 4 3 3 2 2 2 1 1 1 1 1 1 1 1
1665758830 727 104 16 8 7 4 4 3 3 2 2 2 1 1 1 1 1 1 1 1
1665775346 728 104 16 8 7 4 4 3 3 2 2 2 1 1 1 1 1 1 1 1
1666014999 729 104 16 8 7 4 4 3 3 2 2 2 1 1 1 1 1 1 1 1
1666015831 730 104 16 8 7 4 4 3 3 2 2 2 1 1 1 1 1 1 1 1
1666016546 731 104 16 8 7 4 4 3 3 2 2 2 1 1 1 1 1 1 1 1
1666017268 732 104 16 8 7 4 4 3 3 2 2 2 1 1 1 1 1 1 1 1
1666853310 733 104 16 8 7 4 4 3 3 2 2 2 1 1 1 1 1 1 1 1
1668761688 734 104 16 8 7 4 4 3 3 2 2 2 1 1 1 1 1 1 1 1
1669015465 735 104 16 8 7 4 4 3 3 2 2 2 1 1 1 1 1 1 1 1
1669106043 736 104 16 8 7 4 4 3 3 2 2 2 1 1 1 1 1 1 1 1
1669209269 737 104 16 8 7 4 4 3 3 2 2 2 1 1 1 1 1 1 1 1
1669733258 738 104 16 8 7 4 4 3 3 2 2 2 1 1 1 1 1 1 1 1
1670408278 739 104 16 8 7 4 4 3 3 2 2 2 1 1 1 1 1 1 1 1
1674484573 740 104 16 8 7 4 4 3 3 2 2 2 1 1 1 1 1 1 1 1
1674653663 741 104 16 8 7 4 4 3 3 2 2 2 1 1 1 1 1 1 1 1
1675103470 741 104 16 8 7 4 4 3 3 2 2 2 1 1 1 1 1 1 1 1
1676050203 742 104 16 8 7 4 4 3 3 2 2 2 1 1 1 1 1 1 1 1
1676311442 743 104 16 8 7 4 4 3 3 2 2 2 1 1 1 1 1 1 1 1
1676312875 744 104 16 8 7 4 4 3 3 2 2 2 1 1 1 1 1 1 1 1
1676917741 745 104 16 8 7 4 4 3 3 2 2 2 1 1 1 1 1 1 1 1
1677866549 746 104 16 8 7 4 4 3 3 2 2 2 1 1 1 1 1 1 1 1
1678459281 747 104 16 8 7 4 4 3 3 2 2 2 1 1 1 1 1 1 1 1
1679304523 748 104 16 8 7 4 4 3 3 2 2 2 1 1 1 1 1 1 1 1
1682945076 749 104 16 8 7 4 4 3 3 2 2 2 1 1 1 1 1 1 1 1
1684174134 750 104 16 8 7 4 4 3 3 2 2 2 1 1 1 1 1 1 1 1
1684176433 751 104 16 8 7 4 4 3 3 2 2 2 1 1 1 1 1 1 1 1
1684311544 752 104 16 8 7 4 4 3 3 2 2 2 1 1 1 1 1 1 1 1
1684352748 753 104 16 8 7 4 4 3 3 2 2 2 1 1 1 1 1 1 1 1
1684354044 754 104 16 8 7 4 4 3 3 2 2 2 1 1 1 1 1 1 1 1
1684358317 755 104 16 8 7 4 4 3 3 2 2 2 1 1 1 1 1 1 1 1
1684428018 756 104 16 8 7 4 4 3 3 2 2 2 1 1 1 1 1 1 1 1
1684432340 757 104 16 8 7 4 4 3 3 2 2 2 1 1 1 1 1 1 1 1
1684433223 758 104 16 8 7 4 4 3 3 2 2 2 1 1 1 1 1 1 1 1
1684438926 759 104 16 8 7 4 4 3 3 2 2 2 1 1 1 1 1 1 1 1
1684442712 760 104 16 8 7 4 4 3 3 2 2 2 1 1 1 1 1 1 1 1
1684444525 761 104 16 8 7 4 4 3 3 2 2 2 1 1 1 1 1 1 1 1
1684485788 762 104 16 8 7 4 4 3 3 2 2 2 1 1 1 1 1 1 1 1
1684492303 763 104 16 8 7 4 4 3 3 2 2 2 1 1 1 1 1 1 1 1
1684493537 764 104 16 8 7 4 4 3 3 2 2 2 1 1 1 1 1 1 1 1
1684494217 765 104 16 8 7 4 4 3 3 2 2 2 1 1 1 1 1 1 1 1
1684938194 766 104 16 8 7 4 4 3 3 2 2 2 1 1 1 1 1 1 1 1
1685095836 767 104 16 8 7 4 4 3 3 2 2 2 1 1 1 1 1 1 1 1
1685611813 769 104 16 8 7 4 4 3 3 2 2 2 1 1 1 1 1 1 1 1
1685623545 770 104 16 8 7 4 4 3 3 2 2 2 1 1 1 1 1 1 1 1
1685626607 771 104 16 8 7 4 4 3 3 2 2 2 1 1 1 1 1 1 1 1
1687891549 772 104 16 8 7 4 4 3 3 2 2 2 1 1 1 1 1 1 1 1
1687945374 773 104 16 8 7 4 4 3 3 2 2 2 1 1 1 1 1 1 1 1
1688132894 774 104 16 8 7 4 4 3 3 2 2 2 1 1 1 1 1 1 1 1
1688133231 775 104 16 8 7 4 4 3 3 2 2 2 1 1 1 1 1 1 1 1
1688136220 776 104 16 8 7 4 4 3 3 2 2 2 1 1 1 1 1 1 1 1
1688393433 777 104 16 8 7 4 4 3 3 2 2 2 1 1 1 1 1 1 1 1
1688661184 778 104 16 8 7 4 4 3 3 2 2 2 1 1 1 1 1 1 1 1
1688668300 779 104 16 8 7 4 4 3 3 2 2 2 1 1 1 1 1 1 1 1
1689009973 780 104 16 8 7 4 4 3 3 2 2 2 1 1 1 1 1 1 1 1
1690521362 781 104 16 8 7 4 4 3 3 2 2 2 1 1 1 1 1 1 1 1
1690537900 782 104 16 8 7 4 4 3 3 2 2 2 1 1 1 1 1 1 1 1
1690542123 783 104 16 8 7 4 4 3 3 2 2 2 1 1 1 1 1 1 1 1
1690545449 784 104 16 8 7 4 4 3 3 2 2 2 1 1 1 1 1 1 1 1
1690550261 785 104 16 8 7 4 4 3 3 2 2 2 1 1 1 1 1 1 1 1
1690553948 786 104 16 8 7 4 4 3 3 2 2 2 1 1 1 1 1 1 1 1
1690554608 787 104 16 8 7 4 4 3 3 2 2 2 1 1 1 1 1 1 1 1
1690558582 788 104 16 8 7 4 4 3 3 2 2 2 1 1 1 1 1 1 1 1
1690563959 789 104 16 8 7 4 4 3 3 2 2 2 1 1 1 1 1 1 1 1
1690569043 790 104 16 8 7 4 4 3 3 2 2 2 1 1 1 1 1 1 1 1
