1267579071 0 37256 0 0 0 0 0 0 0 0 0 0 0 0 0 0 0 0 0 0
1268262516 0 37259 0 0 0 0 0 0 0 0 0 0 0 0 0 0 0 0 0 0
1268262528 0 37260 0 0 0 0 0 0 0 0 0 0 0 0 0 0 0 0 0 0
1268262548 0 37774 0 0 0 0 0 0 0 0 0 0 0 0 0 0 0 0 0 0
1268269438 0 37779 0 0 0 0 0 0 0 0 0 0 0 0 0 0 0 0 0 0
1268269531 0 37780 0 0 0 0 0 0 0 0 0 0 0 0 0 0 0 0 0 0
1268272231 0 37782 0 0 0 0 0 0 0 0 0 0 0 0 0 0 0 0 0 0
1268273579 0 37784 0 0 0 0 0 0 0 0 0 0 0 0 0 0 0 0 0 0
1268331215 0 37785 0 0 0 0 0 0 0 0 0 0 0 0 0 0 0 0 0 0
1268342912 0 40991 0 0 0 0 0 0 0 0 0 0 0 0 0 0 0 0 0 0
1268416358 0 40992 0 0 0 0 0 0 0 0 0 0 0 0 0 0 0 0 0 0
1269060932 0 40993 0 0 0 0 0 0 0 0 0 0 0 0 0 0 0 0 0 0
1269060941 0 41002 0 0 0 0 0 0 0 0 0 0 0 0 0 0 0 0 0 0
1269060950 0 41003 0 0 0 0 0 0 0 0 0 0 0 0 0 0 0 0 0 0
1269060967 0 41020 0 0 0 0 0 0 0 0 0 0 0 0 0 0 0 0 0 0
1269060974 0 41026 0 0 0 0 0 0 0 0 0 0 0 0 0 0 0 0 0 0
1269886769 0 41053 0 0 0 0 0 0 0 0 0 0 0 0 0 0 0 0 0 0
1271445667 0 41053 42 0 0 0 0 0 0 0 0 0 0 0 0 0 0 0 0 0
1271983741 0 41053 69 0 0 0 0 0 0 0 0 0 0 0 0 0 0 0 0 0
1271983830 0 41053 85 0 0 0 0 0 0 0 0 0 0 0 0 0 0 0 0 0
1272608105 0 41053 93 0 0 0 0 0 0 0 0 0 0 0 0 0 0 0 0 0
1272609170 0 41053 94 0 0 0 0 0 0 0 0 0 0 0 0 0 0 0 0 0
1272656936 0 41053 127 0 0 0 0 0 0 0 0 0 0 0 0 0 0 0 0 0
1272656942 0 41053 162 0 0 0 0 0 0 0 0 0 0 0 0 0 0 0 0 0
1273532619 0 41624 162 0 0 0 0 0 0 0 0 0 0 0 0 0 0 0 0 0
1273534552 0 42404 162 0 0 0 0 0 0 0 0 0 0 0 0 0 0 0 0 0
1273537966 0 42453 162 0 0 0 0 0 0 0 0 0 0 0 0 0 0 0 0 0
1273539744 0 42462 162 0 0 0 0 0 0 0 0 0 0 0 0 0 0 0 0 0
1279243462 0 42468 162 0 0 0 0 0 0 0 0 0 0 0 0 0 0 0 0 0
1279243561 0 42716 162 0 0 0 0 0 0 0 0 0 0 0 0 0 0 0 0 0
1279244928 0 43244 162 0 0 0 0 0 0 0 0 0 0 0 0 0 0 0 0 0
1279245073 0 43244 162 0 0 0 0 0 0 0 0 0 0 0 0 0 0 0 11 0
1279245154 0 43249 162 0 0 0 0 0 0 0 0 0 0 0 0 0 0 0 11 0
1279246113 0 47832 162 0 0 0 0 0 0 0 0 0 0 0 0 0 0 0 11 0
1279246300 0 47864 162 0 0 0 0 0 0 0 0 0 0 0 0 0 0 0 11 0
1279251485 0 48518 162 0 0 0 0 0 0 0 0 0 0 0 0 0 0 0 11 0
1279259946 0 48520 162 0 0 0 0 0 0 0 0 0 0 0 0 0 0 0 11 0
1279304237 0 48522 162 0 0 0 0 0 0 0 0 0 0 0 0 0 0 0 11 0
1279304275 0 48596 162 0 0 0 0 0 0 0 0 0 0 0 0 0 0 0 11 0
1280943111 0 48597 162 0 0 0 0 0 0 0 0 0 0 0 0 0 0 0 11 0
1284658409 0 48597 164 0 0 0 0 0 0 0 0 0 0 0 0 0 0 0 11 0
1285871928 0 48633 164 0 0 0 0 0 0 0 0 0 0 0 0 0 0 0 11 0
1285872052 0 48634 164 0 0 0 0 0 0 0 0 0 0 0 0 0 0 0 11 0
1286820377 0 48898 164 0 0 0 0 0 0 0 0 0 0 0 0 0 0 0 11 0
1294012346 0 48904 164 0 0 0 0 0 0 0 0 0 0 0 0 0 0 0 11 0
1294087367 0 48906 164 0 0 0 0 0 0 0 0 0 0 0 0 0 0 0 11 0
1294155399 0 48907 164 0 0 0 0 0 0 0 0 0 0 0 0 0 0 0 11 0
1295482376 0 50028 164 0 0 0 0 0 0 0 0 0 0 0 0 0 0 0 11 0
1295494950 0 50043 164 0 0 0 0 0 0 0 0 0 0 0 0 0 0 0 11 0
1296412512 0 50044 164 0 0 0 0 0 0 0 0 0 0 0 0 0 0 0 11 0
1296412661 0 50045 164 0 0 0 0 0 0 0 0 0 0 0 0 0 0 0 11 0
1296412865 0 50046 164 0 0 0 0 0 0 0 0 0 0 0 0 0 0 0 11 0
1296507861 0 50400 164 0 0 0 0 0 0 0 0 0 0 0 0 0 0 0 11 0
1296576037 0 50407 164 0 0 0 0 0 0 0 0 0 0 0 0 0 0 0 11 0
1296576061 0 50413 164 0 0 0 0 0 0 0 0 0 0 0 0 0 0 0 11 0
1296576547 0 50416 164 0 0 0 0 0 0 0 0 0 0 0 0 0 0 0 11 0
1296576573 0 50545 164 0 0 0 0 0 0 0 0 0 0 0 0 0 0 0 11 0
1299099586 0 50706 164 0 0 0 0 0 0 0 0 0 0 0 0 0 0 0 11 0
1304277172 0 50707 164 0 0 0 0 0 0 0 0 0 0 0 0 0 0 0 11 0
1304277993 0 50720 164 0 0 0 0 0 0 0 0 0 0 0 0 0 0 0 11 0
1305554182 0 50720 164 0 0 0 0 0 0 0 0 0 0 0 0 0 0 0 11 0
1308683844 0 51175 164 0 0 0 0 0 0 0 0 0 0 0 0 0 0 0 11 0
1308707157 0 51265 164 0 0 0 0 0 0 0 0 0 0 0 0 0 0 0 11 0
1311305944 0 51270 164 0 0 0 0 0 0 0 0 0 0 0 0 0 0 0 11 0
1315221608 0 51274 164 0 0 0 0 0 0 0 0 0 0 0 0 0 0 0 11 0
1315221690 0 51284 164 0 0 0 0 0 0 0 0 0 0 0 0 0 0 0 11 0
1315414963 0 51366 164 0 0 0 0 0 0 0 0 0 0 0 0 0 0 0 11 0
1315427314 0 51375 164 0 0 0 0 0 0 0 0 0 0 0 0 0 0 0 11 0
1315505872 0 51398 164 0 0 0 0 0 0 0 0 0 0 0 0 0 0 0 11 0
1318631623 0 51399 164 0 0 0 0 0 0 0 0 0 0 0 0 0 0 0 11 0
1319406259 0 51413 164 0 0 0 0 0 0 0 0 0 0 0 0 0 0 0 11 0
1319406280 0 51413 942 0 0 0 0 0 0 0 0 0 0 0 0 0 0 0 11 0
1319406484 0 51413 954 0 0 0 0 0 0 0 0 0 0 0 0 0 0 0 11 0
1319406643 0 51413 959 0 0 0 0 0 0 0 0 0 0 0 0 0 0 0 11 0
1319990228 0 51413 959 0 0 0 0 0 0 0 0 0 1 0 0 0 0 0 11 0
1323448865 0 51414 959 0 0 0 0 0 0 0 0 0 1 0 0 0 0 0 11 0
1323449053 0 51416 959 0 0 0 0 0 0 0 0 0 1 0 0 0 0 0 11 0
1323449163 0 51417 959 0 0 0 0 0 0 0 0 0 1 0 0 0 0 0 11 0
1327599198 0 51417 960 0 0 0 0 0 0 0 0 0 1 0 0 0 0 0 11 0
1328638386 0 51984 960 0 0 0 0 0 0 0 0 0 1 0 0 0 0 0 11 0
1330975236 0 51987 960 0 0 0 0 0 0 0 0 0 1 0 0 0 0 0 11 0
1338306556 0 51991 960 0 0 0 0 0 0 0 0 0 1 0 0 0 0 0 11 0
1338306630 0 51991 1694 0 0 0 0 0 0 0 0 0 1 0 0 0 0 0 11 0
1338306648 0 51991 1698 0 0 0 0 0 0 0 0 0 1 0 0 0 0 0 11 0
1342555376 0 52001 1698 0 0 0 0 0 0 0 0 0 1 0 0 0 0 0 11 0
1342556406 0 52034 1698 0 0 0 0 0 0 0 0 0 1 0 0 0 0 0 11 0
1342556555 0 52064 1698 0 0 0 0 0 0 0 0 0 1 0 0 0 0 0 11 0
1342557472 0 52088 1698 0 0 0 0 0 0 0 0 0 1 0 0 0 0 0 11 0
1342557617 0 52115 1698 0 0 0 0 0 0 0 0 0 1 0 0 0 0 0 11 0
1342557663 0 52187 1698 0 0 0 0 0 0 0 0 0 1 0 0 0 0 0 11 0
1342557849 0 52202 1698 0 0 0 0 0 0 0 0 0 1 0 0 0 0 0 11 0
1342557914 0 52210 1698 0 0 0 0 0 0 0 0 0 1 0 0 0 0 0 11 0
1342736064 0 52283 1698 0 0 0 0 0 0 0 0 0 1 0 0 0 0 0 11 0
1344530763 0 52283 1698 0 0 0 0 0 0 0 0 0 1 0 0 0 0 0 11 0
1345559728 0 52425 1698 0 0 0 0 0 0 0 0 0 1 0 0 0 0 0 11 0
1350830849 0 52426 1698 0 0 0 0 0 0 0 0 0 1 0 0 0 0 0 11 0
1350830891 0 52469 1698 0 0 0 0 0 0 0 0 0 1 0 0 0 0 0 11 0
1353946059 0 52469 1698 0 0 0 0 0 0 0 0 0 1 0 0 0 0 0 11 0
1358188659 0 52477 1698 0 0 0 0 0 0 0 0 0 1 0 0 0 0 0 11 0
1358193564 0 52478 1698 0 0 0 0 0 0 0 0 0 1 0 0 0 0 0 11 0
1358199390 0 52480 1698 0 0 0 0 0 0 0 0 0 1 0 0 0 0 0 11 0
1371844369 0 52508 1698 0 0 0 0 0 0 0 0 0 1 0 0 0 0 0 11 0
1373569680 0 52640 1698 0 0 0 0 0 0 0 0 0 1 0 0 0 0 0 11 0
1373569914 0 52641 1698 0 0 0 0 0 0 0 0 0 1 0 0 0 0 0 11 0
1373570141 0 52641 1698 0 0 0 0 0 0 0 0 0 1 0 0 0 0 0 11 0
1375409806 0 52659 1698 0 0 0 0 0 0 0 0 0 1 0 0 0 0 0 11 0
1382561510 0 52659 1698 0 0 0 0 0 0 0 0 0 1 0 0 0 0 0 11 0
1389314945 0 52659 1698 0 0 0 0 0 0 0 0 0 1 0 210 0 0 0 11 0
1389318551 0 52688 1698 0 0 0 0 0 0 0 0 0 1 0 210 0 0 0 11 0
1389321839 0 52688 1698 0 0 0 0 0 0 0 0 0 1 0 210 0 0 0 11 0
1389322788 0 53143 1698 0 0 0 0 0 0 0 0 0 1 0 210 0 0 0 11 0
1389323815 0 53145 1698 0 0 0 0 0 0 0 0 0 1 0 210 0 0 0 11 0
1389324708 0 53164 1698 0 0 0 0 0 0 0 0 0 1 0 210 0 0 0 11 0
1389367179 0 53195 1698 0 0 0 0 0 0 0 0 0 1 0 210 0 0 0 11 0
1393898098 0 53195 1698 0 0 0 0 0 0 0 0 0 1 0 210 0 0 0 11 0
1403795937 0 53195 1698 0 0 0 0 6 0 0 0 0 1 0 210 0 0 0 11 0
1410057481 0 53195 1698 0 0 0 0 15 0 0 0 0 1 0 210 0 0 0 11 0
1412621799 0 53255 1698 0 0 0 0 15 0 0 0 0 1 0 210 0 0 0 11 0
1412622527 0 53266 1698 0 0 0 0 15 0 0 0 0 1 0 210 0 0 0 11 0
1416512406 0 53275 1698 0 0 0 0 15 0 0 0 0 1 0 210 0 0 0 11 0
1416512570 0 53326 1698 0 0 0 0 15 0 0 0 0 1 0 210 0 0 0 11 0
1416513574 0 53327 1698 0 0 0 0 15 0 0 0 0 1 0 210 0 0 0 11 0
1416517770 0 53346 1698 0 0 0 0 15 0 0 0 0 1 0 210 0 0 0 11 0
1416521407 0 53452 1698 0 0 0 0 15 0 0 0 0 1 0 210 0 0 0 11 0
1417491064 0 53474 1698 0 0 0 0 15 0 0 0 0 1 0 210 0 0 0 11 0
1418921655 0 53517 1698 0 0 0 0 16 0 0 0 0 1 0 210 0 0 0 11 0
1418923473 0 53705 1698 0 0 0 0 16 0 0 0 0 1 0 210 0 0 0 11 0
1418935401 0 53762 1698 0 0 0 0 16 0 0 0 0 1 0 210 0 0 0 11 0
1419621070 0 53762 1698 0 0 0 0 16 0 0 0 0 1 0 210 0 0 0 11 0
1427967198 1 53762 1698 0 0 0 0 16 0 0 0 0 1 0 210 0 0 0 11 0
1427976628 83 53762 1698 0 0 0 0 16 0 0 0 0 1 0 210 0 0 0 11 0
1427986964 83 53762 1698 0 0 0 0 16 0 0 0 0 1 0 210 0 0 0 11 0
1428548495 83 53762 1698 1 0 0 0 16 0 0 0 0 1 0 210 0 0 0 11 0
1428594338 85 53762 1698 1 0 0 0 16 0 0 0 0 1 0 210 0 0 0 11 0
1428596907 89 53762 1698 1 0 0 0 16 0 0 0 0 1 0 210 0 0 0 11 0
1428624054 92 53762 1698 2 0 0 0 16 0 0 0 0 1 0 210 0 0 0 11 0
1428911280 98 53762 1698 2 0 0 0 16 0 0 0 0 1 0 210 0 0 0 11 0
1429442085 102 53762 1698 2 0 0 0 16 0 0 0 0 1 0 210 0 0 0 11 0
1429768888 113 53762 1698 2 0 0 0 16 0 0 0 0 1 0 210 0 0 0 11 0
1430127540 132 53762 1698 2 0 0 0 16 0 0 0 0 1 0 210 0 0 0 11 0
1430130587 228 53762 1698 2 0 0 0 16 0 0 0 0 1 0 210 0 0 0 11 0
1430196492 234 53762 1698 2 0 0 0 16 0 0 0 0 1 0 210 0 0 0 11 0
1430197875 338 53762 1698 2 0 0 0 16 0 0 0 0 1 0 210 0 0 0 11 0
1430709023 340 53762 1698 2 0 0 0 16 0 0 0 0 1 0 210 0 0 0 11 0
1431110994 340 53762 1698 14 0 0 0 16 0 0 0 0 1 0 210 0 0 0 11 0
1431217210 340 53762 1698 14 0 0 0 16 0 0 0 0 1 0 210 0 0 0 11 0
1431237969 349 53762 1698 14 0 0 0 16 0 0 0 0 1 0 210 0 0 0 11 0
1431352140 355 53762 1698 16 0 0 0 16 0 0 0 0 1 0 210 0 0 0 11 0
1431498995 362 53762 1698 16 0 0 0 16 0 0 0 0 1 0 210 0 0 0 11 0
1431503225 362 53762 1698 16 0 0 0 16 0 0 0 0 1 0 210 0 0 12 11 0
1432284157 374 53762 1698 16 0 0 0 16 0 0 0 0 1 0 210 0 0 12 11 0
1433800134 374 53762 1698 16 0 0 0 16 0 0 0 0 1 0 210 0 0 12 11 0
1433917931 388 53762 1698 16 0 0 0 16 0 0 0 0 1 0 210 0 0 12 11 0
1434574762 399 53762 1698 16 0 0 0 16 0 0 0 0 1 0 210 0 0 12 11 0
1434873462 403 53762 1698 16 0 0 0 16 0 0 0 0 1 0 210 0 0 12 11 0
1435125008 404 53762 1698 16 0 0 0 16 0 0 0 0 1 0 210 0 0 12 11 0
1435125307 409 53762 1698 16 0 0 0 16 0 0 0 0 1 0 210 0 0 12 11 0
1435140980 410 53762 1698 16 0 0 0 16 0 0 0 0 1 0 210 0 0 12 11 0
1435743676 414 53762 1698 16 0 0 0 16 0 0 0 0 1 0 210 0 0 12 11 0
1435747311 418 53762 1698 16 0 0 0 16 0 0 0 0 1 0 210 0 0 12 11 0
1436165842 442 53762 1698 16 0 0 0 16 0 0 0 0 1 0 210 0 0 12 11 0
1436515913 442 53762 1698 16 0 1 0 16 0 0 0 0 1 0 210 0 0 12 11 0
1436516587 442 53762 1698 16 0 2 0 16 0 0 0 0 1 0 210 0 0 12 11 0
1436530802 442 53762 1698 16 0 10 0 16 0 0 0 0 1 0 210 0 0 12 11 0
1436693036 442 53762 1698 16 0 14 0 16 0 0 0 0 1 0 210 0 0 12 11 0
1436880726 445 53762 1698 16 0 14 0 16 0 0 0 0 1 0 210 0 0 12 11 0
1436932525 451 53762 1698 16 0 14 0 16 0 0 0 0 1 0 210 0 0 12 11 0
1436970242 451 53762 1698 16 0 14 0 16 0 0 0 0 1 0 210 0 0 12 11 0
1437576923 886 53762 1698 16 0 14 0 16 0 0 0 0 1 0 210 0 0 12 11 0
1437719619 896 53762 1698 16 0 14 0 16 0 0 0 0 1 0 210 0 0 12 11 0
1437730055 925 53762 1698 16 0 14 0 16 0 0 60 0 1 0 210 0 0 12 11 0
1438325932 947 53762 1698 16 0 14 0 16 0 0 60 0 1 0 210 0 0 12 11 0
1438326751 949 53762 1698 16 0 14 0 16 0 0 60 0 1 0 210 0 0 12 11 0
1438398000 960 53762 1698 16 0 14 0 16 0 0 60 0 1 0 210 0 0 12 11 0
1441634986 961 53762 1698 16 0 14 0 16 0 0 60 0 1 0 210 0 0 12 11 0
1442292646 965 53762 1698 16 0 14 0 16 0 0 65 0 1 0 210 0 0 12 11 0
1443200072 972 53762 1698 16 0 14 0 16 0 0 65 0 1 0 210 0 0 12 11 0
1443201678 1098 53762 1698 16 0 14 0 16 0 0 65 0 1 0 210 0 0 12 11 0
1443239072 1098 53762 1698 16 0 14 0 16 0 0 65 0 1 0 210 0 0 12 11 0
1443240591 1099 53762 1698 16 0 14 0 16 0 0 65 0 1 0 210 0 0 12 11 0
1443243272 1105 53762 1698 16 0 14 0 16 0 0 65 0 1 0 210 0 0 12 11 0
1443499800 1117 53762 1698 16 0 14 0 16 0 0 65 0 1 0 210 0 0 12 11 0
1443768384 1119 53762 1698 16 0 14 0 16 0 0 65 0 1 0 210 0 0 12 11 0
1444190645 1122 53762 1698 16 0 14 0 16 0 0 65 0 1 0 210 0 0 12 11 0
1444205558 1135 53762 1698 16 0 14 0 16 0 0 65 0 1 0 210 0 0 12 11 0
1444210006 1140 53762 1698 16 0 14 0 16 0 0 65 0 1 0 210 0 0 12 11 0
1444272510 1149 53762 1698 16 0 14 0 16 0 0 65 0 1 0 210 0 0 12 11 0
1444274669 1194 53762 1698 16 0 14 0 16 0 0 65 0 1 0 210 0 0 12 11 0
1444276136 1196 53762 1698 16 0 14 0 16 0 0 65 0 1 0 210 0 0 12 11 0
1444278768 1197 53762 1698 16 0 14 0 16 0 0 65 0 1 0 210 0 0 12 11 0
1444367871 1207 53762 1698 16 0 14 0 16 0 0 65 0 1 0 210 0 0 12 11 0
1444368784 1209 53762 1698 16 0 14 0 16 0 0 65 0 1 0 210 0 0 12 11 0
1444450404 1210 53762 1698 16 0 14 0 16 0 0 65 0 1 0 210 0 0 12 11 0
1444691044 1211 53762 1698 16 0 14 0 16 0 0 65 0 1 0 210 0 0 12 11 0
1444695612 1218 53762 1698 16 0 14 0 16 0 0 65 0 1 0 210 0 0 12 11 0
1444704324 1222 53762 1698 16 0 14 0 16 0 0 65 0 1 0 210 0 0 12 11 0
1444760076 1222 53762 1698 16 0 14 0 16 0 0 65 0 1 0 210 0 0 12 11 0
1445255060 1223 53762 1698 16 0 14 0 16 0 0 65 0 1 0 210 0 0 12 11 0
1445649427 1254 53762 1698 16 0 14 0 16 0 0 65 0 1 0 210 0 0 12 11 0
1446171363 1256 53762 1698 16 0 14 0 16 0 0 65 0 1 0 210 0 0 12 11 0
1446361901 1260 53762 1698 16 0 14 0 16 0 0 65 0 1 0 210 0 0 12 11 0
1446362870 1270 53762 1698 16 0 14 0 16 0 0 65 0 1 0 210 0 0 12 11 0
1446366306 1299 53762 1698 16 0 14 0 16 0 0 65 0 1 0 210 0 0 12 11 0
1446369199 1324 53762 1698 16 0 14 0 16 0 0 65 0 1 0 210 0 0 12 11 0
1446550235 1356 53762 1698 16 0 14 0 16 0 0 65 0 1 0 210 0 0 12 11 0
1446611797 1357 53762 1698 16 0 14 0 16 0 0 65 0 1 0 210 0 0 12 11 0
1446616338 1370 53762 1698 16 0 14 0 16 0 0 65 0 1 0 210 0 0 12 11 0
1447207426 1371 53762 1698 16 0 14 0 16 0 0 65 0 1 0 210 0 0 12 11 0
1447679744 1379 53762 1698 16 0 14 0 16 0 0 65 0 1 0 210 0 0 12 11 0
1448285397 1379 53762 1698 18 0 14 0 16 0 0 65 0 1 0 210 0 0 12 11 0
1448858940 1380 53762 1698 18 0 14 0 16 0 0 65 0 1 0 210 0 0 12 11 0
1448860906 1385 53762 1698 18 0 14 0 16 0 0 65 0 1 0 210 0 0 12 11 0
1448929543 1389 53762 1698 18 0 14 0 16 0 0 65 0 1 0 210 0 0 12 11 0
1448938404 1410 53762 1698 18 0 14 0 16 0 0 65 0 1 0 210 0 0 12 11 0
1449376724 1469 53762 1698 18 0 14 0 16 0 0 65 0 1 0 210 0 0 12 11 0
1449381982 1517 53762 1698 18 0 14 0 16 0 0 65 0 1 0 210 0 0 12 11 0
1449447025 1518 53762 1698 18 0 14 0 16 0 0 65 0 1 0 210 0 0 12 11 0
1449709619 1521 53762 1698 18 0 14 0 16 0 0 65 0 1 0 210 0 0 12 11 0
1449713220 1521 53762 1698 18 0 14 0 16 0 0 65 0 1 0 210 0 0 12 11 0
1450322594 1573 53762 1698 18 0 14 0 16 0 0 65 0 1 0 210 0 0 12 11 0
1450844513 1576 53762 1698 18 0 14 0 16 0 0 65 0 1 0 210 0 0 12 11 0
1451803102 1580 53762 1706 18 0 14 0 16 0 0 65 0 1 0 210 0 0 12 11 0
1452146021 1623 53762 1706 18 0 14 0 16 0 0 65 0 1 0 210 0 0 12 11 0
1452309230 1624 53762 1706 18 0 14 0 16 0 0 65 0 1 0 210 0 0 12 11 0
1452590659 1635 53762 1706 18 0 14 0 16 0 0 65 0 1 0 210 0 0 12 11 0
1452702506 1635 53762 1706 18 0 14 4 16 0 0 65 0 1 0 210 0 0 12 11 0
1453711193 1909 53762 1706 18 0 14 4 16 0 0 65 0 1 0 210 0 0 12 11 0
1454237311 2915 53762 1706 18 0 14 4 16 0 0 65 0 1 0 210 0 0 12 11 0
1454303598 2922 53762 1706 18 0 14 4 16 0 0 65 0 1 0 210 0 0 12 11 0
1454484961 2922 53762 1706 18 0 14 4 16 0 0 65 0 1 0 210 0 0 12 11 0
1454911950 2937 53762 1706 18 0 14 4 16 0 0 65 0 1 0 210 0 0 12 11 0
1454936144 2938 53762 1706 18 0 14 4 16 0 0 65 0 1 0 210 0 0 12 11 0
1454942371 2956 53762 1706 18 0 14 4 16 0 0 65 0 1 0 210 0 0 12 11 0
1455010623 2962 53762 1706 18 0 14 4 16 0 0 65 0 1 0 210 0 0 12 11 0
1455066941 3009 53762 1706 18 0 14 4 16 0 0 65 0 1 0 210 0 0 12 11 0
1455087362 3060 53762 1706 18 0 14 4 16 0 0 65 0 1 0 210 0 0 12 11 0
1455154200 3061 53762 1706 18 0 14 4 16 0 0 65 0 1 0 210 0 0 12 11 0
1455414991 3067 53762 1706 18 0 14 4 16 0 0 65 0 1 0 210 0 0 12 11 0
1455510060 3070 53762 1706 18 0 14 4 16 0 0 65 0 1 0 210 0 0 12 11 0
1455510526 3071 53762 1706 18 0 14 4 16 0 0 65 0 1 0 210 0 0 12 11 0
1456113158 3072 53762 1706 18 0 14 4 16 0 0 65 0 1 0 210 0 0 12 11 0
1456114916 3073 53762 1706 18 0 14 4 16 0 0 65 0 1 0 210 0 0 12 11 0
1456115698 3074 53762 1706 18 0 14 4 16 0 0 65 0 1 0 210 0 0 12 11 0
1456128496 3079 53762 1706 18 0 14 4 16 0 0 65 0 1 0 210 0 0 12 11 0
1456137320 3092 53762 1706 18 0 14 4 16 0 0 65 0 1 0 210 0 0 12 11 0
1456199835 3094 53762 1706 18 0 14 4 16 0 0 65 0 1 0 210 0 0 12 11 0
1456716380 3100 53762 1706 18 0 14 4 16 0 0 65 0 1 0 210 0 0 12 11 0
1456826857 3102 53762 1706 18 0 14 4 16 0 0 65 0 1 0 210 0 0 12 11 0
1456827078 3102 53762 1706 18 0 14 4 16 0 0 65 0 1 0 210 0 0 12 11 0
1456842725 3121 53762 1706 18 0 14 4 16 0 0 65 0 1 0 210 0 0 12 11 0
1456843408 3143 53762 1706 18 0 14 4 16 0 0 65 0 1 0 210 0 0 12 11 0
1456845915 3143 53762 1706 18 0 14 4 16 0 0 65 0 1 0 210 0 0 12 11 0
1456887139 3166 53762 1706 18 0 14 4 16 0 0 65 0 1 0 210 0 0 12 11 0
1456975527 3173 53762 1706 18 0 14 4 16 0 0 65 0 1 0 210 0 0 12 11 0
1457117144 3173 53762 1706 18 0 14 4 16 0 44 65 0 1 0 210 0 0 12 11 0
1457141362 3200 53762 1706 18 0 14 4 16 0 44 65 0 1 0 210 0 0 12 11 0
1457174011 3207 53762 1706 18 0 14 4 16 0 44 65 0 1 0 210 0 0 12 11 0
1457856397 3426 53762 1706 18 0 14 4 16 0 44 65 0 1 0 210 0 0 12 11 0
1458018022 3471 53762 1706 18 0 14 4 16 0 44 65 0 1 0 210 0 0 12 11 0
1458114966 3483 53762 1706 18 0 14 4 16 0 44 65 0 1 0 210 0 0 12 11 0
1458121261 3765 53762 1706 18 0 14 4 16 0 44 65 0 1 0 210 0 0 12 11 0
1458602562 3795 53762 1706 18 0 14 4 16 0 44 65 0 1 0 210 0 0 12 11 0
1458621277 3810 53762 1706 18 0 14 4 16 0 44 65 0 1 0 210 0 0 12 11 0
1458719584 3845 53762 1706 18 0 14 4 16 0 44 65 0 1 0 210 0 0 12 11 0
1459219512 3848 53762 1706 51 0 14 4 16 0 44 65 0 1 0 210 0 0 12 11 0
1459438534 3848 53762 1706 51 0 14 8 16 0 44 65 0 1 0 210 0 0 12 11 0
1459485260 3853 53762 1706 51 0 14 8 16 0 44 65 0 1 0 210 0 0 12 11 0
1459919784 3901 53762 1706 51 0 14 8 16 0 44 65 0 1 0 210 0 0 12 11 0
1460012507 3901 53762 1706 51 0 14 8 16 0 44 65 0 1 0 210 0 0 12 11 0
1460035196 3933 53762 1706 51 0 14 8 16 0 44 65 0 1 0 210 0 0 12 11 0
1460095523 3949 53762 1706 51 0 14 8 16 0 44 65 0 1 0 210 0 0 12 11 0
1460101156 4004 53762 1706 51 0 14 8 16 0 44 65 0 1 0 210 0 0 12 11 0
1460550185 4004 53762 1706 84 0 14 8 16 0 44 65 0 1 0 210 0 0 12 11 0
1460608460 4011 53762 1706 84 0 14 8 16 0 44 65 0 1 0 210 0 0 12 11 0
1460712740 4027 53762 1706 84 0 14 8 16 0 44 65 0 1 0 210 0 0 12 11 0
1461507167 4027 53762 1706 84 0 14 8 16 0 44 65 0 1 0 210 0 0 12 11 0
1461595827 4027 53762 1706 84 0 14 8 16 0 44 65 0 1 0 210 0 0 12 11 0
1461754288 4033 53762 1706 84 0 14 8 16 0 44 65 0 1 0 210 0 0 12 11 0
1461847344 4033 53762 1706 84 0 14 8 16 0 44 65 0 1 0 210 0 0 12 11 0
1462162683 4038 53762 1706 84 0 14 8 16 0 44 65 0 1 0 210 0 0 12 11 0
1462263727 4111 53762 1706 84 0 14 8 16 0 44 65 0 1 0 210 0 0 12 11 0
1462275355 4154 53762 1706 84 0 14 8 16 0 44 65 0 1 0 210 0 0 12 11 0
1462768957 4162 53762 1706 84 0 14 8 16 0 44 65 0 1 0 210 0 0 12 11 0
1462769213 4163 53762 1706 84 0 14 8 16 0 44 65 0 1 0 210 0 0 12 11 0
1462861757 4204 53762 1706 84 0 14 8 16 0 44 65 0 1 0 210 0 0 12 11 0
1462862955 4218 53762 1706 84 0 14 8 16 0 44 65 0 1 0 210 0 0 12 11 0
1462863664 4226 53762 1706 84 0 14 8 16 0 44 65 0 1 0 210 0 0 12 11 0
1463116891 4227 53762 1706 84 0 14 8 16 0 44 65 0 1 0 210 0 0 12 11 0
1463117549 4228 53762 1706 84 0 14 8 16 0 44 65 0 1 0 210 0 0 12 11 0
1463118136 4244 53762 1706 84 0 14 8 16 0 44 65 0 1 0 210 0 0 12 11 0
1463120812 4313 53762 1706 84 0 14 8 16 0 44 65 0 1 0 210 0 0 12 11 0
1463122309 4342 53762 1706 84 0 14 8 16 0 44 65 0 1 0 210 0 0 12 11 0
1463124305 4344 53762 1706 84 0 14 8 16 0 44 65 0 1 0 210 0 0 12 11 0
1463655984 4393 53762 1706 84 0 14 8 16 0 44 65 0 1 0 210 0 0 12 11 0
1463720724 4769 53762 1706 84 0 14 8 16 0 44 65 0 1 0 210 0 0 12 11 0
1463995214 4817 53762 1706 84 0 14 8 16 0 44 65 0 1 0 210 0 0 12 11 0
1464014059 4819 53762 1706 84 0 14 8 16 0 44 65 0 1 0 210 0 0 12 11 0
1464024012 4832 53762 1706 84 0 14 8 16 0 44 65 0 1 0 210 0 0 12 11 0
1464078972 4962 53762 1706 84 0 14 8 16 0 44 65 0 1 0 210 0 0 12 11 0
1464324306 5013 53762 1706 84 0 14 8 16 0 44 65 0 1 0 210 0 0 12 11 0
1464625909 5013 53762 1706 84 0 14 8 16 0 44 65 0 1 0 210 0 0 12 11 0
1464695674 5021 53762 1706 84 0 14 8 16 0 44 65 0 1 0 210 0 0 12 11 0
1464752231 5023 53762 1706 84 0 14 8 16 0 44 65 0 1 0 210 0 0 12 11 0
1465820987 5028 53762 1706 84 0 14 8 16 0 44 65 0 1 0 210 0 0 12 11 0
1466405411 5033 53762 1706 84 0 14 8 16 0 44 65 0 1 0 210 0 0 12 11 0
1466717256 5033 53762 1706 84 0 14 8 16 0 45 65 0 1 0 210 0 0 12 11 0
1467551885 5042 53762 1706 84 0 14 8 16 0 45 65 0 1 0 210 0 0 12 11 0
1467621363 5050 53762 1706 84 0 14 8 16 0 45 65 0 1 0 210 0 0 12 11 0
1467635710 5081 53762 1706 84 0 14 8 16 0 45 65 0 1 0 210 0 0 12 11 0
1467638557 5136 53762 1706 84 0 14 8 16 0 45 65 0 1 0 210 0 0 12 11 0
1467720990 5140 53762 1706 84 0 14 8 16 0 45 65 0 1 0 210 0 0 12 11 0
1467721625 5179 53762 1706 84 0 14 8 16 0 45 65 0 1 0 210 0 0 12 11 0
1467786372 5180 53762 1706 84 0 14 8 16 0 45 65 0 1 0 210 0 0 12 11 0
1468312507 5338 53762 1706 84 0 14 8 16 0 45 65 0 1 0 210 0 0 12 11 0
1468314077 5354 53762 1706 84 0 14 8 16 0 45 65 0 1 0 210 0 0 12 11 0
1468322160 5419 53762 1706 84 0 14 8 16 0 45 65 0 1 0 210 0 0 12 11 0
1468323282 5513 53762 1706 84 0 14 8 16 0 45 65 0 1 0 210 0 0 12 11 0
1468324441 5514 53762 1706 84 0 14 8 16 0 45 65 0 1 0 210 0 0 12 11 0
1468333714 5543 53762 1706 84 0 14 8 16 0 45 65 0 1 0 210 0 0 12 11 0
1468473915 5545 53762 1706 84 0 14 8 16 0 45 65 0 1 0 210 0 0 12 11 0
1468495082 5558 53762 1706 84 0 14 8 16 0 45 65 0 1 0 210 0 0 12 11 0
1468576419 5682 53762 1706 84 0 14 8 16 0 45 65 0 1 0 210 0 0 12 11 0
1468579208 5695 53762 1706 84 0 14 8 16 0 45 65 0 1 0 210 0 0 12 11 0
1468581855 5723 53762 1706 84 0 14 8 16 0 45 65 0 1 0 210 0 0 12 11 0
1468821612 5741 53762 1706 84 0 14 8 16 0 45 65 0 1 0 210 0 0 12 11 0
1468823169 5743 53762 1706 84 0 14 8 16 0 45 65 0 1 0 210 0 0 12 11 0
1469117193 5805 53762 1706 84 0 14 8 16 0 45 65 0 1 0 210 0 0 12 11 0
1469117918 5811 53762 1706 84 0 14 8 16 0 45 65 0 1 0 210 0 0 12 11 0
1469118178 5820 53762 1706 84 0 14 8 16 0 45 65 0 1 0 210 0 0 12 11 0
1469118637 5821 53762 1706 84 0 14 8 16 0 45 65 0 1 0 210 0 0 12 11 0
1469119699 5835 53762 1706 84 0 14 8 16 0 45 65 0 1 0 210 0 0 12 11 0
1469169216 5852 53762 1706 84 0 14 8 16 0 45 65 0 1 0 210 0 0 12 11 0
1469299763 5852 53762 1706 84 0 14 8 16 0 45 65 0 1 0 210 0 0 12 11 0
1469528690 5866 53762 1706 84 0 14 8 16 0 45 65 0 1 0 210 0 0 12 11 0
1469531382 5972 53762 1706 84 0 14 8 16 0 45 65 0 1 0 210 0 0 12 11 0
1469533220 5972 53762 1706 84 0 14 8 16 0 45 65 0 1 0 210 0 0 12 11 0
1469534461 6095 53762 1706 84 0 14 8 16 0 45 65 0 1 0 210 0 0 12 11 0
1470120890 6103 53762 1706 84 0 14 8 16 0 45 65 0 1 0 210 0 0 12 11 0
1470124558 6121 53762 1706 84 0 14 8 16 0 45 65 0 1 0 210 0 0 12 11 0
1470133578 6335 53762 1706 84 0 14 8 16 0 45 65 0 1 0 210 0 0 12 11 0
1470134362 6335 53762 1706 84 0 14 8 16 0 45 65 0 1 0 210 0 0 12 11 0
1470138597 6635 53762 1706 84 0 14 8 16 0 45 65 0 1 0 210 0 0 12 11 0
1470140347 6637 53762 1706 84 0 14 8 16 0 45 65 0 1 0 210 0 0 12 11 0
1470306003 6643 53762 1706 84 0 14 8 16 0 45 65 0 1 0 210 0 0 12 11 0
1470307729 6652 53762 1706 84 0 14 8 16 0 45 65 0 1 0 210 0 0 12 11 0
1470310891 6653 53762 1706 84 0 14 8 16 0 45 65 0 1 0 210 0 0 12 11 0
1470312748 6661 53762 1706 84 0 14 8 16 0 45 65 0 1 0 210 0 0 12 11 0
1470314809 6694 53762 1706 84 0 14 8 16 0 45 65 0 1 0 210 0 0 12 11 0
1470317953 6695 53762 1706 84 0 14 8 16 0 45 65 0 1 0 210 0 0 12 11 0
1470567508 6709 53762 1706 84 0 14 8 16 0 45 65 0 1 0 210 0 0 12 11 0
1470570257 7059 53762 1706 84 0 14 8 16 0 45 65 0 1 0 210 0 0 12 11 0
1470571585 7068 53762 1706 84 0 14 8 16 0 45 65 0 1 0 210 0 0 12 11 0
1470573869 7085 53762 1706 84 0 14 8 16 0 45 65 0 1 0 210 0 0 12 11 0
1470576129 7088 53762 1706 84 0 14 8 16 0 45 65 0 1 0 210 0 0 12 11 0
1470635913 7092 53762 1706 84 0 14 8 16 0 45 65 0 1 0 210 0 0 12 11 0
1470811696 7094 53762 1706 84 0 14 8 16 0 45 65 0 1 0 210 0 0 12 11 0
1470820861 7099 53762 1706 84 0 14 8 16 0 45 65 0 1 0 210 0 0 12 11 0
1470823153 7100 53762 1706 84 0 14 8 16 0 45 65 0 1 0 210 0 0 12 11 0
1470827734 7144 53762 1706 84 0 14 8 16 0 45 65 0 1 0 210 0 0 12 11 0
1470896468 7154 53762 1706 84 0 14 8 16 0 45 65 0 1 0 210 0 0 12 11 0
1470913318 7191 53762 1706 84 0 14 8 16 0 45 65 0 1 0 210 0 0 12 11 0
1470918656 7218 53762 1706 84 0 14 8 16 0 45 65 0 1 0 210 0 0 12 11 0
1470921124 7221 53762 1706 84 0 14 8 16 0 45 65 0 1 0 210 0 0 12 11 0
1470926254 7247 53762 1706 84 0 14 8 16 0 45 65 0 1 0 210 0 0 12 11 0
1470972426 7248 53762 1706 84 0 14 8 16 0 45 65 0 1 0 210 0 0 12 11 0
1470985298 7444 53762 1706 84 0 14 8 16 0 45 65 0 1 0 210 0 0 12 11 0
1470993226 7616 53762 1706 84 0 14 8 16 0 45 65 0 1 0 210 0 0 12 11 0
1471336658 7626 53762 1706 84 0 14 8 16 0 45 65 0 1 0 210 0 0 12 11 0
1471350423 7669 53762 1706 84 0 14 8 16 0 45 65 0 1 0 210 0 0 12 11 0
1471353097 7792 53762 1706 84 0 14 8 16 0 45 65 0 1 0 210 0 0 12 11 0
1471354931 7881 53762 1706 84 0 14 8 16 0 45 65 0 1 0 210 0 0 12 11 0
1471357625 7893 53762 1706 84 0 14 8 16 0 45 65 0 1 0 210 0 0 12 11 0
1471359616 7960 53762 1706 84 0 14 8 16 0 45 65 0 1 0 210 0 0 12 11 0
1471514231 7970 53762 1706 84 0 14 8 16 0 45 65 0 1 0 210 0 0 12 11 0
1471519747 7992 53762 1706 84 0 14 8 16 0 45 65 0 1 0 210 0 0 12 11 0
1471521378 8007 53762 1706 84 0 14 8 16 0 45 65 0 1 0 210 0 0 12 11 0
1471522631 8032 53762 1706 84 0 14 8 16 0 45 65 0 1 0 210 0 0 12 11 0
1471523714 8043 53762 1706 84 0 14 8 16 0 45 65 0 1 0 210 0 0 12 11 0
1471847663 8046 53762 1706 84 0 14 8 16 0 45 65 0 1 0 210 0 0 12 11 0
1471850526 8059 53762 1706 84 0 14 8 16 0 45 65 0 1 0 210 0 0 12 11 0
1471861928 8224 53762 1706 84 0 14 8 16 0 45 65 0 1 0 210 0 0 12 11 0
1471868193 8370 53762 1706 84 0 14 8 16 0 45 65 0 1 0 210 0 0 12 11 0
1471873830 8435 53762 1706 84 0 14 8 16 0 45 65 0 1 0 210 0 0 12 11 0
1471875758 8447 53762 1706 84 0 14 8 16 0 45 65 0 1 0 210 0 0 12 11 0
1471877972 8489 53762 1706 84 0 14 8 16 0 45 65 0 1 0 210 0 0 12 11 0
1471941384 8492 53762 1706 84 0 14 8 16 0 45 65 0 1 0 210 0 0 12 11 0
1471956160 8493 53762 1706 84 0 14 8 16 0 45 65 0 1 0 210 0 0 12 11 0
1472399165 8534 53762 1706 84 0 14 8 16 0 45 65 0 1 0 210 0 0 12 11 0
1472400225 8540 53762 1706 84 0 14 8 16 0 45 65 0 1 0 210 0 0 12 11 0
1472401307 8542 53762 1706 84 0 14 8 16 0 45 65 0 1 0 210 0 0 12 11 0
1472404062 8544 53762 1706 84 0 14 8 16 0 45 65 0 1 0 210 0 0 12 11 0
1472547911 8572 53762 1706 84 0 14 8 16 0 45 65 0 1 0 210 0 0 12 11 0
1472553852 8585 53762 1706 84 0 14 8 16 0 45 65 0 1 0 210 0 0 12 11 0
1472556432 8604 53762 1706 84 0 14 8 16 0 45 65 0 1 0 210 0 0 12 11 0
1472558939 8611 53762 1706 84 0 14 8 16 0 45 65 0 1 0 210 0 0 12 11 0
1472559128 8613 53762 1706 84 0 14 8 16 0 45 65 0 1 0 210 0 0 12 11 0
1472559856 8615 53762 1706 84 0 14 8 16 0 45 65 0 1 0 210 0 0 12 11 0
1472560773 8618 53762 1706 84 0 14 8 16 0 45 65 0 1 0 210 0 0 12 11 0
1472562426 8620 53762 1706 84 0 14 8 16 0 45 65 0 1 0 210 0 0 12 11 0
1472627986 8624 53762 1706 84 0 14 8 16 0 45 65 0 1 0 210 0 0 12 11 0
1472790752 8628 53762 1706 84 0 14 8 16 0 45 65 0 1 0 210 0 0 12 11 0
1472806740 8648 53762 1706 84 0 14 8 16 0 45 65 0 1 0 210 0 0 12 11 0
1472813549 8713 53762 1706 84 0 14 8 16 0 45 65 0 1 0 210 0 0 12 11 0
1472814896 8715 53762 1706 84 0 14 8 16 0 45 65 0 1 0 210 0 0 12 11 0
1472816441 8743 53762 1706 84 0 14 8 16 0 45 65 0 1 0 210 0 0 12 11 0
1473059001 8743 53762 1706 84 0 14 8 16 0 45 65 0 1 0 210 0 0 12 11 0
1473149158 8772 53762 1706 84 0 14 8 16 0 45 65 0 1 0 210 0 0 12 11 0
1473149556 8775 53762 1706 84 0 14 8 16 0 45 65 0 1 0 210 0 0 12 11 0
1473150823 8778 53762 1706 84 0 14 8 16 0 45 65 0 1 0 210 0 0 12 11 0
1473157913 8784 53762 1706 84 0 14 8 16 0 45 65 0 1 0 210 0 0 12 11 0
1473160513 8794 53762 1706 84 0 14 8 16 0 45 65 0 1 0 210 0 0 12 11 0
1473161981 8811 53762 1706 84 0 14 8 16 0 45 65 0 1 0 210 0 0 12 11 0
1473162696 8851 53762 1706 84 0 14 8 16 0 45 65 0 1 0 210 0 0 12 11 0
1473165289 8857 53762 1706 84 0 14 8 16 0 45 65 0 1 0 210 0 0 12 11 0
1473165961 8866 53762 1706 84 0 14 8 16 0 45 65 0 1 0 210 0 0 12 11 0
1473167943 8894 53762 1706 84 0 14 8 16 0 45 65 0 1 0 210 0 0 12 11 0
1473321472 8901 53762 1706 84 0 14 8 16 0 45 65 0 1 0 210 0 0 12 11 0
1473337874 8908 53762 1706 84 0 14 8 16 0 45 65 0 1 0 210 0 0 12 11 0
1473349193 8938 53762 1706 84 0 14 8 16 0 45 65 0 1 0 210 0 0 12 11 0
1473400828 8977 53762 1706 84 0 14 8 16 0 45 65 0 1 0 210 0 0 12 11 0
1473411235 8991 53762 1706 84 0 14 8 16 0 45 65 0 1 0 210 0 0 12 11 0
1473683494 9002 53762 1706 84 0 14 8 16 0 45 65 0 1 0 210 0 0 12 11 0
1473684048 9003 53762 1706 84 0 14 8 16 0 45 65 0 1 0 210 0 0 12 11 0
1474537115 9028 53762 1706 84 0 14 8 16 0 45 65 0 1 0 210 0 0 12 11 0
1474803316 9034 53762 1706 84 0 14 8 16 0 45 65 0 1 0 210 0 0 12 11 0
1475054330 9041 53762 1706 84 0 14 8 16 0 45 65 0 1 0 210 0 0 12 11 0
1476691984 9049 53762 1706 84 0 14 8 16 0 45 65 0 1 0 210 0 0 12 11 0
1476957133 9049 53762 1706 84 0 14 11 16 0 45 65 0 1 0 210 0 0 12 11 0
1477974994 9093 53762 1706 84 0 14 11 16 0 45 65 0 1 0 210 0 0 12 11 0
1479039198 9094 53762 1706 84 0 14 11 16 0 45 65 0 1 0 210 0 0 12 11 0
1479182254 9095 53762 1706 84 0 14 11 16 0 45 65 0 1 0 210 0 0 12 11 0
1479733813 9096 53762 1706 84 0 14 11 16 0 45 65 0 1 0 210 0 0 12 11 0
1479736363 9097 53762 1706 84 0 14 11 16 0 45 65 0 1 0 210 0 0 12 11 0
1479823876 9136 53762 1706 84 0 14 11 16 0 45 65 0 1 0 210 0 0 12 11 0
1479825117 9136 53762 1706 84 0 14 11 16 0 45 65 0 1 0 210 0 0 12 11 0
1481274628 9138 53762 1706 84 0 14 11 16 0 45 65 0 1 0 210 0 0 12 11 0
1481627482 9144 53762 1706 84 0 14 11 16 0 45 65 0 1 0 210 0 0 12 11 0
1484204059 9144 53762 1706 84 0 14 11 16 0 45 65 0 1 0 210 0 0 12 11 0
1484216008 9144 53762 1706 84 0 14 11 16 0 45 65 0 1 6 210 0 0 12 11 0
1484225721 9164 53762 1706 84 0 14 11 16 0 45 65 0 1 6 210 0 0 12 11 0
1484232577 9169 53762 1706 84 0 14 11 16 0 45 65 0 1 6 210 0 0 12 11 0
1486613104 9170 53762 1706 84 0 14 11 16 0 45 65 0 1 6 210 0 0 12 11 0
1486968572 9328 53762 1706 84 0 14 11 16 0 45 65 0 1 6 210 0 0 12 11 0
1486970370 9343 53762 1706 84 0 14 11 16 0 45 65 0 1 6 210 0 0 12 11 0
1486982344 9347 53762 1706 84 0 14 11 16 0 45 65 0 1 6 210 0 0 12 11 0
1486982795 9349 53762 1706 84 0 14 11 16 0 45 65 0 1 6 210 0 0 12 11 0
1487047244 9351 53762 1706 84 0 14 11 16 0 45 65 0 1 6 210 0 0 12 11 0
1487152920 9427 53762 1706 84 0 14 11 16 0 45 65 0 1 6 210 0 0 12 11 0
1487307267 9433 53762 1706 84 0 14 11 16 0 45 65 0 1 6 210 0 0 12 11 0
1487308865 9436 53762 1706 84 0 14 11 16 0 45 65 0 1 6 210 0 0 12 11 0
1487311961 9446 53762 1706 84 0 14 11 16 0 45 65 0 1 6 210 0 0 12 11 0
1487567010 9453 53762 1706 84 0 14 11 16 0 45 65 0 1 6 210 0 0 12 11 0
1487744776 9453 53762 1706 84 0 14 11 16 0 45 65 0 1 6 210 0 0 12 11 0
1488232101 9511 53762 1706 84 0 14 11 16 0 45 65 0 1 6 210 0 0 12 11 0
1488240574 9517 53762 1706 84 0 14 11 16 0 45 65 0 1 6 210 0 0 12 11 0
1488371835 9532 53762 1706 84 0 14 11 16 0 45 65 0 1 6 210 0 0 12 11 0
1488525661 9579 53762 1706 84 0 14 11 16 0 45 65 0 1 6 210 0 0 12 11 0
1490104655 9579 53762 1706 84 0 14 11 16 0 45 65 0 1 6 210 0 0 12 11 0
1490948919 9587 53762 1706 84 0 14 11 16 0 45 65 0 1 6 210 0 0 12 11 0
1491896490 9605 53762 1706 84 0 14 11 16 0 45 65 0 1 6 210 0 0 12 11 0
1491974034 9615 53762 1706 84 0 14 11 16 0 45 65 0 1 6 210 0 0 12 11 0
1492509966 9622 53762 1706 84 0 14 11 16 0 45 65 0 1 6 210 0 0 12 11 0
1492750102 9674 53762 1706 84 0 14 11 16 0 45 65 0 1 6 210 0 0 12 11 0
1493009900 9675 53762 1706 84 0 14 11 16 0 45 65 0 1 6 210 0 0 12 11 0
1493823407 9675 53762 1706 84 0 14 11 16 0 45 65 0 1 6 210 0 0 12 11 0
1493976380 9676 53762 1706 84 0 14 11 16 0 45 65 0 1 6 210 0 0 12 11 0
1494331713 9679 53762 1706 84 0 14 11 16 0 45 65 0 1 6 210 0 0 12 11 0
1495020766 9688 53762 1706 84 0 14 11 16 0 45 65 0 1 6 210 0 0 12 11 0
1497789856 9736 53762 1706 84 0 14 11 16 0 45 65 0 1 6 210 0 0 12 11 0
1497882158 9758 53762 1706 84 0 14 11 16 0 45 65 0 1 6 210 0 0 12 11 0
1497891590 9869 53762 1706 84 0 14 11 16 0 45 65 0 1 6 210 0 0 12 11 0
1497892813 9873 53762 1706 84 0 14 11 16 0 45 65 0 1 6 210 0 0 12 11 0
1497967300 9895 53762 1706 84 0 14 11 16 0 45 65 0 1 6 210 0 0 12 11 0
1497973687 9913 53762 1706 84 0 14 11 16 0 45 65 0 1 6 210 0 0 12 11 0
1498130778 9915 53762 1706 84 0 14 11 16 0 45 65 0 1 6 210 0 0 12 11 0
1498144996 9916 53762 1706 84 0 14 11 16 0 45 65 0 1 6 210 0 0 12 11 0
1498545543 9927 53762 1706 84 0 14 11 16 0 45 65 0 1 6 210 0 0 12 11 0
1498548713 9929 53762 1706 84 0 14 11 16 0 45 65 0 1 6 210 0 0 12 11 0
1498568071 9937 53762 1706 84 0 14 11 16 0 45 65 0 1 6 210 0 0 12 11 0
1499148144 10053 53762 1706 84 0 14 11 16 0 45 65 0 1 6 210 0 0 12 11 0
1499149716 10059 53762 1706 84 0 14 11 16 0 45 65 0 1 6 210 0 0 12 11 0
1499405434 10062 53762 1706 84 0 14 11 16 0 45 65 0 1 6 210 0 0 12 11 0
1503914627 10118 53762 1706 84 0 14 11 16 0 45 65 0 1 6 210 0 0 12 11 0
1503929207 10119 53762 1706 84 0 14 11 16 0 45 65 0 1 6 210 0 0 12 11 0
1504436306 10121 53762 1706 84 0 14 11 16 0 45 65 0 1 6 210 0 0 12 11 0
1504507215 10125 53762 1706 84 0 14 11 16 0 45 65 0 1 6 210 0 0 12 11 0
1505190785 10134 53762 1706 84 0 14 11 16 0 45 65 0 1 6 210 0 0 12 11 0
1506859532 10563 53762 1706 84 0 14 11 16 0 45 65 0 1 6 210 0 0 12 11 0
1507034405 10590 53762 1706 84 0 14 11 16 0 45 65 0 1 6 210 0 0 12 11 0
1507036566 10620 53762 1706 84 0 14 11 16 0 45 65 0 1 6 210 0 0 12 11 0
1507037596 10634 53762 1706 84 0 14 11 16 0 45 65 0 1 6 210 0 0 12 11 0
1507042065 10701 53762 1706 84 0 14 11 16 0 45 65 0 1 6 210 0 0 12 11 0
1507101375 10745 53762 1706 84 0 14 11 16 0 45 65 0 1 6 210 0 0 12 11 0
1507359732 10768 53762 1706 84 0 14 11 16 0 45 65 0 1 6 210 0 0 12 11 0
1507639814 10768 53762 1706 84 0 14 11 16 41 45 65 0 1 6 210 0 0 12 11 0
1507643662 10768 53762 1706 84 0 14 11 16 51 45 65 0 1 6 210 0 0 12 11 0
1507710848 10769 53762 1706 84 0 14 11 16 51 45 65 0 1 6 210 0 0 12 11 0
1507714987 10800 53762 1706 84 0 14 11 16 51 45 65 0 1 6 210 0 0 12 11 0
1507715397 10801 53762 1706 84 0 14 11 16 51 45 65 0 1 6 210 0 0 12 11 0
1507717393 10827 53762 1706 84 0 14 11 16 51 45 65 0 1 6 210 0 0 12 11 0
1507718039 10884 53762 1706 84 0 14 11 16 51 45 65 0 1 6 210 0 0 12 11 0
1507718277 10885 53762 1706 84 0 14 11 16 51 45 65 0 1 6 210 0 0 12 11 0
1507721429 10893 53762 1706 84 0 14 11 16 51 45 65 0 1 6 210 0 0 12 11 0
1507872541 10894 53762 1706 84 0 14 11 16 51 45 65 0 1 6 210 0 0 12 11 0
1507962819 10897 53762 1706 84 0 14 11 16 51 45 65 0 1 6 210 0 0 12 11 0
1508129000 10899 53762 1706 84 0 14 11 16 51 45 65 0 1 6 210 0 0 12 11 0
1508136287 10903 53762 1706 84 0 14 11 16 51 45 65 0 1 6 210 0 0 12 11 0
1508151334 10903 53762 1706 84 0 14 11 16 51 45 65 0 1 6 210 0 0 12 11 0
1508794029 10905 53762 1706 84 0 14 11 16 51 45 65 0 1 6 210 0 0 12 11 0
1509080785 10914 53762 1706 84 0 14 11 16 51 45 65 0 1 6 210 0 0 12 11 0
1509156957 10919 53762 1706 84 0 14 11 16 51 45 65 0 1 6 210 0 0 12 11 0
1510400638 10923 53762 1706 84 0 14 11 16 51 45 65 0 1 6 210 0 0 12 11 0
1510653386 10947 53762 1706 84 0 14 11 16 51 45 65 0 1 6 210 0 0 12 11 0
1510657001 11031 53762 1706 84 0 14 11 16 51 45 65 0 1 6 210 0 0 12 11 0
1510658044 11033 53762 1706 84 0 14 11 16 51 45 65 0 1 6 210 0 0 12 11 0
1510667481 11037 53762 1706 84 0 14 11 16 51 45 65 0 1 6 210 0 0 12 11 0
1510826261 11098 53762 1706 84 0 14 11 16 51 45 65 0 1 6 210 0 0 12 11 0
1510869032 11102 53762 1706 84 0 14 11 16 51 45 65 0 1 6 210 0 0 12 11 0
1512475121 11103 53762 1706 84 0 14 11 16 51 45 65 0 1 6 210 0 0 12 11 0
1512554470 11108 53762 1706 84 0 14 11 16 51 45 65 0 1 6 210 0 0 12 11 0
1512572110 11109 53762 1706 84 0 14 11 16 51 45 65 0 1 6 210 0 0 12 11 0
1512613931 11110 53762 1706 84 0 14 11 16 51 45 65 0 1 6 210 0 0 12 11 0
1512716074 11112 53762 1706 84 0 14 11 16 51 45 65 0 1 6 210 0 0 12 11 0
1512963149 11138 53762 1706 84 0 14 11 16 51 45 65 0 1 6 210 0 0 12 11 0
1512965913 11175 53762 1706 84 0 14 11 16 51 45 65 0 1 6 210 0 0 12 11 0
1512972135 11212 53762 1706 84 0 14 11 16 51 45 65 0 1 6 210 0 0 12 11 0
1513086566 11384 53762 1706 84 0 14 11 16 51 45 65 0 1 6 210 0 0 12 11 0
1513087471 11386 53762 1706 84 0 14 11 16 51 45 65 0 1 6 210 0 0 12 11 0
1513087885 11390 53762 1706 84 0 14 11 16 51 45 65 0 1 6 210 0 0 12 11 0
1513088558 11392 53762 1706 84 0 14 11 16 51 45 65 0 1 6 210 0 0 12 11 0
1513092432 11397 53762 1706 84 0 14 11 16 51 45 65 0 1 6 210 0 0 12 11 0
1513093183 11399 53762 1706 84 0 14 11 16 51 45 65 0 1 6 210 0 0 12 11 0
1513094016 11401 53762 1706 84 0 14 11 16 51 45 65 0 1 6 210 0 0 12 11 0
1513678564 11404 53762 1706 84 0 14 11 16 51 45 65 0 1 6 210 0 0 12 11 0
1513679255 11405 53762 1706 84 0 14 11 16 51 45 65 0 1 6 210 0 0 12 11 0
1515562865 11405 53762 1706 84 0 14 11 16 51 45 65 0 1 6 210 0 0 12 11 0
1515645182 11406 53762 1706 84 0 14 11 16 51 45 65 0 1 6 210 0 0 12 11 0
1517201567 11406 53762 1706 84 0 14 11 16 51 45 65 0 1 6 210 0 0 12 11 0
1517918744 11444 53762 1706 84 0 14 11 16 51 45 65 0 1 6 210 0 0 12 11 0
1518105351 11466 53762 1706 84 0 14 11 16 51 45 65 0 1 6 210 0 0 12 11 0
1518567171 11466 53762 1706 84 0 14 11 16 51 45 65 0 1 6 210 0 0 12 11 0
1518746475 11466 53762 1706 84 7 14 11 16 51 45 65 0 1 6 210 0 0 12 11 0
1518954970 11467 53762 1706 84 7 14 11 16 51 45 65 0 1 6 210 0 0 12 11 0
1518965178 11481 53762 1706 84 7 14 11 16 51 45 65 0 1 6 210 0 0 12 11 0
1518965266 11481 53762 1706 84 7 14 11 16 51 45 65 0 1 6 210 0 0 12 11 0
1518969451 11539 53762 1706 84 7 14 11 16 51 45 65 0 1 6 210 0 0 12 11 0
1519302632 12131 53762 1706 84 7 14 11 16 51 45 65 0 1 6 210 0 0 12 11 0
1519304014 12134 53762 1706 84 7 14 11 16 51 45 65 0 1 6 210 0 0 12 11 0
1520170918 12159 53762 1706 84 7 14 11 16 51 45 65 0 1 6 210 0 0 12 11 0
1520346800 12168 53762 1706 84 7 14 11 16 51 45 65 0 1 6 210 0 0 12 11 0
1520380391 12170 53762 1706 84 7 14 11 16 51 45 65 0 1 6 210 0 0 12 11 0
1520381006 12173 53762 1706 84 7 14 11 16 51 45 65 0 1 6 210 0 0 12 11 0
1520382240 12180 53762 1706 84 7 14 11 16 51 45 65 0 1 6 210 0 0 12 11 0
1521108663 12187 53762 1706 84 7 14 11 16 51 45 65 0 1 6 210 0 0 12 11 0
1524550949 12208 53762 1706 84 7 14 11 16 51 45 65 0 1 6 210 0 0 12 11 0
1525528994 12248 53762 1706 84 7 14 11 16 51 45 65 0 1 6 210 0 0 12 11 0
1526284530 12260 53762 1706 84 7 14 11 16 51 45 65 0 1 6 210 0 0 12 11 0
1526285756 12269 53762 1706 84 7 14 11 16 51 45 65 0 1 6 210 0 0 12 11 0
1526285996 12280 53762 1706 84 7 14 11 16 51 45 65 0 1 6 210 0 0 12 11 0
1526461761 12299 53762 1706 84 7 14 11 16 51 45 65 0 1 6 210 0 0 12 11 0
1529237986 12597 53762 1706 84 7 14 11 16 51 45 65 0 1 6 210 0 0 12 11 0
1529791892 12597 53762 1706 84 7 14 11 16 51 45 65 0 1 6 210 0 0 12 11 0
1531305001 12600 53762 1706 84 7 14 11 16 51 45 65 0 1 6 210 0 0 12 11 0
1534423428 12600 53762 1706 84 7 14 11 16 51 45 65 0 1 6 210 0 0 12 11 0
1535199062 12602 53762 1706 84 7 14 11 16 51 45 65 0 1 6 210 0 0 12 11 0
1535464652 12602 53762 1706 84 7 14 11 16 51 45 65 0 1 6 210 0 0 12 11 0
1535634290 12693 53762 1706 84 7 14 11 16 51 45 65 0 1 6 210 0 0 12 11 0
1535637074 12696 53762 1706 84 7 14 11 16 51 45 65 0 1 6 210 0 0 12 11 0
1535638095 12700 53762 1706 84 7 14 11 16 51 45 65 0 1 6 210 0 0 12 11 0
1535647665 12711 53762 1706 84 7 14 11 16 51 45 65 0 1 6 210 0 0 12 11 0
1535650491 12712 53762 1706 84 7 14 11 16 51 45 65 0 1 6 210 0 0 12 11 0
1535971705 12720 53762 1706 84 7 14 11 16 51 45 65 0 1 6 210 0 0 12 11 0
1537344045 12726 53762 1706 84 7 14 11 16 51 45 65 0 1 6 210 0 0 12 11 0
1537436244 12737 53762 1706 84 7 14 11 16 51 45 65 0 1 6 210 0 0 12 11 0
1538128734 12740 53762 1706 84 7 14 11 16 51 45 65 0 1 6 210 0 0 12 11 0
1538468370 12792 53762 1706 84 7 14 11 16 51 45 65 0 1 6 210 0 0 12 11 0
1538534532 12798 53762 1706 84 7 14 11 16 51 45 65 0 1 6 210 0 0 12 11 0
1539270662 12800 53762 1706 84 7 14 11 16 51 45 65 0 1 6 210 0 0 12 11 0
1540280678 12802 53762 1706 84 7 14 11 16 51 45 65 0 1 6 210 0 0 12 11 0
1540879125 12824 53762 1706 84 7 14 11 16 51 45 65 0 1 6 210 0 0 12 11 0
1540992939 12825 53762 1706 84 7 14 11 16 51 45 65 0 1 6 210 0 0 12 11 0
1541022072 12831 53762 1706 84 7 14 11 16 51 45 65 0 1 6 210 0 0 12 11 0
1541051185 12839 53762 1706 84 7 14 11 16 51 45 65 0 1 6 210 0 0 12 11 0
1541479651 12846 53762 1706 84 7 14 11 16 51 45 65 0 1 6 210 0 0 12 11 0
1541481203 12863 53762 1706 84 7 14 11 16 51 45 65 0 1 6 210 0 0 12 11 0
1541511478 12874 53762 1706 84 7 14 11 16 51 45 65 0 1 6 210 0 0 12 11 0
1542958663 12890 53762 1706 84 7 14 11 16 51 45 65 0 1 6 210 0 0 12 11 0
1544424162 12920 53762 1706 84 7 14 11 16 51 45 65 0 1 6 210 0 0 12 11 0
1544703628 12944 53762 1706 84 7 14 11 16 51 45 65 0 1 6 210 0 0 12 11 0
1544711954 13005 53762 1706 84 7 14 11 16 51 45 65 0 1 6 210 0 0 12 11 0
1544721820 13079 53762 1706 84 7 14 11 16 51 45 65 0 1 6 210 0 0 12 11 0
1544724636 13083 53762 1706 84 7 14 11 16 51 45 65 0 1 6 210 0 0 12 11 0
1544765578 13085 53762 1706 84 7 14 11 16 51 45 65 0 1 6 210 0 0 12 11 0
1544780340 13117 53762 1706 84 7 14 11 16 51 45 65 0 1 6 210 0 0 12 11 0
1545200476 13149 53762 1706 84 54 14 11 16 51 45 65 0 1 6 210 0 0 12 11 0
1545424662 13149 53762 1706 84 72 14 11 16 51 45 65 0 1 6 210 0 0 12 11 0
1545425009 13149 53762 1706 84 109 14 11 16 51 45 65 0 1 6 210 0 0 12 11 0
1545449623 13159 53762 1706 84 109 14 11 16 51 45 65 0 1 6 210 0 0 12 11 0
1545657207 13167 53762 1706 84 109 14 11 16 51 45 65 0 1 6 210 0 0 12 11 0
1546975664 13167 53762 1706 84 109 14 11 16 51 45 65 0 1 6 210 0 9 12 11 0
1547071657 13167 53762 1706 84 142 14 11 16 51 45 65 0 1 6 210 0 9 12 11 0
1547071695 13167 53762 1706 84 143 14 11 16 51 45 65 0 1 6 210 0 9 12 11 0
1547186905 13172 53762 1706 84 143 14 11 16 51 45 65 0 1 6 210 0 9 12 11 0
1547192870 13209 53762 1706 84 143 14 11 16 51 45 65 0 1 6 210 0 9 12 11 0
1547194060 13252 53762 1706 84 143 14 11 16 51 45 65 0 1 6 210 0 9 12 11 0
1547196098 13302 53762 1706 84 143 14 11 16 51 45 65 0 1 6 210 0 9 12 11 0
1548131856 13313 53762 1706 84 143 14 11 16 51 45 65 0 1 6 210 0 9 12 11 0
1548135204 13325 53762 1706 84 143 14 11 16 51 45 65 0 1 6 210 0 9 12 11 0
1548136412 13327 53762 1706 84 143 14 11 16 51 45 65 0 1 6 210 0 9 12 11 0
1548409833 13338 53762 1706 84 143 14 11 16 51 45 65 0 1 6 210 0 9 12 11 0
1548779027 13366 53762 1706 84 143 14 11 16 51 45 65 0 1 6 210 0 9 12 11 0
1548951179 13371 53762 1706 84 143 14 11 16 51 45 65 0 1 6 210 0 9 12 11 0
1548953011 13389 53762 1706 84 143 14 11 16 51 45 65 0 1 6 210 0 9 12 11 0
1548954594 13415 53762 1706 84 143 14 11 16 51 45 65 0 1 6 210 0 9 12 11 0
1548956081 13417 53762 1706 84 143 14 11 16 51 45 65 0 1 6 210 0 9 12 11 0
1548978478 13418 53762 1706 84 143 14 11 16 51 45 65 0 1 6 210 0 9 12 11 0
1549805551 13445 53762 1706 84 143 14 11 16 51 45 65 0 1 6 210 0 9 12 11 0
1550061794 13446 53762 1706 84 143 14 11 16 51 45 65 0 1 6 210 0 9 12 11 0
1551114568 13446 53762 1706 84 148 14 11 16 51 45 65 0 1 6 210 0 9 12 11 0
1551116256 13447 53762 1706 84 148 14 11 16 51 45 65 0 1 6 210 0 9 12 11 0
1551151569 13456 53762 1706 84 148 14 11 16 51 45 65 0 1 6 210 0 9 12 11 0
1551690262 13503 53762 1706 84 148 14 11 16 51 45 65 0 1 6 210 0 9 12 11 0
1551792977 13532 53762 1706 84 148 14 11 16 51 45 65 0 1 6 210 0 9 12 11 0
1551793801 13540 53762 1706 84 148 14 11 16 51 45 65 0 1 6 210 0 9 12 11 0
1551861024 13542 53762 1706 84 148 14 11 16 51 45 65 0 1 6 210 0 9 12 11 0
1552047047 13712 53762 1706 84 148 14 11 16 51 45 65 0 1 6 210 0 9 12 11 0
1552099053 13769 53762 1706 84 148 14 11 16 51 45 65 0 1 6 210 0 9 12 11 0
1552100468 13769 53762 1706 84 148 14 11 16 51 45 65 0 1 6 210 0 9 12 11 0
1552283904 13803 53762 1706 84 148 14 11 16 51 45 65 0 1 6 210 0 9 12 11 0
1552288184 13830 53762 1706 84 148 14 11 16 51 45 65 0 1 6 210 0 9 12 11 0
1552300504 13844 53762 1706 84 148 14 11 16 51 45 65 0 1 6 210 0 9 12 11 0
1552461798 13857 53762 1706 84 148 14 11 16 51 45 65 0 1 6 210 0 9 12 11 0
1552566637 13906 53762 1706 84 148 14 11 16 51 45 65 0 1 6 210 0 9 12 11 0
1552894266 13979 53762 1706 84 148 14 11 16 51 45 65 0 1 6 210 0 9 12 11 0
1552895372 14043 53762 1706 84 148 14 11 16 51 45 65 0 1 6 210 0 9 12 11 0
1552896298 14111 53762 1706 84 148 14 11 16 51 45 65 0 1 6 210 0 9 12 11 0
1552897960 14158 53762 1706 84 148 14 11 16 51 45 65 0 1 6 210 0 9 12 11 0
1552898705 14240 53762 1706 84 148 14 11 16 51 45 65 0 1 6 210 0 9 12 11 0
1552899619 14331 53762 1706 84 148 14 11 16 51 45 65 0 1 6 210 0 9 12 11 0
1552900354 14428 53762 1706 84 148 14 11 16 51 45 65 0 1 6 210 0 9 12 11 0
1554816182 14447 53762 1706 84 148 14 11 16 51 45 65 0 1 6 210 0 9 12 11 0
1554985857 14447 53762 1706 84 148 14 11 16 51 45 65 0 1 6 210 0 9 12 11 0
1555561357 14458 53762 1706 84 148 14 11 16 51 45 65 0 1 6 210 0 9 12 11 0
1555603708 14460 53762 1706 84 148 14 11 16 51 45 65 0 1 6 210 0 9 12 11 0
1555687929 14462 53762 1706 84 148 14 11 16 51 45 65 0 1 6 210 0 9 12 11 0
1557060456 14468 53762 1706 84 148 14 11 16 51 45 65 0 1 6 210 0 9 12 11 0
1558525569 14477 53762 1706 84 148 14 11 16 51 45 65 0 1 6 210 0 9 12 11 0
1560489463 14480 53762 1706 84 148 14 11 16 51 45 65 0 1 6 210 0 9 12 11 0
1560490436 14484 53762 1706 84 148 14 11 16 51 45 65 0 1 6 210 0 9 12 11 0
1562226799 14490 53762 1706 84 148 14 11 16 51 45 65 0 1 6 210 0 9 12 11 0
1562234395 14491 53762 1706 84 148 14 11 16 51 45 65 0 1 6 210 0 9 12 11 0
1562293542 14507 53762 1706 84 148 14 11 16 51 45 65 0 1 6 210 0 9 12 11 0
1562295023 14510 53762 1706 84 148 14 11 16 51 45 65 0 1 6 210 0 9 12 11 0
1562320897 14529 53762 1706 84 148 14 11 16 51 45 65 0 1 6 210 0 9 12 11 0
1562508777 14538 53762 1706 84 148 14 11 16 51 45 65 0 1 6 210 0 9 12 11 0
1563707667 14799 53762 1706 84 148 14 11 16 51 45 65 0 1 6 210 0 9 12 11 0
1563975479 19400 53762 1706 84 148 14 11 16 51 45 65 0 1 6 210 0 9 12 11 0
1563981710 19401 53762 1706 84 148 14 11 16 51 45 65 0 1 6 210 0 9 12 11 0
1564062367 19453 53762 1706 84 148 14 11 16 51 45 65 0 1 6 210 0 9 12 11 0
1564063066 19455 53762 1706 84 148 14 11 16 51 45 65 0 1 6 210 0 9 12 11 0
1564128630 19463 53762 1706 84 148 14 11 16 51 45 65 0 1 6 210 0 9 12 11 0
1564130636 19493 53762 1706 84 148 14 11 16 51 45 65 0 1 6 210 0 9 12 11 0
1564564809 19497 53762 1706 84 148 14 11 16 51 45 65 0 1 6 210 0 9 12 11 0
1565881731 19509 53762 1706 84 148 14 11 16 51 45 65 0 1 6 210 0 9 12 11 0
1565883169 19511 53762 1706 84 148 14 11 16 51 45 65 0 1 6 210 0 9 12 11 0
1565884271 19516 53762 1706 84 148 14 11 16 51 45 65 0 1 6 210 0 9 12 11 0
1566137456 19607 53762 1706 84 148 14 11 16 51 45 65 0 1 6 210 0 9 12 11 0
1566141009 19617 53762 1706 84 148 14 11 16 51 45 65 0 1 6 210 0 9 12 11 0
1566141715 19618 53762 1706 84 148 14 11 16 51 45 65 0 1 6 210 0 9 12 11 0
1566142143 19619 53762 1706 84 148 14 11 16 51 45 65 0 1 6 210 0 9 12 11 0
1566144314 19621 53762 1706 84 148 14 11 16 51 45 65 0 1 6 210 0 9 12 11 0
1566145462 19623 53762 1706 84 148 14 11 16 51 45 65 0 1 6 210 0 9 12 11 0
1566149239 19625 53762 1706 84 148 14 11 16 51 45 65 0 1 6 210 0 9 12 11 0
1566150531 19626 53762 1706 84 148 14 11 16 51 45 65 0 1 6 210 0 9 12 11 0
1566151681 19627 53762 1706 84 148 14 11 16 51 45 65 0 1 6 210 0 9 12 11 0
1566153364 19628 53762 1706 84 148 14 11 16 51 45 65 0 1 6 210 0 9 12 11 0
1566222044 19719 53762 1706 84 148 14 11 16 51 45 65 0 1 6 210 0 9 12 11 0
1566224203 19730 53762 1706 84 148 14 11 16 51 45 65 0 1 6 210 0 9 12 11 0
1566816918 19732 53762 1706 84 148 14 11 16 51 45 65 0 1 6 210 0 9 12 11 0
1566832691 19734 53762 1706 84 148 14 11 16 51 45 65 0 1 6 210 0 9 12 11 0
1566881313 19734 53762 1706 84 148 14 11 16 51 45 65 0 1 6 210 0 9 12 11 0
1570464597 19771 53762 1706 84 148 14 11 16 51 45 65 0 1 6 210 0 9 12 11 0
1570610172 19914 53762 1706 84 148 14 11 16 51 45 65 0 1 6 210 0 9 12 11 0
1570699830 20045 53762 1706 84 148 14 11 16 51 45 65 0 1 6 210 0 9 12 11 0
1570702581 20454 53762 1706 84 148 14 11 16 51 45 65 0 1 6 210 0 9 12 11 0
1570704169 20460 53762 1706 84 148 14 11 16 51 45 65 0 1 6 210 0 9 12 11 0
1570705588 20481 53762 1706 84 148 14 11 16 51 45 65 0 1 6 210 0 9 12 11 0
1570706909 20481 53762 1706 84 148 14 11 16 51 45 65 0 1 6 210 0 9 12 11 0
1570811263 20495 53762 1706 84 148 14 11 16 51 45 65 0 1 6 210 0 9 12 11 0
1570813883 20519 53762 1706 84 148 14 11 16 51 45 65 0 1 6 210 0 9 12 11 0
1570817083 20525 53762 1706 84 148 14 11 16 51 45 65 0 1 6 210 0 9 12 11 0
1570820326 20526 53762 1706 84 148 14 11 16 51 45 65 0 1 6 210 0 9 12 11 0
1570821353 20528 53762 1706 84 148 14 11 16 51 45 65 0 1 6 210 0 9 12 11 0
1570822566 20554 53762 1706 84 148 14 11 16 51 45 65 0 1 6 210 0 9 12 11 0
1570824567 20592 53762 1706 84 148 14 11 16 51 45 65 0 1 6 210 0 9 12 11 0
1570825900 20596 53762 1706 84 148 14 11 16 51 45 65 0 1 6 210 0 9 12 11 0
1571032126 20598 53762 1706 84 148 14 11 16 51 45 65 0 1 6 210 0 9 12 11 0
1572344330 20599 53762 1706 84 148 14 11 16 51 45 65 0 1 6 210 0 9 12 11 0
1572349487 20601 53762 1706 84 148 14 11 16 51 45 65 0 1 6 210 0 9 12 11 0
1572357872 20641 53762 1706 84 148 14 11 16 51 45 65 0 1 6 210 0 9 12 11 0
1573449702 20642 53762 1706 84 148 14 11 16 51 45 65 0 1 6 210 0 9 12 11 0
1574674444 20677 53762 1706 84 148 14 11 16 51 45 65 0 1 6 210 0 9 12 11 0
1574680868 20705 53762 1706 84 148 14 11 16 51 45 65 0 1 6 210 0 9 12 11 0
1575884639 20783 53762 1706 84 148 14 11 16 51 45 65 0 1 6 210 0 9 12 11 0
1576292380 20784 53762 1706 84 148 14 11 16 51 45 65 0 1 6 210 0 9 12 11 0
1577690542 20799 53762 1706 84 148 14 11 16 51 45 65 0 1 6 210 0 9 12 11 0
1578218732 20800 53762 1706 84 148 14 11 16 51 45 65 0 1 6 210 0 9 12 11 0
1578464078 20849 53762 1706 84 148 14 11 16 51 45 65 0 1 6 210 0 9 12 11 0
1578822795 20851 53762 1706 84 148 14 11 16 51 45 65 0 1 6 210 0 9 12 11 0
1580288395 21436 53762 1706 84 148 14 11 16 51 45 65 0 1 6 210 0 9 12 11 0
1580529089 21469 53762 1706 84 148 14 11 16 51 45 65 0 1 6 210 0 9 12 11 0
1580799573 21483 53762 1706 84 148 14 11 16 51 45 65 0 1 6 210 0 9 12 11 0
1580826362 21484 53762 1706 84 148 14 11 16 51 45 65 0 1 6 210 0 9 12 11 0
1581473989 21486 53762 1706 84 148 14 11 16 51 45 65 0 1 6 210 0 9 12 11 0
1581590059 21599 53762 1706 84 148 14 11 16 51 45 65 0 1 6 210 0 9 12 11 0
1581659066 21602 53762 1706 84 148 14 11 16 51 45 65 0 1 6 210 0 9 12 11 0
1581659846 21604 53762 1706 84 148 14 11 16 51 45 65 0 1 6 210 0 9 12 11 0
1581697590 21767 53762 1706 84 148 14 11 16 51 45 65 0 1 6 210 0 9 12 11 0
1581700513 21786 53762 1706 84 148 14 11 16 51 45 65 0 1 6 210 0 9 12 11 0
1581704766 21788 53762 1706 84 148 14 11 16 51 45 65 0 1 6 210 0 9 12 11 0
1582012290 21828 53762 1706 84 148 14 11 16 51 45 65 0 1 6 210 0 9 12 11 0
1582257351 21829 53762 1706 84 148 14 11 16 51 45 65 0 1 6 210 0 9 12 11 0
1582679093 21846 53762 1706 84 148 14 11 16 51 45 65 0 1 6 210 0 9 12 11 0
1582694624 21856 53762 1706 84 148 14 11 16 51 45 65 0 1 6 210 0 9 12 11 0
1582714223 21859 53762 1706 84 148 14 11 16 51 45 65 0 1 6 210 0 9 12 11 0
1582776525 21887 53762 1706 84 148 14 11 16 51 45 65 0 1 6 210 0 9 12 11 0
1582879797 21928 53762 1706 84 148 14 11 16 51 45 65 0 1 6 210 0 9 12 11 0
1583117048 21929 53762 1706 84 148 14 11 16 51 45 65 0 1 6 210 0 9 12 11 0
1583210799 21930 53762 1706 84 148 14 11 16 51 45 65 0 1 6 210 0 9 12 11 0
1583331482 21930 53762 1706 84 148 14 11 16 51 45 65 0 1 6 210 0 9 12 11 0
1584069661 21933 53762 1706 84 148 14 11 16 51 45 65 0 1 6 210 0 9 12 11 0
1584278500 22184 53762 1706 84 148 14 11 16 51 45 65 0 1 6 210 0 9 12 11 0
1585307550 22208 53762 1706 84 148 14 11 16 51 45 65 0 1 6 210 0 9 12 11 0
1585308161 22211 53762 1706 84 148 14 11 16 51 45 65 0 1 6 210 0 9 12 11 0
1586101878 22223 53762 1706 84 148 14 11 16 51 45 65 0 1 6 210 0 9 12 11 0
1586105441 22255 53762 1706 84 148 14 11 16 51 45 65 0 1 6 210 0 9 12 11 0
1586109415 22302 53762 1706 84 148 14 11 16 51 45 65 0 1 6 210 0 9 12 11 0
1586239833 22303 53762 1706 84 148 14 11 16 51 45 65 0 1 6 210 0 9 12 11 0
1586464494 22304 53762 1706 84 148 14 11 16 51 45 65 0 1 6 210 0 9 12 11 0
1587315248 22319 53762 1706 84 148 14 11 16 51 45 65 0 1 6 210 0 9 12 11 0
1587392383 22323 53762 1706 84 148 14 11 16 51 45 65 0 1 6 210 0 9 12 11 0
1587467980 22333 53762 1706 84 148 14 11 16 51 45 65 0 1 6 210 0 9 12 11 0
1587654832 22337 53762 1706 84 148 14 11 16 51 45 65 0 1 6 210 0 9 12 11 0
1587655814 22337 53762 1706 84 148 14 11 16 51 45 65 0 1 6 210 0 9 12 11 0
1587657158 22380 53762 1706 84 148 14 11 16 51 45 65 0 1 6 210 0 9 12 11 0
1588409423 22386 53762 1706 84 148 14 11 16 51 45 65 0 1 6 210 0 9 12 11 0
1588697540 22422 53762 1706 84 148 14 11 16 51 45 65 0 1 6 210 0 9 12 11 0
1589119955 22423 53762 1706 84 148 14 11 16 51 45 65 0 1 6 210 0 9 12 11 0
1589207191 22454 53762 1706 84 148 14 11 16 51 45 65 0 1 6 210 0 9 12 11 0
1589210776 22556 53762 1706 84 148 14 11 16 51 45 65 0 1 6 210 0 9 12 11 0
1589213151 22571 53762 1706 84 148 14 11 16 51 45 65 0 1 6 210 0 9 12 11 0
1589216595 22572 53762 1706 84 148 14 11 16 51 45 65 0 1 6 210 0 9 12 11 0
1589571550 22580 53762 1706 84 148 14 11 16 51 45 65 0 1 6 210 0 9 12 11 0
1589620442 22581 53762 1706 84 148 14 11 16 51 45 65 0 1 6 210 0 9 12 11 0
1589689865 22629 53762 1706 84 148 14 11 16 51 45 65 0 1 6 210 0 9 12 11 0
1589727741 22676 53762 1706 84 148 14 11 16 51 45 65 0 1 6 210 0 9 12 11 0
1589730036 22704 53762 1706 84 148 14 11 16 51 45 65 0 1 6 210 0 9 12 11 0
1589730436 22707 53762 1706 84 148 14 11 16 51 45 65 0 1 6 210 0 9 12 11 0
1589735503 22737 53762 1706 84 148 14 11 16 51 45 65 0 1 6 210 0 9 12 11 0
1589735726 22749 53762 1706 84 148 14 11 16 51 45 65 0 1 6 210 0 9 12 11 0
1589902279 22762 53762 1706 84 148 14 11 16 51 45 65 0 1 6 210 0 9 12 11 0
1589904260 22763 53762 1706 84 148 14 11 16 51 45 65 0 1 6 210 0 9 12 11 0
1589907584 22809 53762 1706 84 148 14 11 16 51 45 65 0 1 6 210 0 9 12 11 0
1589984718 22864 53762 1706 84 148 14 11 16 51 45 65 0 1 6 210 0 9 12 11 0
1590139552 22884 53762 1706 84 148 14 11 16 51 45 65 0 1 6 210 0 9 12 11 0
1590141192 22892 53762 1706 84 148 14 11 16 51 45 65 0 1 6 210 0 9 12 11 0
1590147403 22922 53762 1706 84 148 14 11 16 51 45 65 0 1 6 210 0 9 12 11 0
1590148096 22927 53762 1706 84 148 14 11 16 51 45 65 0 1 6 210 0 9 12 11 0
1590597207 22944 53762 1706 84 148 14 11 16 51 45 65 0 1 6 210 0 9 12 11 0
1591448849 22947 53762 1706 84 148 14 11 16 51 45 65 0 1 6 210 0 9 12 11 0
1591605436 22956 53762 1706 84 148 14 11 16 51 45 65 0 1 6 210 0 9 12 11 0
1592202903 23001 53762 1706 84 148 14 11 16 51 45 65 0 1 6 210 0 9 12 11 0
1592276690 23002 53762 1706 84 148 14 11 16 51 45 65 0 1 6 210 0 9 12 11 0
1592318193 23035 53762 1706 84 148 14 11 16 51 45 65 0 1 6 210 0 9 12 11 0
1592338443 23067 53762 1706 84 148 14 11 16 51 45 65 0 1 6 210 0 9 12 11 0
1592496426 23107 53762 1706 84 148 14 11 16 51 45 65 0 1 6 210 0 9 12 11 0
1592503868 23179 53762 1706 84 148 14 11 16 51 45 65 0 1 6 210 0 9 12 11 0
1593075405 23179 53762 1706 84 148 14 11 16 51 45 65 0 1 6 210 0 9 12 11 1
1593766008 23179 53762 1706 84 148 14 11 16 67 45 65 0 1 6 210 0 9 12 11 1
1594013162 23180 53762 1706 84 148 14 11 16 67 45 65 0 1 6 210 0 9 12 11 1
1594747426 23194 53762 1706 84 148 14 11 16 67 45 65 0 1 6 210 0 9 12 11 1
1600786603 23227 53762 1706 84 148 14 11 16 67 45 65 0 1 6 210 0 9 12 11 1
1600790634 23244 53762 1706 84 148 14 11 16 67 45 65 0 1 6 210 0 9 12 11 1
1600791722 23244 53762 1706 84 148 14 11 16 67 45 65 0 1 6 210 0 9 12 11 1
1600795391 23270 53762 1706 84 148 14 11 16 67 45 65 0 1 6 210 0 9 12 11 1
1600796458 23284 53762 1706 84 148 14 11 16 67 45 65 0 1 6 210 0 9 12 11 1
1600803730 23301 53762 1706 84 148 14 11 16 67 45 65 0 1 6 210 0 9 12 11 1
1600805657 23316 53762 1706 84 148 14 11 16 67 45 65 0 1 6 210 0 9 12 11 1
1600807174 23330 53762 1706 84 148 14 11 16 67 45 65 0 1 6 210 0 9 12 11 1
1600808702 23334 53762 1706 84 148 14 11 16 67 45 65 0 1 6 210 0 9 12 11 1
1600810417 23342 53762 1706 84 148 14 11 16 67 45 65 0 1 6 210 0 9 12 11 1
1601095266 23343 53762 1706 84 148 14 11 16 67 45 65 0 1 6 210 0 9 12 11 1
1601096154 23348 53762 1706 84 148 14 11 16 67 45 65 0 1 6 210 0 9 12 11 1
1601096805 23351 53762 1706 84 148 14 11 16 67 45 65 0 1 6 210 0 9 12 11 1
1601202864 23353 53762 1706 84 148 14 11 16 67 45 65 0 1 6 210 0 9 12 11 1
1601203189 23374 53762 1706 84 148 14 11 16 67 45 65 0 1 6 210 0 9 12 11 1
1601985605 23382 53762 1706 84 148 14 11 16 67 45 65 0 1 6 210 0 9 12 11 1
1602092504 23577 53762 1706 84 148 14 11 16 67 45 65 0 1 6 210 0 9 12 11 1
1602093739 23578 53762 1706 84 148 14 11 16 67 45 65 0 1 6 210 0 9 12 11 1
1602116327 23579 53762 1706 84 148 14 11 16 67 45 65 0 1 6 210 0 9 12 11 1
1602139169 23592 53762 1706 84 148 14 11 16 67 45 65 0 1 6 210 0 9 12 11 1
1602168341 23638 53762 1706 84 148 14 11 16 67 45 65 0 1 6 210 0 9 12 11 1
1602226884 23642 53762 1706 84 148 14 11 16 67 45 65 0 1 6 210 0 9 12 11 1
1602580827 23650 53762 1706 84 148 14 11 16 67 45 65 0 1 6 210 0 9 12 11 1
1602586550 23654 53762 1706 84 148 14 11 16 67 45 65 0 1 6 210 0 9 12 11 1
1603707283 23680 53762 1706 84 148 14 11 16 67 45 65 0 1 6 210 0 9 12 11 1
1605458422 23680 53762 1706 84 148 14 11 16 67 45 65 0 1 6 210 1 9 12 11 1
1605682916 23705 53762 1706 84 148 14 11 16 67 45 65 0 1 6 210 1 9 12 11 1
1606366743 23706 53762 1706 84 148 14 11 16 67 45 65 0 1 6 210 1 9 12 11 1
1609314201 23707 53762 1706 84 148 14 11 16 67 45 65 0 1 6 210 1 9 12 11 1
1609320790 23731 53762 1706 84 148 14 11 16 67 45 65 0 1 6 210 1 9 12 11 1
1610614878 23731 53762 1706 84 148 14 11 16 67 45 65 0 1 6 210 1 9 12 11 1
1611705704 23738 53762 1706 84 148 14 11 16 67 45 65 0 1 6 210 1 9 12 11 1
1611854311 23741 53762 1706 84 148 14 11 16 67 45 65 0 1 6 210 1 9 12 11 1
1612224869 23742 53762 1706 84 148 14 11 16 67 45 65 0 1 6 210 1 9 12 11 1
1612265614 23808 53762 1706 84 148 14 11 16 67 45 65 0 1 6 210 1 9 12 11 1
1612701041 23809 53762 1706 84 148 14 11 16 67 45 65 0 1 6 210 1 9 12 11 1
1613961718 23844 53762 1706 84 148 14 11 16 67 45 65 0 1 6 210 1 9 12 11 1
1614160692 23851 53762 1706 84 148 14 11 16 67 45 65 0 1 6 210 1 9 12 11 1
1616761220 23858 53762 1706 84 148 14 11 16 67 45 65 0 1 6 210 1 9 12 11 1
1618890288 23859 53762 1706 84 148 14 11 16 67 45 65 0 1 6 210 1 9 12 11 1
1619696502 23862 53762 1706 84 148 14 11 16 67 45 65 0 1 6 210 1 9 12 11 1
1620094285 23863 53762 1706 84 148 14 11 16 67 45 65 0 1 6 210 1 9 12 11 1
1620640826 23864 53762 1706 84 148 14 11 16 67 45 65 0 1 6 210 1 9 12 11 1
1620835163 23990 53762 1706 84 148 14 11 16 67 45 65 0 1 6 210 1 9 12 11 1
1621401273 23992 53762 1706 84 148 14 11 16 67 45 65 0 1 6 210 1 9 12 11 1
1621402685 23998 53762 1706 84 148 14 11 16 67 45 65 0 1 6 210 1 9 12 11 1
1621434749 24000 53762 1706 84 148 14 11 16 67 45 65 0 1 6 210 1 9 12 11 1
1621596257 24001 53762 1706 84 148 14 11 16 67 45 65 0 1 6 210 1 9 12 11 1
1624462601 24002 53762 1706 84 148 14 11 16 67 45 65 0 1 6 210 1 9 12 11 1
1624463995 24004 53762 1706 84 148 14 11 16 67 45 65 0 1 6 210 1 9 12 11 1
1624464172 24005 53762 1706 84 148 14 11 16 67 45 65 0 1 6 210 1 9 12 11 1
1625122133 24010 53762 1706 84 148 14 11 16 67 45 65 0 1 6 210 1 9 12 11 1
1625219346 24025 53762 1706 84 148 14 11 16 67 45 65 0 1 6 210 1 9 12 11 1
1625330483 24253 53762 1706 84 148 14 11 16 67 45 65 0 1 6 210 1 9 12 11 1
1625391718 24256 53762 1706 84 148 14 11 16 67 45 65 0 1 6 210 1 9 12 11 1
1625539936 24268 53762 1706 84 148 14 11 16 67 45 65 0 1 6 210 1 9 12 11 1
1625595705 24283 53762 1706 84 148 14 11 16 67 45 65 0 1 6 210 1 9 12 11 1
1625601994 24293 53762 1706 84 148 14 11 16 67 45 65 0 1 6 210 1 9 12 11 1
1625632705 24297 53762 1706 84 148 14 11 16 67 45 65 0 1 6 210 1 9 12 11 1
1625634053 24305 53762 1706 84 148 14 11 16 67 45 65 0 1 6 210 1 9 12 11 1
1625658943 24343 53762 1706 84 148 14 11 16 67 45 65 0 1 6 210 1 9 12 11 1
1625789282 24347 53762 1706 84 148 14 11 16 67 45 65 0 1 6 210 1 9 12 11 1
1627126683 24378 53762 1706 84 148 14 11 16 67 45 65 0 1 6 210 1 9 12 11 1
1627982912 24411 53762 1706 84 148 14 11 16 67 45 65 0 1 6 210 1 9 12 11 1
1627985768 24413 53762 1706 84 148 14 11 16 67 45 65 0 1 6 210 1 9 12 11 1
1628527512 24414 53762 1706 84 148 14 11 16 67 45 65 0 1 6 210 1 9 12 11 1
1628527734 24415 53762 1706 84 148 14 11 16 67 45 65 0 1 6 210 1 9 12 11 1
1628859419 24416 53762 1706 84 148 14 11 16 67 45 65 0 1 6 210 1 9 12 11 1
1629727653 24417 53762 1706 84 148 14 11 16 67 45 65 0 1 6 210 1 9 12 11 1
1630046357 24418 53762 1706 84 148 14 11 16 67 45 65 0 1 6 210 1 9 12 11 1
1630401154 24422 53762 1706 84 148 14 11 16 67 45 65 0 1 6 210 1 9 12 11 1
1630583240 24469 53762 1706 84 148 14 11 16 67 45 65 0 1 6 210 1 9 12 11 1
1630594698 24474 53762 1706 84 148 14 11 16 67 45 65 0 1 6 210 1 9 12 11 1
1634565865 24474 53762 1706 84 148 14 11 16 67 45 65 0 1 6 210 1 9 12 11 1
1634705506 24522 53762 1706 84 148 14 11 16 67 45 65 0 1 6 210 1 9 12 11 1
1635046679 24523 53762 1706 84 148 14 11 16 67 45 65 0 1 6 210 1 9 12 11 1
1635160761 24564 53762 1706 84 148 14 11 16 67 45 65 0 1 6 210 1 9 12 11 1
1635167602 24921 53762 1706 84 148 14 11 16 67 45 65 0 1 6 210 1 9 12 11 1
1635328786 24923 53762 1706 84 148 14 11 16 67 45 65 0 1 6 210 1 9 12 11 1
1635402086 24940 53762 1706 84 148 14 11 16 67 45 65 0 1 6 210 1 9 12 11 1
1635854274 24945 53762 1706 84 148 14 11 16 67 45 65 0 1 6 210 1 9 12 11 1
1637251877 24946 53762 1706 84 148 14 11 16 67 45 65 0 1 6 210 1 9 12 11 1
1640347487 24946 53762 1706 84 148 14 11 16 67 45 65 0 1 6 210 1 9 12 11 1
1641977604 24948 53762 1706 84 148 14 11 16 67 45 65 0 1 6 210 1 9 12 11 1
1642342592 24948 53762 1710 84 148 14 11 16 67 45 65 0 1 6 210 1 9 12 11 1
1642481206 24949 53762 1710 84 148 14 11 16 67 45 65 0 1 6 210 1 9 12 11 1
1642499151 24956 53762 1710 84 148 14 11 16 67 45 65 0 1 6 210 1 9 12 11 1
1642565563 24961 53762 1710 84 148 14 11 16 67 45 65 0 1 6 210 1 9 12 11 1
1642659752 24976 53762 1710 84 148 14 11 16 67 45 65 0 1 6 210 1 9 12 11 1
1643042326 25304 53762 1710 84 148 14 11 16 67 45 65 0 1 6 210 1 9 12 11 1
1643301488 25305 53762 1710 84 148 14 11 16 67 45 65 0 1 6 210 1 9 12 11 1
1643308107 25332 53762 1710 84 148 14 11 16 67 45 65 0 1 6 210 1 9 12 11 1
1643315291 25333 53762 1710 84 148 14 11 16 67 45 65 0 1 6 210 1 9 12 11 1
1645128875 25343 53762 1710 84 148 14 11 16 67 45 65 0 1 6 210 1 9 12 11 1
1645716163 25348 53762 1710 84 148 14 11 16 67 45 65 0 1 6 210 1 9 12 11 1
1646314347 25349 53762 1710 84 148 14 11 16 67 45 65 0 1 6 210 1 9 12 11 1
1646989742 25349 53762 1710 84 148 14 11 16 67 45 65 0 1 6 210 1 9 12 11 1
1647354144 25349 53762 1710 84 148 14 11 16 67 45 65 0 1 6 210 1 9 12 11 1
1647366650 25359 53762 1710 84 148 14 11 16 67 45 65 0 1 6 210 1 9 12 11 1
1647606155 25359 53762 1710 84 148 14 11 16 67 45 65 0 1 6 210 1 9 12 11 1
1647976016 25359 53762 1710 84 148 14 11 16 67 45 65 0 1 6 210 1 9 12 11 1
1648134985 25363 53762 1710 84 148 14 11 16 67 45 65 0 1 6 210 1 9 12 11 1
1648665197 25391 53762 1710 84 148 14 11 16 67 45 65 0 1 6 210 1 9 12 11 1
1649262173 25437 53762 1710 84 148 14 11 16 67 45 65 0 1 6 210 1 9 12 11 1
1649425114 25438 53762 1710 84 148 14 11 16 67 45 65 0 1 6 210 1 9 12 11 1
1649426241 25439 53762 1710 84 148 14 11 16 67 45 65 0 1 6 210 1 9 12 11 1
1649444982 25443 53762 1710 84 148 14 11 16 67 45 65 0 1 6 210 1 9 12 11 1
1649690145 25449 53762 1710 84 148 14 11 16 67 45 65 0 1 6 210 1 9 12 11 1
1652165872 25450 53762 1710 84 148 14 11 16 67 45 65 0 1 6 210 1 9 12 11 1
1654021402 25515 53762 1710 84 148 14 11 16 67 45 65 0 1 6 210 1 9 12 11 1
1654301789 25515 53762 1710 84 148 14 11 16 67 45 65 0 1 6 210 1 9 12 11 1
1659593604 25515 53762 1710 84 148 14 11 16 67 45 65 0 1 6 210 1 9 12 11 1
1659612629 25516 53762 1710 84 148 14 11 16 67 45 65 0 1 6 210 1 9 12 11 1
1659692152 25519 53762 1710 84 148 14 11 16 67 45 65 0 1 6 210 1 9 12 11 1
1659985737 25527 53762 1710 84 148 14 11 16 67 45 65 0 1 6 210 1 9 12 11 1
1661325545 25541 53762 1710 84 148 14 11 16 67 45 65 0 1 6 210 1 9 12 11 1
1661529859 25542 53762 1710 84 148 14 11 16 67 45 65 0 1 6 210 1 9 12 11 1
1663160322 25697 53762 1710 84 148 14 11 16 67 45 65 0 1 6 210 1 9 12 11 1
1665066966 25697 53762 1710 84 148 14 11 16 67 45 65 9 1 6 210 1 9 12 11 1
1665415290 25697 53762 1710 84 148 14 11 16 67 45 65 50 1 6 210 1 9 12 11 1
1665758830 25704 53762 1710 84 148 14 11 16 67 45 65 50 1 6 210 1 9 12 11 1
1665775346 25717 53762 1710 84 148 14 11 16 67 45 65 50 1 6 210 1 9 12 11 1
1666014999 25717 53762 1710 84 148 14 11 16 67 45 65 50 1 6 210 1 9 12 11 1
1666015831 25857 53762 1710 84 148 14 11 16 67 45 65 50 1 6 210 1 9 12 11 1
1666016546 25857 53762 1710 84 148 14 11 16 67 45 65 50 1 6 210 1 9 12 11 1
1666017268 25870 53762 1710 84 148 14 11 16 67 45 65 50 1 6 210 1 9 12 11 1
1666853310 25876 53762 1710 84 148 14 11 16 67 45 65 50 1 6 210 1 9 12 11 1
1668761688 25896 53762 1710 84 148 14 11 16 67 45 65 50 1 6 210 1 9 12 11 1
1669015465 25899 53762 1710 84 148 14 11 16 67 45 65 50 1 6 210 1 9 12 11 1
1669106043 25916 53762 1710 84 148 14 11 16 67 45 65 50 1 6 210 1 9 12 11 1
1669209269 25918 53762 1710 84 148 14 11 16 67 45 65 50 1 6 210 1 9 12 11 1
1669733258 25975 53762 1710 84 148 14 11 16 67 45 65 50 1 6 210 1 9 12 11 1
1670408278 25993 53762 1710 84 148 14 11 16 67 45 65 50 1 6 210 1 9 12 11 1
1674484573 26040 53762 1710 84 148 14 11 16 67 45 65 50 1 6 210 1 9 12 11 1
1674653663 26081 53762 1710 84 148 14 11 16 67 45 65 50 1 6 210 1 9 12 11 1
1675103470 26081 53762 1710 84 148 14 11 16 67 45 65 50 1 6 210 1 9 12 11 1
1676050203 26082 53762 1710 84 148 14 11 16 67 45 65 50 1 6 210 1 9 12 11 1
1676311442 26093 53762 1710 84 148 14 11 16 67 45 65 50 1 6 210 1 9 12 11 1
1676312875 26106 53762 1710 84 148 14 11 16 67 45 65 50 1 6 210 1 9 12 11 1
1676917741 26145 53762 1710 84 148 14 11 16 67 45 65 50 1 6 210 1 9 12 11 1
1677866549 26167 53762 1710 84 148 14 11 16 67 45 65 50 1 6 210 1 9 12 11 1
1678459281 26182 53762 1710 84 148 14 11 16 67 45 65 50 1 6 210 1 9 12 11 1
1679304523 26183 53762 1710 84 148 14 11 16 67 45 65 50 1 6 210 1 9 12 11 1
1682945076 26184 53762 1710 84 148 14 11 16 67 45 65 50 1 6 210 1 9 12 11 1
1684174134 28091 53762 1710 84 148 14 11 16 67 45 65 50 1 6 210 1 9 12 11 1
1684176433 28382 53762 1710 84 148 14 11 16 67 45 65 50 1 6 210 1 9 12 11 1
1684311544 29539 53762 1710 84 148 14 11 16 67 45 65 50 1 6 210 1 9 12 11 1
1684352748 29646 53762 1710 84 148 14 11 16 67 45 65 50 1 6 210 1 9 12 11 1
1684354044 29648 53762 1710 84 148 14 11 16 67 45 65 50 1 6 210 1 9 12 11 1
1684358317 29664 53762 1710 84 148 14 11 16 67 45 65 50 1 6 210 1 9 12 11 1
1684428018 29679 53762 1710 84 148 14 11 16 67 45 65 50 1 6 210 1 9 12 11 1
1684432340 29680 53762 1710 84 148 14 11 16 67 45 65 50 1 6 210 1 9 12 11 1
1684433223 29681 53762 1710 84 148 14 11 16 67 45 65 50 1 6 210 1 9 12 11 1
1684438926 29738 53762 1710 84 148 14 11 16 67 45 65 50 1 6 210 1 9 12 11 1
1684442712 29742 53762 1710 84 148 14 11 16 67 45 65 50 1 6 210 1 9 12 11 1
1684444525 29744 53762 1710 84 148 14 11 16 67 45 65 50 1 6 210 1 9 12 11 1
1684485788 29762 53762 1710 84 148 14 11 16 67 45 65 50 1 6 210 1 9 12 11 1
1684492303 29766 53762 1710 84 148 14 11 16 67 45 65 50 1 6 210 1 9 12 11 1
1684493537 29768 53762 1710 84 148 14 11 16 67 45 65 50 1 6 210 1 9 12 11 1
1684494217 29773 53762 1710 84 148 14 11 16 67 45 65 50 1 6 210 1 9 12 11 1
1684938194 29788 53762 1710 84 148 14 11 16 67 45 65 50 1 6 210 1 9 12 11 1
1685095836 29795 53762 1710 84 148 14 11 16 67 45 65 50 1 6 210 1 9 12 11 1
1685611813 29800 53762 1710 84 148 14 11 16 67 45 65 50 1 6 210 1 9 12 11 1
1685623545 29878 53762 1710 84 148 14 11 16 67 45 65 50 1 6 210 1 9 12 11 1
1685626607 29881 53762 1710 84 148 14 11 16 67 45 65 50 1 6 210 1 9 12 11 1
1687891549 29885 53762 1710 84 148 14 11 16 67 45 65 50 1 6 210 1 9 12 11 1
1687945374 29888 53762 1710 84 148 14 11 16 67 45 65 50 1 6 210 1 9 12 11 1
1688132894 29890 53762 1710 84 148 14 11 16 67 45 65 50 1 6 210 1 9 12 11 1
1688133231 29893 53762 1710 84 148 14 11 16 67 45 65 50 1 6 210 1 9 12 11 1
1688136220 29895 53762 1710 84 148 14 11 16 67 45 65 50 1 6 210 1 9 12 11 1
1688393433 29896 53762 1710 84 148 14 11 16 67 45 65 50 1 6 210 1 9 12 11 1
1688661184 29899 53762 1710 84 148 14 11 16 67 45 65 50 1 6 210 1 9 12 11 1
1688668300 29982 53762 1710 84 148 14 11 16 67 45 65 50 1 6 210 1 9 12 11 1
1689009973 30019 53762 1710 84 148 14 11 16 67 45 65 50 1 6 210 1 9 12 11 1
1690521362 30032 53762 1710 84 148 14 11 16 67 45 65 50 1 6 210 1 9 12 11 1
1690537900 30034 53762 1710 84 148 14 11 16 67 45 65 50 1 6 210 1 9 12 11 1
1690542123 30048 53762 1710 84 148 14 11 16 67 45 65 50 1 6 210 1 9 12 11 1
1690545449 30054 53762 1710 84 148 14 11 16 67 45 65 50 1 6 210 1 9 12 11 1
1690550261 30077 53762 1710 84 148 14 11 16 67 45 65 50 1 6 210 1 9 12 11 1
1690553948 30080 53762 1710 84 148 14 11 16 67 45 65 50 1 6 210 1 9 12 11 1
1690554608 30082 53762 1710 84 148 14 11 16 67 45 65 50 1 6 210 1 9 12 11 1
1690558582 30087 53762 1710 84 148 14 11 16 67 45 65 50 1 6 210 1 9 12 11 1
1690563959 30096 53762 1710 84 148 14 11 16 67 45 65 50 1 6 210 1 9 12 11 1
1690569043 30099 53762 1710 84 148 14 11 16 67 45 65 50 1 6 210 1 9 12 11 1
