1646419767 976
1646423151 557
1650240245 1699
1650325108 1751
1650480000 1753
1651108450 2031
1651613893 2031
1652107697 2037
1652456443 2051
1652462376 2060
1652462512 2076
1652873869 2073
1653061677 2166
1653586924 2249
1653682386 2479
1653689895 2511
1653943084 2511
1653943099 2667
1653947523 2667
1654173227 2671
1654174903 2671
1654208601 2672
1654221279 2672
1654270250 2675
1654343087 2688
1654428845 2688
1654540801 2741
1654550483 2771
1654620510 2818
1654714643 2841
1654719737 2940
1654870220 2940
1654874089 2970
1654874174 2975
1654892135 2975
1654892151 2975
1654893438 2975
1654894787 2972
1654896029 2972
1654923411 2972
1654948693 2972
1654949001 2972
1654949029 2972
1655748504 2972
1655748541 2972
1655850154 2972
1655850176 2972
1655887468 2971
1656006897 2971
1656009516 2971
1656941838 2971
1656941865 2971
1659552102 2971
1659552125 2971
1659552148 2971
1659552984 2971
1662050628 2971
1665509337 2971
1667880860 2971
1667882890 2971
1667926712 4524
1667927968 4524
1667928004 4524
1667931041 4519
1667931394 4519
1667932409 4519
1667933010 4519
1667933047 4519
1667933877 4519
1668599973 4519
1668603052 4519
1668608162 4522
1672875589 4521
1672879605 4499
1672970648 4499
1672970671 4499
1672970691 4499
1672970716 4499
1672971146 4493
1673006553 4493
1673010375 4178
1674134321 4181
1674134349 4181
1674134375 4181
1674134401 4181
1674182990 4179
1674183385 4179
1674183615 4179
1674183890 4180
1675820004 4232
1675885365 4211
1676052850 4216
1676335455 4240
1676335528 4240
1676335546 4240
1676335564 4240
1676335583 4240
1676338612 4240
1676744721 4251
1680072598 4251
1685729990 4359
