1309239564 1 0 0 0 0 0 0 0 0 0 0 0 0 0 0 0 0 0 0 0
1309245315 2 0 0 0 0 0 0 0 0 0 0 0 0 0 0 0 0 0 0 0
1309245340 3 0 0 0 0 0 0 0 0 0 0 0 0 0 0 0 0 0 0 0
1309245365 4 0 0 0 0 0 0 0 0 0 0 0 0 0 0 0 0 0 0 0
1309254046 5 0 0 0 0 0 0 0 0 0 0 0 0 0 0 0 0 0 0 0
1309254229 6 0 0 0 0 0 0 0 0 0 0 0 0 0 0 0 0 0 0 0
1309255022 7 0 0 0 0 0 0 0 0 0 0 0 0 0 0 0 0 0 0 0
1309294008 8 0 0 0 0 0 0 0 0 0 0 0 0 0 0 0 0 0 0 0
1309296142 9 0 0 0 0 0 0 0 0 0 0 0 0 0 0 0 0 0 0 0
1309311652 10 0 0 0 0 0 0 0 0 0 0 0 0 0 0 0 0 0 0 0
1309323954 11 0 0 0 0 0 0 0 0 0 0 0 0 0 0 0 0 0 0 0
1309325693 12 0 0 0 0 0 0 0 0 0 0 0 0 0 0 0 0 0 0 0
1309337707 13 0 0 0 0 0 0 0 0 0 0 0 0 0 0 0 0 0 0 0
1309337753 14 0 0 0 0 0 0 0 0 0 0 0 0 0 0 0 0 0 0 0
1309363302 14 0 1 0 0 0 0 0 0 0 0 0 0 0 0 0 0 0 0 0
1309363657 14 0 2 0 0 0 0 0 0 0 0 0 0 0 0 0 0 0 0 0
1309366028 14 0 3 0 0 0 0 0 0 0 0 0 0 0 0 0 0 0 0 0
1309366793 14 0 4 0 0 0 0 0 0 0 0 0 0 0 0 0 0 0 0 0
1309367851 14 0 5 0 0 0 0 0 0 0 0 0 0 0 0 0 0 0 0 0
1309369957 14 0 6 0 0 0 0 0 0 0 0 0 0 0 0 0 0 0 0 0
1309370971 14 0 7 0 0 0 0 0 0 0 0 0 0 0 0 0 0 0 0 0
1309371236 14 0 8 0 0 0 0 0 0 0 0 0 0 0 0 0 0 0 0 0
1309372540 14 0 9 0 0 0 0 0 0 0 0 0 0 0 0 0 0 0 0 0
1309372822 14 0 10 0 0 0 0 0 0 0 0 0 0 0 0 0 0 0 0 0
1309373328 14 0 11 0 0 0 0 0 0 0 0 0 0 0 0 0 0 0 0 0
1309374728 14 0 12 0 0 0 0 0 0 0 0 0 0 0 0 0 0 0 0 0
1309375972 14 0 13 0 0 0 0 0 0 0 0 0 0 0 0 0 0 0 0 0
1309377497 14 0 14 0 0 0 0 0 0 0 0 0 0 0 0 0 0 0 0 0
1309512696 15 0 14 0 0 0 0 0 0 0 0 0 0 0 0 0 0 0 0 0
1309517769 16 0 14 0 0 0 0 0 0 0 0 0 0 0 0 0 0 0 0 0
1309524356 17 0 14 0 0 0 0 0 0 0 0 0 0 0 0 0 0 0 0 0
1309526736 18 0 14 0 0 0 0 0 0 0 0 0 0 0 0 0 0 0 0 0
1309527471 19 0 14 0 0 0 0 0 0 0 0 0 0 0 0 0 0 0 0 0
1309662954 20 0 14 0 0 0 0 0 0 0 0 0 0 0 0 0 0 0 0 0
1309664664 21 0 14 0 0 0 0 0 0 0 0 0 0 0 0 0 0 0 0 0
1309692130 22 0 14 0 0 0 0 0 0 0 0 0 0 0 0 0 0 0 0 0
1312105114 23 0 14 0 0 0 0 0 0 0 0 0 0 0 0 0 0 0 0 0
1312333177 24 0 14 0 0 0 0 0 0 0 0 0 0 0 0 0 0 0 0 0
1312360914 25 0 14 0 0 0 0 0 0 0 0 0 0 0 0 0 0 0 0 0
1312363396 26 0 14 0 0 0 0 0 0 0 0 0 0 0 0 0 0 0 0 0
1312366867 27 0 14 0 0 0 0 0 0 0 0 0 0 0 0 0 0 0 0 0
1312367355 28 0 14 0 0 0 0 0 0 0 0 0 0 0 0 0 0 0 0 0
1312397496 29 0 14 0 0 0 0 0 0 0 0 0 0 0 0 0 0 0 0 0
1312409060 30 0 14 0 0 0 0 0 0 0 0 0 0 0 0 0 0 0 0 0
1312409385 31 0 14 0 0 0 0 0 0 0 0 0 0 0 0 0 0 0 0 0
1312781865 32 0 14 0 0 0 0 0 0 0 0 0 0 0 0 0 0 0 0 0
1312807310 33 0 14 0 0 0 0 0 0 0 0 0 0 0 0 0 0 0 0 0
1312848902 34 0 14 0 0 0 0 0 0 0 0 0 0 0 0 0 0 0 0 0
1312877635 35 0 14 0 0 0 0 0 0 0 0 0 0 0 0 0 0 0 0 0
1312881748 36 0 14 0 0 0 0 0 0 0 0 0 0 0 0 0 0 0 0 0
1312885605 37 0 14 0 0 0 0 0 0 0 0 0 0 0 0 0 0 0 0 0
1312941368 38 0 14 0 0 0 0 0 0 0 0 0 0 0 0 0 0 0 0 0
1312944855 39 0 14 0 0 0 0 0 0 0 0 0 0 0 0 0 0 0 0 0
1313016538 40 0 14 0 0 0 0 0 0 0 0 0 0 0 0 0 0 0 0 0
1313017769 41 0 14 0 0 0 0 0 0 0 0 0 0 0 0 0 0 0 0 0
1313029566 42 0 14 0 0 0 0 0 0 0 0 0 0 0 0 0 0 0 0 0
1313031613 43 0 14 0 0 0 0 0 0 0 0 0 0 0 0 0 0 0 0 0
1313032626 44 0 14 0 0 0 0 0 0 0 0 0 0 0 0 0 0 0 0 0
1313041834 45 0 14 0 0 0 0 0 0 0 0 0 0 0 0 0 0 0 0 0
1313043696 46 0 14 0 0 0 0 0 0 0 0 0 0 0 0 0 0 0 0 0
1313044730 47 0 14 0 0 0 0 0 0 0 0 0 0 0 0 0 0 0 0 0
1313048007 48 0 14 0 0 0 0 0 0 0 0 0 0 0 0 0 0 0 0 0
1313050096 49 0 14 0 0 0 0 0 0 0 0 0 0 0 0 0 0 0 0 0
1313051772 50 0 14 0 0 0 0 0 0 0 0 0 0 0 0 0 0 0 0 0
1313058202 51 0 14 0 0 0 0 0 0 0 0 0 0 0 0 0 0 0 0 0
1313058600 52 0 14 0 0 0 0 0 0 0 0 0 0 0 0 0 0 0 0 0
1313059706 53 0 14 0 0 0 0 0 0 0 0 0 0 0 0 0 0 0 0 0
1313060419 54 0 14 0 0 0 0 0 0 0 0 0 0 0 0 0 0 0 0 0
1313063174 55 0 14 0 0 0 0 0 0 0 0 0 0 0 0 0 0 0 0 0
1313064289 56 0 14 0 0 0 0 0 0 0 0 0 0 0 0 0 0 0 0 0
1313087739 57 0 14 0 0 0 0 0 0 0 0 0 0 0 0 0 0 0 0 0
1313095381 58 0 14 0 0 0 0 0 0 0 0 0 0 0 0 0 0 0 0 0
1313097781 59 0 14 0 0 0 0 0 0 0 0 0 0 0 0 0 0 0 0 0
1313098552 60 0 14 0 0 0 0 0 0 0 0 0 0 0 0 0 0 0 0 0
1313099758 61 0 14 0 0 0 0 0 0 0 0 0 0 0 0 0 0 0 0 0
1313099814 62 0 14 0 0 0 0 0 0 0 0 0 0 0 0 0 0 0 0 0
1313100213 63 0 14 0 0 0 0 0 0 0 0 0 0 0 0 0 0 0 0 0
1313109208 64 0 14 0 0 0 0 0 0 0 0 0 0 0 0 0 0 0 0 0
1313118970 65 0 14 0 0 0 0 0 0 0 0 0 0 0 0 0 0 0 0 0
1313119419 66 0 14 0 0 0 0 0 0 0 0 0 0 0 0 0 0 0 0 0
1313122469 67 0 14 0 0 0 0 0 0 0 0 0 0 0 0 0 0 0 0 0
1313130016 68 0 14 0 0 0 0 0 0 0 0 0 0 0 0 0 0 0 0 0
1313147474 69 0 14 0 0 0 0 0 0 0 0 0 0 0 0 0 0 0 0 0
1313149620 70 0 14 0 0 0 0 0 0 0 0 0 0 0 0 0 0 0 0 0
1313150352 71 0 14 0 0 0 0 0 0 0 0 0 0 0 0 0 0 0 0 0
1313368604 72 0 14 0 0 0 0 0 0 0 0 0 0 0 0 0 0 0 0 0
1313377286 73 0 14 0 0 0 0 0 0 0 0 0 0 0 0 0 0 0 0 0
1313377940 74 0 14 0 0 0 0 0 0 0 0 0 0 0 0 0 0 0 0 0
1313458650 75 0 14 0 0 0 0 0 0 0 0 0 0 0 0 0 0 0 0 0
1313458850 76 0 14 0 0 0 0 0 0 0 0 0 0 0 0 0 0 0 0 0
1313529824 77 0 14 0 0 0 0 0 0 0 0 0 0 0 0 0 0 0 0 0
1313538435 78 0 14 0 0 0 0 0 0 0 0 0 0 0 0 0 0 0 0 0
1313714319 79 0 14 0 0 0 0 0 0 0 0 0 0 0 0 0 0 0 0 0
1313720544 80 0 14 0 0 0 0 0 0 0 0 0 0 0 0 0 0 0 0 0
1313721054 81 0 14 0 0 0 0 0 0 0 0 0 0 0 0 0 0 0 0 0
1313724482 82 0 14 0 0 0 0 0 0 0 0 0 0 0 0 0 0 0 0 0
1313729902 83 0 14 0 0 0 0 0 0 0 0 0 0 0 0 0 0 0 0 0
1313734157 84 0 14 0 0 0 0 0 0 0 0 0 0 0 0 0 0 0 0 0
1313738056 85 0 14 0 0 0 0 0 0 0 0 0 0 0 0 0 0 0 0 0
1313784651 86 0 14 0 0 0 0 0 0 0 0 0 0 0 0 0 0 0 0 0
1313787456 87 0 19 0 0 0 0 0 0 0 0 0 0 0 0 0 0 0 0 0
1313797437 88 0 19 0 0 0 0 0 0 0 0 0 0 0 0 0 0 0 0 0
1313799656 89 0 19 0 0 0 0 0 0 0 0 0 0 0 0 0 0 0 0 0
1313974194 90 0 19 0 0 0 0 0 0 0 0 0 0 0 0 0 0 0 0 0
1314175542 91 0 19 0 0 0 0 0 0 0 0 0 0 0 0 0 0 0 0 0
1314263336 92 0 19 0 0 0 0 0 0 0 0 0 0 0 0 0 0 0 0 0
1314326708 93 0 19 0 0 0 0 0 0 0 0 0 0 0 0 0 0 0 0 0
1314342076 94 0 19 0 0 0 0 0 0 0 0 0 0 0 0 0 0 0 0 0
1314391022 95 0 19 0 0 0 0 0 0 0 0 0 0 0 0 0 0 0 0 0
1314489238 96 0 19 0 0 0 0 0 0 0 0 0 0 0 0 0 0 0 0 0
1314491544 97 0 19 0 0 0 0 0 0 0 0 0 0 0 0 0 0 0 0 0
1314614713 98 0 19 0 0 0 0 0 0 0 0 0 0 0 0 0 0 0 0 0
1314662141 99 0 19 0 0 0 0 0 0 0 0 0 0 0 0 0 0 0 0 0
1314791920 100 0 19 0 0 0 0 0 0 0 0 0 0 0 0 0 0 0 0 0
1314873528 101 0 19 0 0 0 0 0 0 0 0 0 0 0 0 0 0 0 0 0
1314950951 102 0 19 0 0 0 0 0 0 0 0 0 0 0 0 0 0 0 0 0
1314958145 103 0 19 0 0 0 0 0 0 0 0 0 0 0 0 0 0 0 0 0
1315105867 106 0 19 0 0 0 0 0 0 0 0 0 0 0 0 0 0 0 0 0
1315107766 107 0 19 0 0 0 0 0 0 0 0 0 0 0 0 0 0 0 0 0
1315162772 108 0 19 0 0 0 0 0 0 0 0 0 0 0 0 0 0 0 0 0
1315186443 109 0 19 0 0 0 0 0 0 0 0 0 0 0 0 0 0 0 0 0
1315208792 110 0 19 0 0 0 0 0 0 0 0 0 0 0 0 0 0 0 0 0
1315215384 111 0 19 0 0 0 0 0 0 0 0 0 0 0 0 0 0 0 0 0
1315257766 112 0 19 0 0 0 0 0 0 0 0 0 0 0 0 0 0 0 0 0
1315266879 113 0 19 0 0 0 0 0 0 0 0 0 0 0 0 0 0 0 0 0
1315311444 114 0 19 0 0 0 0 0 0 0 0 0 0 0 0 0 0 0 0 0
1315338849 115 0 19 0 0 0 0 0 0 0 0 0 0 0 0 0 0 0 0 0
1315347773 116 0 19 0 0 0 0 0 0 0 0 0 0 0 0 0 0 0 0 0
1315376205 117 0 19 0 0 0 0 0 0 0 0 0 0 0 0 0 0 0 0 0
1315377457 118 0 19 0 0 0 0 0 0 0 0 0 0 0 0 0 0 0 0 0
1315386280 119 0 19 0 0 0 0 0 0 0 0 0 0 0 0 0 0 0 0 0
1315462219 121 0 19 0 0 0 0 0 0 0 0 0 0 0 0 0 0 0 0 0
1315465070 122 0 19 0 0 0 0 0 0 0 0 0 0 0 0 0 0 0 0 0
1315501701 123 0 19 0 0 0 0 0 0 0 0 0 0 0 0 0 0 0 0 0
1315512617 124 0 19 0 0 0 0 0 0 0 0 0 0 0 0 0 0 0 0 0
1315512693 125 0 19 0 0 0 0 0 0 0 0 0 0 0 0 0 0 0 0 0
1315527231 126 0 19 0 0 0 0 0 0 0 0 0 0 0 0 0 0 0 0 0
1315538309 127 0 19 0 0 0 0 0 0 0 0 0 0 0 0 0 0 0 0 0
1315565532 128 0 19 0 0 0 0 0 0 0 0 0 0 0 0 0 0 0 0 0
1315629802 129 0 19 0 0 0 0 0 0 0 0 0 0 0 0 0 0 0 0 0
1315642315 129 7 19 0 0 0 0 0 0 0 0 0 0 0 0 0 0 0 0 0
1315642316 129 9 19 0 0 0 0 0 0 0 0 0 0 0 0 0 0 0 0 0
1315677667 129 11 19 0 0 0 0 0 0 0 0 0 0 0 0 0 0 0 0 0
1315732120 129 12 19 0 0 0 0 0 0 0 0 0 0 0 0 0 0 0 0 0
1315738852 129 13 19 0 0 0 0 0 0 0 0 0 0 0 0 0 0 0 0 0
1315799672 130 13 19 0 0 0 0 0 0 0 0 0 0 0 0 0 0 0 0 0
1315805015 131 13 19 0 0 0 0 0 0 0 0 0 0 0 0 0 0 0 0 0
1315808016 132 13 19 0 0 0 0 0 0 0 0 0 0 0 0 0 0 0 0 0
1315810637 133 13 19 0 0 0 0 0 0 0 0 0 0 0 0 0 0 0 0 0
1315815116 134 13 19 0 0 0 0 0 0 0 0 0 0 0 0 0 0 0 0 0
1315938317 135 13 19 0 0 0 0 0 0 0 0 0 0 0 0 0 0 0 0 0
1315946062 136 13 19 0 0 0 0 0 0 0 0 0 0 0 0 0 0 0 0 0
1315982201 137 13 19 0 0 0 0 0 0 0 0 0 0 0 0 0 0 0 0 0
1315987681 138 13 19 0 0 0 0 0 0 0 0 0 0 0 0 0 0 0 0 0
1315989968 139 13 19 0 0 0 0 0 0 0 0 0 0 0 0 0 0 0 0 0
1316025087 140 13 19 0 0 0 0 0 0 0 0 0 0 0 0 0 0 0 0 0
1316057426 141 13 19 0 0 0 0 0 0 0 0 0 0 0 0 0 0 0 0 0
1316057589 142 13 19 0 0 0 0 0 0 0 0 0 0 0 0 0 0 0 0 0
1316108175 143 13 19 0 0 0 0 0 0 0 0 0 0 0 0 0 0 0 0 0
1316217092 144 13 19 0 0 0 0 0 0 0 0 0 0 0 0 0 0 0 0 0
1316367488 145 13 19 0 0 0 0 0 0 0 0 0 0 0 0 0 0 0 0 0
1316374622 146 13 19 0 0 0 0 0 0 0 0 0 0 0 0 0 0 0 0 0
1316377688 147 13 19 0 0 0 0 0 0 0 0 0 0 0 0 0 0 0 0 0
1316380707 148 13 19 0 0 0 0 0 0 0 0 0 0 0 0 0 0 0 0 0
1316389158 149 13 19 0 0 0 0 0 0 0 0 0 0 0 0 0 0 0 0 0
1316390867 150 13 19 0 0 0 0 0 0 0 0 0 0 0 0 0 0 0 0 0
1316394803 151 13 19 0 0 0 0 0 0 0 0 0 0 0 0 0 0 0 0 0
1316395614 152 14 19 0 0 0 0 0 0 0 0 0 0 0 0 0 0 0 0 0
1316548625 153 14 19 0 0 0 0 0 0 0 0 0 0 0 0 0 0 0 0 0
1316639651 154 14 19 0 0 0 0 0 0 0 0 0 0 0 0 0 0 0 0 0
1316646412 155 14 19 0 0 0 0 0 0 0 0 0 0 0 0 0 0 0 0 0
1316648249 156 14 19 0 0 0 0 0 0 0 0 0 0 0 0 0 0 0 0 0
1316650908 157 14 19 0 0 0 0 0 0 0 0 0 0 0 0 0 0 0 0 0
1316691280 158 14 19 0 0 0 0 0 0 0 0 0 0 0 0 0 0 0 0 0
1316739906 159 14 19 0 0 0 0 0 0 0 0 0 0 0 0 0 0 0 0 0
1316753172 160 14 19 0 0 0 0 0 0 0 0 0 0 0 0 0 0 0 0 0
1317355627 161 14 19 0 0 0 0 0 0 0 0 0 0 0 0 0 0 0 0 0
1317446105 162 14 19 0 0 0 0 0 0 0 0 0 0 0 0 0 0 0 0 0
1317574950 163 14 19 0 0 0 0 0 0 0 0 0 0 0 0 0 0 0 0 0
1317608851 164 14 19 0 0 0 0 0 0 0 0 0 0 0 0 0 0 0 0 0
1317610332 165 14 19 0 0 0 0 0 0 0 0 0 0 0 0 0 0 0 0 0
1317616027 166 14 19 0 0 0 0 0 0 0 0 0 0 0 0 0 0 0 0 0
1317666331 167 14 19 0 0 0 0 0 0 0 0 0 0 0 0 0 0 0 0 0
1317670853 168 14 19 0 0 0 0 0 0 0 0 0 0 0 0 0 0 0 0 0
1317690137 169 14 19 0 0 0 0 0 0 0 0 0 0 0 0 0 0 0 0 0
1317942685 170 14 19 0 0 0 0 0 0 0 0 0 0 0 0 0 0 0 0 0
1317952387 171 14 19 0 0 0 0 0 0 0 0 0 0 0 0 0 0 0 0 0
1318655026 172 14 19 0 0 0 0 0 0 0 0 0 0 0 0 0 0 0 0 0
1320799545 173 14 19 0 0 0 0 0 0 0 0 0 0 0 0 0 0 0 0 0
1320807879 174 14 19 0 0 0 0 0 0 0 0 0 0 0 0 0 0 0 0 0
1320811529 175 14 19 0 0 0 0 0 0 0 0 0 0 0 0 0 0 0 0 0
1320827810 176 14 19 0 0 0 0 0 0 0 0 0 0 0 0 0 0 0 0 0
1320881557 177 14 19 0 0 0 0 0 0 0 0 0 0 0 0 0 0 0 0 0
1320957694 178 14 19 0 0 0 0 0 0 0 0 0 0 0 0 0 0 0 0 0
1321037967 179 14 19 0 0 0 0 0 0 0 0 0 0 0 0 0 0 0 0 0
1321044551 180 14 19 0 0 0 0 0 0 0 0 0 0 0 0 0 0 0 0 0
1321310443 181 14 19 0 0 0 0 0 0 0 0 0 0 0 0 0 0 0 0 0
1321316519 182 14 19 0 0 0 0 0 0 0 0 0 0 0 0 0 0 0 0 0
1321384980 183 14 19 0 0 0 0 0 0 0 0 0 0 0 0 0 0 0 0 0
1321659835 184 14 19 0 0 0 0 0 0 0 0 0 0 0 0 0 0 0 0 0
1325430465 184 14 19 0 0 0 0 0 0 0 0 0 0 0 0 0 0 0 0 0
1325719518 185 14 19 0 0 0 0 0 0 0 0 0 0 0 0 0 0 0 0 0
1327162076 186 14 19 0 0 0 0 0 0 0 0 0 0 0 0 0 0 0 0 0
1327162376 187 14 19 0 0 0 0 0 0 0 0 0 0 0 0 0 0 0 0 0
1327162717 188 14 19 0 0 0 0 0 0 0 0 0 0 0 0 0 0 0 0 0
1327162843 189 14 19 0 0 0 0 0 0 0 0 0 0 0 0 0 0 0 0 0
1327162979 190 14 19 0 0 0 0 0 0 0 0 0 0 0 0 0 0 0 0 0
1327195883 191 14 19 0 0 0 0 0 0 0 0 0 0 0 0 0 0 0 0 0
1329853921 192 14 19 0 0 0 0 0 0 0 0 0 0 0 0 0 0 0 0 0
1330738009 193 14 19 0 0 0 0 0 0 0 0 0 0 0 0 0 0 0 0 0
1330764560 193 15 19 0 0 0 0 0 0 0 0 0 0 0 0 0 0 0 0 0
1330764753 193 17 19 0 0 0 0 0 0 0 0 0 0 0 0 0 0 0 0 0
1331100741 194 17 19 0 0 0 0 0 0 0 0 0 0 0 0 0 0 0 0 0
1331103353 195 17 19 0 0 0 0 0 0 0 0 0 0 0 0 0 0 0 0 0
1331270904 196 17 19 0 0 0 0 0 0 0 0 0 0 0 0 0 0 0 0 0
1331315139 196 18 19 0 0 0 0 0 0 0 0 0 0 0 0 0 0 0 0 0
1331316364 196 19 19 0 0 0 0 0 0 0 0 0 0 0 0 0 0 0 0 0
1331317351 196 20 19 0 0 0 0 0 0 0 0 0 0 0 0 0 0 0 0 0
1331317544 196 21 19 0 0 0 0 0 0 0 0 0 0 0 0 0 0 0 0 0
1331317834 196 22 19 0 0 0 0 0 0 0 0 0 0 0 0 0 0 0 0 0
1332288899 197 22 19 0 0 0 0 0 0 0 0 0 0 0 0 0 0 0 0 0
1332770296 198 22 19 0 0 0 0 0 0 0 0 0 0 0 0 0 0 0 0 0
1332855868 199 22 19 0 0 0 0 0 0 0 0 0 0 0 0 0 0 0 0 0
1332870142 200 22 19 0 0 0 0 0 0 0 0 0 0 0 0 0 0 0 0 0
1332951618 201 22 19 0 0 0 0 0 0 0 0 0 0 0 0 0 0 0 0 0
1332952386 202 22 19 0 0 0 0 0 0 0 0 0 0 0 0 0 0 0 0 0
1332956075 203 22 19 0 0 0 0 0 0 0 0 0 0 0 0 0 0 0 0 0
1332956658 204 22 19 0 0 0 0 0 0 0 0 0 0 0 0 0 0 0 0 0
1333114562 205 22 19 0 0 0 0 0 0 0 0 0 0 0 0 0 0 0 0 0
1333481067 206 22 19 0 0 0 0 0 0 0 0 0 0 0 0 0 0 0 0 0
1333542146 207 22 19 0 0 0 0 0 0 0 0 0 0 0 0 0 0 0 0 0
1333787258 208 22 19 0 0 0 0 0 0 0 0 0 0 0 0 0 0 0 0 0
1333971848 209 22 19 0 0 0 0 0 0 0 0 0 0 0 0 0 0 0 0 0
1333971932 210 22 19 0 0 0 0 0 0 0 0 0 0 0 0 0 0 0 0 0
1333972897 211 22 19 0 0 0 0 0 0 0 0 0 0 0 0 0 0 0 0 0
1334024687 212 22 19 0 0 0 0 0 0 0 0 0 0 0 0 0 0 0 0 0
1334091905 213 22 19 0 0 0 0 0 0 0 0 0 0 0 0 0 0 0 0 0
1334208853 213 29 19 0 0 0 0 0 0 0 0 0 0 0 0 0 0 0 0 0
1334208854 213 32 19 0 0 0 0 0 0 0 0 0 0 0 0 0 0 0 0 0
1334789994 214 32 19 0 0 0 0 0 0 0 0 0 0 0 0 0 0 0 0 0
1336272105 215 32 19 0 0 0 0 0 0 0 0 0 0 0 0 0 0 0 0 0
1336540637 216 32 19 0 0 0 0 0 0 0 0 0 0 0 0 0 0 0 0 0
1336587865 217 32 19 0 0 0 0 0 0 0 0 0 0 0 0 0 0 0 0 0
1338639887 218 32 19 0 0 0 0 0 0 0 0 0 0 0 0 0 0 0 0 0
1338639991 219 32 19 0 0 0 0 0 0 0 0 0 0 0 0 0 0 0 0 0
1341531646 220 32 19 0 0 0 0 0 0 0 0 0 0 0 0 0 0 0 0 0
1341535409 221 32 19 0 0 0 0 0 0 0 0 0 0 0 0 0 0 0 0 0
1341537078 222 32 19 0 0 0 0 0 0 0 0 0 0 0 0 0 0 0 0 0
1341621483 223 32 19 0 0 0 0 0 0 0 0 0 0 0 0 0 0 0 0 0
1341796692 224 32 19 0 0 0 0 0 0 0 0 0 0 0 0 0 0 0 0 0
1341797051 225 32 19 0 0 0 0 0 0 0 0 0 0 0 0 0 0 0 0 0
1342137027 226 32 19 0 0 0 0 0 0 0 0 0 0 0 0 0 0 0 0 0
1342205789 227 32 19 0 0 0 0 0 0 0 0 0 0 0 0 0 0 0 0 0
1342205831 229 32 19 0 0 0 0 0 0 0 0 0 0 0 0 0 0 0 0 0
1342522968 230 32 19 0 0 0 0 0 0 0 0 0 0 0 0 0 0 0 0 0
1342876202 231 32 19 0 0 0 0 0 0 0 0 0 0 0 0 0 0 0 0 0
1343004118 232 32 19 0 0 0 0 0 0 0 0 0 0 0 0 0 0 0 0 0
1343004156 233 32 19 0 0 0 0 0 0 0 0 0 0 0 0 0 0 0 0 0
1343042629 234 32 19 0 0 0 0 0 0 0 0 0 0 0 0 0 0 0 0 0
1343128900 235 32 19 0 0 0 0 0 0 0 0 0 0 0 0 0 0 0 0 0
1343244668 236 32 19 0 0 0 0 0 0 0 0 0 0 0 0 0 0 0 0 0
1343309131 237 32 19 0 0 0 0 0 0 0 0 0 0 0 0 0 0 0 0 0
1343312572 238 32 19 0 0 0 0 0 0 0 0 0 0 0 0 0 0 0 0 0
1343317361 239 32 19 0 0 0 0 0 0 0 0 0 0 0 0 0 0 0 0 0
1343775828 240 32 19 0 0 0 0 0 0 0 0 0 0 0 0 0 0 0 0 0
1343948173 241 32 19 0 0 0 0 0 0 0 0 0 0 0 0 0 0 0 0 0
1345137940 242 32 19 0 0 0 0 0 0 0 0 0 0 0 0 0 0 0 0 0
1345659739 242 32 19 0 0 0 0 0 0 0 0 0 0 0 1 0 0 0 0 0
1345672295 242 32 19 0 0 0 0 0 0 0 0 0 0 0 2 0 0 0 0 0
1345701679 243 32 19 0 0 0 0 0 0 0 0 0 0 0 2 0 0 0 0 0
1345811035 244 32 19 0 0 0 0 0 0 0 0 0 0 0 2 0 0 0 0 0
1345811316 244 32 19 0 0 0 0 0 0 0 0 0 0 0 2 0 0 1 0 0
1346004345 245 32 19 0 0 0 0 0 0 0 0 0 0 0 2 0 0 1 0 0
1346103916 246 32 19 0 0 0 0 0 0 0 0 0 0 0 2 0 0 1 0 0
1346215372 246 33 19 0 0 0 0 0 0 0 0 0 0 0 2 0 0 1 0 0
1346215415 246 34 19 0 0 0 0 0 0 0 0 0 0 0 2 0 0 1 0 0
1346763746 247 34 19 0 0 0 0 0 0 0 0 0 0 0 2 0 0 1 0 0
1346779717 248 34 19 0 0 0 0 0 0 0 0 0 0 0 2 0 0 1 0 0
1346859617 249 34 19 0 0 0 0 0 0 0 0 0 0 0 2 0 0 1 0 0
1346955445 250 34 19 0 0 0 0 0 0 0 0 0 0 0 2 0 0 1 0 0
1347050407 251 34 19 0 0 0 0 0 0 0 0 0 0 0 2 0 0 1 0 0
1347471807 252 34 19 0 0 0 0 0 0 0 0 0 0 0 2 0 0 1 0 0
1347627948 253 34 19 0 0 0 0 0 0 0 0 0 0 0 2 0 0 1 0 0
1347873445 254 34 19 0 0 0 0 0 0 0 0 0 0 0 2 0 0 1 0 0
1347878934 255 34 19 0 0 0 0 0 0 0 0 0 0 0 2 0 0 1 0 0
1347882073 256 34 19 0 0 0 0 0 0 0 0 0 0 0 2 0 0 1 0 0
1347888903 257 34 19 0 0 0 0 0 0 0 0 0 0 0 2 0 0 1 0 0
1347889334 257 39 19 0 0 0 0 0 0 0 0 0 0 0 2 0 0 1 0 0
1347889335 257 43 19 0 0 0 0 0 0 0 0 0 0 0 2 0 0 1 0 0
1347890488 258 43 19 0 0 0 0 0 0 0 0 0 0 0 2 0 0 1 0 0
1347890561 259 43 19 0 0 0 0 0 0 0 0 0 0 0 2 0 0 1 0 0
1347997014 260 43 19 0 0 0 0 0 0 0 0 0 0 0 2 0 0 1 0 0
1348060509 261 43 19 0 0 0 0 0 0 0 0 0 0 0 2 0 0 1 0 0
1348747313 262 43 19 0 0 0 0 0 0 0 0 0 0 0 2 0 0 1 0 0
1349016570 263 43 19 0 0 0 0 0 0 0 0 0 0 0 2 0 0 1 0 0
1349024517 264 43 19 0 0 0 0 0 0 0 0 0 0 0 2 0 0 1 0 0
1349280247 264 44 19 0 0 0 0 0 0 0 0 0 0 0 2 0 0 1 0 0
1349280389 264 46 19 0 0 0 0 0 0 0 0 0 0 0 2 0 0 1 0 0
1349280536 264 47 19 0 0 0 0 0 0 0 0 0 0 0 2 0 0 1 0 0
1349291601 264 48 19 0 0 0 0 0 0 0 0 0 0 0 2 0 0 1 0 0
1349983300 265 48 19 0 0 0 0 0 0 0 0 0 0 0 2 0 0 1 0 0
1349999276 266 48 19 0 0 0 0 0 0 0 0 0 0 0 2 0 0 1 0 0
1350126300 267 48 19 0 0 0 0 0 0 0 0 0 0 0 2 0 0 1 0 0
1350313413 267 49 19 0 0 0 0 0 0 0 0 0 0 0 2 0 0 1 0 0
1350313426 267 50 19 0 0 0 0 0 0 0 0 0 0 0 2 0 0 1 0 0
1350313451 267 51 19 0 0 0 0 0 0 0 0 0 0 0 2 0 0 1 0 0
1350313483 267 52 19 0 0 0 0 0 0 0 0 0 0 0 2 0 0 1 0 0
1350313488 267 53 19 0 0 0 0 0 0 0 0 0 0 0 2 0 0 1 0 0
1350424405 268 53 19 0 0 0 0 0 0 0 0 0 0 0 2 0 0 1 0 0
1350426500 269 53 19 0 0 0 0 0 0 0 0 0 0 0 2 0 0 1 0 0
1350429741 270 53 19 0 0 0 0 0 0 0 0 0 0 0 2 0 0 1 0 0
1350431533 271 53 19 0 0 0 0 0 0 0 0 0 0 0 2 0 0 1 0 0
1350946726 272 53 19 0 0 0 0 0 0 0 0 0 0 0 2 0 0 1 0 0
1350947586 273 53 19 0 0 0 0 0 0 0 0 0 0 0 2 0 0 1 0 0
1350950595 274 53 19 0 0 0 0 0 0 0 0 0 0 0 2 0 0 1 0 0
1350991975 275 53 19 0 0 0 0 0 0 0 0 0 0 0 2 0 0 1 0 0
1350992884 276 53 19 0 0 0 0 0 0 0 0 0 0 0 2 0 0 1 0 0
1351168135 277 53 19 0 0 0 0 0 0 0 0 0 0 0 2 0 0 1 0 0
1351173249 278 53 19 0 0 0 0 0 0 0 0 0 0 0 2 0 0 1 0 0
1351173346 279 53 19 0 0 0 0 0 0 0 0 0 0 0 2 0 0 1 0 0
1352120766 280 53 19 0 0 0 0 0 0 0 0 0 0 0 2 0 0 1 0 0
1354057007 280 60 19 0 0 0 0 0 0 0 0 0 0 0 2 0 0 1 0 0
1354145659 281 60 19 0 0 0 0 0 0 0 0 0 0 0 2 0 0 1 0 0
1354145684 282 60 19 0 0 0 0 0 0 0 0 0 0 0 2 0 0 1 0 0
1354151606 283 60 19 0 0 0 0 0 0 0 0 0 0 0 2 0 0 1 0 0
1354307451 284 60 19 0 0 0 0 0 0 0 0 0 0 0 2 0 0 1 0 0
1354307993 285 60 19 0 0 0 0 0 0 0 0 0 0 0 2 0 0 1 0 0
1354308334 286 60 19 0 0 0 0 0 0 0 0 0 0 0 2 0 0 1 0 0
1354308859 287 60 19 0 0 0 0 0 0 0 0 0 0 0 2 0 0 1 0 0
1354571848 288 60 19 0 0 0 0 0 0 0 0 0 0 0 2 0 0 1 0 0
1354571866 289 60 19 0 0 0 0 0 0 0 0 0 0 0 2 0 0 1 0 0
1354582404 290 60 19 0 0 0 0 0 0 0 0 0 0 0 2 0 0 1 0 0
1354631422 291 60 19 0 0 0 0 0 0 0 0 0 0 0 2 0 0 1 0 0
1354811143 292 60 19 0 0 0 0 0 0 0 0 0 0 0 2 0 0 1 0 0
1354844389 293 60 19 0 0 0 0 0 0 0 0 0 0 0 2 0 0 1 0 0
1354910790 294 60 19 0 0 0 0 0 0 0 0 0 0 0 2 0 0 1 0 0
1354915176 295 60 19 0 0 0 0 0 0 0 0 0 0 0 2 0 0 1 0 0
1355170610 296 60 19 0 0 0 0 0 0 0 0 0 0 0 2 0 0 1 0 0
1355170896 297 60 19 0 0 0 0 0 0 0 0 0 0 0 2 0 0 1 0 0
1355188884 298 60 19 0 0 0 0 0 0 0 0 0 0 0 2 0 0 1 0 0
1355256199 299 60 19 0 0 0 0 0 0 0 0 0 0 0 2 0 0 1 0 0
1355258777 300 60 19 0 0 0 0 0 0 0 0 0 0 0 2 0 0 1 0 0
1355259347 301 60 19 0 0 0 0 0 0 0 0 0 0 0 2 0 0 1 0 0
1355270485 302 60 19 0 0 0 0 0 0 0 0 0 0 0 2 0 0 1 0 0
1355293312 303 60 19 0 0 0 0 0 0 0 0 0 0 0 2 0 0 1 0 0
1355951396 304 60 19 0 0 0 0 0 0 0 0 0 0 0 2 0 0 1 0 0
1355952024 305 60 19 0 0 0 0 0 0 0 0 0 0 0 2 0 0 1 0 0
1357749013 306 60 19 0 0 0 0 0 0 0 0 0 0 0 2 0 0 1 0 0
1357760983 306 61 19 0 0 0 0 0 0 0 0 0 0 0 2 0 0 1 0 0
1357815535 307 61 19 0 0 0 0 0 0 0 0 0 0 0 2 0 0 1 0 0
1357933525 308 61 19 0 0 0 0 0 0 0 0 0 0 0 2 0 0 1 0 0
1358197074 309 61 19 0 0 0 0 0 0 0 0 0 0 0 2 0 0 1 0 0
1358197935 310 61 19 0 0 0 0 0 0 0 0 0 0 0 2 0 0 1 0 0
1358199985 311 61 19 0 0 0 0 0 0 0 0 0 0 0 2 0 0 1 0 0
1358252647 312 61 19 0 0 0 0 0 0 0 0 0 0 0 2 0 0 1 0 0
1358358177 312 62 19 0 0 0 0 0 0 0 0 0 0 0 2 0 0 1 0 0
1359226535 313 62 19 0 0 0 0 0 0 0 0 0 0 0 2 0 0 1 0 0
1359309321 314 62 19 0 0 0 0 0 0 0 0 0 0 0 2 0 0 1 0 0
1359421704 315 62 19 0 0 0 0 0 0 0 0 0 0 0 2 0 0 1 0 0
1359427536 316 62 19 0 0 0 0 0 0 0 0 0 0 0 2 0 0 1 0 0
1359691548 317 62 19 0 0 0 0 0 0 0 0 0 0 0 2 0 0 1 0 0
1359728363 318 62 19 0 0 0 0 0 0 0 0 0 0 0 2 0 0 1 0 0
1360003997 319 62 19 0 0 0 0 0 0 0 0 0 0 0 2 0 0 1 0 0
1360221450 319 64 19 0 0 0 0 0 0 0 0 0 0 0 2 0 0 1 0 0
1360668479 319 65 19 0 0 0 0 0 0 0 0 0 0 0 2 0 0 1 0 0
1360869645 320 65 19 0 0 0 0 0 0 0 0 0 0 0 2 0 0 1 0 0
1361037988 320 66 19 0 0 0 0 0 0 0 0 0 0 0 2 0 0 1 0 0
1361038036 320 67 19 0 0 0 0 0 0 0 0 0 0 0 2 0 0 1 0 0
1361038117 320 68 19 0 0 0 0 0 0 0 0 0 0 0 2 0 0 1 0 0
1361038134 320 69 19 0 0 0 0 0 0 0 0 0 0 0 2 0 0 1 0 0
1361038280 320 70 19 0 0 0 0 0 0 0 0 0 0 0 2 0 0 1 0 0
1361062123 321 70 19 0 0 0 0 0 0 0 0 0 0 0 2 0 0 1 0 0
1361062193 322 70 19 0 0 0 0 0 0 0 0 0 0 0 2 0 0 1 0 0
1361086934 322 71 19 0 0 0 0 0 0 0 0 0 0 0 2 0 0 1 0 0
1361304863 322 72 19 0 0 0 0 0 0 0 0 0 0 0 2 0 0 1 0 0
1361304926 322 73 19 0 0 0 0 0 0 0 0 0 0 0 2 0 0 1 0 0
1361305053 322 74 19 0 0 0 0 0 0 0 0 0 0 0 2 0 0 1 0 0
1361307689 322 75 19 0 0 0 0 0 0 0 0 0 0 0 2 0 0 1 0 0
1361307735 322 76 19 0 0 0 0 0 0 0 0 0 0 0 2 0 0 1 0 0
1361307757 322 77 19 0 0 0 0 0 0 0 0 0 0 0 2 0 0 1 0 0
1361307784 322 78 19 0 0 0 0 0 0 0 0 0 0 0 2 0 0 1 0 0
1361307821 322 79 19 0 0 0 0 0 0 0 0 0 0 0 2 0 0 1 0 0
1361347721 322 80 19 0 0 0 0 0 0 0 0 0 0 0 2 0 0 1 0 0
1361359185 322 81 19 0 0 0 0 0 0 0 0 0 0 0 2 0 0 1 0 0
1361365732 323 81 19 0 0 0 0 0 0 0 0 0 0 0 2 0 0 1 0 0
1361775051 324 81 19 0 0 0 0 0 0 0 0 0 0 0 2 0 0 1 0 0
1361777957 325 81 19 0 0 0 0 0 0 0 0 0 0 0 2 0 0 1 0 0
1361778034 326 81 19 0 0 0 0 0 0 0 0 0 0 0 2 0 0 1 0 0
1361786535 327 81 19 0 0 0 0 0 0 0 0 0 0 0 2 0 0 1 0 0
1361797611 328 81 19 0 0 0 0 0 0 0 0 0 0 0 2 0 0 1 0 0
1362601837 329 81 19 0 0 0 0 0 0 0 0 0 0 0 2 0 0 1 0 0
1363006154 330 81 19 0 0 0 0 0 0 0 0 0 0 0 2 0 0 1 0 0
1363006747 331 81 19 0 0 0 0 0 0 0 0 0 0 0 2 0 0 1 0 0
1363007094 332 81 19 0 0 0 0 0 0 0 0 0 0 0 2 0 0 1 0 0
1363022905 333 81 19 0 0 0 0 0 0 0 0 0 0 0 2 0 0 1 0 0
1363134349 334 81 19 0 0 0 0 0 0 0 0 0 0 0 2 0 0 1 0 0
1363134574 335 81 19 0 0 0 0 0 0 0 0 0 0 0 2 0 0 1 0 0
1363964421 335 81 19 0 0 0 0 0 1 0 0 0 0 0 2 0 0 1 0 0
1364237612 336 81 19 0 0 0 0 0 1 0 0 0 0 0 2 0 0 1 0 0
1364238953 337 81 19 0 0 0 0 0 1 0 0 0 0 0 2 0 0 1 0 0
1364322299 338 81 19 0 0 0 0 0 1 0 0 0 0 0 2 0 0 1 0 0
1364544486 339 81 19 0 0 0 0 0 1 0 0 0 0 0 2 0 0 1 0 0
1364746243 340 81 19 0 0 0 0 0 1 0 0 0 0 0 2 0 0 1 0 0
1364759768 341 81 19 0 0 0 0 0 1 0 0 0 0 0 2 0 0 1 0 0
1364766465 341 82 19 0 0 0 0 0 1 0 0 0 0 0 2 0 0 1 0 0
1364766490 341 83 19 0 0 0 0 0 1 0 0 0 0 0 2 0 0 1 0 0
1364766602 341 84 19 0 0 0 0 0 1 0 0 0 0 0 2 0 0 1 0 0
1364868365 342 84 19 0 0 0 0 0 1 0 0 0 0 0 2 0 0 1 0 0
1364870980 343 84 19 0 0 0 0 0 1 0 0 0 0 0 2 0 0 1 0 0
1364873680 344 84 19 0 0 0 0 0 1 0 0 0 0 0 2 0 0 1 0 0
1365038801 345 84 19 0 0 0 0 0 1 0 0 0 0 0 2 0 0 1 0 0
1365085521 346 84 19 0 0 0 0 0 1 0 0 0 0 0 2 0 0 1 0 0
1365117385 348 84 19 0 0 0 0 0 1 0 0 0 0 0 2 0 0 1 0 0
1365158696 349 84 19 0 0 0 0 0 1 0 0 0 0 0 2 0 0 1 0 0
1365387706 350 84 19 0 0 0 0 0 1 0 0 0 0 0 2 0 0 1 0 0
1365597649 350 84 19 0 0 0 0 0 2 0 0 0 0 0 2 0 0 1 0 0
1365983610 351 84 19 0 0 0 0 0 2 0 0 0 0 0 2 0 0 1 0 0
1366009194 352 84 19 0 0 0 0 0 2 0 0 0 0 0 2 0 0 1 0 0
1366043439 353 84 19 0 0 0 0 0 2 0 0 0 0 0 2 0 0 1 0 0
1366139103 354 84 19 0 0 0 0 0 2 0 0 0 0 0 2 0 0 1 0 0
1366234421 355 84 19 0 0 0 0 0 2 0 0 0 0 0 2 0 0 1 0 0
1366251223 355 85 19 0 0 0 0 0 2 0 0 0 0 0 2 0 0 1 0 0
1366251313 355 86 19 0 0 0 0 0 2 0 0 0 0 0 2 0 0 1 0 0
1366251345 355 87 19 0 0 0 0 0 2 0 0 0 0 0 2 0 0 1 0 0
1366251367 355 88 19 0 0 0 0 0 2 0 0 0 0 0 2 0 0 1 0 0
1366251423 356 88 19 0 0 0 0 0 2 0 0 0 0 0 2 0 0 1 0 0
1366264803 356 89 19 0 0 0 0 0 2 0 0 0 0 0 2 0 0 1 0 0
1366476453 357 89 19 0 0 0 0 0 2 0 0 0 0 0 2 0 0 1 0 0
1366511406 358 89 19 0 0 0 0 0 2 0 0 0 0 0 2 0 0 1 0 0
1366656416 358 90 19 0 0 0 0 0 2 0 0 0 0 0 2 0 0 1 0 0
1367381349 359 90 19 0 0 0 0 0 2 0 0 0 0 0 2 0 0 1 0 0
1367473415 360 90 19 0 0 0 0 0 2 0 0 0 0 0 2 0 0 1 0 0
1367654599 360 92 19 0 0 0 0 0 2 0 0 0 0 0 2 0 0 1 0 0
1367663491 360 93 19 0 0 0 0 0 2 0 0 0 0 0 2 0 0 1 0 0
1367663586 360 94 19 0 0 0 0 0 2 0 0 0 0 0 2 0 0 1 0 0
1367663642 360 95 19 0 0 0 0 0 2 0 0 0 0 0 2 0 0 1 0 0
1367663660 360 96 19 0 0 0 0 0 2 0 0 0 0 0 2 0 0 1 0 0
1367663689 360 97 19 0 0 0 0 0 2 0 0 0 0 0 2 0 0 1 0 0
1367664088 360 98 19 0 0 0 0 0 2 0 0 0 0 0 2 0 0 1 0 0
1367664823 360 99 19 0 0 0 0 0 2 0 0 0 0 0 2 0 0 1 0 0
1367756765 360 100 19 0 0 0 0 0 2 0 0 0 0 0 2 0 0 1 0 0
1367759611 360 101 19 0 0 0 0 0 2 0 0 0 0 0 2 0 0 1 0 0
1368145649 361 101 19 0 0 0 0 0 2 0 0 0 0 0 2 0 0 1 0 0
1368190576 362 101 19 0 0 0 0 0 2 0 0 0 0 0 2 0 0 1 0 0
1368473807 363 101 19 0 0 0 0 0 2 0 0 0 0 0 2 0 0 1 0 0
1368575870 364 101 19 0 0 0 0 0 2 0 0 0 0 0 2 0 0 1 0 0
1368643840 365 101 19 0 0 0 0 0 2 0 0 0 0 0 2 0 0 1 0 0
1368811877 365 102 19 0 0 0 0 0 2 0 0 0 0 0 2 0 0 1 0 0
1368981493 365 103 19 0 0 0 0 0 2 0 0 0 0 0 2 0 0 1 0 0
1368983287 365 104 19 0 0 0 0 0 2 0 0 0 0 0 2 0 0 1 0 0
1369084346 365 105 19 0 0 0 0 0 2 0 0 0 0 0 2 0 0 1 0 0
1369084372 365 106 19 0 0 0 0 0 2 0 0 0 0 0 2 0 0 1 0 0
1369155892 365 107 19 0 0 0 0 0 2 0 0 0 0 0 2 0 0 1 0 0
1369169091 365 108 19 0 0 0 0 0 2 0 0 0 0 0 2 0 0 1 0 0
1369172907 365 109 19 0 0 0 0 0 2 0 0 0 0 0 2 0 0 1 0 0
1369173313 365 110 19 0 0 0 0 0 2 0 0 0 0 0 2 0 0 1 0 0
1369173537 365 111 19 0 0 0 0 0 2 0 0 0 0 0 2 0 0 1 0 0
1369321988 366 111 19 0 0 0 0 0 2 0 0 0 0 0 2 0 0 1 0 0
1369502215 367 111 19 0 0 0 0 0 2 0 0 0 0 0 2 0 0 1 0 0
1369944372 368 111 19 0 0 0 0 0 2 0 0 0 0 0 2 0 0 1 0 0
1369944568 369 111 19 0 0 0 0 0 2 0 0 0 0 0 2 0 0 1 0 0
1369944813 370 111 19 0 0 0 0 0 2 0 0 0 0 0 2 0 0 1 0 0
1369953239 371 111 19 0 0 0 0 0 2 0 0 0 0 0 2 0 0 1 0 0
1369954590 372 111 19 0 0 0 0 0 2 0 0 0 0 0 2 0 0 1 0 0
1370471034 373 111 19 0 0 0 0 0 2 0 0 0 0 0 2 0 0 1 0 0
1370474023 375 111 19 0 0 0 0 0 2 0 0 0 0 0 2 0 0 1 0 0
1370725808 376 111 19 0 0 0 0 0 2 0 0 0 0 0 2 0 0 1 0 0
1370995988 377 111 19 0 0 0 0 0 2 0 0 0 0 0 2 0 0 1 0 0
1371050442 377 112 19 0 0 0 0 0 2 0 0 0 0 0 2 0 0 1 0 0
1371051692 378 112 19 0 0 0 0 0 2 0 0 0 0 0 2 0 0 1 0 0
1371104725 378 113 19 0 0 0 0 0 2 0 0 0 0 0 2 0 0 1 0 0
1371106704 378 117 19 0 0 0 0 0 2 0 0 0 0 0 2 0 0 1 0 0
1371106705 378 118 19 0 0 0 0 0 2 0 0 0 0 0 2 0 0 1 0 0
1371500771 379 118 19 0 0 0 0 0 2 0 0 0 0 0 2 0 0 1 0 0
1371706895 379 120 19 0 0 0 0 0 2 0 0 0 0 0 2 0 0 1 0 0
1371894964 379 121 19 0 0 0 0 0 2 0 0 0 0 0 2 0 0 1 0 0
1371897004 379 122 19 0 0 0 0 0 2 0 0 0 0 0 2 0 0 1 0 0
1371931843 379 123 19 0 0 0 0 0 2 0 0 0 0 0 2 0 0 1 0 0
1371932261 379 124 19 0 0 0 0 0 2 0 0 0 0 0 2 0 0 1 0 0
1371934890 379 125 19 0 0 0 0 0 2 0 0 0 0 0 2 0 0 1 0 0
1371935710 379 126 19 0 0 0 0 0 2 0 0 0 0 0 2 0 0 1 0 0
1372262537 379 127 19 0 0 0 0 0 2 0 0 0 0 0 2 0 0 1 0 0
1372262546 379 128 19 0 0 0 0 0 2 0 0 0 0 0 2 0 0 1 0 0
1372262568 379 129 19 0 0 0 0 0 2 0 0 0 0 0 2 0 0 1 0 0
1372262572 379 130 19 0 0 0 0 0 2 0 0 0 0 0 2 0 0 1 0 0
1372603202 380 130 19 0 0 0 0 0 2 0 0 0 0 0 2 0 0 1 0 0
1372711283 381 130 19 0 0 0 0 0 2 0 0 0 0 0 2 0 0 1 0 0
1372715609 382 130 19 0 0 0 0 0 2 0 0 0 0 0 2 0 0 1 0 0
1372756757 383 130 19 0 0 0 0 0 2 0 0 0 0 0 2 0 0 1 0 0
1372757029 384 130 19 0 0 0 0 0 2 0 0 0 0 0 2 0 0 1 0 0
1373139765 384 131 19 0 0 0 0 0 2 0 0 0 0 0 2 0 0 1 0 0
1373210007 384 133 19 0 0 0 0 0 2 0 0 0 0 0 2 0 0 1 0 0
1373210078 384 134 19 0 0 0 0 0 2 0 0 0 0 0 2 0 0 1 0 0
1373404895 385 134 19 0 0 0 0 0 2 0 0 0 0 0 2 0 0 1 0 0
1373471369 386 134 19 0 0 0 0 0 2 0 0 0 0 0 2 0 0 1 0 0
1373479431 387 134 19 0 0 0 0 0 2 0 0 0 0 0 2 0 0 1 0 0
1373487104 387 135 19 0 0 0 0 0 2 0 0 0 0 0 2 0 0 1 0 0
1373658815 392 138 19 0 0 0 0 0 2 0 0 0 0 0 2 0 0 1 0 0
1373661365 393 138 19 0 0 0 0 0 2 0 0 0 0 0 2 0 0 1 0 0
1373662518 394 138 19 0 0 0 0 0 2 0 0 0 0 0 2 0 0 1 0 0
1373815218 395 138 19 0 0 0 0 0 2 0 0 0 0 0 2 0 0 1 0 0
1373815706 396 138 19 0 0 0 0 0 2 0 0 0 0 0 2 0 0 1 0 0
1373845984 397 138 19 0 0 0 0 0 2 0 0 0 0 0 2 0 0 1 0 0
1373911033 398 138 19 0 0 0 0 0 2 0 0 0 0 0 2 0 0 1 0 0
1374158471 399 138 19 0 0 0 0 0 2 0 0 0 0 0 2 0 0 1 0 0
1374161604 400 138 19 0 0 0 0 0 2 0 0 0 0 0 2 0 0 1 0 0
1374163251 401 138 19 0 0 0 0 0 2 0 0 0 0 0 2 0 0 1 0 0
1374163869 402 138 19 0 0 0 0 0 2 0 0 0 0 0 2 0 0 1 0 0
1374169221 403 138 19 0 0 0 0 0 2 0 0 0 0 0 2 0 0 1 0 0
1374186249 404 138 19 0 0 0 0 0 2 0 0 0 0 0 2 0 0 1 0 0
1374252910 405 138 19 0 0 0 0 0 2 0 0 0 0 0 2 0 0 1 0 0
1374253053 406 138 19 0 0 0 0 0 2 0 0 0 0 0 2 0 0 1 0 0
1374859194 407 138 19 0 0 0 0 0 2 0 0 0 0 0 2 0 0 1 0 0
1375056171 408 138 19 0 0 0 0 0 2 0 0 0 0 0 2 0 0 1 0 0
1375204932 409 138 19 0 0 0 0 0 2 0 0 0 0 0 2 0 0 1 0 0
1375213632 410 138 19 0 0 0 0 0 2 0 0 0 0 0 2 0 0 1 0 0
1375217068 411 138 19 0 0 0 0 0 2 0 0 0 0 0 2 0 0 1 0 0
1375283380 412 138 19 0 0 0 0 0 2 0 0 0 0 0 2 0 0 1 0 0
1375689348 412 139 19 0 0 0 0 0 2 0 0 0 0 0 2 0 0 1 0 0
1375689357 412 140 19 0 0 0 0 0 2 0 0 0 0 0 2 0 0 1 0 0
1375689699 412 141 19 0 0 0 0 0 2 0 0 0 0 0 2 0 0 1 0 0
1375904566 413 141 19 0 0 0 0 0 2 0 0 0 0 0 2 0 0 1 0 0
1375983784 413 143 19 0 0 0 0 0 2 0 0 0 0 0 2 0 0 1 0 0
1375984494 413 144 19 0 0 0 0 0 2 0 0 0 0 0 2 0 0 1 0 0
1375984671 413 146 19 0 0 0 0 0 2 0 0 0 0 0 2 0 0 1 0 0
1375984672 413 148 19 0 0 0 0 0 2 0 0 0 0 0 2 0 0 1 0 0
1376045682 413 149 19 0 0 0 0 0 2 0 0 0 0 0 2 0 0 1 0 0
1376046314 413 150 19 0 0 0 0 0 2 0 0 0 0 0 2 0 0 1 0 0
1376049093 414 150 19 0 0 0 0 0 2 0 0 0 0 0 2 0 0 1 0 0
1376060933 414 150 19 0 1 0 0 0 2 0 0 0 0 0 2 0 0 1 0 0
1376120539 414 150 19 0 2 0 0 0 2 0 0 0 0 0 2 0 0 1 0 0
1376130585 414 151 19 0 3 0 0 0 2 0 0 0 0 0 2 0 0 1 0 0
1376133162 414 151 19 0 3 0 0 0 2 0 0 0 0 0 2 0 0 1 0 0
1376133810 414 153 19 0 3 0 0 0 2 0 0 0 0 0 2 0 0 1 0 0
1376135410 414 154 19 0 3 0 0 0 2 0 0 0 0 0 2 0 0 1 0 0
1376171751 415 154 19 0 3 0 0 0 2 0 0 0 0 0 2 0 0 1 0 0
1376266503 416 154 19 0 3 0 0 0 2 0 0 0 0 0 2 0 0 1 0 0
1376267100 417 154 19 0 3 0 0 0 2 0 0 0 0 0 2 0 0 1 0 0
1376336622 418 154 19 0 3 0 0 0 2 0 0 0 0 0 2 0 0 1 0 0
1376418872 419 154 19 0 3 0 0 0 2 0 0 0 0 0 2 0 0 1 0 0
1376424332 420 154 19 0 3 0 0 0 2 0 0 0 0 0 2 0 0 1 0 0
1376424767 421 154 19 0 3 0 0 0 2 0 0 0 0 0 2 0 0 1 0 0
1376486519 421 155 19 0 3 0 0 0 2 0 0 0 0 0 2 0 0 1 0 0
1376499445 422 155 19 0 3 0 0 0 2 0 0 0 0 0 2 0 0 1 0 0
1377045473 423 155 19 0 3 0 0 0 2 0 0 0 0 0 2 0 0 1 0 0
1377222708 424 155 19 0 3 0 0 0 2 0 0 0 0 0 2 0 0 1 0 0
1377232193 425 155 19 0 3 0 0 0 2 0 0 0 0 0 2 0 0 1 0 0
1377236237 425 156 19 0 3 0 0 0 2 0 0 0 0 0 2 0 0 1 0 0
1377236344 426 157 19 0 3 0 0 0 2 0 0 0 0 0 2 0 0 1 0 0
1377268567 427 157 19 0 3 0 0 0 2 0 0 0 0 0 2 0 0 1 0 0
1377370117 428 157 19 0 3 0 0 0 2 0 0 0 0 0 2 0 0 1 0 0
1377370445 429 157 19 0 3 0 0 0 2 0 0 0 0 0 2 0 0 1 0 0
1377373065 430 157 19 0 3 0 0 0 2 0 0 0 0 0 2 0 0 1 0 0
1377467998 430 158 19 0 3 0 0 0 2 0 0 0 0 0 2 0 0 1 0 0
1377610110 431 158 19 0 3 0 0 0 2 0 0 0 0 0 2 0 0 1 0 0
1377742379 432 158 19 0 3 0 0 0 2 0 0 0 0 0 2 0 0 1 0 0
1377742645 433 158 19 0 3 0 0 0 2 0 0 0 0 0 2 0 0 1 0 0
1377746561 434 158 19 0 3 0 0 0 2 0 0 0 0 0 2 0 0 1 0 0
1378249820 435 158 19 0 3 0 0 0 2 0 0 0 0 0 2 0 0 1 0 0
1378378698 435 158 19 0 3 0 0 0 3 0 0 0 0 0 2 0 0 1 0 0
1378386127 436 158 19 0 3 0 0 0 3 0 0 0 0 0 2 0 0 1 0 0
1378420612 436 158 19 0 4 0 0 0 3 0 0 0 0 0 2 0 0 1 0 0
1378423429 437 158 19 0 4 0 0 0 3 0 0 0 0 0 2 0 0 1 0 0
1378740586 438 158 19 0 4 0 0 0 3 0 0 0 0 0 2 0 0 1 0 0
1379799431 440 158 19 0 4 0 0 0 3 0 0 0 0 0 2 0 0 1 0 0
1379959649 440 159 19 0 4 0 0 0 3 0 0 0 0 0 2 0 0 1 0 0
1379959787 440 160 19 0 4 0 0 0 3 0 0 0 0 0 2 0 0 1 0 0
1379960007 440 166 19 0 4 0 0 0 3 0 0 0 0 0 2 0 0 1 0 0
1379960405 440 167 19 0 4 0 0 0 3 0 0 0 0 0 2 0 0 1 0 0
1379960442 440 168 19 0 4 0 0 0 3 0 0 0 0 0 2 0 0 1 0 0
1379960471 440 170 19 0 4 0 0 0 3 0 0 0 0 0 2 0 0 1 0 0
1380658598 441 170 19 0 4 0 0 0 3 0 0 0 0 0 2 0 0 1 0 0
1380695817 442 170 19 0 4 0 0 0 3 0 0 0 0 0 2 0 0 1 0 0
1380821204 443 170 19 0 4 0 0 0 3 0 0 0 0 0 2 0 0 1 0 0
1380837564 443 173 19 0 4 0 0 0 3 0 0 0 0 0 2 0 0 1 0 0
1380837565 443 176 19 0 4 0 0 0 3 0 0 0 0 0 2 0 0 1 0 0
1380840499 443 177 19 0 4 0 0 0 3 0 0 0 0 0 2 0 0 1 0 0
1380879998 444 177 19 0 4 0 0 0 3 0 0 0 0 0 2 0 0 1 0 0
1380880534 445 177 19 0 4 0 0 0 3 0 0 0 0 0 2 0 0 1 0 0
1381232638 446 177 19 0 4 0 0 0 3 0 0 0 0 0 2 0 0 1 0 0
1381310685 448 177 19 0 4 0 0 0 3 0 0 0 0 0 2 0 0 1 0 0
1381595680 449 177 19 0 4 0 0 0 3 0 0 0 0 0 2 0 0 1 0 0
1381609173 450 177 19 0 4 0 0 0 3 0 0 0 0 0 2 0 0 1 0 0
1381609869 451 177 19 0 4 0 0 0 3 0 0 0 0 0 2 0 0 1 0 0
1381610428 452 177 19 0 4 0 0 0 3 0 0 0 0 0 2 0 0 1 0 0
1381620004 453 177 19 0 4 0 0 0 3 0 0 0 0 0 2 0 0 1 0 0
1381769246 454 177 19 0 4 0 0 0 3 0 0 0 0 0 2 0 0 1 0 0
1382376578 455 177 19 0 4 0 0 0 3 0 0 0 0 0 2 0 0 1 0 0
1382655437 456 177 19 0 4 0 0 0 3 0 0 0 0 0 2 0 0 1 0 0
1382968684 456 177 19 0 4 0 0 0 3 0 0 0 0 0 2 0 0 1 0 0
1382970354 457 177 19 0 4 0 0 0 3 0 0 0 0 0 2 0 0 1 0 0
1383260464 458 177 19 0 4 0 0 0 3 0 0 0 0 0 2 0 0 1 0 0
1383265875 459 177 19 0 4 0 0 0 3 0 0 0 0 0 2 0 0 1 0 0
1383624055 460 177 19 0 4 0 0 0 3 0 0 0 0 0 2 0 0 1 0 0
1383785365 461 177 19 0 4 0 0 0 3 0 0 0 0 0 2 0 0 1 0 0
1383845868 462 177 19 0 4 0 0 0 3 0 0 0 0 0 2 0 0 1 0 0
1383863895 462 180 19 0 4 0 0 0 3 0 0 0 0 0 2 0 0 1 0 0
1383864090 462 181 19 0 4 0 0 0 3 0 0 0 0 0 2 0 0 1 0 0
1384211372 463 181 19 0 4 0 0 0 3 0 0 0 0 0 2 0 0 1 0 0
1384216517 464 181 19 0 4 0 0 0 3 0 0 0 0 0 2 0 0 1 0 0
1384229306 465 181 19 0 4 0 0 0 3 0 0 0 0 0 2 0 0 1 0 0
1384229754 466 181 19 0 4 0 0 0 3 0 0 0 0 0 2 0 0 1 0 0
1384272633 467 181 19 0 4 0 0 0 3 0 0 0 0 0 2 0 0 1 0 0
1385773429 468 181 19 0 4 0 0 0 3 0 0 0 0 0 2 0 0 1 0 0
1386211369 469 181 19 0 4 0 0 0 3 0 0 0 0 0 2 0 0 1 0 0
1386759432 469 188 19 0 4 0 0 0 3 0 0 0 0 0 2 0 0 1 0 0
1386759433 469 193 19 0 4 0 0 0 3 0 0 0 0 0 2 0 0 1 0 0
1387625517 469 194 19 0 4 0 0 0 3 0 0 0 0 0 2 0 0 1 0 0
1388325150 469 196 19 0 4 0 0 0 3 0 0 0 0 0 2 0 0 1 0 0
1388325257 469 197 19 0 4 0 0 0 3 0 0 0 0 0 2 0 0 1 0 0
1388326145 469 198 19 0 4 0 0 0 3 0 0 0 0 0 2 0 0 1 0 0
1388326191 469 199 19 0 4 0 0 0 3 0 0 0 0 0 2 0 0 1 0 0
1388329053 469 200 19 0 4 0 0 0 3 0 0 0 0 0 2 0 0 1 0 0
1388329101 469 201 19 0 4 0 0 0 3 0 0 0 0 0 2 0 0 1 0 0
1388452579 469 202 19 0 4 0 0 0 3 0 0 0 0 0 2 0 0 1 0 0
1388781628 470 202 19 0 4 0 0 0 3 0 0 0 0 0 2 0 0 1 0 0
1388935581 470 203 19 0 4 0 0 0 3 0 0 0 0 0 2 0 0 1 0 0
1388936246 470 204 19 0 4 0 0 0 3 0 0 0 0 0 2 0 0 1 0 0
1389046657 470 205 19 0 4 0 0 0 3 0 0 0 0 0 2 0 0 1 0 0
1389046658 470 207 19 0 4 0 0 0 3 0 0 0 0 0 2 0 0 1 0 0
1389046904 471 207 19 0 4 0 0 0 3 0 0 0 0 0 2 0 0 1 0 0
1389046914 471 208 19 0 4 0 0 0 3 0 0 0 0 0 2 0 0 1 0 0
1389577024 472 208 19 0 4 0 0 0 3 0 0 0 0 0 2 0 0 1 0 0
1389642368 472 209 19 0 4 0 0 0 3 0 0 0 0 0 2 0 0 1 0 0
1389748368 473 209 19 0 4 0 0 0 3 0 0 0 0 0 2 0 0 1 0 0
1389805788 474 209 19 0 4 0 0 0 3 0 0 0 0 0 2 0 0 1 0 0
1390915647 474 210 19 0 4 0 0 0 3 0 0 0 0 0 2 0 0 1 0 0
1392841540 474 212 19 0 4 0 0 0 3 0 0 0 0 0 2 0 0 1 0 0
1394078682 475 212 19 0 4 0 0 0 3 0 0 0 0 0 2 0 0 1 0 0
1394080812 476 212 19 0 4 0 0 0 3 0 0 0 0 0 2 0 0 1 0 0
1394967303 477 212 19 0 4 0 0 0 3 0 0 0 0 0 2 0 0 1 0 0
1394970162 477 218 19 0 4 0 0 0 3 0 0 0 0 0 2 0 0 1 0 0
1394970163 477 220 19 0 4 0 0 0 3 0 0 0 0 0 2 0 0 1 0 0
1395523630 477 222 19 0 4 0 0 0 3 0 0 0 0 0 2 0 0 1 0 0
1395576363 477 223 19 0 4 0 0 0 3 0 0 0 0 0 2 0 0 1 0 0
1395825500 478 223 19 0 4 0 0 0 3 0 0 0 0 0 2 0 0 1 0 0
1395826431 479 223 19 0 4 0 0 0 3 0 0 0 0 0 2 0 0 1 0 0
1395826886 480 223 19 0 4 0 0 0 3 0 0 0 0 0 2 0 0 1 0 0
1395849583 481 223 19 0 4 0 0 0 3 0 0 0 0 0 2 0 0 1 0 0
1396039919 482 223 19 0 4 0 0 0 3 0 0 0 0 0 2 0 0 1 0 0
1396298539 483 223 19 0 4 0 0 0 3 0 0 0 0 0 2 0 0 1 0 0
1396414934 483 224 19 0 4 0 0 0 3 0 0 0 0 0 2 0 0 1 0 0
1396554701 484 224 19 0 4 0 0 0 3 0 0 0 0 0 2 0 0 1 0 0
1400600848 485 224 19 0 4 0 0 0 3 0 0 0 0 0 2 0 0 1 0 0
1401433568 485 231 19 0 4 0 0 0 3 0 0 0 0 0 2 0 0 1 0 0
1401439676 485 233 19 0 4 0 0 0 3 0 0 0 0 0 2 0 0 1 0 0
1401439804 485 234 19 0 4 0 0 0 3 0 0 0 0 0 2 0 0 1 0 0
1402478850 486 234 19 0 4 0 0 0 3 0 0 0 0 0 2 0 0 1 0 0
1402681587 487 234 19 0 4 0 0 0 3 0 0 0 0 0 2 0 0 1 0 0
1403085197 488 234 19 0 4 0 0 0 3 0 0 0 0 0 2 0 0 1 0 0
1403085728 489 234 19 0 4 0 0 0 3 0 0 0 0 0 2 0 0 1 0 0
1403107659 490 234 19 0 4 0 0 0 3 0 0 0 0 0 2 0 0 1 0 0
1403119753 491 234 19 0 4 0 0 0 3 0 0 0 0 0 2 0 0 1 0 0
1403123824 492 234 19 0 4 0 0 0 3 0 0 0 0 0 2 0 0 1 0 0
1403125274 492 236 19 0 4 0 0 0 3 0 0 0 0 0 2 0 0 1 0 0
1403125635 493 236 19 0 4 0 0 0 3 0 0 0 0 0 2 0 0 1 0 0
1403126746 494 236 19 0 4 0 0 0 3 0 0 0 0 0 2 0 0 1 0 0
1403267611 495 236 19 0 4 0 0 0 3 0 0 0 0 0 2 0 0 1 0 0
1403279399 496 236 19 0 4 0 0 0 3 0 0 0 0 0 2 0 0 1 0 0
1403279812 497 236 19 0 4 0 0 0 3 0 0 0 0 0 2 0 0 1 0 0
1403280033 498 236 19 0 4 0 0 0 3 0 0 0 0 0 2 0 0 1 0 0
1403280221 499 236 19 0 4 0 0 0 3 0 0 0 0 0 2 0 0 1 0 0
1403312164 500 236 19 0 4 0 0 0 3 0 0 0 0 0 2 0 0 1 0 0
1403332844 501 236 19 0 4 0 0 0 3 0 0 0 0 0 2 0 0 1 0 0
1403346634 502 236 19 0 4 0 0 0 3 0 0 0 0 0 2 0 0 1 0 0
1403364885 503 236 19 0 4 0 0 0 3 0 0 0 0 0 2 0 0 1 0 0
1403391221 504 236 19 0 4 0 0 0 3 0 0 0 0 0 2 0 0 1 0 0
1403480354 505 236 19 0 4 0 0 0 3 0 0 0 0 0 2 0 0 1 0 0
1403534198 506 236 19 0 4 0 0 0 3 0 0 0 0 0 2 0 0 1 0 0
1403534346 507 236 19 0 4 0 0 0 3 0 0 0 0 0 2 0 0 1 0 0
1403608579 508 236 19 0 4 0 0 0 3 0 0 0 0 0 2 0 0 1 0 0
1403610164 509 236 19 0 4 0 0 0 3 0 0 0 0 0 2 0 0 1 0 0
1403635393 510 236 19 0 4 0 0 0 3 0 0 0 0 0 2 0 0 1 0 0
1403785187 511 236 19 0 4 0 0 0 3 0 0 0 0 0 2 0 0 1 0 0
1403891591 512 236 19 0 4 0 0 0 3 0 0 0 0 0 2 0 0 1 0 0
1403955483 512 237 19 0 4 0 0 0 3 0 0 0 0 0 2 0 0 1 0 0
1404128510 513 237 19 0 4 0 0 0 3 0 0 0 0 0 2 0 0 1 0 0
1404128561 514 237 19 0 4 0 0 0 3 0 0 0 0 0 2 0 0 1 0 0
1404216703 515 237 19 0 4 0 0 0 3 0 0 0 0 0 2 0 0 1 0 0
1404266027 516 237 19 0 4 0 0 0 3 0 0 0 0 0 2 0 0 1 0 0
1404276343 517 237 19 0 4 0 0 0 3 0 0 0 0 0 2 0 0 1 0 0
1404312312 518 237 19 0 4 0 0 0 3 0 0 0 0 0 2 0 0 1 0 0
1404313579 519 237 19 0 4 0 0 0 3 0 0 0 0 0 2 0 0 1 0 0
1404326646 520 237 19 0 4 0 0 0 3 0 0 0 0 0 2 0 0 1 0 0
1404398962 521 237 19 0 4 0 0 0 3 0 0 0 0 0 2 0 0 1 0 0
1404401517 522 237 19 0 4 0 0 0 3 0 0 0 0 0 2 0 0 1 0 0
1404409745 523 237 19 0 4 0 0 0 3 0 0 0 0 0 2 0 0 1 0 0
1404422774 524 237 19 0 4 0 0 0 3 0 0 0 0 0 2 0 0 1 0 0
1404571750 525 237 19 0 4 0 0 0 3 0 0 0 0 0 2 0 0 1 0 0
1404575327 526 237 19 0 4 0 0 0 3 0 0 0 0 0 2 0 0 1 0 0
1404658178 527 237 19 0 4 0 0 0 3 0 0 0 0 0 2 0 0 1 0 0
1404694045 528 237 19 0 4 0 0 0 3 0 0 0 0 0 2 0 0 1 0 0
1404778431 530 237 19 0 4 0 0 0 3 0 0 0 0 0 2 0 0 1 0 0
1404845664 531 238 19 0 4 0 0 0 3 0 0 0 0 0 2 0 0 1 0 0
1404856878 531 239 19 0 4 0 0 0 3 0 0 0 0 0 2 0 0 1 0 0
1404862023 532 239 19 0 4 0 0 0 3 0 0 0 0 0 2 0 0 1 0 0
1404862046 533 239 19 0 4 0 0 0 3 0 0 0 0 0 2 0 0 1 0 0
1404871605 534 239 19 0 4 0 0 0 3 0 0 0 0 0 2 0 0 1 0 0
1404875131 535 239 19 0 4 0 0 0 3 0 0 0 0 0 2 0 0 1 0 0
1404878560 536 239 19 0 4 0 0 0 3 0 0 0 0 0 2 0 0 1 0 0
1404879727 537 239 19 0 4 0 0 0 3 0 0 0 0 0 2 0 0 1 0 0
1404880308 538 239 19 0 4 0 0 0 3 0 0 0 0 0 2 0 0 1 0 0
1404880811 539 239 19 0 4 0 0 0 3 0 0 0 0 0 2 0 0 1 0 0
1404907990 540 239 19 0 4 0 0 0 3 0 0 0 0 0 2 0 0 1 0 0
1404911874 541 239 19 0 4 0 0 0 3 0 0 0 0 0 2 0 0 1 0 0
1404914072 542 239 19 0 4 0 0 0 3 0 0 0 0 0 2 0 0 1 0 0
1404922563 543 239 19 0 4 0 0 0 3 0 0 0 0 0 2 0 0 1 0 0
1404923509 544 239 19 0 4 0 0 0 3 0 0 0 0 0 2 0 0 1 0 0
1404926545 545 239 19 0 4 0 0 0 3 0 0 0 0 0 2 0 0 1 0 0
1404929793 545 240 19 0 4 0 0 0 3 0 0 0 0 0 2 0 0 1 0 0
1404929833 545 241 19 0 4 0 0 0 3 0 0 0 0 0 2 0 0 1 0 0
1404929888 545 242 19 0 4 0 0 0 3 0 0 0 0 0 2 0 0 1 0 0
1404932737 546 242 19 0 4 0 0 0 3 0 0 0 0 0 2 0 0 1 0 0
1404943434 547 242 19 0 4 0 0 0 3 0 0 0 0 0 2 0 0 1 0 0
1405356676 548 242 19 0 4 0 0 0 3 0 0 0 0 0 2 0 0 1 0 0
1405356833 549 242 19 0 4 0 0 0 3 0 0 0 0 0 2 0 0 1 0 0
1405955493 550 242 19 0 4 0 0 0 3 0 0 0 0 0 2 0 0 1 0 0
1405956839 551 242 19 0 4 0 0 0 3 0 0 0 0 0 2 0 0 1 0 0
1405992031 552 242 19 0 4 0 0 0 3 0 0 0 0 0 2 0 0 1 0 0
1406160641 553 242 19 0 4 0 0 0 3 0 0 0 0 0 2 0 0 1 0 0
1406161471 553 243 19 0 4 0 0 0 3 0 0 0 0 0 2 0 0 1 0 0
1406161894 554 244 19 0 4 0 0 0 3 0 0 0 0 0 2 0 0 1 0 0
1406200435 555 244 19 0 4 0 0 0 3 0 0 0 0 0 2 0 0 1 0 0
1406200545 556 244 19 0 4 0 0 0 3 0 0 0 0 0 2 0 0 1 0 0
1406423762 557 244 19 0 4 0 0 0 3 0 0 0 0 0 2 0 0 1 0 0
1406825992 558 244 19 0 4 0 0 0 3 0 0 0 0 0 2 0 0 1 0 0
1407000815 559 244 19 0 4 0 0 0 3 0 0 0 0 0 2 0 0 1 0 0
1407153473 560 244 19 0 4 0 0 0 3 0 0 0 0 0 2 0 0 1 0 0
1407154409 561 244 19 0 4 0 0 0 3 0 0 0 0 0 2 0 0 1 0 0
1407169595 562 244 19 0 4 0 0 0 3 0 0 0 0 0 2 0 0 1 0 0
1407177624 563 244 19 0 4 0 0 0 3 0 0 0 0 0 2 0 0 1 0 0
1407434813 564 244 19 0 4 0 0 0 3 0 0 0 0 0 2 0 0 1 0 0
1407780011 565 244 19 0 4 0 0 0 3 0 0 0 0 0 2 0 0 1 0 0
1407780080 566 244 19 0 4 0 0 0 3 0 0 0 0 0 2 0 0 1 0 0
1408181684 566 245 19 0 4 0 0 0 3 0 0 0 0 0 2 0 0 1 0 0
1408228152 566 246 19 0 4 0 0 0 3 0 0 0 0 0 2 0 0 1 0 0
1408233032 566 247 19 0 4 0 0 0 3 0 0 0 0 0 2 0 0 1 0 0
1408333493 567 247 19 0 4 0 0 0 3 0 0 0 0 0 2 0 0 1 0 0
1408668020 568 247 19 0 4 0 0 0 3 0 0 0 0 0 2 0 0 1 0 0
1408911483 569 247 19 0 4 0 0 0 3 0 0 0 0 0 2 0 0 1 0 0
1409823611 570 247 19 0 4 0 0 0 3 0 0 0 0 0 2 0 0 1 0 0
1410288005 571 247 19 0 4 0 0 0 3 0 0 0 0 0 2 0 0 1 0 0
1410288263 572 247 19 0 4 0 0 0 3 0 0 0 0 0 2 0 0 1 0 0
1410643277 572 247 19 1 4 0 0 0 3 0 0 0 0 0 2 0 0 1 0 0
1410806912 573 247 19 1 4 0 0 0 3 0 0 0 0 0 2 0 0 1 0 0
1410900847 574 247 19 1 4 0 0 0 3 0 0 0 0 0 2 0 0 1 0 0
1410999722 575 247 19 1 4 0 0 0 3 0 0 0 0 0 2 0 0 1 0 0
1411087543 576 247 19 1 4 0 0 0 3 0 0 0 0 0 2 0 0 1 0 0
1411194272 577 247 19 1 4 0 0 0 3 0 0 0 0 0 2 0 0 1 0 0
1411669556 581 249 19 1 4 0 0 0 3 0 0 0 0 0 2 0 0 1 0 0
1412193495 582 249 19 1 4 0 0 0 3 0 0 0 0 0 2 0 0 1 0 0
1412193603 583 249 19 1 4 0 0 0 3 0 0 0 0 0 2 0 0 1 0 0
1412282015 584 249 19 1 4 0 0 0 3 0 0 0 0 0 2 0 0 1 0 0
1412282115 585 249 19 1 4 0 0 0 3 0 0 0 0 0 2 0 0 1 0 0
1412283500 586 249 19 1 4 0 0 0 3 0 0 0 0 0 2 0 0 1 0 0
1412284303 587 249 19 1 4 0 0 0 3 0 0 0 1 0 2 0 0 1 0 0
1412360665 587 249 19 1 4 0 0 0 3 0 0 0 1 0 2 0 0 1 0 0
1412455729 588 249 19 1 4 0 0 0 3 0 0 0 1 0 2 0 0 1 0 0
1412792727 589 249 19 1 4 0 0 0 3 0 0 0 1 0 2 0 0 1 0 0
1413584559 589 249 19 1 4 0 1 0 3 0 0 0 1 0 2 0 0 1 0 0
1413585341 589 249 19 1 4 0 2 0 3 0 0 0 1 0 2 0 0 1 0 0
1413586013 589 249 19 1 4 0 3 0 3 0 0 0 1 0 2 0 0 1 0 0
1416693391 589 250 19 1 4 0 3 0 3 0 0 0 1 0 2 0 0 1 0 0
1417420769 589 255 19 1 4 0 3 0 3 0 0 0 1 0 2 0 0 1 0 0
1417606073 589 256 19 1 4 0 3 0 3 0 0 0 1 0 2 0 0 1 0 0
1417606675 589 257 19 1 4 0 3 0 3 0 0 0 1 0 2 0 0 1 0 0
1417799933 589 258 19 1 4 0 3 0 3 0 0 0 1 0 2 0 0 1 0 0
1417806941 590 258 19 1 4 0 3 0 3 0 0 0 1 0 2 0 0 1 0 0
1417807831 590 258 19 1 4 0 3 0 3 0 0 0 2 0 2 0 0 1 0 0
1417809621 590 259 19 1 4 0 3 0 3 0 0 0 2 0 2 0 0 1 0 0
1418008869 591 259 19 1 4 0 3 0 3 0 0 0 2 0 2 0 0 1 0 0
1418028996 591 260 19 1 4 0 3 0 3 0 0 0 2 0 2 0 0 1 0 0
1418499308 591 261 19 1 4 0 3 0 3 0 0 0 2 0 2 0 0 1 0 0
1418676059 592 261 19 1 4 0 3 0 3 0 0 0 2 0 2 0 0 1 0 0
1418877533 593 261 19 1 4 0 3 0 3 0 0 0 2 0 2 0 0 1 0 0
1419120830 594 261 19 1 4 0 3 0 3 0 0 0 2 0 2 0 0 1 0 0
1420716513 595 261 19 1 4 0 3 0 3 0 0 0 2 0 2 0 0 1 0 0
1420717328 596 261 19 1 4 0 3 0 3 0 0 0 2 0 2 0 0 1 0 0
1420717437 597 261 19 1 4 0 3 0 3 0 0 0 2 0 2 0 0 1 0 0
1420719449 598 261 19 1 4 0 3 0 3 0 0 0 2 0 2 0 0 1 0 0
1420721654 599 261 19 1 4 0 3 0 3 0 0 0 2 0 2 0 0 1 0 0
1420802707 600 261 19 1 4 0 3 0 3 0 0 0 2 0 2 0 0 1 0 0
1420976257 601 261 19 1 4 0 3 0 3 0 0 0 2 0 2 0 0 1 0 0
1421059094 602 261 19 1 4 0 3 0 3 0 0 0 2 0 2 0 0 1 0 0
1421061591 602 262 19 1 4 0 3 0 3 0 0 0 2 0 2 0 0 1 0 0
1421092949 602 264 19 1 4 0 3 0 3 0 0 0 2 0 2 0 0 1 0 0
1421174838 603 264 19 1 4 0 3 0 3 0 0 0 2 0 2 0 0 1 0 0
1421219570 603 265 19 1 4 0 3 0 3 0 0 0 2 0 2 0 0 1 0 0
1421472732 603 266 19 1 4 0 3 0 3 0 0 0 2 0 2 0 0 1 0 0
1422335457 603 267 19 1 4 0 3 0 3 0 0 0 2 0 2 0 0 1 0 0
1422609665 604 267 19 1 4 0 3 0 3 0 0 0 2 0 2 0 0 1 0 0
1422873221 605 267 19 1 4 0 3 0 3 0 0 0 2 0 2 0 0 1 0 0
1423759593 605 267 19 2 4 0 3 0 3 0 0 0 2 0 2 0 0 1 0 0
1423761479 605 267 19 3 4 0 3 0 3 0 0 0 2 0 2 0 0 1 0 0
1424986564 606 267 19 3 4 0 3 0 3 0 0 0 2 0 2 0 0 1 0 0
1426706781 607 267 19 3 4 0 3 0 3 0 0 0 2 0 2 0 0 1 0 0
1428522444 607 268 19 3 4 0 3 0 3 0 0 0 2 0 2 0 0 1 0 0
1428522676 607 269 19 3 4 0 3 0 3 0 0 0 2 0 2 0 0 1 0 0
1428522710 607 270 19 3 4 0 3 0 3 0 0 0 2 0 2 0 0 1 0 0
1428522725 607 271 19 3 4 0 3 0 3 0 0 0 2 0 2 0 0 1 0 0
1429035870 607 272 19 3 4 0 3 0 3 0 0 0 2 0 2 0 0 1 0 0
1429035951 607 273 19 3 4 0 3 0 3 0 0 0 2 0 2 0 0 1 0 0
1429136455 608 273 19 3 4 0 3 0 3 0 0 0 2 0 2 0 0 1 0 0
1429139980 609 273 19 3 4 0 3 0 3 0 0 0 2 0 2 0 0 1 0 0
1429291974 610 273 19 3 4 0 3 0 3 0 0 0 2 0 2 0 0 1 0 0
1429764596 611 273 19 3 4 0 3 0 3 0 0 0 2 0 2 0 0 1 0 0
1430323960 612 273 19 3 4 0 3 0 3 0 0 0 2 0 2 0 0 1 0 0
1430324901 613 273 19 3 4 0 3 0 3 0 0 0 2 0 2 0 0 1 0 0
1430635391 614 273 19 3 4 0 3 0 3 0 0 0 2 0 2 0 0 1 0 0
1430635967 615 273 19 3 4 0 3 0 3 0 0 0 2 0 2 0 0 1 0 0
1432060415 615 274 19 3 4 0 3 0 3 0 0 0 2 0 2 0 0 1 0 0
1432084667 615 275 19 3 4 0 3 0 3 0 0 0 2 0 2 0 0 1 0 0
1432087478 615 276 19 3 4 0 3 0 3 0 0 0 2 0 2 0 0 1 0 0
1432758230 615 277 19 3 4 0 3 0 3 0 0 0 2 0 2 0 0 1 0 0
1432758414 615 278 19 3 4 0 3 0 3 0 0 0 2 0 2 0 0 1 0 0
1432839084 615 279 19 3 4 0 3 0 3 0 0 0 2 0 2 0 0 1 0 0
1433270973 615 280 19 3 4 0 3 0 3 0 0 0 2 0 2 0 0 1 0 0
1433271063 615 281 19 3 4 0 3 0 3 0 0 0 2 0 2 0 0 1 0 0
1434719623 616 281 19 3 4 0 3 0 3 0 0 0 2 0 2 0 0 1 0 0
1435856616 617 281 19 3 4 0 3 0 3 0 0 0 2 0 2 0 0 1 0 0
1435863987 617 282 19 3 4 0 3 0 3 0 0 0 2 0 2 0 0 1 0 0
1435863995 617 283 19 3 4 0 3 0 3 0 0 0 2 0 2 0 0 1 0 0
1435864496 617 284 19 3 4 0 3 0 3 0 0 0 2 0 2 0 0 1 0 0
1435955930 617 285 19 3 4 0 3 0 3 0 0 0 2 0 2 0 0 1 0 0
1436010161 617 286 19 3 4 0 3 0 3 0 0 0 2 0 2 0 0 1 0 0
1436010481 617 287 19 3 4 0 3 0 3 0 0 0 2 0 2 0 0 1 0 0
1436010482 617 288 19 3 4 0 3 0 3 0 0 0 2 0 2 0 0 1 0 0
1436010483 617 289 19 3 4 0 3 0 3 0 0 0 2 0 2 0 0 1 0 0
1436010484 617 290 19 3 4 0 3 0 3 0 0 0 2 0 2 0 0 1 0 0
1436010485 617 291 19 3 4 0 3 0 3 0 0 0 2 0 2 0 0 1 0 0
1436010486 617 292 19 3 4 0 3 0 3 0 0 0 2 0 2 0 0 1 0 0
1436010487 617 293 19 3 4 0 3 0 3 0 0 0 2 0 2 0 0 1 0 0
1436010552 617 294 19 3 4 0 3 0 3 0 0 0 2 0 2 0 0 1 0 0
1436010621 617 295 19 3 4 0 3 0 3 0 0 0 2 0 2 0 0 1 0 0
1436272892 618 295 19 3 4 0 3 0 3 0 0 0 2 0 2 0 0 1 0 0
1436641300 618 296 19 3 4 0 3 0 3 0 0 0 2 0 2 0 0 1 0 0
1436641776 618 297 19 3 4 0 3 0 3 0 0 0 2 0 2 0 0 1 0 0
1436641833 618 298 19 3 4 0 3 0 3 0 0 0 2 0 2 0 0 1 0 0
1437333511 618 299 19 3 4 0 3 0 3 0 0 0 2 0 2 0 0 1 0 0
1437334212 618 300 19 3 4 0 3 0 3 0 0 0 2 0 2 0 0 1 0 0
1437334285 618 301 19 3 4 0 3 0 3 0 0 0 2 0 2 0 0 1 0 0
1437334314 618 302 19 3 4 0 3 0 3 0 0 0 2 0 2 0 0 1 0 0
1437334990 618 303 19 3 4 0 3 0 3 0 0 0 2 0 2 0 0 1 0 0
1437335042 618 304 19 3 4 0 3 0 3 0 0 0 2 0 2 0 0 1 0 0
1437887801 618 305 19 3 4 0 3 0 3 0 0 0 2 0 2 0 0 1 0 0
1437888019 618 306 19 3 4 0 3 0 3 0 0 0 2 0 2 0 0 1 0 0
1438196494 619 306 19 3 4 0 3 0 3 0 0 0 2 0 2 0 0 1 0 0
1438196623 620 306 19 3 4 0 3 0 3 0 0 0 2 0 2 0 0 1 0 0
1438214045 621 306 19 3 4 0 3 0 3 0 0 0 2 0 2 0 0 1 0 0
1439510500 622 306 19 3 4 0 3 0 3 0 0 0 2 0 2 0 0 1 0 0
1439998748 622 306 19 3 4 0 3 0 3 1 0 0 2 0 2 0 0 1 0 0
1440001188 622 306 19 3 4 0 3 0 3 2 0 0 2 0 2 0 0 1 0 0
1440189633 623 306 19 3 4 0 3 0 3 2 0 0 2 0 2 0 0 1 0 0
1440248412 624 306 19 3 4 0 3 0 3 2 0 0 2 0 2 0 0 1 0 0
1440321165 624 307 19 3 4 0 3 0 3 2 0 0 2 0 2 0 0 1 0 0
1441563499 625 307 19 3 4 0 3 0 3 2 0 0 2 0 2 0 0 1 0 0
1442624803 625 307 19 3 4 0 3 0 3 2 0 0 2 0 2 0 0 1 1 0
1443282628 626 307 19 3 4 0 3 0 3 2 0 0 2 0 2 0 0 1 1 0
1443389662 627 307 19 3 4 0 3 0 3 2 0 0 2 0 2 0 0 1 1 0
1443544316 628 307 19 3 4 0 3 0 3 2 0 0 2 0 2 0 0 1 1 0
1443633080 629 307 19 3 4 0 3 0 3 2 0 0 2 0 2 0 0 1 1 0
1443721438 629 308 19 3 4 0 3 0 3 2 0 0 2 0 2 0 0 1 1 0
1443920185 630 308 19 3 4 0 3 0 3 2 0 0 2 0 2 0 0 1 1 0
1444114634 631 308 19 3 4 0 3 0 3 2 0 0 2 0 2 0 0 1 1 0
1444195858 632 308 19 3 4 0 3 0 3 2 0 0 2 0 2 0 0 1 1 0
1444596049 632 309 19 3 4 0 3 0 3 2 0 0 2 0 2 0 0 1 1 0
1444604921 633 309 19 3 4 0 3 0 3 2 0 0 2 0 2 0 0 1 1 0
1444642149 634 309 19 3 4 0 3 0 3 2 0 0 2 0 2 0 0 1 1 0
1444940545 634 309 19 3 4 0 3 0 3 2 0 0 2 0 2 0 0 1 1 0
1446021443 634 310 19 3 4 0 3 0 3 2 0 0 2 0 2 0 0 1 1 0
1446257507 635 310 19 3 4 0 3 0 3 2 0 0 2 0 2 0 0 1 1 0
1446258451 636 310 19 3 4 0 3 0 3 2 0 0 2 0 2 0 0 1 1 0
1446656628 637 310 19 3 4 0 3 0 3 2 0 0 2 0 2 0 0 1 1 0
1446660672 638 310 19 3 4 0 3 0 3 2 0 0 2 0 2 0 0 1 1 0
1446669510 639 310 19 3 4 0 3 0 3 2 0 0 2 0 2 0 0 1 1 0
1446670890 640 310 19 3 4 0 3 0 3 2 0 0 2 0 2 0 0 1 1 0
1446676261 641 310 19 3 4 0 3 0 3 2 0 0 2 0 2 0 0 1 1 0
1446677138 642 310 19 3 4 0 3 0 3 2 0 0 2 0 2 0 0 1 1 0
1446804765 643 310 19 3 4 0 3 0 3 2 0 0 2 0 2 0 0 1 1 0
1447099750 644 310 19 3 4 0 3 0 3 2 0 0 2 0 2 0 0 1 1 0
1447200126 645 310 19 3 4 0 3 0 3 2 0 0 2 0 2 0 0 1 1 0
1447406755 646 310 19 3 4 0 3 0 3 2 0 0 2 0 2 0 0 1 1 0
1447780945 646 311 19 3 4 0 3 0 3 2 0 0 2 0 2 0 0 1 1 0
1447806805 647 311 19 3 4 0 3 0 3 2 0 0 2 0 2 0 0 1 1 0
1447842281 648 311 19 3 4 0 3 0 3 2 0 0 2 0 2 0 0 1 1 0
1447860624 648 312 19 3 4 0 3 0 3 2 0 0 2 0 2 0 0 1 1 0
1447882431 649 312 19 3 4 0 3 0 3 2 0 0 2 0 2 0 0 1 1 0
1447889914 650 312 19 3 4 0 3 0 3 2 0 0 2 0 2 0 0 1 1 0
1447963456 651 312 19 3 4 0 3 0 3 2 0 0 2 0 2 0 1 1 1 0
1448011216 652 312 19 3 4 0 3 0 3 2 0 0 2 0 2 0 1 1 1 0
1448012876 653 312 19 3 4 0 3 0 3 2 0 0 2 0 2 0 1 1 1 0
1448026451 654 312 19 3 4 0 3 0 3 2 0 0 2 0 2 0 1 1 1 0
1448128729 655 312 19 3 4 0 3 0 3 2 0 0 2 0 2 0 1 1 1 0
1448230290 656 312 19 3 4 0 3 0 3 2 0 0 2 0 2 0 1 1 1 0
1448240877 657 312 19 3 4 0 3 0 3 2 0 0 2 0 2 0 1 1 1 0
1448241005 658 312 19 3 4 0 3 0 3 2 0 0 2 0 2 0 1 1 1 0
1448241196 659 312 19 3 4 0 3 0 3 2 0 0 2 0 2 0 1 1 1 0
1448241396 660 312 19 3 4 0 3 0 3 2 0 0 2 0 2 0 1 1 1 0
1448242202 661 312 19 3 4 0 3 0 3 2 0 0 2 0 2 0 1 1 1 0
1448242380 662 312 19 3 4 0 3 0 3 2 0 0 2 0 2 0 1 1 1 0
1448242466 663 312 19 3 4 0 3 0 3 2 2 0 2 0 2 0 1 1 1 0
1448280189 663 313 19 3 4 0 3 0 3 2 2 0 2 0 2 0 1 1 1 0
1448284289 664 313 19 3 4 0 3 0 3 2 2 0 2 0 2 0 1 1 1 0
1448369686 670 313 19 3 4 0 3 0 3 2 2 0 2 0 2 0 1 1 1 0
1448377789 671 313 19 3 4 0 3 0 3 2 2 0 2 2 2 0 1 1 1 0
1448396511 672 313 19 3 4 0 3 0 3 2 2 0 2 2 2 0 1 1 1 0
1448909179 673 313 19 3 4 0 3 0 3 2 2 0 2 2 2 0 1 1 1 0
1448977709 674 313 19 3 4 0 3 0 3 2 2 0 2 2 2 0 1 1 1 0
1448979012 675 313 19 3 4 0 3 0 3 2 2 0 2 2 2 0 1 1 1 0
1449168156 675 313 19 3 4 0 3 0 3 2 2 0 2 2 2 1 1 1 1 0
1449435263 676 313 19 3 4 0 3 0 3 2 2 0 2 2 2 1 1 1 1 0
1449589435 676 314 19 3 4 0 3 0 3 2 2 0 2 2 2 1 1 1 1 0
1449598644 677 314 19 3 4 0 3 0 3 2 2 0 2 2 2 1 1 1 1 0
1449603359 678 314 19 3 4 0 3 0 3 2 2 0 2 2 2 1 1 1 1 0
1449944706 678 315 19 3 4 0 3 0 3 2 2 0 2 2 2 1 1 1 1 0
1450205134 679 315 19 3 4 0 3 0 3 2 2 0 2 2 2 1 1 1 1 0
1450565606 680 315 19 3 4 0 3 0 3 2 2 0 2 2 2 1 1 1 1 0
1450565820 681 315 19 3 4 0 3 0 3 2 2 0 2 2 2 1 1 1 1 0
1450569091 682 315 19 3 4 0 3 0 3 2 2 0 2 2 2 1 1 1 1 0
1450569519 683 315 19 3 4 0 3 0 3 2 2 0 2 2 2 1 1 1 1 0
1450570933 684 315 19 3 4 0 3 0 3 2 2 0 2 2 2 1 1 1 1 0
1450665380 685 318 19 3 4 0 3 0 3 2 2 0 2 2 2 1 1 1 1 0
1450758121 686 318 19 3 4 0 3 0 3 2 2 0 2 2 2 1 1 1 1 0
1450761633 687 318 19 3 4 0 3 0 3 2 2 0 2 2 2 1 1 1 1 0
1450764805 688 318 19 3 4 0 3 0 3 2 2 0 2 2 2 1 1 1 1 0
1450809041 689 318 19 3 4 0 3 0 3 2 2 0 2 2 2 1 1 1 1 0
1450815866 690 318 19 3 4 0 3 0 3 2 2 0 2 2 2 1 1 1 1 0
1450911726 691 318 19 3 4 0 3 0 3 2 2 0 2 2 2 1 1 1 1 0
1451331462 693 318 19 3 4 0 3 0 3 2 2 0 2 2 2 1 1 1 1 0
1451334669 694 318 19 3 4 0 3 0 3 2 2 0 2 2 2 1 1 1 1 0
1451737182 695 318 19 3 4 0 3 0 3 2 2 0 2 2 2 1 1 1 1 0
1452191309 696 318 19 3 4 0 3 0 3 2 2 0 2 2 2 1 1 1 1 0
1452543462 697 318 19 3 4 0 3 0 3 2 2 0 2 2 2 1 1 1 1 0
1452543933 698 318 19 3 4 0 3 0 3 2 2 0 2 2 2 1 1 1 1 0
1452582828 699 318 19 3 4 0 3 0 3 2 2 0 2 2 2 1 1 1 1 0
1452637086 699 319 19 3 4 0 3 0 3 2 2 0 2 2 2 1 1 1 1 0
1452964296 700 319 19 3 4 0 3 0 3 2 2 0 2 2 2 1 1 1 1 0
1453253457 701 319 19 3 4 0 3 0 3 2 2 0 2 2 2 1 1 1 1 0
1453567902 702 319 19 3 4 0 3 0 3 2 2 0 2 2 2 1 1 1 1 0
1453635169 703 319 19 3 4 0 3 0 3 2 2 0 2 2 2 1 1 1 1 0
1453846381 704 319 19 3 4 0 3 0 3 2 2 0 2 2 2 1 1 1 1 0
1453895302 705 319 19 3 4 0 3 0 3 2 2 0 2 2 2 1 1 1 1 0
1453954694 706 319 19 3 4 0 3 0 3 2 2 0 2 2 2 1 1 1 1 0
1453990982 707 319 19 3 4 0 3 0 3 2 2 0 2 2 2 1 1 1 1 0
1454006701 707 320 19 3 4 0 3 0 3 2 2 0 2 2 2 1 1 1 1 0
1454158472 708 320 19 3 4 0 3 0 3 2 2 0 2 2 2 1 1 1 1 0
1454552593 708 321 19 3 4 0 3 0 3 2 2 0 2 2 2 1 1 1 1 0
1455493985 709 321 19 3 4 0 3 0 3 2 2 0 2 2 2 1 1 1 1 0
1455494824 710 321 19 3 4 0 3 0 3 2 2 0 2 2 2 1 1 1 1 0
1455665667 711 321 19 3 4 0 3 0 3 2 2 0 2 2 2 1 1 1 1 0
1455730070 712 321 19 3 4 0 3 0 3 2 2 0 2 2 2 1 1 1 1 0
1459125356 713 321 19 3 4 0 3 0 3 2 2 0 2 2 2 1 1 1 1 0
1460230965 714 321 19 3 4 0 3 0 3 2 2 0 2 2 2 1 1 1 1 0
1460999276 715 321 19 3 4 0 3 0 3 2 2 0 2 2 2 1 1 1 1 0
1461671541 716 321 19 3 4 0 3 0 3 2 2 0 2 2 2 1 1 1 1 0
1462857104 716 322 19 3 4 0 3 0 3 2 2 0 2 2 2 1 1 1 1 0
1463269494 717 322 19 3 4 0 3 0 3 2 2 0 2 2 2 1 1 1 1 0
1464897687 718 322 19 3 4 0 3 0 3 2 2 0 2 2 2 1 1 1 1 0
1464927114 718 323 19 3 4 0 3 0 3 2 2 0 2 2 2 1 1 1 1 0
1465162964 718 324 19 3 4 0 3 0 3 2 2 0 2 2 2 1 1 1 1 0
1466834134 718 325 19 3 4 0 3 0 3 2 2 0 2 2 2 1 1 1 1 0
1466834224 718 326 19 3 4 0 3 0 3 2 2 0 2 2 2 1 1 1 1 0
1467174337 718 327 19 3 4 0 3 0 3 2 2 0 2 2 2 1 1 1 1 0
1468468401 718 328 19 3 4 0 3 0 3 2 2 0 2 2 2 1 1 1 1 0
1469268492 718 329 19 3 4 0 3 0 3 2 2 0 2 2 2 1 1 1 1 0
1469268694 718 330 19 3 4 0 3 0 3 2 2 0 2 2 2 1 1 1 1 0
1469268980 718 331 19 3 4 0 3 0 3 2 2 0 2 2 2 1 1 1 1 0
1469269024 718 332 19 3 4 0 3 0 3 2 2 0 2 2 2 1 1 1 1 0
1469269081 718 333 19 3 4 0 3 0 3 2 2 0 2 2 2 1 1 1 1 0
1469270596 718 334 19 3 4 0 3 0 3 2 2 0 2 2 2 1 1 1 1 0
1469270746 718 335 19 3 4 0 3 0 3 2 2 0 2 2 2 1 1 1 1 0
1470164555 718 336 19 3 4 0 3 0 3 2 2 0 2 2 2 1 1 1 1 0
1470164657 718 337 19 3 4 0 3 0 3 2 2 0 2 2 2 1 1 1 1 0
1470168969 718 338 19 3 4 0 3 0 3 2 2 0 2 2 2 1 1 1 1 0
1470169074 718 339 19 3 4 0 3 0 3 2 2 0 2 2 2 1 1 1 1 0
1470947456 719 339 19 3 4 0 3 0 3 2 2 0 2 2 2 1 1 1 1 0
1471623865 720 339 19 3 4 0 3 0 3 2 2 0 2 2 2 1 1 1 1 0
1471814422 720 340 19 3 4 0 3 0 3 2 2 0 2 2 2 1 1 1 1 0
1471814538 720 341 19 3 4 0 3 0 3 2 2 0 2 2 2 1 1 1 1 0
1472686895 721 341 19 3 4 0 3 0 3 2 2 0 2 2 2 1 1 1 1 0
1472888490 721 342 19 3 4 0 3 0 3 2 2 0 2 2 2 1 1 1 1 0
1473176462 721 343 19 3 4 0 3 0 3 2 2 0 2 2 2 1 1 1 1 0
1473176911 721 344 19 3 4 0 3 0 3 2 2 0 2 2 2 1 1 1 1 0
1473177373 721 345 19 3 4 0 3 0 3 2 2 0 2 2 2 1 1 1 1 0
1473178321 721 346 19 3 4 0 3 0 3 2 2 0 2 2 2 1 1 1 1 0
1474140664 721 347 19 3 4 0 3 0 3 2 2 0 2 2 2 1 1 1 1 0
1474952614 721 348 19 3 4 0 3 0 3 2 2 0 2 2 2 1 1 1 1 0
1474952618 721 349 19 3 4 0 3 0 3 2 2 0 2 2 2 1 1 1 1 0
1474952620 721 350 19 3 4 0 3 0 3 2 2 0 2 2 2 1 1 1 1 0
1474952622 721 351 19 3 4 0 3 0 3 2 2 0 2 2 2 1 1 1 1 0
1474952625 721 352 19 3 4 0 3 0 3 2 2 0 2 2 2 1 1 1 1 0
1478992280 722 352 19 3 4 0 3 0 3 2 2 0 2 2 2 1 1 1 1 0
1480447185 723 352 19 3 4 0 3 0 3 2 2 0 2 2 2 1 1 1 1 0
1480623462 723 353 19 3 4 0 3 0 3 2 2 0 2 2 2 1 1 1 1 0
1480652531 723 354 19 3 4 0 3 0 3 2 2 0 2 2 2 1 1 1 1 0
1480656029 723 355 19 3 4 0 3 0 3 2 2 0 2 2 2 1 1 1 1 0
1481133321 723 356 19 3 4 0 3 0 3 2 2 0 2 2 2 1 1 1 1 0
1481133859 723 357 19 3 4 0 3 0 3 2 2 0 2 2 2 1 1 1 1 0
1481133971 723 358 19 3 4 0 3 0 3 2 2 0 2 2 2 1 1 1 1 0
1481238216 723 359 19 3 4 0 3 0 3 2 2 0 2 2 2 1 1 1 1 0
1481357777 723 360 19 3 4 0 3 0 3 2 2 0 2 2 2 1 1 1 1 0
1481386648 723 361 19 3 4 0 3 0 3 2 2 0 2 2 2 1 1 1 1 0
1481400672 723 362 19 3 4 0 3 0 3 2 2 0 2 2 2 1 1 1 1 0
1481402559 723 363 19 3 4 0 3 0 3 2 2 0 2 2 2 1 1 1 1 0
1481403631 723 365 19 3 4 0 3 0 3 2 2 0 2 2 2 1 1 1 1 1
1481836365 723 366 19 3 4 0 3 0 3 2 2 0 2 2 2 1 1 1 1 1
1482334427 723 367 19 3 4 0 3 0 3 2 2 0 2 2 2 1 1 1 1 1
1482352814 723 368 19 3 4 0 3 0 3 2 2 0 2 2 2 1 1 1 1 1
1482949819 724 368 19 3 4 0 3 0 3 2 2 0 2 2 2 1 1 1 1 1
1483732138 725 368 19 3 4 0 3 0 3 2 2 0 2 2 2 1 1 1 1 1
1484128303 726 368 19 3 4 0 3 0 3 2 2 0 2 2 2 1 1 1 1 1
1484130808 727 368 19 3 4 0 3 0 3 2 2 0 2 2 2 1 1 1 1 1
1484133537 728 368 19 3 4 0 3 0 3 2 2 0 2 2 2 1 1 1 1 1
1484133558 729 368 19 3 4 0 3 0 3 2 2 0 2 2 2 1 1 1 1 1
1484145548 730 368 19 3 4 0 3 0 3 2 2 0 2 2 2 1 1 1 1 1
1484228131 731 368 19 3 4 0 3 0 3 2 2 0 2 2 2 1 1 1 1 1
1484421754 732 368 19 3 4 0 3 0 3 2 2 0 2 2 2 1 1 1 1 1
1485859312 733 368 19 3 4 0 3 0 3 2 2 0 2 2 2 1 1 1 1 1
1486393766 734 368 19 3 4 0 3 0 3 2 2 0 2 2 2 1 1 1 1 1
1488628995 734 369 19 3 4 0 3 0 3 2 2 0 2 2 2 1 1 1 1 1
1489334114 734 370 19 3 4 0 3 0 3 2 2 0 2 2 2 1 1 1 1 1
1489334331 734 371 19 3 4 0 3 0 3 2 2 0 2 2 2 1 1 1 1 1
1489334363 734 372 19 3 4 0 3 0 3 2 2 0 2 2 2 1 1 1 1 1
1489345733 734 373 19 3 4 0 3 0 3 2 2 0 2 2 2 1 1 1 1 1
1490301444 735 373 19 3 4 0 3 0 3 2 2 0 2 2 2 1 1 1 1 1
1501101460 736 373 19 3 4 0 3 0 3 2 2 0 2 2 2 1 1 1 1 1
1501455868 736 373 19 3 4 1 3 0 3 2 2 0 2 2 2 1 1 1 1 1
1504728948 737 373 19 3 4 1 3 0 3 2 2 0 2 2 2 1 1 1 1 1
1504966083 738 373 19 3 4 1 3 0 3 2 2 0 2 2 2 1 1 1 1 1
1505080775 738 374 19 3 4 1 3 0 3 2 2 0 2 2 2 1 1 1 1 1
1505080814 738 375 19 4 4 1 3 0 3 2 2 0 2 2 2 1 1 1 1 1
1509041077 739 375 19 4 4 1 3 0 3 2 2 0 2 2 2 1 1 1 1 1
1511120693 740 375 19 4 4 1 3 0 3 2 2 0 2 2 2 1 1 1 1 1
1518987654 741 375 19 4 4 1 3 0 3 2 2 0 2 2 2 1 1 1 1 1
1521570896 742 375 19 4 4 1 3 0 3 2 2 0 2 2 2 1 1 1 1 1
1521732057 742 375 19 5 4 1 3 0 3 2 2 0 2 2 2 1 1 1 1 1
1522688479 743 375 19 5 4 1 3 0 3 2 2 0 2 2 2 1 1 1 1 1
1525277129 744 375 19 5 4 1 3 0 3 2 2 0 2 2 2 1 1 1 1 1
1529681413 745 375 19 5 4 1 3 0 3 2 2 0 2 2 2 1 1 1 1 1
1533557459 746 375 19 5 4 1 3 0 3 2 2 0 2 2 2 1 1 1 1 1
1535502301 747 375 19 5 4 2 3 0 3 2 2 0 2 2 2 1 1 1 1 1
1547491178 747 375 19 6 4 2 3 0 3 2 2 0 2 2 2 1 1 1 1 1
1547492780 748 375 19 6 4 2 3 0 3 2 2 0 2 2 2 1 1 1 1 1
1547750770 753 375 19 6 4 2 3 0 3 2 2 0 2 2 2 1 1 1 1 1
1547754603 754 375 19 6 4 2 3 0 3 2 2 0 2 2 2 1 1 1 1 1
1548891814 755 375 19 6 4 2 3 0 3 2 2 0 2 2 2 1 1 1 1 1
1550419196 755 375 19 6 4 2 3 0 3 2 2 0 2 2 2 1 1 1 1 1
1555380476 755 375 19 6 4 2 3 1 3 2 2 0 2 2 2 1 1 1 1 1
1566838313 756 375 19 6 4 2 3 1 3 2 2 0 2 2 2 1 1 1 1 1
1573361915 757 375 19 6 4 2 3 1 3 2 2 0 2 2 2 1 1 1 1 1
1573362047 758 375 19 6 4 2 3 1 3 2 2 0 2 2 2 1 1 1 1 1
1573363237 759 375 19 6 4 2 3 1 3 2 2 0 2 2 2 1 1 1 1 1
1573833994 760 375 19 6 4 2 3 1 3 2 2 0 2 2 2 1 1 1 1 1
1573834071 761 375 19 6 4 2 3 1 3 2 2 0 2 2 2 1 1 1 1 1
1578587540 761 375 19 7 4 2 3 1 3 2 2 0 2 2 2 1 1 1 1 1
1579791000 762 375 19 7 4 2 3 1 3 2 2 0 2 2 2 1 1 1 1 1
1582091343 762 375 19 7 4 2 3 2 3 2 2 0 2 2 2 1 1 1 1 1
1582091441 762 375 19 7 4 2 3 3 3 2 2 0 2 2 2 1 1 1 1 1
1587737013 763 375 19 7 4 2 3 3 3 2 2 0 2 2 2 1 1 1 1 1
1587737253 764 375 19 7 4 2 3 3 3 2 2 0 2 2 2 1 1 1 1 1
1587772018 765 375 19 7 4 2 3 3 3 2 2 0 2 2 2 1 1 1 1 1
1592333354 766 375 19 7 4 2 3 3 3 2 2 0 2 2 2 1 1 1 1 1
1603311893 767 375 19 7 4 2 3 3 3 2 2 0 2 2 2 1 1 1 1 1
1610479201 767 375 19 8 4 2 3 3 3 2 2 0 2 2 2 1 1 1 1 1
1612913886 768 375 19 8 4 2 3 3 3 2 2 0 2 2 2 1 1 1 1 1
1613043297 769 375 19 8 4 2 3 3 3 2 2 0 2 2 2 1 1 1 1 1
1613665545 769 375 19 9 4 2 3 3 3 2 2 0 2 2 2 1 1 1 1 1
1615732184 771 375 19 9 4 2 3 3 3 2 2 0 2 2 2 1 1 1 1 1
1617973593 772 375 19 9 4 2 3 3 3 2 2 0 2 2 2 1 1 1 1 1
1623077672 773 375 19 9 4 2 3 3 3 2 2 0 2 2 2 1 1 1 1 1
1635178662 774 375 19 9 4 2 3 3 3 2 2 0 2 2 2 1 1 1 1 1
1654804118 774 375 19 9 4 2 3 3 3 2 2 0 2 2 2 1 1 1 1 1
1654811886 775 375 19 9 4 3 3 3 3 2 2 2 2 2 2 1 1 1 1 1
1669645793 777 375 19 9 4 3 3 3 3 2 2 2 2 2 2 1 1 1 1 1
1671097018 778 375 19 9 4 3 3 3 3 2 2 2 2 2 2 1 1 1 1 1
1678121264 779 375 19 9 4 3 3 3 3 2 2 2 2 2 2 1 1 1 1 1
