1309239564 2603 0 0 0 0 0 0 0 0 0 0 0 0 0 0 0 0 0 0 0
1309245315 2607 0 0 0 0 0 0 0 0 0 0 0 0 0 0 0 0 0 0 0
1309245340 2608 0 0 0 0 0 0 0 0 0 0 0 0 0 0 0 0 0 0 0
1309245365 2651 0 0 0 0 0 0 0 0 0 0 0 0 0 0 0 0 0 0 0
1309254046 2663 0 0 0 0 0 0 0 0 0 0 0 0 0 0 0 0 0 0 0
1309254229 2696 0 0 0 0 0 0 0 0 0 0 0 0 0 0 0 0 0 0 0
1309255022 2698 0 0 0 0 0 0 0 0 0 0 0 0 0 0 0 0 0 0 0
1309294008 2884 0 0 0 0 0 0 0 0 0 0 0 0 0 0 0 0 0 0 0
1309296142 2913 0 0 0 0 0 0 0 0 0 0 0 0 0 0 0 0 0 0 0
1309311652 3025 0 0 0 0 0 0 0 0 0 0 0 0 0 0 0 0 0 0 0
1309323954 3033 0 0 0 0 0 0 0 0 0 0 0 0 0 0 0 0 0 0 0
1309325693 3034 0 0 0 0 0 0 0 0 0 0 0 0 0 0 0 0 0 0 0
1309337707 3040 0 0 0 0 0 0 0 0 0 0 0 0 0 0 0 0 0 0 0
1309337753 3081 0 0 0 0 0 0 0 0 0 0 0 0 0 0 0 0 0 0 0
1309363302 3081 0 11 0 0 0 0 0 0 0 0 0 0 0 0 0 0 0 0 0
1309363657 3081 0 32 0 0 0 0 0 0 0 0 0 0 0 0 0 0 0 0 0
1309366028 3081 0 39 0 0 0 0 0 0 0 0 0 0 0 0 0 0 0 0 0
1309366793 3081 0 46 0 0 0 0 0 0 0 0 0 0 0 0 0 0 0 0 0
1309367851 3081 0 53 0 0 0 0 0 0 0 0 0 0 0 0 0 0 0 0 0
1309369957 3081 0 77 0 0 0 0 0 0 0 0 0 0 0 0 0 0 0 0 0
1309370971 3081 0 78 0 0 0 0 0 0 0 0 0 0 0 0 0 0 0 0 0
1309371236 3081 0 79 0 0 0 0 0 0 0 0 0 0 0 0 0 0 0 0 0
1309372540 3081 0 82 0 0 0 0 0 0 0 0 0 0 0 0 0 0 0 0 0
1309372822 3081 0 91 0 0 0 0 0 0 0 0 0 0 0 0 0 0 0 0 0
1309373328 3081 0 95 0 0 0 0 0 0 0 0 0 0 0 0 0 0 0 0 0
1309374728 3081 0 96 0 0 0 0 0 0 0 0 0 0 0 0 0 0 0 0 0
1309375972 3081 0 97 0 0 0 0 0 0 0 0 0 0 0 0 0 0 0 0 0
1309377497 3081 0 106 0 0 0 0 0 0 0 0 0 0 0 0 0 0 0 0 0
1309512696 3151 0 106 0 0 0 0 0 0 0 0 0 0 0 0 0 0 0 0 0
1309517769 3448 0 106 0 0 0 0 0 0 0 0 0 0 0 0 0 0 0 0 0
1309524356 3477 0 106 0 0 0 0 0 0 0 0 0 0 0 0 0 0 0 0 0
1309526736 3481 0 106 0 0 0 0 0 0 0 0 0 0 0 0 0 0 0 0 0
1309527471 3482 0 106 0 0 0 0 0 0 0 0 0 0 0 0 0 0 0 0 0
1309662954 3620 0 106 0 0 0 0 0 0 0 0 0 0 0 0 0 0 0 0 0
1309664664 3624 0 106 0 0 0 0 0 0 0 0 0 0 0 0 0 0 0 0 0
1309692130 3747 0 106 0 0 0 0 0 0 0 0 0 0 0 0 0 0 0 0 0
1312105114 3770 0 106 0 0 0 0 0 0 0 0 0 0 0 0 0 0 0 0 0
1312333177 3808 0 106 0 0 0 0 0 0 0 0 0 0 0 0 0 0 0 0 0
1312360914 4073 0 106 0 0 0 0 0 0 0 0 0 0 0 0 0 0 0 0 0
1312363396 4113 0 106 0 0 0 0 0 0 0 0 0 0 0 0 0 0 0 0 0
1312366867 4145 0 106 0 0 0 0 0 0 0 0 0 0 0 0 0 0 0 0 0
1312367355 4148 0 106 0 0 0 0 0 0 0 0 0 0 0 0 0 0 0 0 0
1312397496 4206 0 106 0 0 0 0 0 0 0 0 0 0 0 0 0 0 0 0 0
1312409060 4270 0 106 0 0 0 0 0 0 0 0 0 0 0 0 0 0 0 0 0
1312409385 4284 0 106 0 0 0 0 0 0 0 0 0 0 0 0 0 0 0 0 0
1312781865 4507 0 106 0 0 0 0 0 0 0 0 0 0 0 0 0 0 0 0 0
1312807310 4617 0 106 0 0 0 0 0 0 0 0 0 0 0 0 0 0 0 0 0
1312848902 4647 0 106 0 0 0 0 0 0 0 0 0 0 0 0 0 0 0 0 0
1312877635 4814 0 106 0 0 0 0 0 0 0 0 0 0 0 0 0 0 0 0 0
1312881748 4824 0 106 0 0 0 0 0 0 0 0 0 0 0 0 0 0 0 0 0
1312885605 4887 0 106 0 0 0 0 0 0 0 0 0 0 0 0 0 0 0 0 0
1312941368 4907 0 106 0 0 0 0 0 0 0 0 0 0 0 0 0 0 0 0 0
1312944855 4963 0 106 0 0 0 0 0 0 0 0 0 0 0 0 0 0 0 0 0
1313016538 4965 0 106 0 0 0 0 0 0 0 0 0 0 0 0 0 0 0 0 0
1313017769 4975 0 106 0 0 0 0 0 0 0 0 0 0 0 0 0 0 0 0 0
1313029566 5069 0 106 0 0 0 0 0 0 0 0 0 0 0 0 0 0 0 0 0
1313031613 5106 0 106 0 0 0 0 0 0 0 0 0 0 0 0 0 0 0 0 0
1313032626 5126 0 106 0 0 0 0 0 0 0 0 0 0 0 0 0 0 0 0 0
1313041834 5322 0 106 0 0 0 0 0 0 0 0 0 0 0 0 0 0 0 0 0
1313043696 5369 0 106 0 0 0 0 0 0 0 0 0 0 0 0 0 0 0 0 0
1313044730 5383 0 106 0 0 0 0 0 0 0 0 0 0 0 0 0 0 0 0 0
1313048007 5508 0 106 0 0 0 0 0 0 0 0 0 0 0 0 0 0 0 0 0
1313050096 5517 0 106 0 0 0 0 0 0 0 0 0 0 0 0 0 0 0 0 0
1313051772 5563 0 106 0 0 0 0 0 0 0 0 0 0 0 0 0 0 0 0 0
1313058202 5573 0 106 0 0 0 0 0 0 0 0 0 0 0 0 0 0 0 0 0
1313058600 5573 0 106 0 0 0 0 0 0 0 0 0 0 0 0 0 0 0 0 0
1313059706 5588 0 106 0 0 0 0 0 0 0 0 0 0 0 0 0 0 0 0 0
1313060419 5619 0 106 0 0 0 0 0 0 0 0 0 0 0 0 0 0 0 0 0
1313063174 5642 0 106 0 0 0 0 0 0 0 0 0 0 0 0 0 0 0 0 0
1313064289 5644 0 106 0 0 0 0 0 0 0 0 0 0 0 0 0 0 0 0 0
1313087739 5653 0 106 0 0 0 0 0 0 0 0 0 0 0 0 0 0 0 0 0
1313095381 5813 0 106 0 0 0 0 0 0 0 0 0 0 0 0 0 0 0 0 0
1313097781 5826 0 106 0 0 0 0 0 0 0 0 0 0 0 0 0 0 0 0 0
1313098552 5837 0 106 0 0 0 0 0 0 0 0 0 0 0 0 0 0 0 0 0
1313099758 5842 0 106 0 0 0 0 0 0 0 0 0 0 0 0 0 0 0 0 0
1313099814 5844 0 106 0 0 0 0 0 0 0 0 0 0 0 0 0 0 0 0 0
1313100213 5847 0 106 0 0 0 0 0 0 0 0 0 0 0 0 0 0 0 0 0
1313109208 5867 0 106 0 0 0 0 0 0 0 0 0 0 0 0 0 0 0 0 0
1313118970 5868 0 106 0 0 0 0 0 0 0 0 0 0 0 0 0 0 0 0 0
1313119419 5873 0 106 0 0 0 0 0 0 0 0 0 0 0 0 0 0 0 0 0
1313122469 5949 0 106 0 0 0 0 0 0 0 0 0 0 0 0 0 0 0 0 0
1313130016 5972 0 106 0 0 0 0 0 0 0 0 0 0 0 0 0 0 0 0 0
1313147474 5973 0 106 0 0 0 0 0 0 0 0 0 0 0 0 0 0 0 0 0
1313149620 6036 0 106 0 0 0 0 0 0 0 0 0 0 0 0 0 0 0 0 0
1313150352 6038 0 106 0 0 0 0 0 0 0 0 0 0 0 0 0 0 0 0 0
1313368604 6082 0 106 0 0 0 0 0 0 0 0 0 0 0 0 0 0 0 0 0
1313377286 6190 0 106 0 0 0 0 0 0 0 0 0 0 0 0 0 0 0 0 0
1313377940 6191 0 106 0 0 0 0 0 0 0 0 0 0 0 0 0 0 0 0 0
1313458650 6262 0 106 0 0 0 0 0 0 0 0 0 0 0 0 0 0 0 0 0
1313458850 6268 0 106 0 0 0 0 0 0 0 0 0 0 0 0 0 0 0 0 0
1313529824 6269 0 106 0 0 0 0 0 0 0 0 0 0 0 0 0 0 0 0 0
1313538435 6305 0 106 0 0 0 0 0 0 0 0 0 0 0 0 0 0 0 0 0
1313714319 6308 0 106 0 0 0 0 0 0 0 0 0 0 0 0 0 0 0 0 0
1313720544 6308 0 106 0 0 0 0 0 0 0 0 0 0 0 0 0 0 0 0 0
1313721054 6313 0 106 0 0 0 0 0 0 0 0 0 0 0 0 0 0 0 0 0
1313724482 6316 0 106 0 0 0 0 0 0 0 0 0 0 0 0 0 0 0 0 0
1313729902 6317 0 106 0 0 0 0 0 0 0 0 0 0 0 0 0 0 0 0 0
1313734157 6319 0 106 0 0 0 0 0 0 0 0 0 0 0 0 0 0 0 0 0
1313738056 6348 0 106 0 0 0 0 0 0 0 0 0 0 0 0 0 0 0 0 0
1313784651 6429 0 106 0 0 0 0 0 0 0 0 0 0 0 0 0 0 0 0 0
1313787456 6457 0 157 0 0 0 0 0 0 0 0 0 0 0 0 0 0 0 0 0
1313797437 6495 0 157 0 0 0 0 0 0 0 0 0 0 0 0 0 0 0 0 0
1313799656 6496 0 157 0 0 0 0 0 0 0 0 0 0 0 0 0 0 0 0 0
1313974194 7070 0 157 0 0 0 0 0 0 0 0 0 0 0 0 0 0 0 0 0
1314175542 7159 0 157 0 0 0 0 0 0 0 0 0 0 0 0 0 0 0 0 0
1314263336 7212 0 157 0 0 0 0 0 0 0 0 0 0 0 0 0 0 0 0 0
1314326708 7226 0 157 0 0 0 0 0 0 0 0 0 0 0 0 0 0 0 0 0
1314342076 7232 0 157 0 0 0 0 0 0 0 0 0 0 0 0 0 0 0 0 0
1314391022 7234 0 157 0 0 0 0 0 0 0 0 0 0 0 0 0 0 0 0 0
1314489238 7281 0 157 0 0 0 0 0 0 0 0 0 0 0 0 0 0 0 0 0
1314491544 7310 0 157 0 0 0 0 0 0 0 0 0 0 0 0 0 0 0 0 0
1314614713 7395 0 157 0 0 0 0 0 0 0 0 0 0 0 0 0 0 0 0 0
1314662141 7505 0 157 0 0 0 0 0 0 0 0 0 0 0 0 0 0 0 0 0
1314791920 9848 0 157 0 0 0 0 0 0 0 0 0 0 0 0 0 0 0 0 0
1314873528 10209 0 157 0 0 0 0 0 0 0 0 0 0 0 0 0 0 0 0 0
1314950951 10259 0 157 0 0 0 0 0 0 0 0 0 0 0 0 0 0 0 0 0
1314958145 10379 0 157 0 0 0 0 0 0 0 0 0 0 0 0 0 0 0 0 0
1315105867 10592 0 157 0 0 0 0 0 0 0 0 0 0 0 0 0 0 0 0 0
1315107766 10742 0 157 0 0 0 0 0 0 0 0 0 0 0 0 0 0 0 0 0
1315162772 11100 0 157 0 0 0 0 0 0 0 0 0 0 0 0 0 0 0 0 0
1315186443 11223 0 157 0 0 0 0 0 0 0 0 0 0 0 0 0 0 0 0 0
1315208792 11359 0 157 0 0 0 0 0 0 0 0 0 0 0 0 0 0 0 0 0
1315215384 11457 0 157 0 0 0 0 0 0 0 0 0 0 0 0 0 0 0 0 0
1315257766 11485 0 157 0 0 0 0 0 0 0 0 0 0 0 0 0 0 0 0 0
1315266879 11486 0 157 0 0 0 0 0 0 0 0 0 0 0 0 0 0 0 0 0
1315311444 11514 0 157 0 0 0 0 0 0 0 0 0 0 0 0 0 0 0 0 0
1315338849 11523 0 157 0 0 0 0 0 0 0 0 0 0 0 0 0 0 0 0 0
1315347773 11551 0 157 0 0 0 0 0 0 0 0 0 0 0 0 0 0 0 0 0
1315376205 11577 0 157 0 0 0 0 0 0 0 0 0 0 0 0 0 0 0 0 0
1315377457 11582 0 157 0 0 0 0 0 0 0 0 0 0 0 0 0 0 0 0 0
1315386280 12234 0 157 0 0 0 0 0 0 0 0 0 0 0 0 0 0 0 0 0
1315462219 12492 0 157 0 0 0 0 0 0 0 0 0 0 0 0 0 0 0 0 0
1315465070 12492 0 157 0 0 0 0 0 0 0 0 0 0 0 0 0 0 0 0 0
1315501701 12494 0 157 0 0 0 0 0 0 0 0 0 0 0 0 0 0 0 0 0
1315512617 12496 0 157 0 0 0 0 0 0 0 0 0 0 0 0 0 0 0 0 0
1315512693 13000 0 157 0 0 0 0 0 0 0 0 0 0 0 0 0 0 0 0 0
1315527231 13082 0 157 0 0 0 0 0 0 0 0 0 0 0 0 0 0 0 0 0
1315538309 13100 0 157 0 0 0 0 0 0 0 0 0 0 0 0 0 0 0 0 0
1315565532 13117 0 157 0 0 0 0 0 0 0 0 0 0 0 0 0 0 0 0 0
1315629802 13123 0 157 0 0 0 0 0 0 0 0 0 0 0 0 0 0 0 0 0
1315642315 13123 63 157 0 0 0 0 0 0 0 0 0 0 0 0 0 0 0 0 0
1315642316 13123 84 157 0 0 0 0 0 0 0 0 0 0 0 0 0 0 0 0 0
1315677667 13123 185 157 0 0 0 0 0 0 0 0 0 0 0 0 0 0 0 0 0
1315732120 13123 186 157 0 0 0 0 0 0 0 0 0 0 0 0 0 0 0 0 0
1315738852 13123 197 157 0 0 0 0 0 0 0 0 0 0 0 0 0 0 0 0 0
1315799672 13437 197 157 0 0 0 0 0 0 0 0 0 0 0 0 0 0 0 0 0
1315805015 13437 197 157 0 0 0 0 0 0 0 0 0 0 0 0 0 0 0 0 0
1315808016 13440 197 157 0 0 0 0 0 0 0 0 0 0 0 0 0 0 0 0 0
1315810637 13465 197 157 0 0 0 0 0 0 0 0 0 0 0 0 0 0 0 0 0
1315815116 13517 197 157 0 0 0 0 0 0 0 0 0 0 0 0 0 0 0 0 0
1315938317 13567 197 157 0 0 0 0 0 0 0 0 0 0 0 0 0 0 0 0 0
1315946062 13612 197 157 0 0 0 0 0 0 0 0 0 0 0 0 0 0 0 0 0
1315982201 13731 197 157 0 0 0 0 0 0 0 0 0 0 0 0 0 0 0 0 0
1315987681 13927 197 157 0 0 0 0 0 0 0 0 0 0 0 0 0 0 0 0 0
1315989968 13954 197 157 0 0 0 0 0 0 0 0 0 0 0 0 0 0 0 0 0
1316025087 14042 197 157 0 0 0 0 0 0 0 0 0 0 0 0 0 0 0 0 0
1316057426 14044 197 157 0 0 0 0 0 0 0 0 0 0 0 0 0 0 0 0 0
1316057589 14050 197 157 0 0 0 0 0 0 0 0 0 0 0 0 0 0 0 0 0
1316108175 14132 197 157 0 0 0 0 0 0 0 0 0 0 0 0 0 0 0 0 0
1316217092 14409 197 157 0 0 0 0 0 0 0 0 0 0 0 0 0 0 0 0 0
1316367488 14541 197 157 0 0 0 0 0 0 0 0 0 0 0 0 0 0 0 0 0
1316374622 14705 197 157 0 0 0 0 0 0 0 0 0 0 0 0 0 0 0 0 0
1316377688 14711 197 157 0 0 0 0 0 0 0 0 0 0 0 0 0 0 0 0 0
1316380707 14721 197 157 0 0 0 0 0 0 0 0 0 0 0 0 0 0 0 0 0
1316389158 14752 197 157 0 0 0 0 0 0 0 0 0 0 0 0 0 0 0 0 0
1316390867 14753 197 157 0 0 0 0 0 0 0 0 0 0 0 0 0 0 0 0 0
1316394803 14755 197 157 0 0 0 0 0 0 0 0 0 0 0 0 0 0 0 0 0
1316395614 14758 216 157 0 0 0 0 0 0 0 0 0 0 0 0 0 0 0 0 0
1316548625 15090 216 157 0 0 0 0 0 0 0 0 0 0 0 0 0 0 0 0 0
1316639651 15420 216 157 0 0 0 0 0 0 0 0 0 0 0 0 0 0 0 0 0
1316646412 15429 216 157 0 0 0 0 0 0 0 0 0 0 0 0 0 0 0 0 0
1316648249 15433 216 157 0 0 0 0 0 0 0 0 0 0 0 0 0 0 0 0 0
1316650908 15438 216 157 0 0 0 0 0 0 0 0 0 0 0 0 0 0 0 0 0
1316691280 15443 216 157 0 0 0 0 0 0 0 0 0 0 0 0 0 0 0 0 0
1316739906 15463 216 157 0 0 0 0 0 0 0 0 0 0 0 0 0 0 0 0 0
1316753172 15469 216 157 0 0 0 0 0 0 0 0 0 0 0 0 0 0 0 0 0
1317355627 15482 216 157 0 0 0 0 0 0 0 0 0 0 0 0 0 0 0 0 0
1317446105 15491 216 157 0 0 0 0 0 0 0 0 0 0 0 0 0 0 0 0 0
1317574950 15525 216 157 0 0 0 0 0 0 0 0 0 0 0 0 0 0 0 0 0
1317608851 15551 216 157 0 0 0 0 0 0 0 0 0 0 0 0 0 0 0 0 0
1317610332 15555 216 157 0 0 0 0 0 0 0 0 0 0 0 0 0 0 0 0 0
1317616027 15574 216 157 0 0 0 0 0 0 0 0 0 0 0 0 0 0 0 0 0
1317666331 15588 216 157 0 0 0 0 0 0 0 0 0 0 0 0 0 0 0 0 0
1317670853 15592 216 157 0 0 0 0 0 0 0 0 0 0 0 0 0 0 0 0 0
1317690137 15594 216 157 0 0 0 0 0 0 0 0 0 0 0 0 0 0 0 0 0
1317942685 15604 216 157 0 0 0 0 0 0 0 0 0 0 0 0 0 0 0 0 0
1317952387 15614 216 157 0 0 0 0 0 0 0 0 0 0 0 0 0 0 0 0 0
1318655026 15643 216 157 0 0 0 0 0 0 0 0 0 0 0 0 0 0 0 0 0
1320799545 15645 216 157 0 0 0 0 0 0 0 0 0 0 0 0 0 0 0 0 0
1320807879 15658 216 157 0 0 0 0 0 0 0 0 0 0 0 0 0 0 0 0 0
1320811529 15659 216 157 0 0 0 0 0 0 0 0 0 0 0 0 0 0 0 0 0
1320827810 15686 216 157 0 0 0 0 0 0 0 0 0 0 0 0 0 0 0 0 0
1320881557 15711 216 157 0 0 0 0 0 0 0 0 0 0 0 0 0 0 0 0 0
1320957694 15713 216 157 0 0 0 0 0 0 0 0 0 0 0 0 0 0 0 0 0
1321037967 15714 216 157 0 0 0 0 0 0 0 0 0 0 0 0 0 0 0 0 0
1321044551 15722 216 157 0 0 0 0 0 0 0 0 0 0 0 0 0 0 0 0 0
1321310443 15730 216 157 0 0 0 0 0 0 0 0 0 0 0 0 0 0 0 0 0
1321316519 15756 216 157 0 0 0 0 0 0 0 0 0 0 0 0 0 0 0 0 0
1321384980 15760 216 157 0 0 0 0 0 0 0 0 0 0 0 0 0 0 0 0 0
1321659835 15762 216 157 0 0 0 0 0 0 0 0 0 0 0 0 0 0 0 0 0
1325430465 15762 216 157 0 0 0 0 0 0 0 0 0 0 0 0 0 0 0 0 0
1325719518 15766 216 157 0 0 0 0 0 0 0 0 0 0 0 0 0 0 0 0 0
1327162076 15768 216 157 0 0 0 0 0 0 0 0 0 0 0 0 0 0 0 0 0
1327162376 15776 216 157 0 0 0 0 0 0 0 0 0 0 0 0 0 0 0 0 0
1327162717 15779 216 157 0 0 0 0 0 0 0 0 0 0 0 0 0 0 0 0 0
1327162843 15783 216 157 0 0 0 0 0 0 0 0 0 0 0 0 0 0 0 0 0
1327162979 15816 216 157 0 0 0 0 0 0 0 0 0 0 0 0 0 0 0 0 0
1327195883 15817 216 157 0 0 0 0 0 0 0 0 0 0 0 0 0 0 0 0 0
1329853921 15821 216 157 0 0 0 0 0 0 0 0 0 0 0 0 0 0 0 0 0
1330738009 15825 216 157 0 0 0 0 0 0 0 0 0 0 0 0 0 0 0 0 0
1330764560 15825 217 157 0 0 0 0 0 0 0 0 0 0 0 0 0 0 0 0 0
1330764753 15825 226 157 0 0 0 0 0 0 0 0 0 0 0 0 0 0 0 0 0
1331100741 15899 226 157 0 0 0 0 0 0 0 0 0 0 0 0 0 0 0 0 0
1331103353 15900 226 157 0 0 0 0 0 0 0 0 0 0 0 0 0 0 0 0 0
1331270904 15902 226 157 0 0 0 0 0 0 0 0 0 0 0 0 0 0 0 0 0
1331315139 15902 249 157 0 0 0 0 0 0 0 0 0 0 0 0 0 0 0 0 0
1331316364 15902 262 157 0 0 0 0 0 0 0 0 0 0 0 0 0 0 0 0 0
1331317351 15902 264 157 0 0 0 0 0 0 0 0 0 0 0 0 0 0 0 0 0
1331317544 15902 265 157 0 0 0 0 0 0 0 0 0 0 0 0 0 0 0 0 0
1331317834 15902 268 157 0 0 0 0 0 0 0 0 0 0 0 0 0 0 0 0 0
1332288899 15903 268 157 0 0 0 0 0 0 0 0 0 0 0 0 0 0 0 0 0
1332770296 15911 268 157 0 0 0 0 0 0 0 0 0 0 0 0 0 0 0 0 0
1332855868 15976 268 157 0 0 0 0 0 0 0 0 0 0 0 0 0 0 0 0 0
1332870142 16064 268 157 0 0 0 0 0 0 0 0 0 0 0 0 0 0 0 0 0
1332951618 16121 268 157 0 0 0 0 0 0 0 0 0 0 0 0 0 0 0 0 0
1332952386 16122 268 157 0 0 0 0 0 0 0 0 0 0 0 0 0 0 0 0 0
1332956075 16125 268 157 0 0 0 0 0 0 0 0 0 0 0 0 0 0 0 0 0
1332956658 16125 268 157 0 0 0 0 0 0 0 0 0 0 0 0 0 0 0 0 0
1333114562 16173 268 157 0 0 0 0 0 0 0 0 0 0 0 0 0 0 0 0 0
1333481067 16177 268 157 0 0 0 0 0 0 0 0 0 0 0 0 0 0 0 0 0
1333542146 16187 268 157 0 0 0 0 0 0 0 0 0 0 0 0 0 0 0 0 0
1333787258 16212 268 157 0 0 0 0 0 0 0 0 0 0 0 0 0 0 0 0 0
1333971848 16222 268 157 0 0 0 0 0 0 0 0 0 0 0 0 0 0 0 0 0
1333971932 16224 268 157 0 0 0 0 0 0 0 0 0 0 0 0 0 0 0 0 0
1333972897 16230 268 157 0 0 0 0 0 0 0 0 0 0 0 0 0 0 0 0 0
1334024687 16231 268 157 0 0 0 0 0 0 0 0 0 0 0 0 0 0 0 0 0
1334091905 16273 268 157 0 0 0 0 0 0 0 0 0 0 0 0 0 0 0 0 0
1334208853 16273 338 157 0 0 0 0 0 0 0 0 0 0 0 0 0 0 0 0 0
1334208854 16273 431 157 0 0 0 0 0 0 0 0 0 0 0 0 0 0 0 0 0
1334789994 16307 431 157 0 0 0 0 0 0 0 0 0 0 0 0 0 0 0 0 0
1336272105 16311 431 157 0 0 0 0 0 0 0 0 0 0 0 0 0 0 0 0 0
1336540637 16325 431 157 0 0 0 0 0 0 0 0 0 0 0 0 0 0 0 0 0
1336587865 16349 431 157 0 0 0 0 0 0 0 0 0 0 0 0 0 0 0 0 0
1338639887 16371 431 157 0 0 0 0 0 0 0 0 0 0 0 0 0 0 0 0 0
1338639991 16372 431 157 0 0 0 0 0 0 0 0 0 0 0 0 0 0 0 0 0
1341531646 16378 431 157 0 0 0 0 0 0 0 0 0 0 0 0 0 0 0 0 0
1341535409 16383 431 157 0 0 0 0 0 0 0 0 0 0 0 0 0 0 0 0 0
1341537078 16395 431 157 0 0 0 0 0 0 0 0 0 0 0 0 0 0 0 0 0
1341621483 16397 431 157 0 0 0 0 0 0 0 0 0 0 0 0 0 0 0 0 0
1341796692 16401 431 157 0 0 0 0 0 0 0 0 0 0 0 0 0 0 0 0 0
1341797051 16405 431 157 0 0 0 0 0 0 0 0 0 0 0 0 0 0 0 0 0
1342137027 16479 431 157 0 0 0 0 0 0 0 0 0 0 0 0 0 0 0 0 0
1342205789 16481 431 157 0 0 0 0 0 0 0 0 0 0 0 0 0 0 0 0 0
1342205831 16510 431 157 0 0 0 0 0 0 0 0 0 0 0 0 0 0 0 0 0
1342522968 16532 431 157 0 0 0 0 0 0 0 0 0 0 0 0 0 0 0 0 0
1342876202 16649 431 157 0 0 0 0 0 0 0 0 0 0 0 0 0 0 0 0 0
1343004118 16654 431 157 0 0 0 0 0 0 0 0 0 0 0 0 0 0 0 0 0
1343004156 16659 431 157 0 0 0 0 0 0 0 0 0 0 0 0 0 0 0 0 0
1343042629 16678 431 157 0 0 0 0 0 0 0 0 0 0 0 0 0 0 0 0 0
1343128900 16702 431 157 0 0 0 0 0 0 0 0 0 0 0 0 0 0 0 0 0
1343244668 16705 431 157 0 0 0 0 0 0 0 0 0 0 0 0 0 0 0 0 0
1343309131 16722 431 157 0 0 0 0 0 0 0 0 0 0 0 0 0 0 0 0 0
1343312572 16738 431 157 0 0 0 0 0 0 0 0 0 0 0 0 0 0 0 0 0
1343317361 16743 431 157 0 0 0 0 0 0 0 0 0 0 0 0 0 0 0 0 0
1343775828 16773 431 157 0 0 0 0 0 0 0 0 0 0 0 0 0 0 0 0 0
1343948173 16783 431 157 0 0 0 0 0 0 0 0 0 0 0 0 0 0 0 0 0
1345137940 16865 431 157 0 0 0 0 0 0 0 0 0 0 0 0 0 0 0 0 0
1345659739 16865 431 157 0 0 0 0 0 0 0 0 0 0 0 16 0 0 0 0 0
1345672295 16865 431 157 0 0 0 0 0 0 0 0 0 0 0 62 0 0 0 0 0
1345701679 16875 431 157 0 0 0 0 0 0 0 0 0 0 0 62 0 0 0 0 0
1345811035 16877 431 157 0 0 0 0 0 0 0 0 0 0 0 62 0 0 0 0 0
1345811316 16877 431 157 0 0 0 0 0 0 0 0 0 0 0 62 0 0 12 0 0
1346004345 16883 431 157 0 0 0 0 0 0 0 0 0 0 0 62 0 0 12 0 0
1346103916 16887 431 157 0 0 0 0 0 0 0 0 0 0 0 62 0 0 12 0 0
1346215372 16887 435 157 0 0 0 0 0 0 0 0 0 0 0 62 0 0 12 0 0
1346215415 16887 436 157 0 0 0 0 0 0 0 0 0 0 0 62 0 0 12 0 0
1346763746 16888 436 157 0 0 0 0 0 0 0 0 0 0 0 62 0 0 12 0 0
1346779717 16988 436 157 0 0 0 0 0 0 0 0 0 0 0 62 0 0 12 0 0
1346859617 17031 436 157 0 0 0 0 0 0 0 0 0 0 0 62 0 0 12 0 0
1346955445 17035 436 157 0 0 0 0 0 0 0 0 0 0 0 62 0 0 12 0 0
1347050407 17046 436 157 0 0 0 0 0 0 0 0 0 0 0 62 0 0 12 0 0
1347471807 17064 436 157 0 0 0 0 0 0 0 0 0 0 0 62 0 0 12 0 0
1347627948 17147 436 157 0 0 0 0 0 0 0 0 0 0 0 62 0 0 12 0 0
1347873445 17160 436 157 0 0 0 0 0 0 0 0 0 0 0 62 0 0 12 0 0
1347878934 17161 436 157 0 0 0 0 0 0 0 0 0 0 0 62 0 0 12 0 0
1347882073 17191 436 157 0 0 0 0 0 0 0 0 0 0 0 62 0 0 12 0 0
1347888903 17199 436 157 0 0 0 0 0 0 0 0 0 0 0 62 0 0 12 0 0
1347889334 17199 504 157 0 0 0 0 0 0 0 0 0 0 0 62 0 0 12 0 0
1347889335 17199 627 157 0 0 0 0 0 0 0 0 0 0 0 62 0 0 12 0 0
1347890488 17201 627 157 0 0 0 0 0 0 0 0 0 0 0 62 0 0 12 0 0
1347890561 17204 627 157 0 0 0 0 0 0 0 0 0 0 0 62 0 0 12 0 0
1347997014 17208 627 157 0 0 0 0 0 0 0 0 0 0 0 62 0 0 12 0 0
1348060509 17236 627 157 0 0 0 0 0 0 0 0 0 0 0 62 0 0 12 0 0
1348747313 17243 627 157 0 0 0 0 0 0 0 0 0 0 0 62 0 0 12 0 0
1349016570 17256 627 157 0 0 0 0 0 0 0 0 0 0 0 62 0 0 12 0 0
1349024517 17269 627 157 0 0 0 0 0 0 0 0 0 0 0 62 0 0 12 0 0
1349280247 17269 682 157 0 0 0 0 0 0 0 0 0 0 0 62 0 0 12 0 0
1349280389 17269 687 157 0 0 0 0 0 0 0 0 0 0 0 62 0 0 12 0 0
1349280536 17269 688 157 0 0 0 0 0 0 0 0 0 0 0 62 0 0 12 0 0
1349291601 17269 692 157 0 0 0 0 0 0 0 0 0 0 0 62 0 0 12 0 0
1349983300 17422 692 157 0 0 0 0 0 0 0 0 0 0 0 62 0 0 12 0 0
1349999276 17423 692 157 0 0 0 0 0 0 0 0 0 0 0 62 0 0 12 0 0
1350126300 17476 692 157 0 0 0 0 0 0 0 0 0 0 0 62 0 0 12 0 0
1350313413 17476 729 157 0 0 0 0 0 0 0 0 0 0 0 62 0 0 12 0 0
1350313426 17476 731 157 0 0 0 0 0 0 0 0 0 0 0 62 0 0 12 0 0
1350313451 17476 734 157 0 0 0 0 0 0 0 0 0 0 0 62 0 0 12 0 0
1350313483 17476 745 157 0 0 0 0 0 0 0 0 0 0 0 62 0 0 12 0 0
1350313488 17476 763 157 0 0 0 0 0 0 0 0 0 0 0 62 0 0 12 0 0
1350424405 17492 763 157 0 0 0 0 0 0 0 0 0 0 0 62 0 0 12 0 0
1350426500 17582 763 157 0 0 0 0 0 0 0 0 0 0 0 62 0 0 12 0 0
1350429741 17633 763 157 0 0 0 0 0 0 0 0 0 0 0 62 0 0 12 0 0
1350431533 17695 763 157 0 0 0 0 0 0 0 0 0 0 0 62 0 0 12 0 0
1350946726 17708 763 157 0 0 0 0 0 0 0 0 0 0 0 62 0 0 12 0 0
1350947586 17713 763 157 0 0 0 0 0 0 0 0 0 0 0 62 0 0 12 0 0
1350950595 17722 763 157 0 0 0 0 0 0 0 0 0 0 0 62 0 0 12 0 0
1350991975 17733 763 157 0 0 0 0 0 0 0 0 0 0 0 62 0 0 12 0 0
1350992884 17744 763 157 0 0 0 0 0 0 0 0 0 0 0 62 0 0 12 0 0
1351168135 17749 763 157 0 0 0 0 0 0 0 0 0 0 0 62 0 0 12 0 0
1351173249 17753 763 157 0 0 0 0 0 0 0 0 0 0 0 62 0 0 12 0 0
1351173346 17755 763 157 0 0 0 0 0 0 0 0 0 0 0 62 0 0 12 0 0
1352120766 17756 763 157 0 0 0 0 0 0 0 0 0 0 0 62 0 0 12 0 0
1354057007 17756 806 157 0 0 0 0 0 0 0 0 0 0 0 62 0 0 12 0 0
1354145659 17762 806 157 0 0 0 0 0 0 0 0 0 0 0 62 0 0 12 0 0
1354145684 17762 806 157 0 0 0 0 0 0 0 0 0 0 0 62 0 0 12 0 0
1354151606 17875 806 157 0 0 0 0 0 0 0 0 0 0 0 62 0 0 12 0 0
1354307451 17909 806 157 0 0 0 0 0 0 0 0 0 0 0 62 0 0 12 0 0
1354307993 17921 806 157 0 0 0 0 0 0 0 0 0 0 0 62 0 0 12 0 0
1354308334 17921 806 157 0 0 0 0 0 0 0 0 0 0 0 62 0 0 12 0 0
1354308859 17922 806 157 0 0 0 0 0 0 0 0 0 0 0 62 0 0 12 0 0
1354571848 17923 806 157 0 0 0 0 0 0 0 0 0 0 0 62 0 0 12 0 0
1354571866 17925 806 157 0 0 0 0 0 0 0 0 0 0 0 62 0 0 12 0 0
1354582404 17955 806 157 0 0 0 0 0 0 0 0 0 0 0 62 0 0 12 0 0
1354631422 17972 806 157 0 0 0 0 0 0 0 0 0 0 0 62 0 0 12 0 0
1354811143 17985 806 157 0 0 0 0 0 0 0 0 0 0 0 62 0 0 12 0 0
1354844389 17986 806 157 0 0 0 0 0 0 0 0 0 0 0 62 0 0 12 0 0
1354910790 17990 806 157 0 0 0 0 0 0 0 0 0 0 0 62 0 0 12 0 0
1354915176 18002 806 157 0 0 0 0 0 0 0 0 0 0 0 62 0 0 12 0 0
1355170610 18007 806 157 0 0 0 0 0 0 0 0 0 0 0 62 0 0 12 0 0
1355170896 18029 806 157 0 0 0 0 0 0 0 0 0 0 0 62 0 0 12 0 0
1355188884 18031 806 157 0 0 0 0 0 0 0 0 0 0 0 62 0 0 12 0 0
1355256199 18048 806 157 0 0 0 0 0 0 0 0 0 0 0 62 0 0 12 0 0
1355258777 18091 806 157 0 0 0 0 0 0 0 0 0 0 0 62 0 0 12 0 0
1355259347 18093 806 157 0 0 0 0 0 0 0 0 0 0 0 62 0 0 12 0 0
1355270485 18094 806 157 0 0 0 0 0 0 0 0 0 0 0 62 0 0 12 0 0
1355293312 18095 806 157 0 0 0 0 0 0 0 0 0 0 0 62 0 0 12 0 0
1355951396 18162 806 157 0 0 0 0 0 0 0 0 0 0 0 62 0 0 12 0 0
1355952024 18163 806 157 0 0 0 0 0 0 0 0 0 0 0 62 0 0 12 0 0
1357749013 18171 806 157 0 0 0 0 0 0 0 0 0 0 0 62 0 0 12 0 0
1357760983 18171 806 157 0 0 0 0 0 0 0 0 0 0 0 62 0 0 12 0 0
1357815535 18178 806 157 0 0 0 0 0 0 0 0 0 0 0 62 0 0 12 0 0
1357933525 18198 806 157 0 0 0 0 0 0 0 0 0 0 0 62 0 0 12 0 0
1358197074 18199 806 157 0 0 0 0 0 0 0 0 0 0 0 62 0 0 12 0 0
1358197935 18222 806 157 0 0 0 0 0 0 0 0 0 0 0 62 0 0 12 0 0
1358199985 18225 806 157 0 0 0 0 0 0 0 0 0 0 0 62 0 0 12 0 0
1358252647 18239 806 157 0 0 0 0 0 0 0 0 0 0 0 62 0 0 12 0 0
1358358177 18239 859 157 0 0 0 0 0 0 0 0 0 0 0 62 0 0 12 0 0
1359226535 18242 859 157 0 0 0 0 0 0 0 0 0 0 0 62 0 0 12 0 0
1359309321 18314 859 157 0 0 0 0 0 0 0 0 0 0 0 62 0 0 12 0 0
1359421704 18316 859 157 0 0 0 0 0 0 0 0 0 0 0 62 0 0 12 0 0
1359427536 18323 859 157 0 0 0 0 0 0 0 0 0 0 0 62 0 0 12 0 0
1359691548 18333 859 157 0 0 0 0 0 0 0 0 0 0 0 62 0 0 12 0 0
1359728363 18338 859 157 0 0 0 0 0 0 0 0 0 0 0 62 0 0 12 0 0
1360003997 18341 859 157 0 0 0 0 0 0 0 0 0 0 0 62 0 0 12 0 0
1360221450 18341 951 157 0 0 0 0 0 0 0 0 0 0 0 62 0 0 12 0 0
1360668479 18341 976 157 0 0 0 0 0 0 0 0 0 0 0 62 0 0 12 0 0
1360869645 18359 976 157 0 0 0 0 0 0 0 0 0 0 0 62 0 0 12 0 0
1361037988 18359 989 157 0 0 0 0 0 0 0 0 0 0 0 62 0 0 12 0 0
1361038036 18359 1016 157 0 0 0 0 0 0 0 0 0 0 0 62 0 0 12 0 0
1361038117 18359 1019 157 0 0 0 0 0 0 0 0 0 0 0 62 0 0 12 0 0
1361038134 18359 1023 157 0 0 0 0 0 0 0 0 0 0 0 62 0 0 12 0 0
1361038280 18359 1051 157 0 0 0 0 0 0 0 0 0 0 0 62 0 0 12 0 0
1361062123 18361 1051 157 0 0 0 0 0 0 0 0 0 0 0 62 0 0 12 0 0
1361062193 18362 1051 157 0 0 0 0 0 0 0 0 0 0 0 62 0 0 12 0 0
1361086934 18362 1051 157 0 0 0 0 0 0 0 0 0 0 0 62 0 0 12 0 0
1361304863 18362 1059 157 0 0 0 0 0 0 0 0 0 0 0 62 0 0 12 0 0
1361304926 18362 1061 157 0 0 0 0 0 0 0 0 0 0 0 62 0 0 12 0 0
1361305053 18362 1070 157 0 0 0 0 0 0 0 0 0 0 0 62 0 0 12 0 0
1361307689 18362 1085 157 0 0 0 0 0 0 0 0 0 0 0 62 0 0 12 0 0
1361307735 18362 1087 157 0 0 0 0 0 0 0 0 0 0 0 62 0 0 12 0 0
1361307757 18362 1097 157 0 0 0 0 0 0 0 0 0 0 0 62 0 0 12 0 0
1361307784 18362 1139 157 0 0 0 0 0 0 0 0 0 0 0 62 0 0 12 0 0
1361307821 18362 1181 157 0 0 0 0 0 0 0 0 0 0 0 62 0 0 12 0 0
1361347721 18362 1182 157 0 0 0 0 0 0 0 0 0 0 0 62 0 0 12 0 0
1361359185 18362 1184 157 0 0 0 0 0 0 0 0 0 0 0 62 0 0 12 0 0
1361365732 18371 1184 157 0 0 0 0 0 0 0 0 0 0 0 62 0 0 12 0 0
1361775051 18374 1184 157 0 0 0 0 0 0 0 0 0 0 0 62 0 0 12 0 0
1361777957 18505 1184 157 0 0 0 0 0 0 0 0 0 0 0 62 0 0 12 0 0
1361778034 18505 1184 157 0 0 0 0 0 0 0 0 0 0 0 62 0 0 12 0 0
1361786535 18507 1184 157 0 0 0 0 0 0 0 0 0 0 0 62 0 0 12 0 0
1361797611 18508 1184 157 0 0 0 0 0 0 0 0 0 0 0 62 0 0 12 0 0
1362601837 18512 1184 157 0 0 0 0 0 0 0 0 0 0 0 62 0 0 12 0 0
1363006154 18514 1184 157 0 0 0 0 0 0 0 0 0 0 0 62 0 0 12 0 0
1363006747 18515 1184 157 0 0 0 0 0 0 0 0 0 0 0 62 0 0 12 0 0
1363007094 18522 1184 157 0 0 0 0 0 0 0 0 0 0 0 62 0 0 12 0 0
1363022905 18526 1184 157 0 0 0 0 0 0 0 0 0 0 0 62 0 0 12 0 0
1363134349 18533 1184 157 0 0 0 0 0 0 0 0 0 0 0 62 0 0 12 0 0
1363134574 18539 1184 157 0 0 0 0 0 0 0 0 0 0 0 62 0 0 12 0 0
1363964421 18539 1184 157 0 0 0 0 0 2 0 0 0 0 0 62 0 0 12 0 0
1364237612 18544 1184 157 0 0 0 0 0 2 0 0 0 0 0 62 0 0 12 0 0
1364238953 18548 1184 157 0 0 0 0 0 2 0 0 0 0 0 62 0 0 12 0 0
1364322299 18551 1184 157 0 0 0 0 0 2 0 0 0 0 0 62 0 0 12 0 0
1364544486 18575 1184 157 0 0 0 0 0 2 0 0 0 0 0 62 0 0 12 0 0
1364746243 18579 1184 157 0 0 0 0 0 2 0 0 0 0 0 62 0 0 12 0 0
1364759768 18584 1184 157 0 0 0 0 0 2 0 0 0 0 0 62 0 0 12 0 0
1364766465 18584 1186 157 0 0 0 0 0 2 0 0 0 0 0 62 0 0 12 0 0
1364766490 18584 1188 157 0 0 0 0 0 2 0 0 0 0 0 62 0 0 12 0 0
1364766602 18584 1192 157 0 0 0 0 0 2 0 0 0 0 0 62 0 0 12 0 0
1364868365 18586 1192 157 0 0 0 0 0 2 0 0 0 0 0 62 0 0 12 0 0
1364870980 18592 1192 157 0 0 0 0 0 2 0 0 0 0 0 62 0 0 12 0 0
1364873680 18594 1192 157 0 0 0 0 0 2 0 0 0 0 0 62 0 0 12 0 0
1365038801 18597 1192 157 0 0 0 0 0 2 0 0 0 0 0 62 0 0 12 0 0
1365085521 18599 1192 157 0 0 0 0 0 2 0 0 0 0 0 62 0 0 12 0 0
1365117385 18695 1192 157 0 0 0 0 0 2 0 0 0 0 0 62 0 0 12 0 0
1365158696 18697 1192 157 0 0 0 0 0 2 0 0 0 0 0 62 0 0 12 0 0
1365387706 18698 1192 157 0 0 0 0 0 2 0 0 0 0 0 62 0 0 12 0 0
1365597649 18698 1192 157 0 0 0 0 0 13 0 0 0 0 0 62 0 0 12 0 0
1365983610 18702 1192 157 0 0 0 0 0 13 0 0 0 0 0 62 0 0 12 0 0
1366009194 18705 1192 157 0 0 0 0 0 13 0 0 0 0 0 62 0 0 12 0 0
1366043439 18706 1192 157 0 0 0 0 0 13 0 0 0 0 0 62 0 0 12 0 0
1366139103 18708 1192 157 0 0 0 0 0 13 0 0 0 0 0 62 0 0 12 0 0
1366234421 18712 1192 157 0 0 0 0 0 13 0 0 0 0 0 62 0 0 12 0 0
1366251223 18712 1242 157 0 0 0 0 0 13 0 0 0 0 0 62 0 0 12 0 0
1366251313 18712 1267 157 0 0 0 0 0 13 0 0 0 0 0 62 0 0 12 0 0
1366251345 18712 1270 157 0 0 0 0 0 13 0 0 0 0 0 62 0 0 12 0 0
1366251367 18712 1283 157 0 0 0 0 0 13 0 0 0 0 0 62 0 0 12 0 0
1366251423 18762 1283 157 0 0 0 0 0 13 0 0 0 0 0 62 0 0 12 0 0
1366264803 18762 1287 157 0 0 0 0 0 13 0 0 0 0 0 62 0 0 12 0 0
1366476453 18763 1287 157 0 0 0 0 0 13 0 0 0 0 0 62 0 0 12 0 0
1366511406 18773 1287 157 0 0 0 0 0 13 0 0 0 0 0 62 0 0 12 0 0
1366656416 18773 1293 157 0 0 0 0 0 13 0 0 0 0 0 62 0 0 12 0 0
1367381349 18798 1293 157 0 0 0 0 0 13 0 0 0 0 0 62 0 0 12 0 0
1367473415 18800 1293 157 0 0 0 0 0 13 0 0 0 0 0 62 0 0 12 0 0
1367654599 18800 1299 157 0 0 0 0 0 13 0 0 0 0 0 62 0 0 12 0 0
1367663491 18800 1308 157 0 0 0 0 0 13 0 0 0 0 0 62 0 0 12 0 0
1367663586 18800 1358 157 0 0 0 0 0 13 0 0 0 0 0 62 0 0 12 0 0
1367663642 18800 1362 157 0 0 0 0 0 13 0 0 0 0 0 62 0 0 12 0 0
1367663660 18800 1395 157 0 0 0 0 0 13 0 0 0 0 0 62 0 0 12 0 0
1367663689 18800 1397 157 0 0 0 0 0 13 0 0 0 0 0 62 0 0 12 0 0
1367664088 18800 1401 157 0 0 0 0 0 13 0 0 0 0 0 62 0 0 12 0 0
1367664823 18800 1406 157 0 0 0 0 0 13 0 0 0 0 0 62 0 0 12 0 0
1367756765 18800 1411 157 0 0 0 0 0 13 0 0 0 0 0 62 0 0 12 0 0
1367759611 18800 1420 157 0 0 0 0 0 13 0 0 0 0 0 62 0 0 12 0 0
1368145649 18836 1420 157 0 0 0 0 0 13 0 0 0 0 0 62 0 0 12 0 0
1368190576 18837 1420 157 0 0 0 0 0 13 0 0 0 0 0 62 0 0 12 0 0
1368473807 18848 1420 157 0 0 0 0 0 13 0 0 0 0 0 62 0 0 12 0 0
1368575870 18859 1420 157 0 0 0 0 0 13 0 0 0 0 0 62 0 0 12 0 0
1368643840 18860 1420 157 0 0 0 0 0 13 0 0 0 0 0 62 0 0 12 0 0
1368811877 18860 1422 157 0 0 0 0 0 13 0 0 0 0 0 62 0 0 12 0 0
1368981493 18860 1424 157 0 0 0 0 0 13 0 0 0 0 0 62 0 0 12 0 0
1368983287 18860 1435 157 0 0 0 0 0 13 0 0 0 0 0 62 0 0 12 0 0
1369084346 18860 1485 157 0 0 0 0 0 13 0 0 0 0 0 62 0 0 12 0 0
1369084372 18860 1511 157 0 0 0 0 0 13 0 0 0 0 0 62 0 0 12 0 0
1369155892 18860 1515 157 0 0 0 0 0 13 0 0 0 0 0 62 0 0 12 0 0
1369169091 18860 1518 157 0 0 0 0 0 13 0 0 0 0 0 62 0 0 12 0 0
1369172907 18860 1525 157 0 0 0 0 0 13 0 0 0 0 0 62 0 0 12 0 0
1369173313 18860 1577 157 0 0 0 0 0 13 0 0 0 0 0 62 0 0 12 0 0
1369173537 18860 1583 157 0 0 0 0 0 13 0 0 0 0 0 62 0 0 12 0 0
1369321988 18862 1583 157 0 0 0 0 0 13 0 0 0 0 0 62 0 0 12 0 0
1369502215 18863 1583 157 0 0 0 0 0 13 0 0 0 0 0 62 0 0 12 0 0
1369944372 18952 1583 157 0 0 0 0 0 13 0 0 0 0 0 62 0 0 12 0 0
1369944568 18956 1583 157 0 0 0 0 0 13 0 0 0 0 0 62 0 0 12 0 0
1369944813 18962 1583 157 0 0 0 0 0 13 0 0 0 0 0 62 0 0 12 0 0
1369953239 18978 1583 157 0 0 0 0 0 13 0 0 0 0 0 62 0 0 12 0 0
1369954590 19000 1583 157 0 0 0 0 0 13 0 0 0 0 0 62 0 0 12 0 0
1370471034 19007 1583 157 0 0 0 0 0 13 0 0 0 0 0 62 0 0 12 0 0
1370474023 19073 1583 157 0 0 0 0 0 13 0 0 0 0 0 62 0 0 12 0 0
1370725808 19079 1583 157 0 0 0 0 0 13 0 0 0 0 0 62 0 0 12 0 0
1370995988 19085 1583 157 0 0 0 0 0 13 0 0 0 0 0 62 0 0 12 0 0
1371050442 19085 1749 157 0 0 0 0 0 13 0 0 0 0 0 62 0 0 12 0 0
1371051692 19087 1749 157 0 0 0 0 0 13 0 0 0 0 0 62 0 0 12 0 0
1371104725 19087 1773 157 0 0 0 0 0 13 0 0 0 0 0 62 0 0 12 0 0
1371106704 19087 1846 157 0 0 0 0 0 13 0 0 0 0 0 62 0 0 12 0 0
1371106705 19087 1847 157 0 0 0 0 0 13 0 0 0 0 0 62 0 0 12 0 0
1371500771 19091 1847 157 0 0 0 0 0 13 0 0 0 0 0 62 0 0 12 0 0
1371706895 19091 2003 157 0 0 0 0 0 13 0 0 0 0 0 62 0 0 12 0 0
1371894964 19091 2133 157 0 0 0 0 0 13 0 0 0 0 0 62 0 0 12 0 0
1371897004 19091 2163 157 0 0 0 0 0 13 0 0 0 0 0 62 0 0 12 0 0
1371931843 19091 2257 157 0 0 0 0 0 13 0 0 0 0 0 62 0 0 12 0 0
1371932261 19091 2280 157 0 0 0 0 0 13 0 0 0 0 0 62 0 0 12 0 0
1371934890 19091 2292 157 0 0 0 0 0 13 0 0 0 0 0 62 0 0 12 0 0
1371935710 19091 2348 157 0 0 0 0 0 13 0 0 0 0 0 62 0 0 12 0 0
1372262537 19091 2366 157 0 0 0 0 0 13 0 0 0 0 0 62 0 0 12 0 0
1372262546 19091 2402 157 0 0 0 0 0 13 0 0 0 0 0 62 0 0 12 0 0
1372262568 19091 2411 157 0 0 0 0 0 13 0 0 0 0 0 62 0 0 12 0 0
1372262572 19091 2435 157 0 0 0 0 0 13 0 0 0 0 0 62 0 0 12 0 0
1372603202 19095 2435 157 0 0 0 0 0 13 0 0 0 0 0 62 0 0 12 0 0
1372711283 19107 2435 157 0 0 0 0 0 13 0 0 0 0 0 62 0 0 12 0 0
1372715609 19111 2435 157 0 0 0 0 0 13 0 0 0 0 0 62 0 0 12 0 0
1372756757 19144 2435 157 0 0 0 0 0 13 0 0 0 0 0 62 0 0 12 0 0
1372757029 19145 2435 157 0 0 0 0 0 13 0 0 0 0 0 62 0 0 12 0 0
1373139765 19145 2437 157 0 0 0 0 0 13 0 0 0 0 0 62 0 0 12 0 0
1373210007 19145 2494 157 0 0 0 0 0 13 0 0 0 0 0 62 0 0 12 0 0
1373210078 19145 2498 157 0 0 0 0 0 13 0 0 0 0 0 62 0 0 12 0 0
1373404895 19174 2498 157 0 0 0 0 0 13 0 0 0 0 0 62 0 0 12 0 0
1373471369 19183 2498 157 0 0 0 0 0 13 0 0 0 0 0 62 0 0 12 0 0
1373479431 19189 2498 157 0 0 0 0 0 13 0 0 0 0 0 62 0 0 12 0 0
1373487104 19189 2500 157 0 0 0 0 0 13 0 0 0 0 0 62 0 0 12 0 0
1373658815 19605 2563 157 0 0 0 0 0 13 0 0 0 0 0 62 0 0 12 0 0
1373661365 19606 2563 157 0 0 0 0 0 13 0 0 0 0 0 62 0 0 12 0 0
1373662518 19613 2563 157 0 0 0 0 0 13 0 0 0 0 0 62 0 0 12 0 0
1373815218 19616 2563 157 0 0 0 0 0 13 0 0 0 0 0 62 0 0 12 0 0
1373815706 19623 2563 157 0 0 0 0 0 13 0 0 0 0 0 62 0 0 12 0 0
1373845984 19659 2563 157 0 0 0 0 0 13 0 0 0 0 0 62 0 0 12 0 0
1373911033 19677 2563 157 0 0 0 0 0 13 0 0 0 0 0 62 0 0 12 0 0
1374158471 19749 2563 157 0 0 0 0 0 13 0 0 0 0 0 62 0 0 12 0 0
1374161604 19763 2563 157 0 0 0 0 0 13 0 0 0 0 0 62 0 0 12 0 0
1374163251 19764 2563 157 0 0 0 0 0 13 0 0 0 0 0 62 0 0 12 0 0
1374163869 19776 2563 157 0 0 0 0 0 13 0 0 0 0 0 62 0 0 12 0 0
1374169221 19946 2563 157 0 0 0 0 0 13 0 0 0 0 0 62 0 0 12 0 0
1374186249 19948 2563 157 0 0 0 0 0 13 0 0 0 0 0 62 0 0 12 0 0
1374252910 19957 2563 157 0 0 0 0 0 13 0 0 0 0 0 62 0 0 12 0 0
1374253053 19964 2563 157 0 0 0 0 0 13 0 0 0 0 0 62 0 0 12 0 0
1374859194 20002 2563 157 0 0 0 0 0 13 0 0 0 0 0 62 0 0 12 0 0
1375056171 20008 2563 157 0 0 0 0 0 13 0 0 0 0 0 62 0 0 12 0 0
1375204932 20014 2563 157 0 0 0 0 0 13 0 0 0 0 0 62 0 0 12 0 0
1375213632 20051 2563 157 0 0 0 0 0 13 0 0 0 0 0 62 0 0 12 0 0
1375217068 20052 2563 157 0 0 0 0 0 13 0 0 0 0 0 62 0 0 12 0 0
1375283380 20095 2563 157 0 0 0 0 0 13 0 0 0 0 0 62 0 0 12 0 0
1375689348 20095 2582 157 0 0 0 0 0 13 0 0 0 0 0 62 0 0 12 0 0
1375689357 20095 2599 157 0 0 0 0 0 13 0 0 0 0 0 62 0 0 12 0 0
1375689699 20095 2601 157 0 0 0 0 0 13 0 0 0 0 0 62 0 0 12 0 0
1375904566 20177 2601 157 0 0 0 0 0 13 0 0 0 0 0 62 0 0 12 0 0
1375983784 20177 2655 157 0 0 0 0 0 13 0 0 0 0 0 62 0 0 12 0 0
1375984494 20177 2659 157 0 0 0 0 0 13 0 0 0 0 0 62 0 0 12 0 0
1375984671 20177 2671 157 0 0 0 0 0 13 0 0 0 0 0 62 0 0 12 0 0
1375984672 20177 2695 157 0 0 0 0 0 13 0 0 0 0 0 62 0 0 12 0 0
1376045682 20177 2696 157 0 0 0 0 0 13 0 0 0 0 0 62 0 0 12 0 0
1376046314 20177 2715 157 0 0 0 0 0 13 0 0 0 0 0 62 0 0 12 0 0
1376049093 20189 2715 157 0 0 0 0 0 13 0 0 0 0 0 62 0 0 12 0 0
1376060933 20189 2715 157 0 4 0 0 0 13 0 0 0 0 0 62 0 0 12 0 0
1376120539 20189 2715 157 0 5 0 0 0 13 0 0 0 0 0 62 0 0 12 0 0
1376130585 20189 2717 157 0 18 0 0 0 13 0 0 0 0 0 62 0 0 12 0 0
1376133162 20189 2717 157 0 18 0 0 0 13 0 0 0 0 0 62 0 0 12 0 0
1376133810 20189 2775 157 0 18 0 0 0 13 0 0 0 0 0 62 0 0 12 0 0
1376135410 20189 2920 157 0 18 0 0 0 13 0 0 0 0 0 62 0 0 12 0 0
1376171751 20196 2920 157 0 18 0 0 0 13 0 0 0 0 0 62 0 0 12 0 0
1376266503 20209 2920 157 0 18 0 0 0 13 0 0 0 0 0 62 0 0 12 0 0
1376267100 20211 2920 157 0 18 0 0 0 13 0 0 0 0 0 62 0 0 12 0 0
1376336622 20213 2920 157 0 18 0 0 0 13 0 0 0 0 0 62 0 0 12 0 0
1376418872 20221 2920 157 0 18 0 0 0 13 0 0 0 0 0 62 0 0 12 0 0
1376424332 20222 2920 157 0 18 0 0 0 13 0 0 0 0 0 62 0 0 12 0 0
1376424767 20236 2920 157 0 18 0 0 0 13 0 0 0 0 0 62 0 0 12 0 0
1376486519 20236 2922 157 0 18 0 0 0 13 0 0 0 0 0 62 0 0 12 0 0
1376499445 20248 2922 157 0 18 0 0 0 13 0 0 0 0 0 62 0 0 12 0 0
1377045473 20257 2922 157 0 18 0 0 0 13 0 0 0 0 0 62 0 0 12 0 0
1377222708 20307 2922 157 0 18 0 0 0 13 0 0 0 0 0 62 0 0 12 0 0
1377232193 20332 2922 157 0 18 0 0 0 13 0 0 0 0 0 62 0 0 12 0 0
1377236237 20332 2972 157 0 18 0 0 0 13 0 0 0 0 0 62 0 0 12 0 0
1377236344 20341 2974 157 0 18 0 0 0 13 0 0 0 0 0 62 0 0 12 0 0
1377268567 20351 2974 157 0 18 0 0 0 13 0 0 0 0 0 62 0 0 12 0 0
1377370117 20370 2974 157 0 18 0 0 0 13 0 0 0 0 0 62 0 0 12 0 0
1377370445 20372 2974 157 0 18 0 0 0 13 0 0 0 0 0 62 0 0 12 0 0
1377373065 20398 2974 157 0 18 0 0 0 13 0 0 0 0 0 62 0 0 12 0 0
1377467998 20398 2975 157 0 18 0 0 0 13 0 0 0 0 0 62 0 0 12 0 0
1377610110 20403 2975 157 0 18 0 0 0 13 0 0 0 0 0 62 0 0 12 0 0
1377742379 20521 2975 157 0 18 0 0 0 13 0 0 0 0 0 62 0 0 12 0 0
1377742645 20523 2975 157 0 18 0 0 0 13 0 0 0 0 0 62 0 0 12 0 0
1377746561 20561 2975 157 0 18 0 0 0 13 0 0 0 0 0 62 0 0 12 0 0
1378249820 20577 2975 157 0 18 0 0 0 13 0 0 0 0 0 62 0 0 12 0 0
1378378698 20577 2975 157 0 18 0 0 0 17 0 0 0 0 0 62 0 0 12 0 0
1378386127 20580 2975 157 0 18 0 0 0 17 0 0 0 0 0 62 0 0 12 0 0
1378420612 20580 2975 157 0 25 0 0 0 17 0 0 0 0 0 62 0 0 12 0 0
1378423429 20583 2975 157 0 25 0 0 0 17 0 0 0 0 0 62 0 0 12 0 0
1378740586 20586 2975 157 0 25 0 0 0 17 0 0 0 0 0 62 0 0 12 0 0
1379799431 20594 2975 157 0 25 0 0 0 17 0 0 0 0 0 62 0 0 12 0 0
1379959649 20594 2980 157 0 25 0 0 0 17 0 0 0 0 0 62 0 0 12 0 0
1379959787 20594 3016 157 0 25 0 0 0 17 0 0 0 0 0 62 0 0 12 0 0
1379960007 20594 3089 157 0 25 0 0 0 17 0 0 0 0 0 62 0 0 12 0 0
1379960405 20594 3095 157 0 25 0 0 0 17 0 0 0 0 0 62 0 0 12 0 0
1379960442 20594 3099 157 0 25 0 0 0 17 0 0 0 0 0 62 0 0 12 0 0
1379960471 20594 3141 157 0 25 0 0 0 17 0 0 0 0 0 62 0 0 12 0 0
1380658598 20597 3141 157 0 25 0 0 0 17 0 0 0 0 0 62 0 0 12 0 0
1380695817 20605 3141 157 0 25 0 0 0 17 0 0 0 0 0 62 0 0 12 0 0
1380821204 20641 3141 157 0 25 0 0 0 17 0 0 0 0 0 62 0 0 12 0 0
1380837564 20641 3179 157 0 25 0 0 0 17 0 0 0 0 0 62 0 0 12 0 0
1380837565 20641 3211 157 0 25 0 0 0 17 0 0 0 0 0 62 0 0 12 0 0
1380840499 20641 3220 157 0 25 0 0 0 17 0 0 0 0 0 62 0 0 12 0 0
1380879998 20642 3220 157 0 25 0 0 0 17 0 0 0 0 0 62 0 0 12 0 0
1380880534 20650 3220 157 0 25 0 0 0 17 0 0 0 0 0 62 0 0 12 0 0
1381232638 20652 3220 157 0 25 0 0 0 17 0 0 0 0 0 62 0 0 12 0 0
1381310685 20662 3220 157 0 25 0 0 0 17 0 0 0 0 0 62 0 0 12 0 0
1381595680 20871 3220 157 0 25 0 0 0 17 0 0 0 0 0 62 0 0 12 0 0
1381609173 20878 3220 157 0 25 0 0 0 17 0 0 0 0 0 62 0 0 12 0 0
1381609869 20879 3220 157 0 25 0 0 0 17 0 0 0 0 0 62 0 0 12 0 0
1381610428 20883 3220 157 0 25 0 0 0 17 0 0 0 0 0 62 0 0 12 0 0
1381620004 20897 3220 157 0 25 0 0 0 17 0 0 0 0 0 62 0 0 12 0 0
1381769246 20898 3220 157 0 25 0 0 0 17 0 0 0 0 0 62 0 0 12 0 0
1382376578 20920 3220 157 0 25 0 0 0 17 0 0 0 0 0 62 0 0 12 0 0
1382655437 20939 3220 157 0 25 0 0 0 17 0 0 0 0 0 62 0 0 12 0 0
1382968684 20939 3220 157 0 25 0 0 0 17 0 0 0 0 0 62 0 0 12 0 0
1382970354 20949 3220 157 0 25 0 0 0 17 0 0 0 0 0 62 0 0 12 0 0
1383260464 20954 3220 157 0 25 0 0 0 17 0 0 0 0 0 62 0 0 12 0 0
1383265875 20955 3220 157 0 25 0 0 0 17 0 0 0 0 0 62 0 0 12 0 0
1383624055 20956 3220 157 0 25 0 0 0 17 0 0 0 0 0 62 0 0 12 0 0
1383785365 20958 3220 157 0 25 0 0 0 17 0 0 0 0 0 62 0 0 12 0 0
1383845868 20959 3220 157 0 25 0 0 0 17 0 0 0 0 0 62 0 0 12 0 0
1383863895 20959 3318 157 0 25 0 0 0 17 0 0 0 0 0 62 0 0 12 0 0
1383864090 20959 3377 157 0 25 0 0 0 17 0 0 0 0 0 62 0 0 12 0 0
1384211372 20994 3377 157 0 25 0 0 0 17 0 0 0 0 0 62 0 0 12 0 0
1384216517 20997 3377 157 0 25 0 0 0 17 0 0 0 0 0 62 0 0 12 0 0
1384229306 21025 3377 157 0 25 0 0 0 17 0 0 0 0 0 62 0 0 12 0 0
1384229754 21033 3377 157 0 25 0 0 0 17 0 0 0 0 0 62 0 0 12 0 0
1384272633 21035 3377 157 0 25 0 0 0 17 0 0 0 0 0 62 0 0 12 0 0
1385773429 21049 3377 157 0 25 0 0 0 17 0 0 0 0 0 62 0 0 12 0 0
1386211369 21050 3377 157 0 25 0 0 0 17 0 0 0 0 0 62 0 0 12 0 0
1386759432 21050 3454 157 0 25 0 0 0 17 0 0 0 0 0 62 0 0 12 0 0
1386759433 21050 3547 157 0 25 0 0 0 17 0 0 0 0 0 62 0 0 12 0 0
1387625517 21050 3550 157 0 25 0 0 0 17 0 0 0 0 0 62 0 0 12 0 0
1388325150 21050 3552 157 0 25 0 0 0 17 0 0 0 0 0 62 0 0 12 0 0
1388325257 21050 3556 157 0 25 0 0 0 17 0 0 0 0 0 62 0 0 12 0 0
1388326145 21050 3566 157 0 25 0 0 0 17 0 0 0 0 0 62 0 0 12 0 0
1388326191 21050 3588 157 0 25 0 0 0 17 0 0 0 0 0 62 0 0 12 0 0
1388329053 21050 3592 157 0 25 0 0 0 17 0 0 0 0 0 62 0 0 12 0 0
1388329101 21050 3603 157 0 25 0 0 0 17 0 0 0 0 0 62 0 0 12 0 0
1388452579 21050 3604 157 0 25 0 0 0 17 0 0 0 0 0 62 0 0 12 0 0
1388781628 21061 3604 157 0 25 0 0 0 17 0 0 0 0 0 62 0 0 12 0 0
1388935581 21061 3608 157 0 25 0 0 0 17 0 0 0 0 0 62 0 0 12 0 0
1388936246 21061 3621 157 0 25 0 0 0 17 0 0 0 0 0 62 0 0 12 0 0
1389046657 21061 3650 157 0 25 0 0 0 17 0 0 0 0 0 62 0 0 12 0 0
1389046658 21061 3769 157 0 25 0 0 0 17 0 0 0 0 0 62 0 0 12 0 0
1389046904 21080 3769 157 0 25 0 0 0 17 0 0 0 0 0 62 0 0 12 0 0
1389046914 21080 3782 157 0 25 0 0 0 17 0 0 0 0 0 62 0 0 12 0 0
1389577024 21081 3782 157 0 25 0 0 0 17 0 0 0 0 0 62 0 0 12 0 0
1389642368 21081 3792 157 0 25 0 0 0 17 0 0 0 0 0 62 0 0 12 0 0
1389748368 21092 3792 157 0 25 0 0 0 17 0 0 0 0 0 62 0 0 12 0 0
1389805788 21094 3792 157 0 25 0 0 0 17 0 0 0 0 0 62 0 0 12 0 0
1390915647 21094 3807 157 0 25 0 0 0 17 0 0 0 0 0 62 0 0 12 0 0
1392841540 21094 3995 157 0 25 0 0 0 17 0 0 0 0 0 62 0 0 12 0 0
1394078682 21095 3995 157 0 25 0 0 0 17 0 0 0 0 0 62 0 0 12 0 0
1394080812 21102 3995 157 0 25 0 0 0 17 0 0 0 0 0 62 0 0 12 0 0
1394967303 21106 3995 157 0 25 0 0 0 17 0 0 0 0 0 62 0 0 12 0 0
1394970162 21106 4119 157 0 25 0 0 0 17 0 0 0 0 0 62 0 0 12 0 0
1394970163 21106 4196 157 0 25 0 0 0 17 0 0 0 0 0 62 0 0 12 0 0
1395523630 21106 4200 157 0 25 0 0 0 17 0 0 0 0 0 62 0 0 12 0 0
1395576363 21106 4202 157 0 25 0 0 0 17 0 0 0 0 0 62 0 0 12 0 0
1395825500 21112 4202 157 0 25 0 0 0 17 0 0 0 0 0 62 0 0 12 0 0
1395826431 21116 4202 157 0 25 0 0 0 17 0 0 0 0 0 62 0 0 12 0 0
1395826886 21118 4202 157 0 25 0 0 0 17 0 0 0 0 0 62 0 0 12 0 0
1395849583 21119 4202 157 0 25 0 0 0 17 0 0 0 0 0 62 0 0 12 0 0
1396039919 21131 4202 157 0 25 0 0 0 17 0 0 0 0 0 62 0 0 12 0 0
1396298539 21137 4202 157 0 25 0 0 0 17 0 0 0 0 0 62 0 0 12 0 0
1396414934 21137 4206 157 0 25 0 0 0 17 0 0 0 0 0 62 0 0 12 0 0
1396554701 21150 4206 157 0 25 0 0 0 17 0 0 0 0 0 62 0 0 12 0 0
1400600848 21156 4206 157 0 25 0 0 0 17 0 0 0 0 0 62 0 0 12 0 0
1401433568 21156 4265 157 0 25 0 0 0 17 0 0 0 0 0 62 0 0 12 0 0
1401439676 21156 4279 157 0 25 0 0 0 17 0 0 0 0 0 62 0 0 12 0 0
1401439804 21156 4280 157 0 25 0 0 0 17 0 0 0 0 0 62 0 0 12 0 0
1402478850 24835 4280 157 0 25 0 0 0 17 0 0 0 0 0 62 0 0 12 0 0
1402681587 24851 4280 157 0 25 0 0 0 17 0 0 0 0 0 62 0 0 12 0 0
1403085197 24851 4280 157 0 25 0 0 0 17 0 0 0 0 0 62 0 0 12 0 0
1403085728 24856 4280 157 0 25 0 0 0 17 0 0 0 0 0 62 0 0 12 0 0
1403107659 24857 4280 157 0 25 0 0 0 17 0 0 0 0 0 62 0 0 12 0 0
1403119753 24867 4280 157 0 25 0 0 0 17 0 0 0 0 0 62 0 0 12 0 0
1403123824 24868 4280 157 0 25 0 0 0 17 0 0 0 0 0 62 0 0 12 0 0
1403125274 24868 4289 157 0 25 0 0 0 17 0 0 0 0 0 62 0 0 12 0 0
1403125635 24874 4289 157 0 25 0 0 0 17 0 0 0 0 0 62 0 0 12 0 0
1403126746 24875 4289 157 0 25 0 0 0 17 0 0 0 0 0 62 0 0 12 0 0
1403267611 25257 4289 157 0 25 0 0 0 17 0 0 0 0 0 62 0 0 12 0 0
1403279399 25744 4289 157 0 25 0 0 0 17 0 0 0 0 0 62 0 0 12 0 0
1403279812 25746 4289 157 0 25 0 0 0 17 0 0 0 0 0 62 0 0 12 0 0
1403280033 25748 4289 157 0 25 0 0 0 17 0 0 0 0 0 62 0 0 12 0 0
1403280221 25749 4289 157 0 25 0 0 0 17 0 0 0 0 0 62 0 0 12 0 0
1403312164 25757 4289 157 0 25 0 0 0 17 0 0 0 0 0 62 0 0 12 0 0
1403332844 25764 4289 157 0 25 0 0 0 17 0 0 0 0 0 62 0 0 12 0 0
1403346634 25834 4289 157 0 25 0 0 0 17 0 0 0 0 0 62 0 0 12 0 0
1403364885 25839 4289 157 0 25 0 0 0 17 0 0 0 0 0 62 0 0 12 0 0
1403391221 25868 4289 157 0 25 0 0 0 17 0 0 0 0 0 62 0 0 12 0 0
1403480354 25872 4289 157 0 25 0 0 0 17 0 0 0 0 0 62 0 0 12 0 0
1403534198 25882 4289 157 0 25 0 0 0 17 0 0 0 0 0 62 0 0 12 0 0
1403534346 25908 4289 157 0 25 0 0 0 17 0 0 0 0 0 62 0 0 12 0 0
1403608579 25965 4289 157 0 25 0 0 0 17 0 0 0 0 0 62 0 0 12 0 0
1403610164 25977 4289 157 0 25 0 0 0 17 0 0 0 0 0 62 0 0 12 0 0
1403635393 26035 4289 157 0 25 0 0 0 17 0 0 0 0 0 62 0 0 12 0 0
1403785187 26053 4289 157 0 25 0 0 0 17 0 0 0 0 0 62 0 0 12 0 0
1403891591 26076 4289 157 0 25 0 0 0 17 0 0 0 0 0 62 0 0 12 0 0
1403955483 26076 4300 157 0 25 0 0 0 17 0 0 0 0 0 62 0 0 12 0 0
1404128510 26093 4300 157 0 25 0 0 0 17 0 0 0 0 0 62 0 0 12 0 0
1404128561 26102 4300 157 0 25 0 0 0 17 0 0 0 0 0 62 0 0 12 0 0
1404216703 26120 4300 157 0 25 0 0 0 17 0 0 0 0 0 62 0 0 12 0 0
1404266027 26179 4300 157 0 25 0 0 0 17 0 0 0 0 0 62 0 0 12 0 0
1404276343 26736 4300 157 0 25 0 0 0 17 0 0 0 0 0 62 0 0 12 0 0
1404312312 26768 4300 157 0 25 0 0 0 17 0 0 0 0 0 62 0 0 12 0 0
1404313579 26775 4300 157 0 25 0 0 0 17 0 0 0 0 0 62 0 0 12 0 0
1404326646 26817 4300 157 0 25 0 0 0 17 0 0 0 0 0 62 0 0 12 0 0
1404398962 26919 4300 157 0 25 0 0 0 17 0 0 0 0 0 62 0 0 12 0 0
1404401517 26920 4300 157 0 25 0 0 0 17 0 0 0 0 0 62 0 0 12 0 0
1404409745 26926 4300 157 0 25 0 0 0 17 0 0 0 0 0 62 0 0 12 0 0
1404422774 26977 4300 157 0 25 0 0 0 17 0 0 0 0 0 62 0 0 12 0 0
1404571750 27041 4300 157 0 25 0 0 0 17 0 0 0 0 0 62 0 0 12 0 0
1404575327 27092 4300 157 0 25 0 0 0 17 0 0 0 0 0 62 0 0 12 0 0
1404658178 27099 4300 157 0 25 0 0 0 17 0 0 0 0 0 62 0 0 12 0 0
1404694045 27101 4300 157 0 25 0 0 0 17 0 0 0 0 0 62 0 0 12 0 0
1404778431 27133 4300 157 0 25 0 0 0 17 0 0 0 0 0 62 0 0 12 0 0
1404845664 27139 4318 157 0 25 0 0 0 17 0 0 0 0 0 62 0 0 12 0 0
1404856878 27139 4355 157 0 25 0 0 0 17 0 0 0 0 0 62 0 0 12 0 0
1404862023 27144 4355 157 0 25 0 0 0 17 0 0 0 0 0 62 0 0 12 0 0
1404862046 27157 4355 157 0 25 0 0 0 17 0 0 0 0 0 62 0 0 12 0 0
1404871605 27195 4355 157 0 25 0 0 0 17 0 0 0 0 0 62 0 0 12 0 0
1404875131 27196 4355 157 0 25 0 0 0 17 0 0 0 0 0 62 0 0 12 0 0
1404878560 27230 4355 157 0 25 0 0 0 17 0 0 0 0 0 62 0 0 12 0 0
1404879727 27237 4355 157 0 25 0 0 0 17 0 0 0 0 0 62 0 0 12 0 0
1404880308 27240 4355 157 0 25 0 0 0 17 0 0 0 0 0 62 0 0 12 0 0
1404880811 27242 4355 157 0 25 0 0 0 17 0 0 0 0 0 62 0 0 12 0 0
1404907990 27284 4355 157 0 25 0 0 0 17 0 0 0 0 0 62 0 0 12 0 0
1404911874 27287 4355 157 0 25 0 0 0 17 0 0 0 0 0 62 0 0 12 0 0
1404914072 27298 4355 157 0 25 0 0 0 17 0 0 0 0 0 62 0 0 12 0 0
1404922563 27299 4355 157 0 25 0 0 0 17 0 0 0 0 0 62 0 0 12 0 0
1404923509 27333 4355 157 0 25 0 0 0 17 0 0 0 0 0 62 0 0 12 0 0
1404926545 27342 4355 157 0 25 0 0 0 17 0 0 0 0 0 62 0 0 12 0 0
1404929793 27342 4361 157 0 25 0 0 0 17 0 0 0 0 0 62 0 0 12 0 0
1404929833 27342 4362 157 0 25 0 0 0 17 0 0 0 0 0 62 0 0 12 0 0
1404929888 27342 4364 157 0 25 0 0 0 17 0 0 0 0 0 62 0 0 12 0 0
1404932737 27343 4364 157 0 25 0 0 0 17 0 0 0 0 0 62 0 0 12 0 0
1404943434 27345 4364 157 0 25 0 0 0 17 0 0 0 0 0 62 0 0 12 0 0
1405356676 27346 4364 157 0 25 0 0 0 17 0 0 0 0 0 62 0 0 12 0 0
1405356833 27347 4364 157 0 25 0 0 0 17 0 0 0 0 0 62 0 0 12 0 0
1405955493 27353 4364 157 0 25 0 0 0 17 0 0 0 0 0 62 0 0 12 0 0
1405956839 27356 4364 157 0 25 0 0 0 17 0 0 0 0 0 62 0 0 12 0 0
1405992031 27357 4364 157 0 25 0 0 0 17 0 0 0 0 0 62 0 0 12 0 0
1406160641 27383 4364 157 0 25 0 0 0 17 0 0 0 0 0 62 0 0 12 0 0
1406161471 27383 4374 157 0 25 0 0 0 17 0 0 0 0 0 62 0 0 12 0 0
1406161894 27390 4378 157 0 25 0 0 0 17 0 0 0 0 0 62 0 0 12 0 0
1406200435 27393 4378 157 0 25 0 0 0 17 0 0 0 0 0 62 0 0 12 0 0
1406200545 27394 4378 157 0 25 0 0 0 17 0 0 0 0 0 62 0 0 12 0 0
1406423762 27408 4378 157 0 25 0 0 0 17 0 0 0 0 0 62 0 0 12 0 0
1406825992 27420 4378 157 0 25 0 0 0 17 0 0 0 0 0 62 0 0 12 0 0
1407000815 27424 4378 157 0 25 0 0 0 17 0 0 0 0 0 62 0 0 12 0 0
1407153473 27443 4378 157 0 25 0 0 0 17 0 0 0 0 0 62 0 0 12 0 0
1407154409 27447 4378 157 0 25 0 0 0 17 0 0 0 0 0 62 0 0 12 0 0
1407169595 27450 4378 157 0 25 0 0 0 17 0 0 0 0 0 62 0 0 12 0 0
1407177624 27457 4378 157 0 25 0 0 0 17 0 0 0 0 0 62 0 0 12 0 0
1407434813 27461 4378 157 0 25 0 0 0 17 0 0 0 0 0 62 0 0 12 0 0
1407780011 27462 4378 157 0 25 0 0 0 17 0 0 0 0 0 62 0 0 12 0 0
1407780080 27463 4378 157 0 25 0 0 0 17 0 0 0 0 0 62 0 0 12 0 0
1408181684 27463 4407 157 0 25 0 0 0 17 0 0 0 0 0 62 0 0 12 0 0
1408228152 27463 4449 157 0 25 0 0 0 17 0 0 0 0 0 62 0 0 12 0 0
1408233032 27463 4458 157 0 25 0 0 0 17 0 0 0 0 0 62 0 0 12 0 0
1408333493 27476 4458 157 0 25 0 0 0 17 0 0 0 0 0 62 0 0 12 0 0
1408668020 27478 4458 157 0 25 0 0 0 17 0 0 0 0 0 62 0 0 12 0 0
1408911483 27479 4458 157 0 25 0 0 0 17 0 0 0 0 0 62 0 0 12 0 0
1409823611 27509 4458 157 0 25 0 0 0 17 0 0 0 0 0 62 0 0 12 0 0
1410288005 27531 4458 157 0 25 0 0 0 17 0 0 0 0 0 62 0 0 12 0 0
1410288263 27532 4458 157 0 25 0 0 0 17 0 0 0 0 0 62 0 0 12 0 0
1410643277 27532 4458 157 1 25 0 0 0 17 0 0 0 0 0 62 0 0 12 0 0
1410806912 27535 4458 157 1 25 0 0 0 17 0 0 0 0 0 62 0 0 12 0 0
1410900847 27549 4458 157 1 25 0 0 0 17 0 0 0 0 0 62 0 0 12 0 0
1410999722 27550 4458 157 1 25 0 0 0 17 0 0 0 0 0 62 0 0 12 0 0
1411087543 27551 4458 157 1 25 0 0 0 17 0 0 0 0 0 62 0 0 12 0 0
1411194272 27553 4458 157 1 25 0 0 0 17 0 0 0 0 0 62 0 0 12 0 0
1411669556 27661 4644 157 1 25 0 0 0 17 0 0 0 0 0 62 0 0 12 0 0
1412193495 27672 4644 157 1 25 0 0 0 17 0 0 0 0 0 62 0 0 12 0 0
1412193603 27682 4644 157 1 25 0 0 0 17 0 0 0 0 0 62 0 0 12 0 0
1412282015 27684 4644 157 1 25 0 0 0 17 0 0 0 0 0 62 0 0 12 0 0
1412282115 27685 4644 157 1 25 0 0 0 17 0 0 0 0 0 62 0 0 12 0 0
1412283500 27689 4644 157 1 25 0 0 0 17 0 0 0 0 0 62 0 0 12 0 0
1412284303 27695 4644 157 1 25 0 0 0 17 0 0 0 1 0 62 0 0 12 0 0
1412360665 27695 4644 157 1 25 0 0 0 17 0 0 0 1 0 62 0 0 12 0 0
1412455729 27705 4644 157 1 25 0 0 0 17 0 0 0 1 0 62 0 0 12 0 0
1412792727 27730 4644 157 1 25 0 0 0 17 0 0 0 1 0 62 0 0 12 0 0
1413584559 27730 4644 157 1 25 0 10 0 17 0 0 0 1 0 62 0 0 12 0 0
1413585341 27730 4644 157 1 25 0 14 0 17 0 0 0 1 0 62 0 0 12 0 0
1413586013 27730 4644 157 1 25 0 18 0 17 0 0 0 1 0 62 0 0 12 0 0
1416693391 27730 4653 157 1 25 0 18 0 17 0 0 0 1 0 62 0 0 12 0 0
1417420769 27730 4670 157 1 25 0 18 0 17 0 0 0 1 0 62 0 0 12 0 0
1417606073 27730 4673 157 1 25 0 18 0 17 0 0 0 1 0 62 0 0 12 0 0
1417606675 27730 4690 157 1 25 0 18 0 17 0 0 0 1 0 62 0 0 12 0 0
1417799933 27730 4699 157 1 25 0 18 0 17 0 0 0 1 0 62 0 0 12 0 0
1417806941 27736 4699 157 1 25 0 18 0 17 0 0 0 1 0 62 0 0 12 0 0
1417807831 27736 4699 157 1 25 0 18 0 17 0 0 0 2 0 62 0 0 12 0 0
1417809621 27736 4712 157 1 25 0 18 0 17 0 0 0 2 0 62 0 0 12 0 0
1418008869 27739 4712 157 1 25 0 18 0 17 0 0 0 2 0 62 0 0 12 0 0
1418028996 27739 4726 157 1 25 0 18 0 17 0 0 0 2 0 62 0 0 12 0 0
1418499308 27739 4727 157 1 25 0 18 0 17 0 0 0 2 0 62 0 0 12 0 0
1418676059 27742 4727 157 1 25 0 18 0 17 0 0 0 2 0 62 0 0 12 0 0
1418877533 27780 4727 157 1 25 0 18 0 17 0 0 0 2 0 62 0 0 12 0 0
1419120830 27781 4727 157 1 25 0 18 0 17 0 0 0 2 0 62 0 0 12 0 0
1420716513 27786 4727 157 1 25 0 18 0 17 0 0 0 2 0 62 0 0 12 0 0
1420717328 27806 4727 157 1 25 0 18 0 17 0 0 0 2 0 62 0 0 12 0 0
1420717437 27807 4727 157 1 25 0 18 0 17 0 0 0 2 0 62 0 0 12 0 0
1420719449 27808 4727 157 1 25 0 18 0 17 0 0 0 2 0 62 0 0 12 0 0
1420721654 27870 4727 157 1 25 0 18 0 17 0 0 0 2 0 62 0 0 12 0 0
1420802707 27875 4727 157 1 25 0 18 0 17 0 0 0 2 0 62 0 0 12 0 0
1420976257 27886 4727 157 1 25 0 18 0 17 0 0 0 2 0 62 0 0 12 0 0
1421059094 27893 4727 157 1 25 0 18 0 17 0 0 0 2 0 62 0 0 12 0 0
1421061591 27893 4729 157 1 25 0 18 0 17 0 0 0 2 0 62 0 0 12 0 0
1421092949 27893 4796 157 1 25 0 18 0 17 0 0 0 2 0 62 0 0 12 0 0
1421174838 27899 4796 157 1 25 0 18 0 17 0 0 0 2 0 62 0 0 12 0 0
1421219570 27899 4797 157 1 25 0 18 0 17 0 0 0 2 0 62 0 0 12 0 0
1421472732 27899 4814 157 1 25 0 18 0 17 0 0 0 2 0 62 0 0 12 0 0
1422335457 27899 4816 157 1 25 0 18 0 17 0 0 0 2 0 62 0 0 12 0 0
1422609665 27914 4816 157 1 25 0 18 0 17 0 0 0 2 0 62 0 0 12 0 0
1422873221 27921 4816 157 1 25 0 18 0 17 0 0 0 2 0 62 0 0 12 0 0
1423759593 27921 4816 157 3 25 0 18 0 17 0 0 0 2 0 62 0 0 12 0 0
1423761479 27921 4816 157 22 25 0 18 0 17 0 0 0 2 0 62 0 0 12 0 0
1424986564 27927 4816 157 22 25 0 18 0 17 0 0 0 2 0 62 0 0 12 0 0
1426706781 27928 4816 157 22 25 0 18 0 17 0 0 0 2 0 62 0 0 12 0 0
1428522444 27928 4817 157 22 25 0 18 0 17 0 0 0 2 0 62 0 0 12 0 0
1428522676 27928 4840 157 22 25 0 18 0 17 0 0 0 2 0 62 0 0 12 0 0
1428522710 27928 4843 157 22 25 0 18 0 17 0 0 0 2 0 62 0 0 12 0 0
1428522725 27928 4859 157 22 25 0 18 0 17 0 0 0 2 0 62 0 0 12 0 0
1429035870 27928 4866 157 22 25 0 18 0 17 0 0 0 2 0 62 0 0 12 0 0
1429035951 27928 4905 157 22 25 0 18 0 17 0 0 0 2 0 62 0 0 12 0 0
1429136455 27934 4905 157 22 25 0 18 0 17 0 0 0 2 0 62 0 0 12 0 0
1429139980 27947 4905 157 22 25 0 18 0 17 0 0 0 2 0 62 0 0 12 0 0
1429291974 27958 4905 157 22 25 0 18 0 17 0 0 0 2 0 62 0 0 12 0 0
1429764596 27965 4905 157 22 25 0 18 0 17 0 0 0 2 0 62 0 0 12 0 0
1430323960 27971 4905 157 22 25 0 18 0 17 0 0 0 2 0 62 0 0 12 0 0
1430324901 27971 4905 157 22 25 0 18 0 17 0 0 0 2 0 62 0 0 12 0 0
1430635391 27975 4905 157 22 25 0 18 0 17 0 0 0 2 0 62 0 0 12 0 0
1430635967 27990 4905 157 22 25 0 18 0 17 0 0 0 2 0 62 0 0 12 0 0
1432060415 27990 4930 157 22 25 0 18 0 17 0 0 0 2 0 62 0 0 12 0 0
1432084667 27990 4942 157 22 25 0 18 0 17 0 0 0 2 0 62 0 0 12 0 0
1432087478 27990 4944 157 22 25 0 18 0 17 0 0 0 2 0 62 0 0 12 0 0
1432758230 27990 4945 157 22 25 0 18 0 17 0 0 0 2 0 62 0 0 12 0 0
1432758414 27990 4952 157 22 25 0 18 0 17 0 0 0 2 0 62 0 0 12 0 0
1432839084 27990 4962 157 22 25 0 18 0 17 0 0 0 2 0 62 0 0 12 0 0
1433270973 27990 4964 157 22 25 0 18 0 17 0 0 0 2 0 62 0 0 12 0 0
1433271063 27990 4968 157 22 25 0 18 0 17 0 0 0 2 0 62 0 0 12 0 0
1434719623 27992 4968 157 22 25 0 18 0 17 0 0 0 2 0 62 0 0 12 0 0
1435856616 27992 4968 157 22 25 0 18 0 17 0 0 0 2 0 62 0 0 12 0 0
1435863987 27992 4986 157 22 25 0 18 0 17 0 0 0 2 0 62 0 0 12 0 0
1435863995 27992 5026 157 22 25 0 18 0 17 0 0 0 2 0 62 0 0 12 0 0
1435864496 27992 5115 157 22 25 0 18 0 17 0 0 0 2 0 62 0 0 12 0 0
1435955930 27992 5117 157 22 25 0 18 0 17 0 0 0 2 0 62 0 0 12 0 0
1436010161 27992 5118 157 22 25 0 18 0 17 0 0 0 2 0 62 0 0 12 0 0
1436010481 27992 5119 157 22 25 0 18 0 17 0 0 0 2 0 62 0 0 12 0 0
1436010482 27992 5123 157 22 25 0 18 0 17 0 0 0 2 0 62 0 0 12 0 0
1436010483 27992 5135 157 22 25 0 18 0 17 0 0 0 2 0 62 0 0 12 0 0
1436010484 27992 5136 157 22 25 0 18 0 17 0 0 0 2 0 62 0 0 12 0 0
1436010485 27992 5151 157 22 25 0 18 0 17 0 0 0 2 0 62 0 0 12 0 0
1436010486 27992 5152 157 22 25 0 18 0 17 0 0 0 2 0 62 0 0 12 0 0
1436010487 27992 5158 157 22 25 0 18 0 17 0 0 0 2 0 62 0 0 12 0 0
1436010552 27992 5178 157 22 25 0 18 0 17 0 0 0 2 0 62 0 0 12 0 0
1436010621 27992 5188 157 22 25 0 18 0 17 0 0 0 2 0 62 0 0 12 0 0
1436272892 27995 5188 157 22 25 0 18 0 17 0 0 0 2 0 62 0 0 12 0 0
1436641300 27995 5213 157 22 25 0 18 0 17 0 0 0 2 0 62 0 0 12 0 0
1436641776 27995 5223 157 22 25 0 18 0 17 0 0 0 2 0 62 0 0 12 0 0
1436641833 27995 5251 157 22 25 0 18 0 17 0 0 0 2 0 62 0 0 12 0 0
1437333511 27995 5257 157 22 25 0 18 0 17 0 0 0 2 0 62 0 0 12 0 0
1437334212 27995 5305 157 22 25 0 18 0 17 0 0 0 2 0 62 0 0 12 0 0
1437334285 27995 5340 157 22 25 0 18 0 17 0 0 0 2 0 62 0 0 12 0 0
1437334314 27995 5344 157 22 25 0 18 0 17 0 0 0 2 0 62 0 0 12 0 0
1437334990 27995 5353 157 22 25 0 18 0 17 0 0 0 2 0 62 0 0 12 0 0
1437335042 27995 5356 157 22 25 0 18 0 17 0 0 0 2 0 62 0 0 12 0 0
1437887801 27995 5409 157 22 25 0 18 0 17 0 0 0 2 0 62 0 0 12 0 0
1437888019 27995 5416 157 22 25 0 18 0 17 0 0 0 2 0 62 0 0 12 0 0
1438196494 27997 5416 157 22 25 0 18 0 17 0 0 0 2 0 62 0 0 12 0 0
1438196623 27998 5416 157 22 25 0 18 0 17 0 0 0 2 0 62 0 0 12 0 0
1438214045 27999 5416 157 22 25 0 18 0 17 0 0 0 2 0 62 0 0 12 0 0
1439510500 28001 5416 157 22 25 0 18 0 17 0 0 0 2 0 62 0 0 12 0 0
1439998748 28001 5416 157 22 25 0 18 0 17 6 0 0 2 0 62 0 0 12 0 0
1440001188 28001 5416 157 22 25 0 18 0 17 15 0 0 2 0 62 0 0 12 0 0
1440189633 28002 5416 157 22 25 0 18 0 17 15 0 0 2 0 62 0 0 12 0 0
1440248412 28006 5416 157 22 25 0 18 0 17 15 0 0 2 0 62 0 0 12 0 0
1440321165 28006 5418 157 22 25 0 18 0 17 15 0 0 2 0 62 0 0 12 0 0
1441563499 28007 5418 157 22 25 0 18 0 17 15 0 0 2 0 62 0 0 12 0 0
1442624803 28007 5418 157 22 25 0 18 0 17 15 0 0 2 0 62 0 0 12 4 0
1443282628 28017 5418 157 22 25 0 18 0 17 15 0 0 2 0 62 0 0 12 4 0
1443389662 28017 5418 157 22 25 0 18 0 17 15 0 0 2 0 62 0 0 12 4 0
1443544316 28019 5418 157 22 25 0 18 0 17 15 0 0 2 0 62 0 0 12 4 0
1443633080 28025 5418 157 22 25 0 18 0 17 15 0 0 2 0 62 0 0 12 4 0
1443721438 28025 5419 157 22 25 0 18 0 17 15 0 0 2 0 62 0 0 12 4 0
1443920185 28031 5419 157 22 25 0 18 0 17 15 0 0 2 0 62 0 0 12 4 0
1444114634 28070 5419 157 22 25 0 18 0 17 15 0 0 2 0 62 0 0 12 4 0
1444195858 28133 5419 157 22 25 0 18 0 17 15 0 0 2 0 62 0 0 12 4 0
1444596049 28133 5441 157 22 25 0 18 0 17 15 0 0 2 0 62 0 0 12 4 0
1444604921 28151 5441 157 22 25 0 18 0 17 15 0 0 2 0 62 0 0 12 4 0
1444642149 28152 5441 157 22 25 0 18 0 17 15 0 0 2 0 62 0 0 12 4 0
1444940545 28152 5441 157 22 25 0 18 0 17 15 0 0 2 0 62 0 0 12 4 0
1446021443 28152 5442 157 22 25 0 18 0 17 15 0 0 2 0 62 0 0 12 4 0
1446257507 28172 5442 157 22 25 0 18 0 17 15 0 0 2 0 62 0 0 12 4 0
1446258451 28182 5442 157 22 25 0 18 0 17 15 0 0 2 0 62 0 0 12 4 0
1446656628 28187 5442 157 22 25 0 18 0 17 15 0 0 2 0 62 0 0 12 4 0
1446660672 28188 5442 157 22 25 0 18 0 17 15 0 0 2 0 62 0 0 12 4 0
1446669510 28190 5442 157 22 25 0 18 0 17 15 0 0 2 0 62 0 0 12 4 0
1446670890 28203 5442 157 22 25 0 18 0 17 15 0 0 2 0 62 0 0 12 4 0
1446676261 28234 5442 157 22 25 0 18 0 17 15 0 0 2 0 62 0 0 12 4 0
1446677138 28244 5442 157 22 25 0 18 0 17 15 0 0 2 0 62 0 0 12 4 0
1446804765 28246 5442 157 22 25 0 18 0 17 15 0 0 2 0 62 0 0 12 4 0
1447099750 28249 5442 157 22 25 0 18 0 17 15 0 0 2 0 62 0 0 12 4 0
1447200126 28265 5442 157 22 25 0 18 0 17 15 0 0 2 0 62 0 0 12 4 0
1447406755 28267 5442 157 22 25 0 18 0 17 15 0 0 2 0 62 0 0 12 4 0
1447780945 28267 5446 157 22 25 0 18 0 17 15 0 0 2 0 62 0 0 12 4 0
1447806805 28279 5446 157 22 25 0 18 0 17 15 0 0 2 0 62 0 0 12 4 0
1447842281 28284 5446 157 22 25 0 18 0 17 15 0 0 2 0 62 0 0 12 4 0
1447860624 28284 5447 157 22 25 0 18 0 17 15 0 0 2 0 62 0 0 12 4 0
1447882431 28285 5447 157 22 25 0 18 0 17 15 0 0 2 0 62 0 0 12 4 0
1447889914 28287 5447 157 22 25 0 18 0 17 15 0 0 2 0 62 0 0 12 4 0
1447963456 28289 5447 157 22 25 0 18 0 17 15 0 0 2 0 62 0 40 12 4 0
1448011216 28293 5447 157 22 25 0 18 0 17 15 0 0 2 0 62 0 40 12 4 0
1448012876 28301 5447 157 22 25 0 18 0 17 15 0 0 2 0 62 0 40 12 4 0
1448026451 28310 5447 157 22 25 0 18 0 17 15 0 0 2 0 62 0 40 12 4 0
1448128729 28312 5447 157 22 25 0 18 0 17 15 0 0 2 0 62 0 40 12 4 0
1448230290 28313 5447 157 22 25 0 18 0 17 15 0 0 2 0 62 0 40 12 4 0
1448240877 28313 5447 157 22 25 0 18 0 17 15 0 0 2 0 62 0 40 12 4 0
1448241005 28314 5447 157 22 25 0 18 0 17 15 0 0 2 0 62 0 40 12 4 0
1448241196 28320 5447 157 22 25 0 18 0 17 15 0 0 2 0 62 0 40 12 4 0
1448241396 28323 5447 157 22 25 0 18 0 17 15 0 0 2 0 62 0 40 12 4 0
1448242202 28358 5447 157 22 25 0 18 0 17 15 0 0 2 0 62 0 40 12 4 0
1448242380 28369 5447 157 22 25 0 18 0 17 15 0 0 2 0 62 0 40 12 4 0
1448242466 28388 5447 157 22 25 0 18 0 17 15 9 0 2 0 62 0 40 12 4 0
1448280189 28388 5466 157 22 25 0 18 0 17 15 9 0 2 0 62 0 40 12 4 0
1448284289 28407 5466 157 22 25 0 18 0 17 15 9 0 2 0 62 0 40 12 4 0
1448369686 28471 5466 157 22 25 0 18 0 17 15 9 0 2 0 62 0 40 12 4 0
1448377789 28480 5466 157 22 25 0 18 0 17 15 9 0 2 4 62 0 40 12 4 0
1448396511 28480 5466 157 22 25 0 18 0 17 15 9 0 2 4 62 0 40 12 4 0
1448909179 28552 5466 157 22 25 0 18 0 17 15 9 0 2 4 62 0 40 12 4 0
1448977709 28553 5466 157 22 25 0 18 0 17 15 9 0 2 4 62 0 40 12 4 0
1448979012 28565 5466 157 22 25 0 18 0 17 15 9 0 2 4 62 0 40 12 4 0
1449168156 28565 5466 157 22 25 0 18 0 17 15 9 0 2 4 62 2 40 12 4 0
1449435263 28568 5466 157 22 25 0 18 0 17 15 9 0 2 4 62 2 40 12 4 0
1449589435 28568 5467 157 22 25 0 18 0 17 15 9 0 2 4 62 2 40 12 4 0
1449598644 28573 5467 157 22 25 0 18 0 17 15 9 0 2 4 62 2 40 12 4 0
1449603359 28587 5467 157 22 25 0 18 0 17 15 9 0 2 4 62 2 40 12 4 0
1449944706 28587 5483 157 22 25 0 18 0 17 15 9 0 2 4 62 2 40 12 4 0
1450205134 28601 5483 157 22 25 0 18 0 17 15 9 0 2 4 62 2 40 12 4 0
1450565606 28797 5483 157 22 25 0 18 0 17 15 9 0 2 4 62 2 40 12 4 0
1450565820 28798 5483 157 22 25 0 18 0 17 15 9 0 2 4 62 2 40 12 4 0
1450569091 28974 5483 157 22 25 0 18 0 17 15 9 0 2 4 62 2 40 12 4 0
1450569519 29638 5483 157 22 25 0 18 0 17 15 9 0 2 4 62 2 40 12 4 0
1450570933 29640 5483 157 22 25 0 18 0 17 15 9 0 2 4 62 2 40 12 4 0
1450665380 29650 5542 157 22 25 0 18 0 17 15 9 0 2 4 62 2 40 12 4 0
1450758121 29678 5542 157 22 25 0 18 0 17 15 9 0 2 4 62 2 40 12 4 0
1450761633 29685 5542 157 22 25 0 18 0 17 15 9 0 2 4 62 2 40 12 4 0
1450764805 29687 5542 157 22 25 0 18 0 17 15 9 0 2 4 62 2 40 12 4 0
1450809041 29689 5542 157 22 25 0 18 0 17 15 9 0 2 4 62 2 40 12 4 0
1450815866 29704 5542 157 22 25 0 18 0 17 15 9 0 2 4 62 2 40 12 4 0
1450911726 29705 5542 157 22 25 0 18 0 17 15 9 0 2 4 62 2 40 12 4 0
1451331462 29707 5542 157 22 25 0 18 0 17 15 9 0 2 4 62 2 40 12 4 0
1451334669 29708 5542 157 22 25 0 18 0 17 15 9 0 2 4 62 2 40 12 4 0
1451737182 29714 5542 157 22 25 0 18 0 17 15 9 0 2 4 62 2 40 12 4 0
1452191309 29739 5542 157 22 25 0 18 0 17 15 9 0 2 4 62 2 40 12 4 0
1452543462 29742 5542 157 22 25 0 18 0 17 15 9 0 2 4 62 2 40 12 4 0
1452543933 29744 5542 157 22 25 0 18 0 17 15 9 0 2 4 62 2 40 12 4 0
1452582828 29745 5542 157 22 25 0 18 0 17 15 9 0 2 4 62 2 40 12 4 0
1452637086 29745 5547 157 22 25 0 18 0 17 15 9 0 2 4 62 2 40 12 4 0
1452964296 29746 5547 157 22 25 0 18 0 17 15 9 0 2 4 62 2 40 12 4 0
1453253457 29747 5547 157 22 25 0 18 0 17 15 9 0 2 4 62 2 40 12 4 0
1453567902 29751 5547 157 22 25 0 18 0 17 15 9 0 2 4 62 2 40 12 4 0
1453635169 29756 5547 157 22 25 0 18 0 17 15 9 0 2 4 62 2 40 12 4 0
1453846381 29757 5547 157 22 25 0 18 0 17 15 9 0 2 4 62 2 40 12 4 0
1453895302 29758 5547 157 22 25 0 18 0 17 15 9 0 2 4 62 2 40 12 4 0
1453954694 29759 5547 157 22 25 0 18 0 17 15 9 0 2 4 62 2 40 12 4 0
1453990982 29769 5547 157 22 25 0 18 0 17 15 9 0 2 4 62 2 40 12 4 0
1454006701 29769 5551 157 22 25 0 18 0 17 15 9 0 2 4 62 2 40 12 4 0
1454158472 29791 5551 157 22 25 0 18 0 17 15 9 0 2 4 62 2 40 12 4 0
1454552593 29791 5552 157 22 25 0 18 0 17 15 9 0 2 4 62 2 40 12 4 0
1455493985 29808 5552 157 22 25 0 18 0 17 15 9 0 2 4 62 2 40 12 4 0
1455494824 29812 5552 157 22 25 0 18 0 17 15 9 0 2 4 62 2 40 12 4 0
1455665667 29817 5552 157 22 25 0 18 0 17 15 9 0 2 4 62 2 40 12 4 0
1455730070 29818 5552 157 22 25 0 18 0 17 15 9 0 2 4 62 2 40 12 4 0
1459125356 29819 5552 157 22 25 0 18 0 17 15 9 0 2 4 62 2 40 12 4 0
1460230965 29829 5552 157 22 25 0 18 0 17 15 9 0 2 4 62 2 40 12 4 0
1460999276 29854 5552 157 22 25 0 18 0 17 15 9 0 2 4 62 2 40 12 4 0
1461671541 29856 5552 157 22 25 0 18 0 17 15 9 0 2 4 62 2 40 12 4 0
1462857104 29856 5558 157 22 25 0 18 0 17 15 9 0 2 4 62 2 40 12 4 0
1463269494 29858 5558 157 22 25 0 18 0 17 15 9 0 2 4 62 2 40 12 4 0
1464897687 29867 5558 157 22 25 0 18 0 17 15 9 0 2 4 62 2 40 12 4 0
1464927114 29867 5560 157 22 25 0 18 0 17 15 9 0 2 4 62 2 40 12 4 0
1465162964 29867 5568 157 22 25 0 18 0 17 15 9 0 2 4 62 2 40 12 4 0
1466834134 29867 5635 157 22 25 0 18 0 17 15 9 0 2 4 62 2 40 12 4 0
1466834224 29867 5660 157 22 25 0 18 0 17 15 9 0 2 4 62 2 40 12 4 0
1467174337 29867 5672 157 22 25 0 18 0 17 15 9 0 2 4 62 2 40 12 4 0
1468468401 29867 5680 157 22 25 0 18 0 17 15 9 0 2 4 62 2 40 12 4 0
1469268492 29867 5708 157 22 25 0 18 0 17 15 9 0 2 4 62 2 40 12 4 0
1469268694 29867 5746 157 22 25 0 18 0 17 15 9 0 2 4 62 2 40 12 4 0
1469268980 29867 5756 157 22 25 0 18 0 17 15 9 0 2 4 62 2 40 12 4 0
1469269024 29867 5770 157 22 25 0 18 0 17 15 9 0 2 4 62 2 40 12 4 0
1469269081 29867 5775 157 22 25 0 18 0 17 15 9 0 2 4 62 2 40 12 4 0
1469270596 29867 5791 157 22 25 0 18 0 17 15 9 0 2 4 62 2 40 12 4 0
1469270746 29867 5806 157 22 25 0 18 0 17 15 9 0 2 4 62 2 40 12 4 0
1470164555 29867 5915 157 22 25 0 18 0 17 15 9 0 2 4 62 2 40 12 4 0
1470164657 29867 5922 157 22 25 0 18 0 17 15 9 0 2 4 62 2 40 12 4 0
1470168969 29867 5928 157 22 25 0 18 0 17 15 9 0 2 4 62 2 40 12 4 0
1470169074 29867 5949 157 22 25 0 18 0 17 15 9 0 2 4 62 2 40 12 4 0
1470947456 29873 5949 157 22 25 0 18 0 17 15 9 0 2 4 62 2 40 12 4 0
1471623865 29876 5949 157 22 25 0 18 0 17 15 9 0 2 4 62 2 40 12 4 0
1471814422 29876 5950 157 22 25 0 18 0 17 15 9 0 2 4 62 2 40 12 4 0
1471814538 29876 5956 157 22 25 0 18 0 17 15 9 0 2 4 62 2 40 12 4 0
1472686895 29877 5956 157 22 25 0 18 0 17 15 9 0 2 4 62 2 40 12 4 0
1472888490 29877 5958 157 22 25 0 18 0 17 15 9 0 2 4 62 2 40 12 4 0
1473176462 29877 5961 157 22 25 0 18 0 17 15 9 0 2 4 62 2 40 12 4 0
1473176911 29877 5962 157 22 25 0 18 0 17 15 9 0 2 4 62 2 40 12 4 0
1473177373 29877 5966 157 22 25 0 18 0 17 15 9 0 2 4 62 2 40 12 4 0
1473178321 29877 5990 157 22 25 0 18 0 17 15 9 0 2 4 62 2 40 12 4 0
1474140664 29877 6102 157 22 25 0 18 0 17 15 9 0 2 4 62 2 40 12 4 0
1474952614 29877 6227 157 22 25 0 18 0 17 15 9 0 2 4 62 2 40 12 4 0
1474952618 29877 6233 157 22 25 0 18 0 17 15 9 0 2 4 62 2 40 12 4 0
1474952620 29877 6238 157 22 25 0 18 0 17 15 9 0 2 4 62 2 40 12 4 0
1474952622 29877 6245 157 22 25 0 18 0 17 15 9 0 2 4 62 2 40 12 4 0
1474952625 29877 6254 157 22 25 0 18 0 17 15 9 0 2 4 62 2 40 12 4 0
1478992280 29881 6254 157 22 25 0 18 0 17 15 9 0 2 4 62 2 40 12 4 0
1480447185 29892 6254 157 22 25 0 18 0 17 15 9 0 2 4 62 2 40 12 4 0
1480623462 29892 6290 157 22 25 0 18 0 17 15 9 0 2 4 62 2 40 12 4 0
1480652531 29892 6317 157 22 25 0 18 0 17 15 9 0 2 4 62 2 40 12 4 0
1480656029 29892 6320 157 22 25 0 18 0 17 15 9 0 2 4 62 2 40 12 4 0
1481133321 29892 6332 157 22 25 0 18 0 17 15 9 0 2 4 62 2 40 12 4 0
1481133859 29892 6333 157 22 25 0 18 0 17 15 9 0 2 4 62 2 40 12 4 0
1481133971 29892 6342 157 22 25 0 18 0 17 15 9 0 2 4 62 2 40 12 4 0
1481238216 29892 6348 157 22 25 0 18 0 17 15 9 0 2 4 62 2 40 12 4 0
1481357777 29892 6350 157 22 25 0 18 0 17 15 9 0 2 4 62 2 40 12 4 0
1481386648 29892 6351 157 22 25 0 18 0 17 15 9 0 2 4 62 2 40 12 4 0
1481400672 29892 6351 157 22 25 0 18 0 17 15 9 0 2 4 62 2 40 12 4 0
1481402559 29892 6363 157 22 25 0 18 0 17 15 9 0 2 4 62 2 40 12 4 0
1481403631 29892 6375 157 22 25 0 18 0 17 15 9 0 2 4 62 2 40 12 4 14
1481836365 29892 6378 157 22 25 0 18 0 17 15 9 0 2 4 62 2 40 12 4 14
1482334427 29892 6396 157 22 25 0 18 0 17 15 9 0 2 4 62 2 40 12 4 14
1482352814 29892 6401 157 22 25 0 18 0 17 15 9 0 2 4 62 2 40 12 4 14
1482949819 29893 6401 157 22 25 0 18 0 17 15 9 0 2 4 62 2 40 12 4 14
1483732138 29895 6401 157 22 25 0 18 0 17 15 9 0 2 4 62 2 40 12 4 14
1484128303 29912 6401 157 22 25 0 18 0 17 15 9 0 2 4 62 2 40 12 4 14
1484130808 29917 6401 157 22 25 0 18 0 17 15 9 0 2 4 62 2 40 12 4 14
1484133537 29918 6401 157 22 25 0 18 0 17 15 9 0 2 4 62 2 40 12 4 14
1484133558 29942 6401 157 22 25 0 18 0 17 15 9 0 2 4 62 2 40 12 4 14
1484145548 29968 6401 157 22 25 0 18 0 17 15 9 0 2 4 62 2 40 12 4 14
1484228131 29970 6401 157 22 25 0 18 0 17 15 9 0 2 4 62 2 40 12 4 14
1484421754 29972 6401 157 22 25 0 18 0 17 15 9 0 2 4 62 2 40 12 4 14
1485859312 29981 6401 157 22 25 0 18 0 17 15 9 0 2 4 62 2 40 12 4 14
1486393766 29991 6401 157 22 25 0 18 0 17 15 9 0 2 4 62 2 40 12 4 14
1488628995 29991 6402 157 22 25 0 18 0 17 15 9 0 2 4 62 2 40 12 4 14
1489334114 29991 6463 157 22 25 0 18 0 17 15 9 0 2 4 62 2 40 12 4 14
1489334331 29991 6471 157 22 25 0 18 0 17 15 9 0 2 4 62 2 40 12 4 14
1489334363 29991 6472 157 22 25 0 18 0 17 15 9 0 2 4 62 2 40 12 4 14
1489345733 29991 6537 157 22 25 0 18 0 17 15 9 0 2 4 62 2 40 12 4 14
1490301444 30001 6537 157 22 25 0 18 0 17 15 9 0 2 4 62 2 40 12 4 14
1501101460 30004 6537 157 22 25 0 18 0 17 15 9 0 2 4 62 2 40 12 4 14
1501455868 30004 6537 157 22 25 14 18 0 17 15 9 0 2 4 62 2 40 12 4 14
1504728948 30010 6537 157 22 25 14 18 0 17 15 9 0 2 4 62 2 40 12 4 14
1504966083 30014 6537 157 22 25 14 18 0 17 15 9 0 2 4 62 2 40 12 4 14
1505080775 30014 6558 157 22 25 14 18 0 17 15 9 0 2 4 62 2 40 12 4 14
1505080814 30014 6559 157 26 25 14 18 0 17 15 9 0 2 4 62 2 40 12 4 14
1509041077 30019 6559 157 26 25 14 18 0 17 15 9 0 2 4 62 2 40 12 4 14
1511120693 30202 6559 157 26 25 14 18 0 17 15 9 0 2 4 62 2 40 12 4 14
1518987654 30233 6559 157 26 25 14 18 0 17 15 9 0 2 4 62 2 40 12 4 14
1521570896 30235 6559 157 26 25 14 18 0 17 15 9 0 2 4 62 2 40 12 4 14
1521732057 30235 6559 157 52 25 14 18 0 17 15 9 0 2 4 62 2 40 12 4 14
1522688479 30236 6559 157 52 25 14 18 0 17 15 9 0 2 4 62 2 40 12 4 14
1525277129 30237 6559 157 52 25 14 18 0 17 15 9 0 2 4 62 2 40 12 4 14
1529681413 30269 6559 157 52 25 14 18 0 17 15 9 0 2 4 62 2 40 12 4 14
1533557459 30272 6559 157 52 25 14 18 0 17 15 9 0 2 4 62 2 40 12 4 14
1535502301 30275 6559 157 52 25 18 18 0 17 15 9 0 2 4 62 2 40 12 4 14
1547491178 30275 6559 157 54 25 18 18 0 17 15 9 0 2 4 62 2 40 12 4 14
1547492780 30278 6559 157 54 25 18 18 0 17 15 9 0 2 4 62 2 40 12 4 14
1547750770 30409 6559 157 54 25 18 18 0 17 15 9 0 2 4 62 2 40 12 4 14
1547754603 30409 6559 157 54 25 18 18 0 17 15 9 0 2 4 62 2 40 12 4 14
1548891814 30410 6559 157 54 25 18 18 0 17 15 9 0 2 4 62 2 40 12 4 14
1550419196 30410 6559 157 54 25 18 18 0 17 15 9 0 2 4 62 2 40 12 4 14
1555380476 30410 6559 157 54 25 18 18 1 17 15 9 0 2 4 62 2 40 12 4 14
1566838313 30414 6559 157 54 25 18 18 1 17 15 9 0 2 4 62 2 40 12 4 14
1573361915 30415 6559 157 54 25 18 18 1 17 15 9 0 2 4 62 2 40 12 4 14
1573362047 30417 6559 157 54 25 18 18 1 17 15 9 0 2 4 62 2 40 12 4 14
1573363237 30418 6559 157 54 25 18 18 1 17 15 9 0 2 4 62 2 40 12 4 14
1573833994 30426 6559 157 54 25 18 18 1 17 15 9 0 2 4 62 2 40 12 4 14
1573834071 30427 6559 157 54 25 18 18 1 17 15 9 0 2 4 62 2 40 12 4 14
1578587540 30427 6559 157 80 25 18 18 1 17 15 9 0 2 4 62 2 40 12 4 14
1579791000 30428 6559 157 80 25 18 18 1 17 15 9 0 2 4 62 2 40 12 4 14
1582091343 30428 6559 157 80 25 18 18 175 17 15 9 0 2 4 62 2 40 12 4 14
1582091441 30428 6559 157 80 25 18 18 182 17 15 9 0 2 4 62 2 40 12 4 14
1587737013 30437 6559 157 80 25 18 18 182 17 15 9 0 2 4 62 2 40 12 4 14
1587737253 30442 6559 157 80 25 18 18 182 17 15 9 0 2 4 62 2 40 12 4 14
1587772018 30445 6559 157 80 25 18 18 182 17 15 9 0 2 4 62 2 40 12 4 14
1592333354 30461 6559 157 80 25 18 18 182 17 15 9 0 2 4 62 2 40 12 4 14
1603311893 30569 6559 157 80 25 18 18 182 17 15 9 0 2 4 62 2 40 12 4 14
1610479201 30569 6559 157 106 25 18 18 182 17 15 9 0 2 4 62 2 40 12 4 14
1612913886 30570 6559 157 106 25 18 18 182 17 15 9 0 2 4 62 2 40 12 4 14
1613043297 30571 6559 157 106 25 18 18 182 17 15 9 0 2 4 62 2 40 12 4 14
1613665545 30571 6559 157 109 25 18 18 182 17 15 9 0 2 4 62 2 40 12 4 14
1615732184 30582 6559 157 109 25 18 18 182 17 15 9 0 2 4 62 2 40 12 4 14
1617973593 30585 6559 157 109 25 18 18 182 17 15 9 0 2 4 62 2 40 12 4 14
1623077672 30586 6559 157 109 25 18 18 182 17 15 9 0 2 4 62 2 40 12 4 14
1635178662 30587 6559 157 109 25 18 18 182 17 15 9 0 2 4 62 2 40 12 4 14
1654804118 30587 6559 157 109 25 18 18 182 17 15 9 0 2 4 62 2 40 12 4 14
1654811886 30588 6559 157 109 25 20 18 182 17 15 9 14 2 4 62 2 40 12 4 14
1669645793 30671 6559 157 109 25 20 18 182 17 15 9 14 2 4 62 2 40 12 4 14
1671097018 30672 6559 157 109 25 20 18 182 17 15 9 14 2 4 62 2 40 12 4 14
1678121264 30675 6559 157 109 25 20 18 182 17 15 9 14 2 4 62 2 40 12 4 14
