1220449249 0 1 0 0 0 0 0 0 0 0 0 0 0 0 0 0 0 0 0 0
1223358185 0 2 0 0 0 0 0 0 0 0 0 0 0 0 0 0 0 0 0 0
1223464832 0 3 0 0 0 0 0 0 0 0 0 0 0 0 0 0 0 0 0 0
1223468325 0 4 0 0 0 0 0 0 0 0 0 0 0 0 0 0 0 0 0 0
1223651963 0 5 0 0 0 0 0 0 0 0 0 0 0 0 0 0 0 0 0 0
1223944336 0 6 0 0 0 0 0 0 0 0 0 0 0 0 0 0 0 0 0 0
1224244352 0 7 0 0 0 0 0 0 0 0 0 0 0 0 0 0 0 0 0 0
1224244403 0 8 0 0 0 0 0 0 0 0 0 0 0 0 0 0 0 0 0 0
1224244463 0 9 0 0 0 0 0 0 0 0 0 0 0 0 0 0 0 0 0 0
1225360979 0 10 0 0 0 0 0 0 0 0 0 0 0 0 0 0 0 0 0 0
1225362825 0 11 0 0 0 0 0 0 0 0 0 0 0 0 0 0 0 0 0 0
1225363137 0 12 0 0 0 0 0 0 0 0 0 0 0 0 0 0 0 0 0 0
1225688404 0 13 0 0 0 0 0 0 0 0 0 0 0 0 0 0 0 0 0 0
1225782491 0 14 0 0 0 0 0 0 0 0 0 0 0 0 0 0 0 0 0 0
1225782556 0 15 0 0 0 0 0 0 0 0 0 0 0 0 0 0 0 0 0 0
1226908690 0 16 0 0 0 0 0 0 0 0 0 0 0 0 0 0 0 0 0 0
1226910748 0 17 0 0 0 0 0 0 0 0 0 0 0 0 0 0 0 0 0 0
1226918338 0 18 0 0 0 0 0 0 0 0 0 0 0 0 0 0 0 0 0 0
1227007719 0 19 0 0 0 0 0 0 0 0 0 0 0 0 0 0 0 0 0 0
1227072841 0 20 0 0 0 0 0 0 0 0 0 0 0 0 0 0 0 0 0 0
1227266571 0 21 0 0 0 0 0 0 0 0 0 0 0 0 0 0 0 0 0 0
1229669373 0 22 0 0 0 0 0 0 0 0 0 0 0 0 0 0 0 0 0 0
1229700040 0 23 0 0 0 0 0 0 0 0 0 0 0 0 0 0 0 0 0 0
1231134897 0 24 0 0 0 0 0 0 0 0 0 0 0 0 0 0 0 0 0 0
1231134965 0 25 0 0 0 0 0 0 0 0 0 0 0 0 0 0 0 0 0 0
1231135501 0 26 0 0 0 0 0 0 0 0 0 0 0 0 0 0 0 0 0 0
1231481275 0 27 0 0 0 0 0 0 0 0 0 0 0 0 0 0 0 0 0 0
1231847350 0 28 0 0 0 0 0 0 0 0 0 0 0 0 0 0 0 0 0 0
1232015675 0 29 0 0 0 0 0 0 0 0 0 0 0 0 0 0 0 0 0 0
1232648568 0 30 0 0 0 0 0 0 0 0 0 0 0 0 0 0 0 0 0 0
1232736491 0 31 0 0 0 0 0 0 0 0 0 0 0 0 0 0 0 0 0 0
1232736593 0 32 0 0 0 0 0 0 0 0 0 0 0 0 0 0 0 0 0 0
1232736979 0 33 0 0 0 0 0 0 0 0 0 0 0 0 0 0 0 0 0 0
1232737209 0 34 0 0 0 0 0 0 0 0 0 0 0 0 0 0 0 0 0 0
1232737282 0 35 0 0 0 0 0 0 0 0 0 0 0 0 0 0 0 0 0 0
1232738339 0 36 0 0 0 0 0 0 0 0 0 0 0 0 0 0 0 0 0 0
1232751055 0 37 0 0 0 0 0 0 0 0 0 0 0 0 0 0 0 0 0 0
1232825156 0 38 0 0 0 0 0 0 0 0 0 0 0 0 0 0 0 0 0 0
1233162290 0 39 0 0 0 0 0 0 0 0 0 0 0 0 0 0 0 0 0 0
1236161793 0 40 0 0 0 0 0 0 0 0 0 0 0 0 0 0 0 0 0 0
1236651340 0 41 0 0 0 0 0 0 0 0 0 0 0 0 0 0 0 0 0 0
1239085989 0 42 0 0 0 0 0 0 0 0 0 0 0 0 0 0 0 0 0 0
1239091263 0 43 0 0 0 0 0 0 0 0 0 0 0 0 0 0 0 0 0 0
1239094996 0 44 0 0 0 0 0 0 0 0 0 0 0 0 0 0 0 0 0 0
1239263384 0 45 0 0 0 0 0 0 0 0 0 0 0 0 0 0 0 0 0 0
1239342598 0 46 0 0 0 0 0 0 0 0 0 0 0 0 0 0 0 0 0 0
1239380153 0 47 0 0 0 0 0 0 0 0 0 0 0 0 0 0 0 0 0 0
1239380832 0 48 0 0 0 0 0 0 0 0 0 0 0 0 0 0 0 0 0 0
1240374539 0 49 0 0 0 0 0 0 0 0 0 0 0 0 0 0 0 0 0 0
1242724320 0 50 0 0 0 0 0 0 0 0 0 0 0 0 0 0 0 0 0 0
1242798940 0 51 0 0 0 0 0 0 0 0 0 0 0 0 0 0 0 0 0 0
1246936239 0 52 0 0 0 0 0 0 0 0 0 0 0 0 0 0 0 0 0 0
1247067026 0 53 0 0 0 0 0 0 0 0 0 0 0 0 0 0 0 0 0 0
1247067515 0 54 0 0 0 0 0 0 0 0 0 0 0 0 0 0 0 0 0 0
1247067698 0 55 0 0 0 0 0 0 0 0 0 0 0 0 0 0 0 0 0 0
1247073549 0 56 0 0 0 0 0 0 0 0 0 0 0 0 0 0 0 0 0 0
1248672598 0 57 0 0 0 0 0 0 0 0 0 0 0 0 0 0 0 0 0 0
1248672639 0 58 0 0 0 0 0 0 0 0 0 0 0 0 0 0 0 0 0 0
1248672683 0 59 0 0 0 0 0 0 0 0 0 0 0 0 0 0 0 0 0 0
1248673343 0 60 0 0 0 0 0 0 0 0 0 0 0 0 0 0 0 0 0 0
1248682410 0 61 0 0 0 0 0 0 0 0 0 0 0 0 0 0 0 0 0 0
1248852868 0 62 0 0 0 0 0 0 0 0 0 0 0 0 0 0 0 0 0 0
1248856652 0 63 0 0 0 0 0 0 0 0 0 0 0 0 0 0 0 0 0 0
1248856700 0 64 0 0 0 0 0 0 0 0 0 0 0 0 0 0 0 0 0 0
1248858708 0 65 0 0 0 0 0 0 0 0 0 0 0 0 0 0 0 0 0 0
1248933088 0 66 0 0 0 0 0 0 0 0 0 0 0 0 0 0 0 0 0 0
1248950579 0 67 0 0 0 0 0 0 0 0 0 0 0 0 0 0 0 0 0 0
1248950630 0 68 0 0 0 0 0 0 0 0 0 0 0 0 0 0 0 0 0 0
1248950713 0 69 0 0 0 0 0 0 0 0 0 0 0 0 0 0 0 0 0 0
1249017927 0 70 0 0 0 0 0 0 0 0 0 0 0 0 0 0 0 0 0 0
1249018043 0 71 0 0 0 0 0 0 0 0 0 0 0 0 0 0 0 0 0 0
1254905534 0 72 0 0 0 0 0 0 0 0 0 0 0 0 0 0 0 0 0 0
1257930411 0 73 0 0 0 0 0 0 0 0 0 0 0 0 0 0 0 0 0 0
1257930467 0 74 0 0 0 0 0 0 0 0 0 0 0 0 0 0 0 0 0 0
1263795333 0 75 0 0 0 0 0 0 0 0 0 0 0 0 0 0 0 0 0 0
1263973158 0 76 0 0 0 0 0 0 0 0 0 0 0 0 0 0 0 0 0 0
1273873505 0 77 0 0 0 0 0 0 0 0 0 0 0 0 0 0 0 0 0 0
1275016335 0 78 0 0 0 0 0 0 0 0 0 0 0 0 0 0 0 0 0 0
1275016904 0 79 0 0 0 0 0 0 0 0 0 0 0 0 0 0 0 0 0 0
1275017321 0 80 0 0 0 0 0 0 0 0 0 0 0 0 0 0 0 0 0 0
1275017474 0 81 0 0 0 0 0 0 0 0 0 0 0 0 0 0 0 0 0 0
1275017570 0 82 0 0 0 0 0 0 0 0 0 0 0 0 0 0 0 0 0 0
1275018209 0 83 0 0 0 0 0 0 0 0 0 0 0 0 0 0 0 0 0 0
1275018327 0 84 0 0 0 0 0 0 0 0 0 0 0 0 0 0 0 0 0 0
1275018989 0 85 0 0 0 0 0 0 0 0 0 0 0 0 0 0 0 0 0 0
1276575139 0 86 0 0 0 0 0 0 0 0 0 0 0 0 0 0 0 0 0 0
1276577146 0 87 0 0 0 0 0 0 0 0 0 0 0 0 0 0 0 0 0 0
1276583318 0 88 0 0 0 0 0 0 0 0 0 0 0 0 0 0 0 0 0 0
1276583424 0 89 0 0 0 0 0 0 0 0 0 0 0 0 0 0 0 0 0 0
1276585496 0 90 0 0 0 0 0 0 0 0 0 0 0 0 0 0 0 0 0 0
1297089785 0 91 0 0 0 0 0 0 0 0 0 0 0 0 0 0 0 0 0 0
1298644408 0 92 0 0 0 0 0 0 0 0 0 0 0 0 0 0 0 0 0 0
1305082066 0 93 0 0 0 0 0 0 0 0 0 0 0 0 0 0 0 0 0 0
1315209381 0 94 0 0 0 0 0 0 0 0 0 0 0 0 0 0 0 0 0 0
1315209518 0 95 0 0 0 0 0 0 0 0 0 0 0 0 0 0 0 0 0 0
1315209601 0 96 0 0 0 0 0 0 0 0 0 0 0 0 0 0 0 0 0 0
1315209643 0 97 0 0 0 0 0 0 0 0 0 0 0 0 0 0 0 0 0 0
1325087105 0 98 0 0 0 0 0 0 0 0 0 0 0 0 0 0 0 0 0 0
1325162169 0 99 0 0 0 0 0 0 0 0 0 0 0 0 0 0 0 0 0 0
1325162448 0 100 0 0 0 0 0 0 0 0 0 0 0 0 0 0 0 0 0 0
1326273424 0 101 0 0 0 0 0 0 0 0 0 0 0 0 0 0 0 0 0 0
1326348952 0 102 0 0 0 0 0 0 0 0 0 0 0 0 0 0 0 0 0 0
1326354339 0 103 0 0 0 0 0 0 0 0 0 0 0 0 0 0 0 0 0 0
1326354399 0 104 0 0 0 0 0 0 0 0 0 0 0 0 0 0 0 0 0 0
1326354565 0 105 0 0 0 0 0 0 0 0 0 0 0 0 0 0 0 0 0 0
1326354628 0 106 0 0 0 0 0 0 0 0 0 0 0 0 0 0 0 0 0 0
1326357669 0 107 0 0 0 0 0 0 0 0 0 0 0 0 0 0 0 0 0 0
1326358171 0 108 0 0 0 0 0 0 0 0 0 0 0 0 0 0 0 0 0 0
1330068530 0 109 0 0 0 0 0 0 0 0 0 0 0 0 0 0 0 0 0 0
1336981431 0 110 0 0 0 0 0 0 0 0 0 0 0 0 0 0 0 0 0 0
1336981580 0 111 0 0 0 0 0 0 0 0 0 0 0 0 0 0 0 0 0 0
1339572319 0 112 0 0 0 0 0 0 0 0 0 0 0 0 0 0 0 0 0 0
1341293154 0 113 0 0 0 0 0 0 0 0 0 0 0 0 0 0 0 0 0 0
1342075067 0 114 0 0 0 0 0 0 0 0 0 0 0 0 0 0 0 0 0 0
1342522275 0 115 0 0 0 0 0 0 0 0 0 0 0 0 0 0 0 0 0 0
1353586153 0 116 0 0 0 0 0 0 0 0 0 0 0 0 0 0 0 0 0 0
1357738004 0 117 0 0 0 0 0 0 0 0 0 0 0 0 0 0 0 0 0 0
1357739985 0 118 0 0 0 0 0 0 0 0 0 0 0 0 0 0 0 0 0 0
1357747581 0 119 0 0 0 0 0 0 0 0 0 0 0 0 0 0 0 0 0 0
1357802345 0 120 0 0 0 0 0 0 0 0 0 0 0 0 0 0 0 0 0 0
1357803980 0 121 0 0 0 0 0 0 0 0 0 0 0 0 0 0 0 0 0 0
1358845976 0 122 0 0 0 0 0 0 0 0 0 0 0 0 0 0 0 0 0 0
1358918756 0 123 0 0 0 0 0 0 0 0 0 0 0 0 0 0 0 0 0 0
1358918833 0 124 0 0 0 0 0 0 0 0 0 0 0 0 0 0 0 0 0 0
1359092683 0 125 0 0 0 0 0 0 0 0 0 0 0 0 0 0 0 0 0 0
1359093836 0 126 0 0 0 0 0 0 0 0 0 0 0 0 0 0 0 0 0 0
1359100765 0 127 0 0 0 0 0 0 0 0 0 0 0 0 0 0 0 0 0 0
1359604104 0 128 0 0 0 0 0 0 0 0 0 0 0 0 0 0 0 0 0 0
1359604180 0 129 0 0 0 0 0 0 0 0 0 0 0 0 0 0 0 0 0 0
1359607194 0 130 0 0 0 0 0 0 0 0 0 0 0 0 0 0 0 0 0 0
1359697597 0 131 0 0 0 0 0 0 0 0 0 0 0 0 0 0 0 0 0 0
1359699646 0 132 0 0 0 0 0 0 0 0 0 0 0 0 0 0 0 0 0 0
1359700309 0 133 0 0 0 0 0 0 0 0 0 0 0 0 0 0 0 0 0 0
1361184346 0 134 0 0 0 0 0 0 0 0 0 0 0 0 0 0 0 0 0 0
1361185013 0 135 0 0 0 0 0 0 0 0 0 0 0 0 0 0 0 0 0 0
1369836649 0 136 0 0 0 0 0 0 0 0 0 0 0 0 0 0 0 0 0 0
1375079237 0 137 0 0 0 0 0 0 0 0 0 0 0 0 0 0 0 0 0 0
1383197785 0 138 0 0 0 0 0 0 0 0 0 0 0 0 0 0 0 0 0 0
1383197983 0 139 0 0 0 0 0 0 0 0 0 0 0 0 0 0 0 0 0 0
1393634021 0 140 0 0 0 0 0 0 0 0 0 0 0 0 0 0 0 0 0 0
1393724228 0 141 0 0 0 0 0 0 0 0 0 0 0 0 0 0 0 0 0 0
1393996824 0 142 0 0 0 0 0 0 0 0 0 0 0 0 0 0 0 0 0 0
1408408589 0 143 0 0 0 0 0 0 0 0 0 0 0 0 0 0 0 0 0 0
1425868591 0 143 1 0 0 0 0 0 0 0 0 0 0 0 0 0 0 0 0 0
1425959070 0 143 2 0 0 0 0 0 0 0 0 0 0 0 0 0 0 0 0 0
1426046547 0 143 3 0 0 0 0 0 0 0 0 0 0 0 0 0 0 0 0 0
1426226219 0 143 3 0 0 0 0 0 0 0 0 0 0 0 0 0 0 0 0 0
1426503032 0 143 3 0 0 0 0 0 0 0 0 0 0 0 0 0 0 0 0 0
1426658080 0 143 4 0 0 0 0 0 0 0 0 0 0 0 0 0 0 0 0 0
1427108164 0 143 4 0 0 0 0 0 0 0 0 0 0 0 0 0 0 0 0 0
1427359904 0 143 5 0 0 0 0 0 0 0 0 0 0 0 0 0 0 0 0 0
1427394314 0 143 5 0 0 0 0 0 0 0 0 0 0 0 0 0 0 0 0 0
1427442238 0 143 6 0 0 0 0 0 0 0 0 0 0 0 0 0 0 0 0 0
1427444600 0 143 7 0 0 0 0 0 0 0 0 0 0 0 0 0 0 0 0 0
1428513546 0 143 7 0 0 0 0 0 0 0 0 0 0 0 0 0 0 0 0 0
1428678305 0 143 8 0 0 0 0 0 0 0 0 0 0 0 0 0 0 0 0 0
1429785713 0 143 8 0 0 0 0 0 0 0 0 0 0 0 0 0 0 0 0 0
1430414912 0 143 8 0 0 0 0 0 0 0 0 0 0 0 0 0 0 0 0 0
1434498593 0 143 8 0 0 0 0 0 0 0 0 0 0 0 0 1 0 0 0 0
1434498601 0 143 8 0 0 0 0 0 0 0 0 0 0 0 0 2 0 0 0 0
1434498625 0 143 8 0 0 12 0 0 0 0 0 0 0 0 0 3 0 0 0 0
1438847144 0 143 9 0 0 12 0 0 0 0 0 0 0 0 0 3 0 0 0 0
1438847635 0 143 10 0 0 12 0 0 0 0 0 0 0 0 0 3 0 0 0 0
1438847737 0 143 11 0 0 12 0 0 0 0 0 0 0 0 0 3 0 0 0 0
1438847871 0 143 12 0 0 12 0 0 0 0 0 0 0 0 0 3 0 0 0 0
1438848542 0 143 13 0 0 12 0 0 0 0 0 0 0 0 0 3 0 0 0 0
1438848621 0 143 14 0 0 12 0 0 0 0 0 0 0 0 0 3 0 0 0 0
1438848944 0 143 15 0 0 12 0 0 0 0 0 0 0 0 0 3 0 0 0 0
1438849075 0 143 16 0 0 12 0 0 0 0 0 0 0 0 0 3 0 0 0 0
1439053627 0 143 16 0 0 13 0 0 0 0 0 0 0 0 0 3 0 0 0 0
1439312188 0 143 16 0 0 14 0 0 0 0 0 0 0 0 0 3 0 0 0 0
1439363128 0 143 17 0 0 14 0 0 0 0 0 0 0 0 0 3 0 0 0 0
1439363194 0 143 18 0 0 14 0 0 0 0 0 0 0 0 0 3 0 0 0 0
1439363342 0 143 19 0 0 14 0 0 0 0 0 0 0 0 0 3 0 0 0 0
1439363440 0 143 20 0 0 14 0 0 0 0 0 0 0 0 0 3 0 0 0 0
1441547602 0 143 20 0 0 14 0 0 0 0 0 0 0 0 0 3 0 0 0 0
1441552169 0 143 20 0 0 14 0 0 0 0 0 0 0 0 0 3 0 0 0 0
1441748011 0 143 20 0 0 14 0 0 0 0 0 0 0 0 0 3 0 0 0 0
1447142710 0 143 21 0 0 14 0 0 0 0 0 0 0 0 0 3 0 0 0 0
1447143029 0 143 22 0 0 14 0 0 0 0 0 0 0 0 0 3 0 0 0 0
1447143089 0 143 23 0 0 14 0 0 0 0 0 0 0 0 0 3 0 0 0 0
1447828812 0 143 23 0 0 14 0 0 0 0 0 0 0 0 0 3 0 0 0 0
1448597935 0 143 24 0 0 14 0 0 0 0 0 0 0 0 0 3 0 0 0 0
1450333575 0 143 25 0 0 14 0 0 0 0 0 0 0 0 0 3 0 0 0 0
1450334200 0 143 26 0 0 14 0 0 0 0 0 0 0 0 0 3 0 0 0 0
1450334425 0 143 27 0 0 14 0 0 0 0 0 0 0 0 0 3 0 0 0 0
1450337515 0 143 28 0 0 14 0 0 0 0 0 0 0 0 0 3 0 0 0 0
1451478255 0 143 28 0 0 14 0 0 0 0 0 0 0 0 0 3 0 0 1 0
1452261358 0 143 28 0 0 15 0 0 0 0 0 0 0 0 0 3 0 0 1 0
1452262884 0 143 28 0 0 16 0 0 0 0 0 0 0 0 0 3 0 0 1 0
1457078128 0 143 28 0 0 16 0 0 0 0 0 0 0 0 0 3 0 0 1 0
1458120498 0 143 28 0 0 16 0 0 0 0 0 0 0 0 0 3 0 0 1 0
1459412976 0 143 28 0 0 16 0 0 0 0 0 0 0 0 0 3 0 0 1 0
1459414209 0 143 29 0 0 16 0 0 0 0 0 0 0 0 0 3 0 0 1 0
1459879362 0 143 29 0 0 16 0 0 0 0 0 0 0 0 0 3 0 0 1 0
1460410542 0 143 29 0 0 16 0 0 0 0 0 0 0 0 0 3 0 0 1 0
1460523548 0 143 30 0 0 16 0 0 0 0 0 0 0 0 0 3 0 0 1 0
1460523649 0 143 31 0 0 16 0 0 0 0 0 0 0 0 0 3 0 0 1 0
1460707530 0 143 32 0 0 16 0 0 0 0 0 0 0 0 0 3 0 0 1 0
1462015452 0 143 32 0 0 16 0 0 0 0 0 0 0 0 0 3 0 0 1 0
1466644686 0 143 32 0 0 16 0 0 0 0 0 0 0 0 0 3 0 0 1 0
1466645688 0 143 32 0 0 16 0 0 0 0 0 0 0 0 0 3 0 0 1 0
1468460658 0 143 33 0 0 16 0 0 0 0 0 0 0 0 0 3 0 0 1 0
1468460833 0 143 34 0 0 16 0 0 0 0 0 0 0 0 0 3 0 0 1 0
1473570992 0 143 34 0 0 16 0 0 0 0 0 0 0 0 0 3 0 0 1 0
1475426295 0 143 34 0 0 16 0 0 0 0 0 0 0 0 0 3 0 0 1 0
1475830454 1 143 34 0 0 16 0 0 0 0 0 0 0 0 0 3 0 0 1 0
1475830999 2 143 34 0 0 16 0 0 0 0 0 0 0 0 0 3 0 0 1 0
1476859905 2 143 35 0 0 16 0 0 0 0 0 0 0 0 0 3 0 0 1 0
1476859952 2 143 36 0 0 16 0 0 0 0 0 0 0 0 0 3 0 0 1 0
1476860364 2 143 37 0 0 16 0 0 0 0 0 0 0 0 0 3 0 0 1 0
1476860569 2 143 38 0 0 16 0 0 0 0 0 0 0 0 0 3 0 0 1 0
1476860798 2 143 39 0 0 16 0 0 0 0 0 0 0 0 0 3 0 0 1 0
1476860981 2 143 40 0 0 16 0 0 0 0 0 0 0 0 0 3 0 0 1 0
1476861039 2 143 41 0 0 16 0 0 0 0 0 0 0 0 0 3 0 0 1 0
1476862133 2 143 42 0 0 16 0 0 0 0 0 0 0 0 0 3 0 0 1 0
1476862174 3 143 43 0 0 16 0 0 0 0 0 0 0 0 0 3 0 0 1 0
1476862855 3 143 44 0 0 16 0 0 0 0 0 0 0 0 0 3 0 0 1 0
1476946347 3 143 45 0 0 16 0 0 0 0 0 0 0 0 0 3 0 0 1 0
1481312734 3 143 45 0 0 16 0 0 0 0 0 0 0 0 0 3 0 0 1 0
1484043318 4 143 45 0 0 16 0 0 0 0 0 0 0 0 0 3 0 0 1 0
1484044482 5 143 45 0 0 16 0 0 0 0 0 0 0 0 0 3 0 0 1 0
1484653631 6 143 45 0 0 16 0 0 0 0 0 0 0 0 0 3 0 0 1 0
1485578726 6 143 45 0 0 16 0 0 0 0 0 0 0 0 0 3 0 0 1 0
1486450071 6 143 45 0 0 16 0 0 0 0 0 0 0 0 0 3 0 0 1 0
1486605840 6 143 46 0 0 16 0 0 0 0 0 0 0 0 0 3 0 0 1 0
1488853344 6 143 46 0 0 16 0 0 0 0 0 0 0 0 0 3 0 0 1 0
1488858277 6 143 47 0 0 16 0 0 0 0 0 0 0 0 0 3 0 0 1 0
1492727442 6 143 47 0 0 16 0 0 0 0 0 0 0 0 0 3 0 0 1 0
1492736093 6 143 48 0 0 16 0 0 0 0 0 0 0 0 0 3 0 0 1 0
1494314690 6 143 48 1 0 16 0 0 0 0 0 0 0 0 0 3 0 0 1 0
1494315718 6 143 48 2 0 16 0 0 0 0 0 0 0 0 0 3 0 0 1 0
1494316867 6 143 48 3 0 16 0 0 0 0 0 0 0 0 0 3 0 0 1 0
1494317155 6 143 48 4 0 16 0 0 0 0 0 0 0 0 0 3 0 0 1 0
1494317511 6 143 48 5 0 16 0 0 0 0 0 0 0 0 0 3 0 0 1 0
1494318076 6 143 48 6 0 16 0 0 0 0 0 0 0 0 0 3 0 0 1 0
1494318158 6 143 48 7 0 16 0 0 0 0 0 0 0 0 0 3 0 0 1 0
1494318918 6 143 48 8 0 16 0 0 0 0 0 0 0 0 0 3 0 0 1 0
1494388299 6 143 49 8 0 16 0 0 0 0 0 0 0 0 0 3 0 0 1 0
1494416577 6 143 49 9 0 16 0 0 0 0 0 0 0 0 0 3 0 0 1 0
1494568374 6 143 49 10 0 16 0 0 0 0 0 0 0 0 0 3 0 0 1 0
1494568629 6 143 50 10 0 16 0 0 0 0 0 0 0 0 0 3 0 0 1 0
1498116313 6 143 50 10 0 16 0 0 0 0 0 0 0 0 0 3 0 0 1 0
1498155898 6 143 50 10 0 16 0 0 0 0 0 0 0 0 0 3 0 0 1 0
1498237212 6 143 50 10 0 16 0 0 5 0 0 0 0 0 0 3 0 0 1 0
1498246789 6 143 50 10 0 16 0 0 6 0 0 0 0 0 0 3 0 0 1 0
1498522401 6 143 50 10 0 16 0 0 7 0 0 0 0 0 0 3 0 0 1 0
1498620700 6 143 50 11 0 16 0 0 7 0 0 0 0 0 0 3 0 0 1 0
1498707385 6 143 50 12 0 16 0 0 7 0 0 0 0 0 0 3 0 0 1 0
1499320333 6 143 50 13 0 16 0 0 7 0 0 0 0 0 0 3 0 0 1 0
1499320717 6 143 50 14 0 16 0 0 7 0 0 0 0 0 0 3 0 0 1 0
1499320806 6 143 50 15 0 16 0 0 7 0 0 0 0 0 0 3 0 0 1 0
1499320837 6 143 50 16 0 16 0 0 7 0 0 0 0 0 0 3 0 0 1 0
1499320870 6 143 50 17 0 16 0 0 7 0 0 0 0 0 0 3 0 0 1 0
1499558657 7 143 50 17 0 16 0 0 7 0 0 0 0 0 0 3 0 0 1 0
1499619199 7 143 50 18 0 16 0 0 7 0 0 0 0 0 0 3 0 0 1 0
1500475880 7 143 50 19 0 16 0 0 7 0 0 0 0 0 0 3 0 0 1 0
1501058665 7 143 50 20 0 16 0 0 7 0 0 0 0 0 0 3 0 0 1 0
1501058817 7 143 50 21 0 16 0 0 7 0 0 0 0 0 0 3 0 0 1 0
1501094080 7 143 50 21 0 16 0 0 8 0 0 0 0 0 0 3 0 0 1 0
1501094092 7 143 50 21 0 16 0 0 9 0 0 0 0 0 0 3 0 0 1 0
1501094104 7 143 50 21 0 16 0 0 10 0 0 0 0 0 0 3 0 0 1 0
1501566107 7 143 50 22 0 16 0 0 10 0 0 0 0 0 3 3 0 0 1 0
1502258666 7 143 50 23 0 16 0 0 10 0 0 0 0 0 3 3 0 0 1 0
1502262554 7 143 50 23 0 16 0 0 10 0 0 0 0 0 4 3 0 0 1 0
1502264105 7 143 50 24 0 16 0 0 10 0 0 0 0 0 4 3 0 0 1 0
1502284892 8 143 50 24 0 16 0 0 10 0 0 0 0 0 4 3 0 0 1 0
1502291168 8 143 50 25 0 16 0 0 10 0 0 0 0 0 4 3 0 0 1 0
1505852633 8 143 50 25 0 16 0 0 10 0 0 0 0 0 4 3 0 0 1 0
1505925667 9 143 50 25 0 16 0 0 10 0 0 0 0 0 4 3 0 0 1 0
1507735502 9 143 50 26 0 16 0 0 10 0 0 0 0 0 4 3 0 0 1 0
1508353009 9 143 50 26 0 16 0 0 10 0 0 0 0 0 4 3 0 0 1 0
1508482101 9 143 50 27 0 16 0 0 10 0 0 0 0 0 4 3 0 0 1 0
1508483368 9 143 50 28 0 16 0 0 10 0 0 0 0 0 4 3 0 0 1 0
1508483491 9 143 50 29 0 16 0 0 10 0 0 0 0 0 4 3 0 0 1 0
1509422666 9 143 51 29 0 16 0 0 10 0 0 0 0 0 4 3 0 0 1 0
1509427852 9 143 51 30 0 16 0 0 10 0 0 0 0 0 4 3 0 0 1 0
1509755567 9 143 51 30 0 16 0 0 10 0 0 0 0 0 4 3 0 0 1 0
1509808941 10 143 51 30 0 16 0 0 10 0 0 0 0 0 4 3 0 0 1 0
1510300527 10 143 52 30 0 16 0 0 10 2 0 0 0 0 4 3 0 0 1 0
1513241486 10 143 52 30 0 16 0 0 10 3 0 0 0 0 4 3 0 0 1 0
1513242199 10 143 52 30 0 16 0 0 10 4 0 0 0 0 4 3 0 0 1 0
1513287901 10 143 52 30 0 16 0 0 10 5 0 0 0 0 4 3 0 0 1 0
1513588857 10 143 52 30 1 16 0 0 10 5 0 0 0 0 4 3 0 0 1 0
1513694838 10 143 52 30 2 16 0 0 10 5 0 0 0 0 4 3 0 0 1 0
1513758447 10 143 52 31 2 16 0 0 10 5 0 0 0 0 4 3 0 0 1 0
1513850740 10 143 52 32 2 16 0 0 10 5 0 0 0 0 4 3 0 0 1 0
1514855880 11 143 52 32 2 16 0 0 10 5 0 0 0 0 4 3 0 0 1 0
1514856111 12 143 52 32 2 16 0 0 10 5 0 0 0 0 4 3 0 0 1 0
1514900317 13 143 52 32 2 16 0 0 10 5 0 0 0 0 4 3 0 0 1 0
1514928707 14 143 52 32 2 16 0 0 10 5 0 0 0 0 4 3 0 0 1 0
1514932611 15 143 52 32 2 16 0 0 10 5 0 0 0 0 4 3 0 0 1 0
1515029869 16 143 52 32 2 16 0 0 10 5 0 0 0 0 4 3 0 0 1 0
1515061794 16 143 52 32 4 16 0 0 10 5 0 0 0 0 4 3 0 0 1 0
1515063627 16 143 52 32 5 16 0 0 10 5 0 0 0 0 4 3 0 0 1 0
1515067322 16 143 52 32 5 16 0 0 10 5 0 0 0 0 4 3 0 0 1 0
1515073101 17 143 52 32 5 16 0 0 10 5 0 0 0 0 4 3 0 0 1 0
1515075563 18 143 52 32 5 16 0 0 10 5 0 0 0 0 4 3 0 0 1 0
1516090808 18 143 52 32 6 16 0 0 10 5 0 0 0 0 4 3 0 0 1 0
1517403625 18 143 52 32 7 16 0 0 10 5 0 0 0 0 4 3 0 0 1 0
1517474210 18 143 52 32 8 16 0 0 10 5 0 0 0 0 4 3 0 0 1 0
1518269687 19 143 52 32 8 16 0 0 10 5 0 0 0 0 4 3 0 0 1 0
1519377384 20 143 52 32 8 16 0 0 10 5 0 0 0 0 4 3 0 0 1 0
1519761800 21 143 52 32 8 16 0 0 10 5 0 0 0 0 4 3 0 0 1 0
1521415293 22 143 52 32 8 16 0 0 10 5 0 0 0 0 4 3 0 0 1 0
1521535747 22 143 52 32 8 16 0 0 10 5 0 0 0 0 4 3 0 0 2 0
1521537273 22 143 52 33 8 16 0 0 10 5 0 0 0 0 4 3 0 0 3 0
1521594226 22 143 52 33 8 16 0 0 10 5 0 0 0 0 4 3 0 0 3 0
1521636220 22 143 52 34 8 16 0 0 10 5 0 0 0 0 4 3 0 0 3 0
1521636284 23 143 52 34 8 16 0 0 10 5 0 0 0 0 4 3 0 0 3 0
1521636306 24 143 52 34 8 16 0 0 10 5 0 0 0 0 4 3 0 0 3 0
1523996885 24 143 52 34 8 16 0 0 10 5 0 0 0 0 4 3 0 0 3 0
1524045135 24 143 52 34 9 16 0 0 10 5 0 0 0 0 4 3 0 0 3 0
1524117587 24 143 52 34 9 16 0 0 10 5 0 0 0 0 4 3 0 0 3 0
1524725184 24 143 52 34 9 16 3 0 10 5 0 0 0 0 4 3 0 0 3 0
1527067047 24 143 52 34 9 16 4 0 10 5 0 0 0 0 4 3 0 0 3 0
1527840860 24 143 52 34 9 16 5 0 10 5 0 0 0 0 4 3 0 0 3 0
1527843107 24 143 52 34 9 16 6 0 10 5 0 0 0 0 4 3 0 0 3 0
1527858059 24 143 52 34 9 16 6 0 10 5 0 0 0 0 4 3 0 0 3 0
1529411799 25 143 52 34 9 16 6 0 10 5 0 0 0 0 4 3 0 0 3 0
1529582566 25 143 52 34 9 16 7 0 10 5 0 0 0 0 4 3 0 0 3 0
1529587224 26 143 52 34 9 16 7 0 10 5 0 0 0 0 4 3 0 0 3 0
1530268305 27 143 52 34 9 16 7 0 10 5 0 0 0 0 4 3 0 0 3 0
1530525284 27 143 52 34 9 16 8 0 10 5 0 0 0 0 4 3 0 0 3 0
1530534114 27 143 52 34 9 16 9 0 10 5 0 0 0 0 4 3 0 0 3 0
1530641450 28 143 52 34 9 16 9 0 10 5 0 0 0 0 4 3 0 0 3 0
1530641488 29 143 52 34 9 16 9 0 10 5 0 0 0 0 4 3 0 0 3 0
1530873710 30 143 52 34 9 16 9 0 10 5 0 0 0 0 4 3 0 0 3 0
1531725005 30 143 52 34 9 16 9 0 10 5 0 0 0 0 4 3 0 0 3 0
1531725486 31 143 52 34 9 16 9 0 10 5 0 0 0 0 4 3 0 0 3 0
1532713543 31 143 52 34 9 16 9 0 10 5 0 0 0 0 4 3 0 0 3 0
1537315707 31 143 52 34 9 16 9 0 10 5 0 0 0 0 4 4 0 0 3 0
1539347119 31 143 52 34 9 16 12 0 10 5 0 0 0 0 4 4 0 0 3 0
1539780877 31 143 52 34 9 16 12 0 10 5 0 0 0 0 4 4 0 0 3 0
1540323735 32 143 52 34 9 16 12 0 10 5 0 0 0 0 4 4 0 0 3 0
1540324206 33 143 52 34 9 16 12 0 10 5 0 0 0 0 4 4 0 0 3 0
1540989126 33 143 52 34 9 16 12 0 10 5 0 0 0 0 4 4 0 0 3 0
1542081309 33 143 52 34 9 16 12 0 10 5 0 0 0 0 4 4 0 0 3 0
1542179013 33 143 53 34 10 16 12 0 10 5 0 0 0 0 4 4 0 0 3 0
1542766478 33 143 53 34 10 16 12 0 10 5 0 0 0 0 4 4 0 0 3 0
1543368907 33 143 53 34 10 16 12 0 10 5 0 0 0 0 4 4 0 0 3 0
1544601635 34 143 53 34 10 16 12 0 10 5 0 0 0 0 4 4 0 0 3 0
1544606209 34 143 53 34 10 16 12 0 10 5 0 0 0 0 4 4 0 0 3 1
1544606297 35 143 53 34 10 16 12 0 10 5 0 0 0 0 4 4 0 0 3 1
1544618084 35 143 53 34 10 16 13 0 10 5 0 0 0 0 4 4 0 0 3 1
1544683799 35 143 53 34 10 16 14 0 10 5 0 0 0 0 4 4 0 0 3 1
1544684887 35 143 53 34 10 16 15 0 10 5 0 0 0 0 4 4 0 0 3 1
1544686172 36 143 53 34 10 16 15 0 10 5 0 0 0 0 4 4 0 0 3 1
1544686197 37 143 53 34 10 16 15 0 10 5 0 0 0 0 4 4 0 0 3 1
1544686346 38 143 53 34 10 16 15 0 10 5 0 0 0 0 4 4 0 0 3 1
1545115844 38 143 53 34 10 16 15 0 10 5 0 1 0 0 4 4 0 0 3 1
1545116339 38 143 53 34 10 16 15 0 10 5 0 2 0 0 4 4 0 0 3 1
1545148176 39 143 53 34 10 16 15 0 10 5 0 2 0 0 4 4 0 0 3 1
1545220446 39 143 53 34 10 16 15 0 10 5 0 3 0 0 4 4 0 0 3 1
1545220553 39 143 53 34 10 16 15 0 10 5 0 4 0 0 4 4 0 0 3 1
1545785648 39 143 53 34 10 16 15 0 10 5 0 4 0 0 4 4 0 0 3 1
1546265321 40 143 53 34 10 16 15 0 10 5 0 4 0 0 4 4 0 0 3 1
1546302462 41 143 53 34 10 16 15 0 10 5 0 4 0 0 4 4 0 0 3 1
1546842368 41 143 53 34 10 16 15 0 10 5 0 4 0 0 4 4 0 0 3 1
1546842623 41 143 53 34 10 16 15 0 10 5 0 4 0 0 4 4 0 0 3 1
1548158293 41 143 53 35 10 16 15 0 10 5 0 4 0 0 4 4 0 0 3 1
1548158450 41 143 53 36 10 16 15 0 10 5 0 4 0 0 4 4 0 0 3 1
1548183545 41 143 53 36 10 16 15 0 10 5 0 4 0 0 4 4 0 0 3 1
1548213855 41 143 53 37 10 16 15 0 10 5 0 4 0 0 4 4 0 0 3 1
1548228087 42 143 53 37 10 16 15 0 10 5 0 4 0 0 4 4 0 0 3 1
1548289543 42 143 53 38 10 16 15 0 10 5 0 4 0 0 4 4 0 0 3 1
1548651981 42 143 54 38 10 16 15 0 10 5 0 4 0 0 4 4 0 0 3 1
1548794468 42 143 54 38 10 16 15 0 10 5 0 4 0 0 4 4 0 0 3 1
1549010102 42 143 54 39 10 16 15 0 10 5 0 4 0 0 4 4 0 0 3 1
1549070023 42 143 54 40 10 16 15 0 10 5 0 4 0 0 4 4 0 0 3 1
1549072829 42 143 54 41 10 16 15 0 10 5 0 4 0 0 4 4 0 0 3 1
1550133972 42 143 54 42 10 16 15 0 10 5 0 4 0 0 4 4 0 0 3 1
1550341416 42 143 54 42 10 16 15 0 10 5 0 4 0 0 4 4 0 0 3 1
1550341910 42 143 54 42 10 16 15 0 10 5 0 4 0 0 4 4 0 0 3 1
1550458164 42 143 54 43 10 16 15 0 10 5 0 4 0 0 4 4 0 0 3 1
1553223106 42 143 54 44 10 16 15 0 10 5 0 4 0 0 4 4 0 0 3 1
1554317847 42 143 54 44 10 16 15 0 10 5 0 4 0 0 4 4 0 0 3 1
1555031381 42 143 54 44 10 16 15 0 10 5 0 4 0 0 4 4 0 0 3 1
1556070531 42 143 54 44 10 16 15 0 10 5 0 4 0 0 4 4 0 0 3 1
1557212526 42 143 55 44 10 16 15 0 10 5 0 4 0 0 4 4 0 0 3 1
1567395149 42 143 55 44 10 16 15 0 10 5 0 4 0 0 4 4 0 0 3 1
1567398498 42 143 55 44 10 16 15 0 10 5 0 4 0 0 4 4 0 0 3 1
1567484202 42 143 55 45 10 16 15 0 10 5 0 4 0 0 4 4 0 0 3 1
1567589961 42 143 55 45 10 16 15 0 10 5 0 4 0 0 4 4 0 0 3 1
1572283315 42 143 55 45 10 16 15 0 10 5 0 4 0 0 4 4 0 0 3 1
1572545516 43 143 55 45 10 16 15 0 10 5 0 4 0 0 4 4 0 0 3 1
1572552269 43 143 55 45 10 16 15 0 10 5 0 4 0 0 4 4 0 0 3 1
1572558096 44 143 55 45 10 16 15 0 10 5 0 4 0 0 4 4 0 0 3 1
1572558133 45 143 55 45 10 16 15 0 10 5 0 4 0 0 4 4 0 0 3 1
1572558288 46 143 55 45 10 16 15 0 10 5 0 4 0 0 4 4 0 0 3 1
1572558326 47 143 55 45 10 16 15 0 10 5 0 4 0 0 4 4 0 0 3 1
1572558724 48 143 55 45 10 16 15 0 10 5 0 4 0 0 4 4 0 0 3 1
1572558874 49 143 55 45 10 16 15 0 10 5 0 4 0 0 4 4 0 0 3 1
1572558965 50 143 55 45 10 16 15 0 10 5 0 4 0 0 4 4 0 0 3 1
1572559231 51 143 55 45 10 16 15 0 10 5 0 4 0 0 4 4 0 0 3 1
1572561655 52 143 55 45 10 16 15 0 10 5 0 4 0 0 4 4 0 0 3 1
1572561830 53 143 55 45 10 16 15 0 10 5 0 4 0 0 4 4 0 0 3 1
1572606101 54 143 55 45 10 16 15 0 10 5 0 4 0 0 4 4 0 0 3 1
1572607211 54 143 55 45 10 16 15 0 10 5 0 4 1 0 4 4 0 0 3 1
1572611213 55 143 55 45 10 16 15 0 10 5 0 4 1 0 4 4 0 0 3 1
1572618538 55 143 55 45 10 16 15 0 10 5 0 4 1 0 4 4 0 0 3 1
1572622385 56 143 55 45 10 16 15 0 10 5 0 4 1 0 4 4 0 0 3 1
1572650422 57 143 55 45 10 16 15 0 10 5 0 4 1 0 4 4 0 0 3 1
1572655992 58 143 55 45 10 16 15 0 10 5 0 4 1 0 4 4 0 0 3 1
1572686655 59 143 55 45 10 16 15 0 10 5 0 4 1 0 4 4 0 0 3 1
1572687531 59 143 55 45 10 16 15 0 10 5 0 4 1 0 4 4 0 0 3 1
1572697109 60 143 55 45 10 16 15 0 10 5 0 4 1 0 4 4 0 0 3 1
1572849326 60 143 55 45 10 16 15 0 10 5 0 4 1 0 4 4 0 0 3 1
1572854937 61 143 55 45 10 16 15 0 10 5 0 4 1 0 4 4 0 0 3 1
1572946387 61 143 55 45 10 16 15 1 10 5 0 4 1 0 4 4 0 0 3 1
1572950090 62 143 55 45 10 16 15 1 10 5 0 4 1 0 4 4 0 0 3 1
1573040941 64 143 55 45 10 16 15 1 10 5 0 4 1 0 4 4 0 0 3 1
1573381792 65 143 55 45 10 16 15 1 10 5 0 4 1 0 4 4 0 0 3 1
1573401751 66 143 55 45 10 16 15 1 10 5 0 4 1 3 4 4 0 0 3 1
1574242957 66 143 55 45 11 16 15 1 10 5 0 4 1 3 4 4 0 0 3 1
1574254799 66 143 55 45 12 16 15 1 10 5 0 4 1 3 4 4 0 0 3 1
1574256084 66 143 55 45 13 16 15 1 10 5 0 4 1 3 4 4 0 0 3 1
1575198726 66 143 55 45 13 16 15 2 10 5 0 4 1 3 4 4 0 0 3 1
1575209172 66 143 55 45 13 16 15 3 10 5 0 4 1 3 4 4 0 0 3 1
1575302870 66 143 55 45 13 16 15 3 10 5 0 4 1 3 4 4 0 0 3 1
1575852521 66 143 55 45 13 16 15 4 10 5 0 4 1 3 4 4 0 0 3 1
1576941868 66 143 55 45 13 16 15 4 10 5 0 4 1 3 4 4 0 0 3 1
1577155106 66 143 55 46 13 16 15 4 10 5 0 4 1 3 4 4 0 0 3 1
1578465279 66 143 55 46 13 16 15 4 10 5 0 4 1 3 4 4 0 0 3 1
1578653412 66 143 55 46 13 16 15 4 10 5 0 4 1 3 4 4 0 0 3 1
1579249048 66 143 55 46 13 16 15 4 10 5 0 4 1 3 4 4 0 0 3 1
1581029953 66 143 55 46 13 16 15 4 10 5 0 4 1 3 4 4 0 0 3 1
1585123522 67 143 55 46 13 16 15 4 10 5 0 4 1 3 4 4 0 0 3 1
1585123696 67 143 55 46 13 16 15 4 10 5 0 4 1 3 4 4 0 0 3 1
1585123852 68 143 55 46 13 16 15 4 10 5 0 4 1 3 4 4 0 0 3 1
1585125388 68 143 55 46 13 16 15 4 10 5 0 4 2 3 4 4 0 0 3 1
1585126346 69 143 55 46 13 16 15 4 10 5 0 4 2 3 4 4 0 0 3 1
1587956278 69 143 55 46 13 16 15 4 10 5 0 4 2 3 4 4 0 0 3 1
1587995432 69 143 55 46 13 16 15 4 10 5 0 4 2 3 4 4 0 0 3 1
1588920655 69 143 55 46 13 16 15 5 10 5 0 4 2 3 4 4 0 0 3 1
1589207522 69 143 55 46 13 16 15 5 10 5 0 4 2 3 4 4 0 1 3 1
1589209912 69 143 55 46 13 16 15 5 10 5 0 4 2 3 4 4 0 2 3 1
1589330215 69 143 55 46 13 16 15 5 10 5 0 4 2 3 4 4 0 2 3 1
1598066640 69 143 55 46 13 16 15 5 10 5 0 4 2 3 4 4 0 2 3 1
1598982953 69 143 55 46 13 16 15 5 10 5 0 4 2 3 4 4 0 2 3 1
1600217195 69 143 55 46 13 16 15 5 10 5 0 4 2 3 4 4 0 2 3 1
1600233733 69 143 55 46 13 16 15 5 10 5 0 4 2 3 4 4 0 2 3 1
1600940880 69 143 55 46 13 16 15 5 10 5 0 4 2 3 4 4 0 2 3 1
1601410076 70 143 55 46 13 16 15 5 10 5 0 4 2 3 4 4 0 2 3 1
1601410161 71 143 55 46 13 16 15 5 10 5 0 4 2 3 4 4 0 2 3 1
1601410208 72 143 55 46 13 16 15 5 10 5 0 4 2 3 4 4 0 2 3 1
1601410282 73 143 55 46 13 16 15 5 10 5 0 4 2 3 4 4 0 2 3 1
1601410314 74 143 55 46 13 16 15 5 10 5 0 4 2 3 4 4 0 2 3 1
1601410365 75 143 55 46 13 16 15 5 10 5 0 4 2 3 4 4 0 2 3 1
1601410704 76 143 55 46 13 16 15 5 10 5 0 4 2 3 4 4 0 2 3 1
1601410760 77 143 55 46 13 16 15 5 10 5 0 4 2 3 4 4 0 2 3 1
1601410932 78 143 55 46 13 16 15 5 10 5 0 4 2 3 4 4 0 2 3 1
1601411102 79 143 55 46 13 16 15 5 10 5 0 4 2 3 4 4 0 2 3 1
1601541955 80 143 55 46 13 16 15 5 10 5 0 4 2 3 4 4 0 2 3 1
1601545144 81 143 55 46 13 16 15 5 10 5 0 4 2 3 4 4 0 2 3 1
1601678976 82 143 55 46 13 16 15 5 10 5 0 4 2 3 4 4 0 2 3 1
1601679499 83 143 55 46 13 16 15 5 10 5 0 4 2 3 4 4 0 2 3 1
1601680342 84 143 55 46 13 16 15 5 10 5 0 4 2 3 4 4 0 2 3 1
1601689943 84 143 55 46 13 16 15 5 10 5 0 4 3 3 4 4 0 2 3 1
1601711556 85 143 55 46 13 16 15 5 10 5 0 4 3 3 4 4 0 2 3 1
1602254412 85 143 55 46 13 16 15 6 10 5 0 4 3 3 4 4 0 2 3 1
1602259571 85 143 55 46 13 16 15 7 10 5 0 4 3 3 4 4 0 2 3 1
1612847789 85 143 55 46 13 16 15 7 10 5 0 4 3 3 4 4 0 2 3 1
1613212996 86 143 55 46 13 16 15 7 10 5 0 4 3 3 4 4 0 2 3 1
1613213215 87 143 55 46 13 16 15 7 10 5 0 4 3 3 4 4 0 2 3 1
1613213303 88 143 55 46 13 16 15 7 10 5 0 4 3 3 4 4 0 2 3 1
1613213742 89 143 55 46 13 16 15 7 10 5 0 4 3 3 4 4 0 2 3 1
1613213827 90 143 55 46 13 16 15 7 10 5 0 4 3 3 4 4 0 2 3 1
1613214875 91 143 55 46 13 16 15 7 10 5 0 4 3 3 4 4 0 2 3 1
1613215412 92 143 55 46 13 16 15 7 10 5 0 4 3 3 4 4 0 2 3 1
1613224346 93 143 55 46 13 16 15 7 10 5 0 4 3 3 4 4 0 2 3 1
1613802781 94 143 55 46 13 16 15 7 10 5 0 4 3 3 4 4 0 2 3 1
1614027907 95 143 55 46 13 16 15 7 10 5 0 4 3 3 4 4 0 2 3 1
1614027923 96 143 55 46 13 16 15 7 10 5 0 4 3 3 4 4 0 2 3 1
1614028645 96 143 55 46 13 16 15 7 10 5 0 4 4 3 4 4 0 2 3 1
1614028789 97 143 55 46 13 16 15 7 10 5 0 4 4 3 4 4 0 2 3 1
1614111982 98 143 55 46 13 16 15 7 10 5 0 4 4 3 4 4 0 2 3 1
1614184750 99 143 55 46 13 16 15 7 10 5 0 4 4 3 4 4 0 2 3 1
1614599961 99 143 55 46 14 16 15 7 10 5 0 4 4 3 4 4 0 2 3 1
1614604988 99 143 55 46 15 16 15 7 10 5 0 4 4 3 4 4 0 2 3 1
1614675576 99 143 55 46 16 16 15 7 10 5 0 4 4 3 4 4 0 2 3 1
1617131296 100 143 55 46 16 16 15 7 10 5 0 4 4 3 4 4 0 2 3 1
1617133312 101 143 55 46 16 16 15 7 10 5 0 4 4 3 4 4 0 2 3 1
1617135189 102 143 55 46 16 16 15 7 10 5 0 4 4 3 4 4 0 2 3 1
1617136875 103 143 55 46 16 16 15 7 10 5 0 4 4 3 4 4 0 2 3 1
1617139000 104 143 55 46 16 16 15 7 10 5 0 4 4 3 4 4 0 2 3 1
1617139381 105 143 55 46 16 16 15 7 10 5 0 4 4 3 4 4 0 2 3 1
1617139993 106 143 55 46 16 16 15 7 10 5 0 4 4 3 4 4 0 2 3 1
1617140868 107 143 55 46 16 16 15 7 10 5 0 4 4 3 4 4 0 2 3 1
1617141593 108 143 55 46 16 16 15 7 10 5 0 4 4 3 4 4 0 2 3 1
1617144325 110 143 55 46 16 16 15 7 10 5 0 4 4 3 4 4 0 2 3 1
1617150199 112 143 55 46 16 16 15 7 10 5 0 4 4 3 4 4 0 2 3 1
1617176568 113 143 55 46 16 16 15 7 10 5 0 4 4 3 4 4 0 2 3 1
1617176594 114 143 55 46 16 16 15 7 10 5 0 4 4 3 4 4 0 2 3 1
1617179559 115 143 55 46 16 16 15 7 10 5 0 4 4 3 4 4 0 2 3 1
1617179569 116 143 55 46 16 16 15 7 10 5 0 4 4 3 4 4 0 2 3 1
1617193868 116 143 55 46 17 16 15 7 10 5 0 4 4 3 4 4 0 2 3 1
1617268879 116 143 55 46 17 16 15 7 10 5 0 4 4 3 4 4 0 2 3 1
1617319423 117 143 55 46 17 16 15 7 10 5 0 4 4 3 4 4 0 2 3 1
1617320730 118 143 55 46 17 16 15 7 10 5 0 4 4 3 4 4 0 2 3 1
1617499053 119 143 55 46 17 16 15 7 10 5 0 4 4 3 4 4 0 2 3 1
1617710381 120 143 55 46 18 16 15 7 10 5 0 4 4 3 4 4 0 2 3 1
1617732932 121 143 55 46 18 16 15 7 10 5 0 4 4 3 4 4 0 2 3 1
1617733334 122 143 55 46 18 16 15 7 10 5 0 4 4 3 4 4 0 2 3 1
1617788572 123 143 55 46 18 16 15 7 10 5 0 4 4 3 4 4 0 2 3 1
1617822360 123 143 55 46 18 16 15 7 10 5 0 4 4 3 4 4 0 2 3 1
1617837377 124 143 55 46 18 16 15 7 10 5 0 4 4 3 4 4 0 2 3 1
1617837797 125 143 55 46 18 16 15 7 10 5 0 4 4 3 4 4 0 2 3 1
1617956678 126 143 55 46 18 16 15 7 10 5 0 4 4 3 4 4 0 2 3 1
1617973596 127 143 55 46 18 16 15 7 10 5 0 4 4 3 4 4 0 2 3 1
1617994952 129 143 55 46 18 16 15 7 10 5 0 4 4 3 4 4 0 2 3 1
1618146543 130 143 55 46 18 16 15 7 10 5 0 4 4 3 4 4 0 2 3 1
1618147257 131 143 55 46 18 16 15 7 10 5 0 4 4 3 4 4 0 2 3 1
1618214908 132 143 55 46 18 16 15 7 10 5 0 4 4 3 4 4 0 2 3 1
1618423177 133 143 55 46 18 16 15 7 10 5 0 4 4 3 4 4 0 2 3 1
1620330783 134 143 55 46 18 16 15 7 10 5 0 4 4 3 4 4 0 2 3 1
1620428704 135 143 55 46 18 16 15 7 10 5 0 4 4 3 4 4 0 2 3 1
1620586429 135 143 55 46 19 16 15 7 10 5 0 4 4 3 4 4 0 2 3 1
1620865448 135 143 55 46 19 16 15 7 10 5 0 4 4 3 4 4 0 2 3 1
1620991381 136 143 55 46 19 16 15 7 10 5 0 4 4 3 4 4 0 2 3 1
1621763824 136 143 55 46 19 16 15 7 10 5 0 4 4 3 4 4 0 2 3 2
1621772612 137 143 55 46 19 16 15 7 10 5 0 4 4 3 4 4 0 2 3 3
1621798563 138 143 55 46 19 16 15 7 10 5 0 4 4 3 4 4 0 2 3 3
1623044803 138 143 55 46 19 16 15 7 10 5 0 4 4 3 4 4 0 2 3 3
1623774164 139 143 55 46 19 16 15 7 10 5 0 4 4 3 4 4 0 2 3 3
1623774644 140 143 55 46 19 16 15 7 10 5 0 4 4 3 4 4 0 2 3 3
1623780547 141 143 55 46 19 16 15 7 10 5 0 4 4 3 4 4 0 2 3 3
1623794134 142 143 55 46 19 16 15 7 10 5 0 4 4 3 4 4 0 2 3 3
1623796336 143 143 55 46 19 16 15 7 10 5 0 4 4 3 4 4 0 2 3 3
1623829618 144 143 55 46 19 16 15 7 10 5 0 4 4 3 4 4 0 2 3 3
1624094937 144 143 55 46 19 16 15 7 10 5 0 4 4 3 4 4 0 2 3 3
1625083933 144 143 55 46 19 16 15 7 10 5 0 4 4 3 4 4 0 2 3 3
1625509992 145 143 55 46 19 16 15 7 10 5 0 4 4 3 4 4 0 2 3 3
1626175241 146 143 55 46 19 16 15 7 10 5 0 4 4 3 4 4 0 2 3 3
1626182878 147 143 55 46 19 16 15 7 10 5 0 4 4 3 4 4 0 2 3 3
1626188576 148 143 55 46 19 16 15 7 10 5 0 4 4 3 4 4 0 2 3 3
1626251865 149 143 55 46 19 16 15 7 10 5 0 4 4 3 4 4 0 2 3 3
1626251994 150 143 55 46 19 16 15 7 10 5 0 4 4 3 4 4 0 2 3 3
1626272044 150 143 55 46 19 16 15 7 10 5 0 4 4 3 4 4 0 2 3 3
1626277783 151 143 55 46 19 16 15 7 10 5 0 4 4 3 4 4 0 2 3 3
1626282966 152 143 55 46 19 16 15 7 10 5 0 4 4 3 4 4 0 2 3 3
1626285757 153 143 55 46 19 16 15 7 10 5 0 4 4 3 4 4 0 2 3 3
1626288454 154 143 55 46 19 16 15 7 10 5 0 4 4 3 4 4 0 2 3 3
1626295992 155 143 55 46 19 16 15 7 10 5 0 4 4 3 4 4 0 2 3 3
1626378020 156 143 55 46 19 16 15 7 10 5 0 4 4 3 4 4 0 2 3 3
1626466747 157 143 55 46 19 16 15 7 10 5 0 4 4 3 4 4 0 2 3 3
1627043965 158 143 55 46 19 16 15 7 10 5 0 4 4 3 4 4 0 2 3 3
1627079888 159 143 55 46 19 16 15 7 10 5 0 4 4 3 4 4 0 2 3 3
1627822323 160 143 55 46 19 16 15 7 10 5 0 4 4 3 4 4 0 2 3 3
1627834531 161 143 55 46 19 16 15 7 10 5 0 4 4 3 4 4 0 2 3 3
1628455106 161 143 55 46 19 16 15 7 10 5 0 4 4 3 4 4 0 2 3 3
1628595391 162 143 55 46 19 16 15 7 10 5 0 4 4 3 4 4 0 2 3 3
1628757652 162 143 55 46 19 16 15 7 10 5 0 4 4 3 4 4 0 2 3 3
1628854327 163 143 55 46 19 16 15 7 10 5 0 4 4 3 4 4 0 2 3 3
1630687906 163 143 55 46 19 16 15 7 10 5 0 4 4 3 4 4 0 2 3 3
1630690048 164 143 55 46 19 16 15 7 10 5 0 4 4 3 4 4 0 2 3 3
1632100501 164 143 55 46 19 16 15 7 10 5 0 4 4 3 4 4 0 2 3 3
1632120554 164 143 55 46 19 16 15 7 10 5 0 4 4 3 4 4 0 2 3 3
1632421800 164 143 55 46 19 16 15 7 10 5 0 4 4 3 4 4 0 2 3 3
1633079470 165 143 55 46 19 16 15 7 10 5 0 4 4 3 4 4 0 2 3 3
1633085416 166 143 55 46 19 16 15 7 10 5 0 4 4 3 4 4 0 2 3 3
1633613040 166 143 55 46 19 16 15 7 10 5 0 4 4 3 4 4 0 2 3 3
1633625844 167 143 55 46 20 16 15 7 10 5 0 4 4 3 4 4 0 2 3 3
1633630318 168 143 55 46 20 16 15 7 10 5 0 4 4 3 4 4 0 2 3 3
1633724060 169 143 55 46 20 16 15 7 10 5 0 4 4 3 4 4 0 3 3 3
1633962557 170 143 55 46 20 16 15 7 10 5 0 4 4 3 4 4 0 3 3 3
1633976111 171 143 55 46 20 16 15 7 10 5 0 4 4 3 4 4 0 3 3 3
1634026048 172 143 55 46 20 16 15 7 10 5 0 4 4 3 4 4 0 3 3 3
1634032527 173 143 55 46 20 16 15 7 10 5 0 4 4 3 4 4 0 3 3 3
1634042594 175 143 55 46 20 16 15 7 10 5 0 4 4 3 4 4 0 3 3 3
1635541118 176 143 55 46 20 16 15 8 10 5 0 4 4 3 4 4 0 3 3 3
1635542045 177 143 55 46 20 16 15 8 10 5 0 4 4 3 4 4 0 3 3 3
1636147176 177 143 55 46 20 16 15 8 10 5 0 4 4 3 4 4 0 3 3 3
1636147776 177 143 55 46 20 16 15 8 10 5 0 4 4 3 4 4 0 3 3 3
1636586049 178 143 55 46 20 16 15 8 10 5 0 4 4 3 4 4 0 3 3 3
1636586700 179 143 55 46 20 16 15 8 10 5 0 4 4 3 4 4 0 3 3 3
1636587120 180 143 55 46 20 16 15 8 10 5 0 4 4 3 4 4 0 3 3 3
1636588535 181 143 55 46 20 16 15 8 10 5 0 4 4 3 4 4 0 3 3 3
1636664185 182 143 55 46 20 16 15 8 10 5 0 4 4 3 4 4 0 3 3 3
1636664572 183 143 55 46 20 16 15 8 10 5 0 4 4 3 4 4 0 3 3 3
1636665771 184 143 55 46 20 16 15 8 10 5 0 4 4 3 4 4 0 3 3 3
1636715207 185 143 55 46 20 16 15 8 10 5 0 4 4 3 4 4 0 3 3 3
1636800856 186 143 55 46 20 16 15 8 10 5 0 4 4 3 4 4 0 3 3 3
1636803445 187 143 55 46 20 16 15 8 10 5 0 4 4 3 4 4 0 3 3 3
1637190093 188 143 55 46 20 16 15 8 10 5 0 4 4 3 4 4 0 3 3 3
1637220590 189 143 55 46 20 16 15 8 10 5 0 4 4 3 4 4 0 3 3 3
1637229695 190 143 55 46 20 16 15 8 10 5 0 4 4 3 4 4 0 3 3 3
1637351813 191 143 55 46 20 16 15 8 10 5 0 4 4 3 4 4 0 3 3 3
1637352937 192 143 55 46 20 16 15 8 10 5 0 4 4 3 4 4 0 3 3 3
1637353889 193 143 55 46 20 16 15 8 10 5 0 4 4 3 4 4 0 3 3 3
1637355666 194 143 55 46 20 16 15 8 10 5 0 4 4 3 4 4 0 3 3 3
1637356447 195 143 55 46 20 16 15 8 10 5 0 4 4 3 4 4 0 3 3 3
1637356961 196 143 55 46 20 16 15 8 10 5 0 4 4 3 4 4 0 3 3 3
1637357403 197 143 55 46 20 16 15 8 10 5 0 4 4 3 4 4 0 3 3 3
1637358033 198 143 55 46 20 16 15 8 10 5 0 4 4 3 4 4 0 3 3 3
1637358611 199 143 55 46 20 16 15 8 10 5 0 4 4 3 4 4 0 3 3 3
1637359121 200 143 55 46 20 16 15 8 10 5 0 4 4 3 4 4 0 3 3 3
1637360297 201 143 55 46 20 16 15 8 10 5 0 4 4 3 4 4 0 3 3 3
1637814864 201 143 55 46 20 16 15 8 10 5 0 4 4 3 4 4 0 3 3 3
1637848291 202 143 55 46 20 16 15 8 10 5 0 4 4 3 4 4 0 3 3 3
1638815776 203 143 55 46 20 16 15 8 10 5 0 4 4 3 4 4 0 3 3 3
1638822848 204 143 55 46 20 16 15 8 10 5 0 4 4 3 4 4 0 3 3 3
1638971436 204 143 55 46 20 16 15 9 10 5 0 4 4 3 4 4 0 3 3 3
1639043706 205 143 55 46 20 16 15 9 10 5 0 4 4 3 4 4 0 3 3 3
1639068896 206 143 55 46 20 16 15 9 10 5 0 4 4 3 4 4 0 3 3 3
1639095904 207 143 55 46 20 16 15 9 10 5 0 4 4 3 4 4 0 3 3 3
1639412359 207 143 55 46 20 16 15 10 10 5 0 4 4 3 4 4 0 3 3 3
1639513719 209 143 55 46 20 16 15 10 10 5 0 4 4 3 4 4 0 3 3 3
1639516114 210 143 55 46 20 16 15 10 10 5 0 4 4 3 4 4 0 3 3 3
1640080301 212 143 55 46 20 16 15 10 10 5 0 4 4 3 4 4 0 3 3 3
1640180175 213 143 55 46 20 16 15 10 10 5 0 4 4 3 4 4 0 3 3 3
1640180852 214 143 55 46 20 16 15 10 10 5 0 4 4 3 4 4 0 3 3 3
1640205998 215 143 55 46 20 16 15 10 10 5 0 4 4 3 4 4 0 3 3 3
1640853668 215 143 55 46 20 16 15 10 10 5 1 4 4 3 4 4 0 3 3 3
1641866923 216 143 55 46 20 16 15 10 10 5 1 4 4 3 4 4 0 3 3 3
1641903566 216 143 55 46 20 16 15 10 10 5 1 4 4 3 4 4 0 3 3 3
1642187005 216 143 55 46 20 16 15 10 10 5 1 4 4 3 4 4 0 3 3 3
1642982400 216 143 55 46 20 16 15 10 10 5 1 4 4 3 4 4 1 3 3 3
1643743133 217 143 55 46 20 16 15 10 10 5 1 4 4 3 4 4 1 3 3 3
1644671803 219 143 55 46 20 16 15 10 10 5 1 4 4 3 4 4 1 3 3 3
1645142400 219 143 55 46 20 16 15 10 10 5 1 4 4 3 4 4 2 3 3 3
1645228800 219 143 55 46 20 16 15 10 10 5 1 4 4 3 4 4 3 3 3 3
1645297200 219 143 55 46 20 16 15 10 10 5 1 4 4 3 4 4 4 3 3 3
1645356666 220 143 55 46 20 16 15 10 10 5 1 4 4 3 4 4 4 3 3 3
1645356726 221 143 55 46 20 16 15 10 10 5 1 4 4 3 4 4 4 3 3 3
1646220136 221 143 55 46 21 16 15 10 10 5 1 4 4 3 4 4 4 3 3 3
1646236236 221 143 55 46 23 16 15 10 10 5 1 4 4 4 4 4 4 3 3 3
1647442269 222 143 55 46 23 16 15 10 10 5 1 4 4 4 4 4 4 3 3 3
1648924437 223 143 55 46 23 16 15 10 10 5 1 4 4 4 4 4 4 3 3 3
1649109807 224 143 55 46 23 16 15 10 10 5 1 4 4 4 4 4 4 3 3 3
1654883238 224 143 55 46 23 16 15 10 10 5 1 4 4 4 4 4 4 3 3 3
1655296728 224 143 55 46 23 16 15 10 10 5 1 4 4 4 4 4 4 3 3 3
1656716598 224 143 55 46 23 16 15 10 10 5 1 4 4 4 4 4 4 3 3 3
1659343595 225 143 55 46 23 16 15 10 10 5 1 4 4 4 4 4 4 3 3 3
1659646367 226 143 55 46 23 16 15 10 10 5 1 4 4 4 4 4 4 3 3 3
1659810803 226 143 55 46 23 16 15 10 10 5 1 4 4 4 4 4 4 3 3 3
1660310335 226 143 55 46 23 16 15 10 10 5 2 4 4 4 4 4 4 3 3 3
1660381800 226 143 55 46 23 16 15 10 10 5 3 4 4 4 4 4 4 3 3 3
1660386033 226 143 55 46 23 16 15 10 10 5 4 4 4 4 4 4 4 3 3 3
1660386085 226 143 55 46 23 16 15 10 10 5 5 4 4 4 4 4 4 3 3 3
1660668539 226 143 55 46 23 16 15 10 10 5 5 4 4 4 4 4 4 3 3 3
1660832063 227 143 55 46 23 16 15 10 10 5 5 4 4 4 4 4 4 3 3 3
1663062804 227 143 55 46 24 16 15 10 10 5 5 4 4 4 4 4 4 3 3 3
1663605184 227 143 55 46 24 16 15 10 10 5 5 4 4 4 4 4 4 3 3 3
1669764120 227 143 55 46 24 16 15 10 10 5 5 4 4 4 4 4 4 3 3 3
1672592933 228 143 55 46 24 16 15 10 10 5 5 4 4 4 4 4 4 3 3 3
1672594233 229 143 55 46 24 16 15 10 10 5 5 4 4 4 4 4 4 3 3 3
1677263126 230 143 55 46 24 16 15 10 10 5 5 4 4 4 4 4 4 3 3 3
1677266018 231 143 55 46 24 16 15 10 10 5 5 4 4 4 4 4 4 3 3 3
1677266103 232 143 55 46 24 16 15 10 10 5 5 4 4 4 4 4 4 3 3 3
1677267586 233 143 55 46 24 16 15 10 10 5 5 4 4 4 4 4 4 3 3 3
1677267609 234 143 55 46 24 16 15 10 10 5 5 4 4 4 4 4 4 3 3 3
1677275132 234 143 55 46 24 16 15 10 10 5 5 4 4 4 4 4 4 3 3 3
1677275735 234 143 55 46 24 16 15 10 10 5 5 4 4 4 4 4 4 3 3 3
1677493407 234 143 55 46 24 16 15 10 10 5 5 4 4 4 4 4 4 3 3 3
1677578045 234 143 55 46 24 16 15 10 10 5 5 4 4 4 4 4 4 3 3 3
1677583609 235 143 55 46 24 16 15 10 10 5 5 4 4 4 4 4 4 3 3 3
1683718898 235 143 55 46 24 16 15 10 10 5 5 4 4 4 4 4 4 3 3 3
1685042793 235 143 55 46 24 16 15 10 10 5 5 4 4 4 4 4 4 3 3 3
1685956092 235 143 55 46 25 16 15 10 10 5 5 4 4 4 4 4 4 3 3 3
