1220449249 0 0 0 0 0 0 0 0 0 0 0 0 0 0 0 0 0 0 0 0
1223358185 0 55124 0 0 0 0 0 0 0 0 0 0 0 0 0 0 0 0 0 0
1223464832 0 55124 0 0 0 0 0 0 0 0 0 0 0 0 0 0 0 0 0 0
1223468325 0 55144 0 0 0 0 0 0 0 0 0 0 0 0 0 0 0 0 0 0
1223651963 0 55149 0 0 0 0 0 0 0 0 0 0 0 0 0 0 0 0 0 0
1223944336 0 55156 0 0 0 0 0 0 0 0 0 0 0 0 0 0 0 0 0 0
1224244352 0 55410 0 0 0 0 0 0 0 0 0 0 0 0 0 0 0 0 0 0
1224244403 0 55414 0 0 0 0 0 0 0 0 0 0 0 0 0 0 0 0 0 0
1224244463 0 55415 0 0 0 0 0 0 0 0 0 0 0 0 0 0 0 0 0 0
1225360979 0 55428 0 0 0 0 0 0 0 0 0 0 0 0 0 0 0 0 0 0
1225362825 0 63383 0 0 0 0 0 0 0 0 0 0 0 0 0 0 0 0 0 0
1225363137 0 63868 0 0 0 0 0 0 0 0 0 0 0 0 0 0 0 0 0 0
1225688404 0 63874 0 0 0 0 0 0 0 0 0 0 0 0 0 0 0 0 0 0
1225782491 0 63877 0 0 0 0 0 0 0 0 0 0 0 0 0 0 0 0 0 0
1225782556 0 63879 0 0 0 0 0 0 0 0 0 0 0 0 0 0 0 0 0 0
1226908690 0 64376 0 0 0 0 0 0 0 0 0 0 0 0 0 0 0 0 0 0
1226910748 0 64376 0 0 0 0 0 0 0 0 0 0 0 0 0 0 0 0 0 0
1226918338 0 64378 0 0 0 0 0 0 0 0 0 0 0 0 0 0 0 0 0 0
1227007719 0 64494 0 0 0 0 0 0 0 0 0 0 0 0 0 0 0 0 0 0
1227072841 0 64517 0 0 0 0 0 0 0 0 0 0 0 0 0 0 0 0 0 0
1227266571 0 64596 0 0 0 0 0 0 0 0 0 0 0 0 0 0 0 0 0 0
1229669373 0 64619 0 0 0 0 0 0 0 0 0 0 0 0 0 0 0 0 0 0
1229700040 0 69011 0 0 0 0 0 0 0 0 0 0 0 0 0 0 0 0 0 0
1231134897 0 69012 0 0 0 0 0 0 0 0 0 0 0 0 0 0 0 0 0 0
1231134965 0 69015 0 0 0 0 0 0 0 0 0 0 0 0 0 0 0 0 0 0
1231135501 0 69285 0 0 0 0 0 0 0 0 0 0 0 0 0 0 0 0 0 0
1231481275 0 69293 0 0 0 0 0 0 0 0 0 0 0 0 0 0 0 0 0 0
1231847350 0 69783 0 0 0 0 0 0 0 0 0 0 0 0 0 0 0 0 0 0
1232015675 0 70957 0 0 0 0 0 0 0 0 0 0 0 0 0 0 0 0 0 0
1232648568 0 70984 0 0 0 0 0 0 0 0 0 0 0 0 0 0 0 0 0 0
1232736491 0 70992 0 0 0 0 0 0 0 0 0 0 0 0 0 0 0 0 0 0
1232736593 0 70993 0 0 0 0 0 0 0 0 0 0 0 0 0 0 0 0 0 0
1232736979 0 71410 0 0 0 0 0 0 0 0 0 0 0 0 0 0 0 0 0 0
1232737209 0 71673 0 0 0 0 0 0 0 0 0 0 0 0 0 0 0 0 0 0
1232737282 0 71706 0 0 0 0 0 0 0 0 0 0 0 0 0 0 0 0 0 0
1232738339 0 71734 0 0 0 0 0 0 0 0 0 0 0 0 0 0 0 0 0 0
1232751055 0 71738 0 0 0 0 0 0 0 0 0 0 0 0 0 0 0 0 0 0
1232825156 0 71739 0 0 0 0 0 0 0 0 0 0 0 0 0 0 0 0 0 0
1233162290 0 72888 0 0 0 0 0 0 0 0 0 0 0 0 0 0 0 0 0 0
1236161793 0 72915 0 0 0 0 0 0 0 0 0 0 0 0 0 0 0 0 0 0
1236651340 0 72926 0 0 0 0 0 0 0 0 0 0 0 0 0 0 0 0 0 0
1239085989 0 73020 0 0 0 0 0 0 0 0 0 0 0 0 0 0 0 0 0 0
1239091263 0 73022 0 0 0 0 0 0 0 0 0 0 0 0 0 0 0 0 0 0
1239094996 0 73024 0 0 0 0 0 0 0 0 0 0 0 0 0 0 0 0 0 0
1239263384 0 73085 0 0 0 0 0 0 0 0 0 0 0 0 0 0 0 0 0 0
1239342598 0 73144 0 0 0 0 0 0 0 0 0 0 0 0 0 0 0 0 0 0
1239380153 0 73151 0 0 0 0 0 0 0 0 0 0 0 0 0 0 0 0 0 0
1239380832 0 73176 0 0 0 0 0 0 0 0 0 0 0 0 0 0 0 0 0 0
1240374539 0 73182 0 0 0 0 0 0 0 0 0 0 0 0 0 0 0 0 0 0
1242724320 0 73187 0 0 0 0 0 0 0 0 0 0 0 0 0 0 0 0 0 0
1242798940 0 73196 0 0 0 0 0 0 0 0 0 0 0 0 0 0 0 0 0 0
1246936239 0 73209 0 0 0 0 0 0 0 0 0 0 0 0 0 0 0 0 0 0
1247067026 0 73213 0 0 0 0 0 0 0 0 0 0 0 0 0 0 0 0 0 0
1247067515 0 73273 0 0 0 0 0 0 0 0 0 0 0 0 0 0 0 0 0 0
1247067698 0 73669 0 0 0 0 0 0 0 0 0 0 0 0 0 0 0 0 0 0
1247073549 0 73705 0 0 0 0 0 0 0 0 0 0 0 0 0 0 0 0 0 0
1248672598 0 73707 0 0 0 0 0 0 0 0 0 0 0 0 0 0 0 0 0 0
1248672639 0 73709 0 0 0 0 0 0 0 0 0 0 0 0 0 0 0 0 0 0
1248672683 0 73715 0 0 0 0 0 0 0 0 0 0 0 0 0 0 0 0 0 0
1248673343 0 73887 0 0 0 0 0 0 0 0 0 0 0 0 0 0 0 0 0 0
1248682410 0 73891 0 0 0 0 0 0 0 0 0 0 0 0 0 0 0 0 0 0
1248852868 0 73893 0 0 0 0 0 0 0 0 0 0 0 0 0 0 0 0 0 0
1248856652 0 73895 0 0 0 0 0 0 0 0 0 0 0 0 0 0 0 0 0 0
1248856700 0 73899 0 0 0 0 0 0 0 0 0 0 0 0 0 0 0 0 0 0
1248858708 0 73901 0 0 0 0 0 0 0 0 0 0 0 0 0 0 0 0 0 0
1248933088 0 73903 0 0 0 0 0 0 0 0 0 0 0 0 0 0 0 0 0 0
1248950579 0 73907 0 0 0 0 0 0 0 0 0 0 0 0 0 0 0 0 0 0
1248950630 0 73913 0 0 0 0 0 0 0 0 0 0 0 0 0 0 0 0 0 0
1248950713 0 73914 0 0 0 0 0 0 0 0 0 0 0 0 0 0 0 0 0 0
1249017927 0 73922 0 0 0 0 0 0 0 0 0 0 0 0 0 0 0 0 0 0
1249018043 0 73949 0 0 0 0 0 0 0 0 0 0 0 0 0 0 0 0 0 0
1254905534 0 73950 0 0 0 0 0 0 0 0 0 0 0 0 0 0 0 0 0 0
1257930411 0 73953 0 0 0 0 0 0 0 0 0 0 0 0 0 0 0 0 0 0
1257930467 0 73967 0 0 0 0 0 0 0 0 0 0 0 0 0 0 0 0 0 0
1263795333 0 74341 0 0 0 0 0 0 0 0 0 0 0 0 0 0 0 0 0 0
1263973158 0 74415 0 0 0 0 0 0 0 0 0 0 0 0 0 0 0 0 0 0
1273873505 0 74419 0 0 0 0 0 0 0 0 0 0 0 0 0 0 0 0 0 0
1275016335 0 74597 0 0 0 0 0 0 0 0 0 0 0 0 0 0 0 0 0 0
1275016904 0 74613 0 0 0 0 0 0 0 0 0 0 0 0 0 0 0 0 0 0
1275017321 0 74617 0 0 0 0 0 0 0 0 0 0 0 0 0 0 0 0 0 0
1275017474 0 74621 0 0 0 0 0 0 0 0 0 0 0 0 0 0 0 0 0 0
1275017570 0 74623 0 0 0 0 0 0 0 0 0 0 0 0 0 0 0 0 0 0
1275018209 0 74634 0 0 0 0 0 0 0 0 0 0 0 0 0 0 0 0 0 0
1275018327 0 74638 0 0 0 0 0 0 0 0 0 0 0 0 0 0 0 0 0 0
1275018989 0 74651 0 0 0 0 0 0 0 0 0 0 0 0 0 0 0 0 0 0
1276575139 0 74655 0 0 0 0 0 0 0 0 0 0 0 0 0 0 0 0 0 0
1276577146 0 74656 0 0 0 0 0 0 0 0 0 0 0 0 0 0 0 0 0 0
1276583318 0 74675 0 0 0 0 0 0 0 0 0 0 0 0 0 0 0 0 0 0
1276583424 0 74703 0 0 0 0 0 0 0 0 0 0 0 0 0 0 0 0 0 0
1276585496 0 74704 0 0 0 0 0 0 0 0 0 0 0 0 0 0 0 0 0 0
1297089785 0 74818 0 0 0 0 0 0 0 0 0 0 0 0 0 0 0 0 0 0
1298644408 0 74973 0 0 0 0 0 0 0 0 0 0 0 0 0 0 0 0 0 0
1305082066 0 104844 0 0 0 0 0 0 0 0 0 0 0 0 0 0 0 0 0 0
1315209381 0 104856 0 0 0 0 0 0 0 0 0 0 0 0 0 0 0 0 0 0
1315209518 0 104872 0 0 0 0 0 0 0 0 0 0 0 0 0 0 0 0 0 0
1315209601 0 104900 0 0 0 0 0 0 0 0 0 0 0 0 0 0 0 0 0 0
1315209643 0 104919 0 0 0 0 0 0 0 0 0 0 0 0 0 0 0 0 0 0
1325087105 0 105021 0 0 0 0 0 0 0 0 0 0 0 0 0 0 0 0 0 0
1325162169 0 105036 0 0 0 0 0 0 0 0 0 0 0 0 0 0 0 0 0 0
1325162448 0 105052 0 0 0 0 0 0 0 0 0 0 0 0 0 0 0 0 0 0
1326273424 0 105252 0 0 0 0 0 0 0 0 0 0 0 0 0 0 0 0 0 0
1326348952 0 105255 0 0 0 0 0 0 0 0 0 0 0 0 0 0 0 0 0 0
1326354339 0 105267 0 0 0 0 0 0 0 0 0 0 0 0 0 0 0 0 0 0
1326354399 0 105270 0 0 0 0 0 0 0 0 0 0 0 0 0 0 0 0 0 0
1326354565 0 105294 0 0 0 0 0 0 0 0 0 0 0 0 0 0 0 0 0 0
1326354628 0 105298 0 0 0 0 0 0 0 0 0 0 0 0 0 0 0 0 0 0
1326357669 0 105332 0 0 0 0 0 0 0 0 0 0 0 0 0 0 0 0 0 0
1326358171 0 105359 0 0 0 0 0 0 0 0 0 0 0 0 0 0 0 0 0 0
1330068530 0 105431 0 0 0 0 0 0 0 0 0 0 0 0 0 0 0 0 0 0
1336981431 0 105434 0 0 0 0 0 0 0 0 0 0 0 0 0 0 0 0 0 0
1336981580 0 105445 0 0 0 0 0 0 0 0 0 0 0 0 0 0 0 0 0 0
1339572319 0 105456 0 0 0 0 0 0 0 0 0 0 0 0 0 0 0 0 0 0
1341293154 0 105468 0 0 0 0 0 0 0 0 0 0 0 0 0 0 0 0 0 0
1342075067 0 105543 0 0 0 0 0 0 0 0 0 0 0 0 0 0 0 0 0 0
1342522275 0 105543 0 0 0 0 0 0 0 0 0 0 0 0 0 0 0 0 0 0
1353586153 0 105979 0 0 0 0 0 0 0 0 0 0 0 0 0 0 0 0 0 0
1357738004 0 112628 0 0 0 0 0 0 0 0 0 0 0 0 0 0 0 0 0 0
1357739985 0 112736 0 0 0 0 0 0 0 0 0 0 0 0 0 0 0 0 0 0
1357747581 0 113083 0 0 0 0 0 0 0 0 0 0 0 0 0 0 0 0 0 0
1357802345 0 113149 0 0 0 0 0 0 0 0 0 0 0 0 0 0 0 0 0 0
1357803980 0 113150 0 0 0 0 0 0 0 0 0 0 0 0 0 0 0 0 0 0
1358845976 0 113154 0 0 0 0 0 0 0 0 0 0 0 0 0 0 0 0 0 0
1358918756 0 113287 0 0 0 0 0 0 0 0 0 0 0 0 0 0 0 0 0 0
1358918833 0 113306 0 0 0 0 0 0 0 0 0 0 0 0 0 0 0 0 0 0
1359092683 0 113357 0 0 0 0 0 0 0 0 0 0 0 0 0 0 0 0 0 0
1359093836 0 113376 0 0 0 0 0 0 0 0 0 0 0 0 0 0 0 0 0 0
1359100765 0 113378 0 0 0 0 0 0 0 0 0 0 0 0 0 0 0 0 0 0
1359604104 0 113384 0 0 0 0 0 0 0 0 0 0 0 0 0 0 0 0 0 0
1359604180 0 113392 0 0 0 0 0 0 0 0 0 0 0 0 0 0 0 0 0 0
1359607194 0 113395 0 0 0 0 0 0 0 0 0 0 0 0 0 0 0 0 0 0
1359697597 0 113396 0 0 0 0 0 0 0 0 0 0 0 0 0 0 0 0 0 0
1359699646 0 113428 0 0 0 0 0 0 0 0 0 0 0 0 0 0 0 0 0 0
1359700309 0 113432 0 0 0 0 0 0 0 0 0 0 0 0 0 0 0 0 0 0
1361184346 0 113526 0 0 0 0 0 0 0 0 0 0 0 0 0 0 0 0 0 0
1361185013 0 113688 0 0 0 0 0 0 0 0 0 0 0 0 0 0 0 0 0 0
1369836649 0 113704 0 0 0 0 0 0 0 0 0 0 0 0 0 0 0 0 0 0
1375079237 0 113705 0 0 0 0 0 0 0 0 0 0 0 0 0 0 0 0 0 0
1383197785 0 113707 0 0 0 0 0 0 0 0 0 0 0 0 0 0 0 0 0 0
1383197983 0 113737 0 0 0 0 0 0 0 0 0 0 0 0 0 0 0 0 0 0
1393634021 0 113980 0 0 0 0 0 0 0 0 0 0 0 0 0 0 0 0 0 0
1393724228 0 113981 0 0 0 0 0 0 0 0 0 0 0 0 0 0 0 0 0 0
1393996824 0 113994 0 0 0 0 0 0 0 0 0 0 0 0 0 0 0 0 0 0
1408408589 0 113999 0 0 0 0 0 0 0 0 0 0 0 0 0 0 0 0 0 0
1425868591 0 113999 1763 0 0 0 0 0 0 0 0 0 0 0 0 0 0 0 0 0
1425959070 0 113999 1782 0 0 0 0 0 0 0 0 0 0 0 0 0 0 0 0 0
1426046547 0 113999 1782 0 0 0 0 0 0 0 0 0 0 0 0 0 0 0 0 0
1426226219 0 113999 1782 0 0 0 0 0 0 0 0 0 0 0 0 0 0 0 0 0
1426503032 0 113999 1782 0 0 0 0 0 0 0 0 0 0 0 0 0 0 0 0 0
1426658080 0 113999 1782 0 0 0 0 0 0 0 0 0 0 0 0 0 0 0 0 0
1427108164 0 113999 1782 0 0 0 0 0 0 0 0 0 0 0 0 0 0 0 0 0
1427359904 0 113999 1782 0 0 0 0 0 0 0 0 0 0 0 0 0 0 0 0 0
1427394314 0 113999 1782 0 0 0 0 0 0 0 0 0 0 0 0 0 0 0 0 0
1427442238 0 113999 1782 0 0 0 0 0 0 0 0 0 0 0 0 0 0 0 0 0
1427444600 0 113999 1787 0 0 0 0 0 0 0 0 0 0 0 0 0 0 0 0 0
1428513546 0 113999 1787 0 0 0 0 0 0 0 0 0 0 0 0 0 0 0 0 0
1428678305 0 113999 1787 0 0 0 0 0 0 0 0 0 0 0 0 0 0 0 0 0
1429785713 0 113999 1787 0 0 0 0 0 0 0 0 0 0 0 0 0 0 0 0 0
1430414912 0 113999 1787 0 0 0 0 0 0 0 0 0 0 0 0 0 0 0 0 0
1434498593 0 113999 1787 0 0 0 0 0 0 0 0 0 0 0 0 2 0 0 0 0
1434498601 0 113999 1787 0 0 0 0 0 0 0 0 0 0 0 0 4 0 0 0 0
1434498625 0 113999 1787 0 0 908 0 0 0 0 0 0 0 0 0 7 0 0 0 0
1438847144 0 113999 1791 0 0 908 0 0 0 0 0 0 0 0 0 7 0 0 0 0
1438847635 0 113999 1791 0 0 908 0 0 0 0 0 0 0 0 0 7 0 0 0 0
1438847737 0 113999 1794 0 0 908 0 0 0 0 0 0 0 0 0 7 0 0 0 0
1438847871 0 113999 1794 0 0 908 0 0 0 0 0 0 0 0 0 7 0 0 0 0
1438848542 0 113999 1794 0 0 908 0 0 0 0 0 0 0 0 0 7 0 0 0 0
1438848621 0 113999 1796 0 0 908 0 0 0 0 0 0 0 0 0 7 0 0 0 0
1438848944 0 113999 1796 0 0 908 0 0 0 0 0 0 0 0 0 7 0 0 0 0
1438849075 0 113999 1796 0 0 908 0 0 0 0 0 0 0 0 0 7 0 0 0 0
1439053627 0 113999 1796 0 0 922 0 0 0 0 0 0 0 0 0 7 0 0 0 0
1439312188 0 113999 1796 0 0 926 0 0 0 0 0 0 0 0 0 7 0 0 0 0
1439363128 0 113999 1796 0 0 926 0 0 0 0 0 0 0 0 0 7 0 0 0 0
1439363194 0 113999 1798 0 0 926 0 0 0 0 0 0 0 0 0 7 0 0 0 0
1439363342 0 113999 1798 0 0 926 0 0 0 0 0 0 0 0 0 7 0 0 0 0
1439363440 0 113999 1798 0 0 926 0 0 0 0 0 0 0 0 0 7 0 0 0 0
1441547602 0 113999 1798 0 0 926 0 0 0 0 0 0 0 0 0 7 0 0 0 0
1441552169 0 113999 1798 0 0 926 0 0 0 0 0 0 0 0 0 7 0 0 0 0
1441748011 0 113999 1798 0 0 926 0 0 0 0 0 0 0 0 0 7 0 0 0 0
1447142710 0 113999 1798 0 0 926 0 0 0 0 0 0 0 0 0 7 0 0 0 0
1447143029 0 113999 1798 0 0 926 0 0 0 0 0 0 0 0 0 7 0 0 0 0
1447143089 0 113999 1798 0 0 926 0 0 0 0 0 0 0 0 0 7 0 0 0 0
1447828812 0 113999 1798 0 0 926 0 0 0 0 0 0 0 0 0 7 0 0 0 0
1448597935 0 113999 1798 0 0 926 0 0 0 0 0 0 0 0 0 7 0 0 0 0
1450333575 0 113999 1799 0 0 926 0 0 0 0 0 0 0 0 0 7 0 0 0 0
1450334200 0 113999 1800 0 0 926 0 0 0 0 0 0 0 0 0 7 0 0 0 0
1450334425 0 113999 1804 0 0 926 0 0 0 0 0 0 0 0 0 7 0 0 0 0
1450337515 0 113999 1805 0 0 926 0 0 0 0 0 0 0 0 0 7 0 0 0 0
1451478255 0 113999 1805 0 0 926 0 0 0 0 0 0 0 0 0 7 0 0 32 0
1452261358 0 113999 1805 0 0 935 0 0 0 0 0 0 0 0 0 7 0 0 32 0
1452262884 0 113999 1805 0 0 965 0 0 0 0 0 0 0 0 0 7 0 0 32 0
1457078128 0 113999 1805 0 0 965 0 0 0 0 0 0 0 0 0 7 0 0 32 0
1458120498 0 113999 1805 0 0 965 0 0 0 0 0 0 0 0 0 7 0 0 32 0
1459412976 0 113999 1805 0 0 965 0 0 0 0 0 0 0 0 0 7 0 0 32 0
1459414209 0 113999 1805 0 0 965 0 0 0 0 0 0 0 0 0 7 0 0 32 0
1459879362 0 113999 1805 0 0 965 0 0 0 0 0 0 0 0 0 7 0 0 32 0
1460410542 0 113999 1805 0 0 965 0 0 0 0 0 0 0 0 0 7 0 0 32 0
1460523548 0 113999 1805 0 0 965 0 0 0 0 0 0 0 0 0 7 0 0 32 0
1460523649 0 113999 1805 0 0 965 0 0 0 0 0 0 0 0 0 7 0 0 32 0
1460707530 0 113999 1805 0 0 965 0 0 0 0 0 0 0 0 0 7 0 0 32 0
1462015452 0 113999 1805 0 0 965 0 0 0 0 0 0 0 0 0 7 0 0 32 0
1466644686 0 113999 1805 0 0 965 0 0 0 0 0 0 0 0 0 7 0 0 32 0
1466645688 0 113999 1805 0 0 965 0 0 0 0 0 0 0 0 0 7 0 0 32 0
1468460658 0 113999 1805 0 0 965 0 0 0 0 0 0 0 0 0 7 0 0 32 0
1468460833 0 113999 1806 0 0 965 0 0 0 0 0 0 0 0 0 7 0 0 32 0
1473570992 0 113999 1806 0 0 965 0 0 0 0 0 0 0 0 0 7 0 0 32 0
1475426295 0 113999 1806 0 0 965 0 0 0 0 0 0 0 0 0 7 0 0 32 0
1475830454 2 113999 1806 0 0 965 0 0 0 0 0 0 0 0 0 7 0 0 32 0
1475830999 12 113999 1806 0 0 965 0 0 0 0 0 0 0 0 0 7 0 0 32 0
1476859905 12 113999 1806 0 0 965 0 0 0 0 0 0 0 0 0 7 0 0 32 0
1476859952 12 113999 1806 0 0 965 0 0 0 0 0 0 0 0 0 7 0 0 32 0
1476860364 12 113999 1808 0 0 965 0 0 0 0 0 0 0 0 0 7 0 0 32 0
1476860569 12 113999 1808 0 0 965 0 0 0 0 0 0 0 0 0 7 0 0 32 0
1476860798 12 113999 1808 0 0 965 0 0 0 0 0 0 0 0 0 7 0 0 32 0
1476860981 12 113999 1810 0 0 965 0 0 0 0 0 0 0 0 0 7 0 0 32 0
1476861039 12 113999 1810 0 0 965 0 0 0 0 0 0 0 0 0 7 0 0 32 0
1476862133 12 113999 1812 0 0 965 0 0 0 0 0 0 0 0 0 7 0 0 32 0
1476862174 83 113999 1812 0 0 965 0 0 0 0 0 0 0 0 0 7 0 0 32 0
1476862855 83 113999 1812 0 0 965 0 0 0 0 0 0 0 0 0 7 0 0 32 0
1476946347 83 113999 1814 0 0 965 0 0 0 0 0 0 0 0 0 7 0 0 32 0
1481312734 83 113999 1814 0 0 965 0 0 0 0 0 0 0 0 0 7 0 0 32 0
1484043318 84 113999 1814 0 0 965 0 0 0 0 0 0 0 0 0 7 0 0 32 0
1484044482 99 113999 1814 0 0 965 0 0 0 0 0 0 0 0 0 7 0 0 32 0
1484653631 102 113999 1814 0 0 965 0 0 0 0 0 0 0 0 0 7 0 0 32 0
1485578726 102 113999 1814 0 0 965 0 0 0 0 0 0 0 0 0 7 0 0 32 0
1486450071 102 113999 1814 0 0 965 0 0 0 0 0 0 0 0 0 7 0 0 32 0
1486605840 102 113999 1814 0 0 965 0 0 0 0 0 0 0 0 0 7 0 0 32 0
1488853344 102 113999 1814 0 0 965 0 0 0 0 0 0 0 0 0 7 0 0 32 0
1488858277 102 113999 1814 0 0 965 0 0 0 0 0 0 0 0 0 7 0 0 32 0
1492727442 102 113999 1814 0 0 965 0 0 0 0 0 0 0 0 0 7 0 0 32 0
1492736093 102 113999 1814 0 0 965 0 0 0 0 0 0 0 0 0 7 0 0 32 0
1494314690 102 113999 1814 18 0 965 0 0 0 0 0 0 0 0 0 7 0 0 32 0
1494315718 102 113999 1814 48 0 965 0 0 0 0 0 0 0 0 0 7 0 0 32 0
1494316867 102 113999 1814 49 0 965 0 0 0 0 0 0 0 0 0 7 0 0 32 0
1494317155 102 113999 1814 61 0 965 0 0 0 0 0 0 0 0 0 7 0 0 32 0
1494317511 102 113999 1814 72 0 965 0 0 0 0 0 0 0 0 0 7 0 0 32 0
1494318076 102 113999 1814 77 0 965 0 0 0 0 0 0 0 0 0 7 0 0 32 0
1494318158 102 113999 1814 80 0 965 0 0 0 0 0 0 0 0 0 7 0 0 32 0
1494318918 102 113999 1814 88 0 965 0 0 0 0 0 0 0 0 0 7 0 0 32 0
1494388299 102 113999 1814 88 0 965 0 0 0 0 0 0 0 0 0 7 0 0 32 0
1494416577 102 113999 1814 89 0 965 0 0 0 0 0 0 0 0 0 7 0 0 32 0
1494568374 102 113999 1814 95 0 965 0 0 0 0 0 0 0 0 0 7 0 0 32 0
1494568629 102 113999 1814 95 0 965 0 0 0 0 0 0 0 0 0 7 0 0 32 0
1498116313 102 113999 1814 95 0 965 0 0 0 0 0 0 0 0 0 7 0 0 32 0
1498155898 102 113999 1814 95 0 965 0 0 0 0 0 0 0 0 0 7 0 0 32 0
1498237212 102 113999 1814 95 0 965 0 0 301 0 0 0 0 0 0 7 0 0 32 0
1498246789 102 113999 1814 95 0 965 0 0 303 0 0 0 0 0 0 7 0 0 32 0
1498522401 102 113999 1814 95 0 965 0 0 358 0 0 0 0 0 0 7 0 0 32 0
1498620700 102 113999 1814 95 0 965 0 0 358 0 0 0 0 0 0 7 0 0 32 0
1498707385 102 113999 1814 95 0 965 0 0 358 0 0 0 0 0 0 7 0 0 32 0
1499320333 102 113999 1814 95 0 965 0 0 358 0 0 0 0 0 0 7 0 0 32 0
1499320717 102 113999 1814 95 0 965 0 0 358 0 0 0 0 0 0 7 0 0 32 0
1499320806 102 113999 1814 95 0 965 0 0 358 0 0 0 0 0 0 7 0 0 32 0
1499320837 102 113999 1814 95 0 965 0 0 358 0 0 0 0 0 0 7 0 0 32 0
1499320870 102 113999 1814 95 0 965 0 0 358 0 0 0 0 0 0 7 0 0 32 0
1499558657 103 113999 1814 95 0 965 0 0 358 0 0 0 0 0 0 7 0 0 32 0
1499619199 103 113999 1814 95 0 965 0 0 358 0 0 0 0 0 0 7 0 0 32 0
1500475880 103 113999 1814 95 0 965 0 0 358 0 0 0 0 0 0 7 0 0 32 0
1501058665 103 113999 1814 105 0 965 0 0 358 0 0 0 0 0 0 7 0 0 32 0
1501058817 103 113999 1814 105 0 965 0 0 358 0 0 0 0 0 0 7 0 0 32 0
1501094080 103 113999 1814 105 0 965 0 0 358 0 0 0 0 0 0 7 0 0 32 0
1501094092 103 113999 1814 105 0 965 0 0 365 0 0 0 0 0 0 7 0 0 32 0
1501094104 103 113999 1814 105 0 965 0 0 379 0 0 0 0 0 0 7 0 0 32 0
1501566107 103 113999 1814 105 0 965 0 0 379 0 0 0 0 0 8 7 0 0 32 0
1502258666 103 113999 1814 105 0 965 0 0 379 0 0 0 0 0 8 7 0 0 32 0
1502262554 103 113999 1814 105 0 965 0 0 379 0 0 0 0 0 8 7 0 0 32 0
1502264105 103 113999 1814 105 0 965 0 0 379 0 0 0 0 0 8 7 0 0 32 0
1502284892 108 113999 1814 105 0 965 0 0 379 0 0 0 0 0 8 7 0 0 32 0
1502291168 108 113999 1814 105 0 965 0 0 379 0 0 0 0 0 8 7 0 0 32 0
1505852633 108 113999 1814 105 0 965 0 0 379 0 0 0 0 0 8 7 0 0 32 0
1505925667 135 113999 1814 105 0 965 0 0 379 0 0 0 0 0 8 7 0 0 32 0
1507735502 135 113999 1814 105 0 965 0 0 379 0 0 0 0 0 8 7 0 0 32 0
1508353009 135 113999 1814 105 0 965 0 0 379 0 0 0 0 0 8 7 0 0 32 0
1508482101 135 113999 1814 105 0 965 0 0 379 0 0 0 0 0 8 7 0 0 32 0
1508483368 135 113999 1814 105 0 965 0 0 379 0 0 0 0 0 8 7 0 0 32 0
1508483491 135 113999 1814 111 0 965 0 0 379 0 0 0 0 0 8 7 0 0 32 0
1509422666 135 113999 1854 111 0 965 0 0 379 0 0 0 0 0 8 7 0 0 32 0
1509427852 135 113999 1854 111 0 965 0 0 379 0 0 0 0 0 8 7 0 0 32 0
1509755567 135 113999 1854 111 0 965 0 0 379 0 0 0 0 0 8 7 0 0 32 0
1509808941 135 113999 1854 111 0 965 0 0 379 0 0 0 0 0 8 7 0 0 32 0
1510300527 135 113999 1854 111 0 965 0 0 379 325 0 0 0 0 8 7 0 0 32 0
1513241486 135 113999 1854 111 0 965 0 0 379 391 0 0 0 0 8 7 0 0 32 0
1513242199 135 113999 1854 111 0 965 0 0 379 391 0 0 0 0 8 7 0 0 32 0
1513287901 135 113999 1854 111 0 965 0 0 379 391 0 0 0 0 8 7 0 0 32 0
1513588857 135 113999 1854 111 0 965 0 0 379 391 0 0 0 0 8 7 0 0 32 0
1513694838 135 113999 1854 111 8 965 0 0 379 391 0 0 0 0 8 7 0 0 32 0
1513758447 135 113999 1854 114 8 965 0 0 379 391 0 0 0 0 8 7 0 0 32 0
1513850740 135 113999 1854 114 8 965 0 0 379 391 0 0 0 0 8 7 0 0 32 0
1514855880 136 113999 1854 114 8 965 0 0 379 391 0 0 0 0 8 7 0 0 32 0
1514856111 136 113999 1854 114 8 965 0 0 379 391 0 0 0 0 8 7 0 0 32 0
1514900317 137 113999 1854 114 8 965 0 0 379 391 0 0 0 0 8 7 0 0 32 0
1514928707 137 113999 1854 114 8 965 0 0 379 391 0 0 0 0 8 7 0 0 32 0
1514932611 142 113999 1854 114 8 965 0 0 379 391 0 0 0 0 8 7 0 0 32 0
1515029869 155 113999 1854 114 8 965 0 0 379 391 0 0 0 0 8 7 0 0 32 0
1515061794 155 113999 1854 114 30 965 0 0 379 391 0 0 0 0 8 7 0 0 32 0
1515063627 155 113999 1854 114 30 965 0 0 379 391 0 0 0 0 8 7 0 0 32 0
1515067322 155 113999 1854 114 30 965 0 0 379 391 0 0 0 0 8 7 0 0 32 0
1515073101 155 113999 1854 114 30 965 0 0 379 391 0 0 0 0 8 7 0 0 32 0
1515075563 155 113999 1854 114 30 965 0 0 379 391 0 0 0 0 8 7 0 0 32 0
1516090808 155 113999 1854 114 43 965 0 0 379 391 0 0 0 0 8 7 0 0 32 0
1517403625 155 113999 1854 114 50 965 0 0 379 391 0 0 0 0 8 7 0 0 32 0
1517474210 155 113999 1854 114 54 965 0 0 379 391 0 0 0 0 8 7 0 0 32 0
1518269687 155 113999 1854 114 54 965 0 0 379 391 0 0 0 0 8 7 0 0 32 0
1519377384 160 113999 1854 114 54 965 0 0 379 391 0 0 0 0 8 7 0 0 32 0
1519761800 237 113999 1854 114 54 965 0 0 379 391 0 0 0 0 8 7 0 0 32 0
1521415293 238 113999 1854 114 54 965 0 0 379 391 0 0 0 0 8 7 0 0 32 0
1521535747 238 113999 1854 114 54 965 0 0 379 391 0 0 0 0 8 7 0 0 35 0
1521537273 238 113999 1854 114 54 965 0 0 379 391 0 0 0 0 8 7 0 0 40 0
1521594226 238 113999 1854 114 54 965 0 0 379 391 0 0 0 0 8 7 0 0 40 0
1521636220 238 113999 1854 114 54 965 0 0 379 391 0 0 0 0 8 7 0 0 40 0
1521636284 238 113999 1854 114 54 965 0 0 379 391 0 0 0 0 8 7 0 0 40 0
1521636306 238 113999 1854 114 54 965 0 0 379 391 0 0 0 0 8 7 0 0 40 0
1523996885 238 113999 1854 114 54 965 0 0 379 391 0 0 0 0 8 7 0 0 40 0
1524045135 238 113999 1854 114 71 965 0 0 379 391 0 0 0 0 8 7 0 0 40 0
1524117587 238 113999 1854 114 71 965 0 0 379 391 0 0 0 0 8 7 0 0 40 0
1524725184 238 113999 1854 114 71 965 11 0 379 391 0 0 0 0 8 7 0 0 40 0
1527067047 238 113999 1854 114 71 965 28 0 379 391 0 0 0 0 8 7 0 0 40 0
1527840860 238 113999 1854 114 71 965 36 0 379 391 0 0 0 0 8 7 0 0 40 0
1527843107 238 113999 1854 114 71 965 36 0 379 391 0 0 0 0 8 7 0 0 40 0
1527858059 238 113999 1854 114 71 965 36 0 379 391 0 0 0 0 8 7 0 0 40 0
1529411799 238 113999 1854 114 71 965 36 0 379 391 0 0 0 0 8 7 0 0 40 0
1529582566 238 113999 1854 114 71 965 40 0 379 391 0 0 0 0 8 7 0 0 40 0
1529587224 238 113999 1854 114 71 965 40 0 379 391 0 0 0 0 8 7 0 0 40 0
1530268305 238 113999 1854 114 71 965 40 0 379 391 0 0 0 0 8 7 0 0 40 0
1530525284 238 113999 1854 114 71 965 41 0 379 391 0 0 0 0 8 7 0 0 40 0
1530534114 238 113999 1854 114 71 965 41 0 379 391 0 0 0 0 8 7 0 0 40 0
1530641450 238 113999 1854 114 71 965 41 0 379 391 0 0 0 0 8 7 0 0 40 0
1530641488 238 113999 1854 114 71 965 41 0 379 391 0 0 0 0 8 7 0 0 40 0
1530873710 239 113999 1854 114 71 965 41 0 379 391 0 0 0 0 8 7 0 0 40 0
1531725005 239 113999 1854 114 71 965 41 0 379 391 0 0 0 0 8 7 0 0 40 0
1531725486 239 113999 1854 114 71 965 41 0 379 391 0 0 0 0 8 7 0 0 40 0
1532713543 239 113999 1854 114 71 965 41 0 379 391 0 0 0 0 8 7 0 0 40 0
1537315707 239 113999 1854 114 71 965 41 0 379 391 0 0 0 0 8 13 0 0 40 0
1539347119 239 113999 1854 114 71 965 465 0 379 391 0 0 0 0 8 13 0 0 40 0
1539780877 239 113999 1854 114 71 965 465 0 379 391 0 0 0 0 8 13 0 0 40 0
1540323735 239 113999 1854 114 71 965 465 0 379 391 0 0 0 0 8 13 0 0 40 0
1540324206 239 113999 1854 114 71 965 465 0 379 391 0 0 0 0 8 13 0 0 40 0
1540989126 239 113999 1854 114 71 965 465 0 379 391 0 0 0 0 8 13 0 0 40 0
1542081309 239 113999 1854 114 71 965 465 0 379 391 0 0 0 0 8 13 0 0 40 0
1542179013 239 113999 1854 114 74 965 465 0 379 391 0 0 0 0 8 13 0 0 40 0
1542766478 239 113999 1854 114 74 965 465 0 379 391 0 0 0 0 8 13 0 0 40 0
1543368907 239 113999 1854 114 74 965 465 0 379 391 0 0 0 0 8 13 0 0 40 0
1544601635 239 113999 1854 114 74 965 465 0 379 391 0 0 0 0 8 13 0 0 40 0
1544606209 239 113999 1854 114 74 965 465 0 379 391 0 0 0 0 8 13 0 0 40 29
1544606297 239 113999 1854 114 74 965 465 0 379 391 0 0 0 0 8 13 0 0 40 29
1544618084 239 113999 1854 114 74 965 466 0 379 391 0 0 0 0 8 13 0 0 40 29
1544683799 239 113999 1854 114 74 965 486 0 379 391 0 0 0 0 8 13 0 0 40 29
1544684887 239 113999 1854 114 74 965 488 0 379 391 0 0 0 0 8 13 0 0 40 29
1544686172 239 113999 1854 114 74 965 488 0 379 391 0 0 0 0 8 13 0 0 40 29
1544686197 239 113999 1854 114 74 965 488 0 379 391 0 0 0 0 8 13 0 0 40 29
1544686346 239 113999 1854 114 74 965 488 0 379 391 0 0 0 0 8 13 0 0 40 29
1545115844 239 113999 1854 114 74 965 488 0 379 391 0 1 0 0 8 13 0 0 40 29
1545116339 239 113999 1854 114 74 965 488 0 379 391 0 7 0 0 8 13 0 0 40 29
1545148176 239 113999 1854 114 74 965 488 0 379 391 0 7 0 0 8 13 0 0 40 29
1545220446 239 113999 1854 114 74 965 488 0 379 391 0 7 0 0 8 13 0 0 40 29
1545220553 239 113999 1854 114 74 965 488 0 379 391 0 9 0 0 8 13 0 0 40 29
1545785648 239 113999 1854 114 74 965 488 0 379 391 0 9 0 0 8 13 0 0 40 29
1546265321 239 113999 1854 114 74 965 488 0 379 391 0 9 0 0 8 13 0 0 40 29
1546302462 239 113999 1854 114 74 965 488 0 379 391 0 9 0 0 8 13 0 0 40 29
1546842368 239 113999 1854 114 74 965 488 0 379 391 0 9 0 0 8 13 0 0 40 29
1546842623 239 113999 1854 114 74 965 488 0 379 391 0 9 0 0 8 13 0 0 40 29
1548158293 239 113999 1854 124 74 965 488 0 379 391 0 9 0 0 8 13 0 0 40 29
1548158450 239 113999 1854 133 74 965 488 0 379 391 0 9 0 0 8 13 0 0 40 29
1548183545 239 113999 1854 133 74 965 488 0 379 391 0 9 0 0 8 13 0 0 40 29
1548213855 239 113999 1854 148 74 965 488 0 379 391 0 9 0 0 8 13 0 0 40 29
1548228087 239 113999 1854 148 74 965 488 0 379 391 0 9 0 0 8 13 0 0 40 29
1548289543 239 113999 1854 152 74 965 488 0 379 391 0 9 0 0 8 13 0 0 40 29
1548651981 239 113999 1855 152 74 965 488 0 379 391 0 9 0 0 8 13 0 0 40 29
1548794468 239 113999 1855 152 74 965 488 0 379 391 0 9 0 0 8 13 0 0 40 29
1549010102 239 113999 1855 156 74 965 488 0 379 391 0 9 0 0 8 13 0 0 40 29
1549070023 239 113999 1855 165 74 965 488 0 379 391 0 9 0 0 8 13 0 0 40 29
1549072829 239 113999 1855 165 74 965 488 0 379 391 0 9 0 0 8 13 0 0 40 29
1550133972 239 113999 1855 165 74 965 488 0 379 391 0 9 0 0 8 13 0 0 40 29
1550341416 239 113999 1855 165 74 965 488 0 379 391 0 9 0 0 8 13 0 0 40 29
1550341910 239 113999 1855 165 74 965 488 0 379 391 0 9 0 0 8 13 0 0 40 29
1550458164 239 113999 1855 165 74 965 488 0 379 391 0 9 0 0 8 13 0 0 40 29
1553223106 239 113999 1855 165 74 965 488 0 379 391 0 9 0 0 8 13 0 0 40 29
1554317847 239 113999 1855 165 74 965 488 0 379 391 0 9 0 0 8 13 0 0 40 29
1555031381 239 113999 1855 165 74 965 488 0 379 391 0 9 0 0 8 13 0 0 40 29
1556070531 239 113999 1855 165 74 965 488 0 379 391 0 9 0 0 8 13 0 0 40 29
1557212526 239 113999 1857 165 74 965 488 0 379 391 0 9 0 0 8 13 0 0 40 29
1567395149 239 113999 1857 165 74 965 488 0 379 391 0 9 0 0 8 13 0 0 40 29
1567398498 239 113999 1857 165 74 965 488 0 379 391 0 9 0 0 8 13 0 0 40 29
1567484202 239 113999 1857 165 74 965 488 0 379 391 0 9 0 0 8 13 0 0 40 29
1567589961 239 113999 1857 165 74 965 488 0 379 391 0 9 0 0 8 13 0 0 40 29
1572283315 239 113999 1857 165 74 965 488 0 379 391 0 9 0 0 8 13 0 0 40 29
1572545516 239 113999 1857 165 74 965 488 0 379 391 0 9 0 0 8 13 0 0 40 29
1572552269 239 113999 1857 165 74 965 488 0 379 391 0 9 0 0 8 13 0 0 40 29
1572558096 239 113999 1857 165 74 965 488 0 379 391 0 9 0 0 8 13 0 0 40 29
1572558133 239 113999 1857 165 74 965 488 0 379 391 0 9 0 0 8 13 0 0 40 29
1572558288 239 113999 1857 165 74 965 488 0 379 391 0 9 0 0 8 13 0 0 40 29
1572558326 239 113999 1857 165 74 965 488 0 379 391 0 9 0 0 8 13 0 0 40 29
1572558724 239 113999 1857 165 74 965 488 0 379 391 0 9 0 0 8 13 0 0 40 29
1572558874 239 113999 1857 165 74 965 488 0 379 391 0 9 0 0 8 13 0 0 40 29
1572558965 239 113999 1857 165 74 965 488 0 379 391 0 9 0 0 8 13 0 0 40 29
1572559231 239 113999 1857 165 74 965 488 0 379 391 0 9 0 0 8 13 0 0 40 29
1572561655 239 113999 1857 165 74 965 488 0 379 391 0 9 0 0 8 13 0 0 40 29
1572561830 239 113999 1857 165 74 965 488 0 379 391 0 9 0 0 8 13 0 0 40 29
1572606101 247 113999 1857 165 74 965 488 0 379 391 0 9 0 0 8 13 0 0 40 29
1572607211 247 113999 1857 165 74 965 488 0 379 391 0 9 1283 0 8 13 0 0 40 29
1572611213 247 113999 1857 165 74 965 488 0 379 391 0 9 1283 0 8 13 0 0 40 29
1572618538 247 113999 1857 165 74 965 488 0 379 391 0 9 1283 0 8 13 0 0 40 29
1572622385 247 113999 1857 165 74 965 488 0 379 391 0 9 1283 0 8 13 0 0 40 29
1572650422 247 113999 1857 165 74 965 488 0 379 391 0 9 1283 0 8 13 0 0 40 29
1572655992 247 113999 1857 165 74 965 488 0 379 391 0 9 1283 0 8 13 0 0 40 29
1572686655 247 113999 1857 165 74 965 488 0 379 391 0 9 1283 0 8 13 0 0 40 29
1572687531 247 113999 1857 165 74 965 488 0 379 391 0 9 1283 0 8 13 0 0 40 29
1572697109 247 113999 1857 165 74 965 488 0 379 391 0 9 1283 0 8 13 0 0 40 29
1572849326 247 113999 1857 165 74 965 488 0 379 391 0 9 1283 0 8 13 0 0 40 29
1572854937 247 113999 1857 165 74 965 488 0 379 391 0 9 1283 0 8 13 0 0 40 29
1572946387 247 113999 1857 165 74 965 488 18 379 391 0 9 1283 0 8 13 0 0 40 29
1572950090 247 113999 1857 165 74 965 488 18 379 391 0 9 1283 0 8 13 0 0 40 29
1573040941 444 113999 1857 165 74 965 488 18 379 391 0 9 1283 0 8 13 0 0 40 29
1573381792 626 113999 1857 165 74 965 488 18 379 391 0 9 1283 0 8 13 0 0 40 29
1573401751 626 113999 1857 165 74 965 488 18 379 391 0 9 1283 177 8 13 0 0 40 29
1574242957 626 113999 1857 165 98 965 488 18 379 391 0 9 1283 177 8 13 0 0 40 29
1574254799 626 113999 1857 165 101 965 488 18 379 391 0 9 1283 177 8 13 0 0 40 29
1574256084 626 113999 1857 165 103 965 488 18 379 391 0 9 1283 177 8 13 0 0 40 29
1575198726 626 113999 1857 165 103 965 488 142 379 391 0 9 1283 177 8 13 0 0 40 29
1575209172 626 113999 1857 165 103 965 488 211 379 391 0 9 1283 177 8 13 0 0 40 29
1575302870 626 113999 1857 165 103 965 488 211 379 391 0 9 1283 177 8 13 0 0 40 29
1575852521 626 113999 1857 165 103 965 488 242 379 391 0 9 1283 177 8 13 0 0 40 29
1576941868 626 113999 1857 165 103 965 488 242 379 391 0 9 1283 177 8 13 0 0 40 29
1577155106 626 113999 1857 165 103 965 488 242 379 391 0 9 1283 177 8 13 0 0 40 29
1578465279 626 113999 1857 165 103 965 488 242 379 391 0 9 1283 177 8 13 0 0 40 29
1578653412 626 113999 1857 165 103 965 488 242 379 391 0 9 1283 177 8 13 0 0 40 29
1579249048 626 113999 1857 165 103 965 488 242 379 391 0 9 1283 177 8 13 0 0 40 29
1581029953 626 113999 1857 165 103 965 488 242 379 391 0 9 1283 177 8 13 0 0 40 29
1585123522 626 113999 1857 165 103 965 488 242 379 391 0 9 1283 177 8 13 0 0 40 29
1585123696 626 113999 1857 165 103 965 488 242 379 391 0 9 1283 177 8 13 0 0 40 29
1585123852 626 113999 1857 165 103 965 488 242 379 391 0 9 1283 177 8 13 0 0 40 29
1585125388 626 113999 1857 165 103 965 488 242 379 391 0 9 1607 177 8 13 0 0 40 29
1585126346 626 113999 1857 165 103 965 488 242 379 391 0 9 1607 177 8 13 0 0 40 29
1587956278 626 113999 1857 165 103 965 488 242 379 391 0 9 1607 177 8 13 0 0 40 29
1587995432 626 113999 1857 165 103 965 488 242 379 391 0 9 1607 177 8 13 0 0 40 29
1588920655 626 113999 1857 165 103 965 488 250 379 391 0 9 1607 177 8 13 0 0 40 29
1589207522 626 113999 1857 165 103 965 488 250 379 391 0 9 1607 177 8 13 0 1 40 29
1589209912 626 113999 1857 165 103 965 488 250 379 391 0 9 1607 177 8 13 0 26 40 29
1589330215 626 113999 1857 165 103 965 488 250 379 391 0 9 1607 177 8 13 0 26 40 29
1598066640 626 113999 1857 165 103 965 488 250 379 391 0 9 1607 177 8 13 0 26 40 29
1598982953 626 113999 1857 165 103 965 488 250 379 391 0 9 1607 177 8 13 0 26 40 29
1600217195 626 113999 1857 165 103 965 488 250 379 391 0 9 1607 177 8 13 0 26 40 29
1600233733 626 113999 1857 165 103 965 488 250 379 391 0 9 1607 177 8 13 0 26 40 29
1600940880 626 113999 1857 165 103 965 488 250 379 391 0 9 1607 177 8 13 0 26 40 29
1601410076 626 113999 1857 165 103 965 488 250 379 391 0 9 1607 177 8 13 0 26 40 29
1601410161 626 113999 1857 165 103 965 488 250 379 391 0 9 1607 177 8 13 0 26 40 29
1601410208 626 113999 1857 165 103 965 488 250 379 391 0 9 1607 177 8 13 0 26 40 29
1601410282 626 113999 1857 165 103 965 488 250 379 391 0 9 1607 177 8 13 0 26 40 29
1601410314 626 113999 1857 165 103 965 488 250 379 391 0 9 1607 177 8 13 0 26 40 29
1601410365 626 113999 1857 165 103 965 488 250 379 391 0 9 1607 177 8 13 0 26 40 29
1601410704 626 113999 1857 165 103 965 488 250 379 391 0 9 1607 177 8 13 0 26 40 29
1601410760 626 113999 1857 165 103 965 488 250 379 391 0 9 1607 177 8 13 0 26 40 29
1601410932 626 113999 1857 165 103 965 488 250 379 391 0 9 1607 177 8 13 0 26 40 29
1601411102 626 113999 1857 165 103 965 488 250 379 391 0 9 1607 177 8 13 0 26 40 29
1601541955 626 113999 1857 165 103 965 488 250 379 391 0 9 1607 177 8 13 0 26 40 29
1601545144 1426 113999 1857 165 103 965 488 250 379 391 0 9 1607 177 8 13 0 26 40 29
1601678976 1426 113999 1857 165 103 965 488 250 379 391 0 9 1607 177 8 13 0 26 40 29
1601679499 1426 113999 1857 165 103 965 488 250 379 391 0 9 1607 177 8 13 0 26 40 29
1601680342 1426 113999 1857 165 103 965 488 250 379 391 0 9 1607 177 8 13 0 26 40 29
1601689943 1426 113999 1857 165 103 965 488 250 379 391 0 9 1607 177 8 13 0 26 40 29
1601711556 1426 113999 1857 165 103 965 488 250 379 391 0 9 1607 177 8 13 0 26 40 29
1602254412 1426 113999 1857 165 103 965 488 290 379 391 0 9 1607 177 8 13 0 26 40 29
1602259571 1426 113999 1857 165 103 965 488 291 379 391 0 9 1607 177 8 13 0 26 40 29
1612847789 1426 113999 1857 165 103 965 488 291 379 391 0 9 1607 177 8 13 0 26 40 29
1613212996 1426 113999 1857 165 103 965 488 291 379 391 0 9 1607 177 8 13 0 26 40 29
1613213215 1426 113999 1857 165 103 965 488 291 379 391 0 9 1607 177 8 13 0 26 40 29
1613213303 1426 113999 1857 165 103 965 488 291 379 391 0 9 1607 177 8 13 0 26 40 29
1613213742 1426 113999 1857 165 103 965 488 291 379 391 0 9 1607 177 8 13 0 26 40 29
1613213827 1426 113999 1857 165 103 965 488 291 379 391 0 9 1607 177 8 13 0 26 40 29
1613214875 1436 113999 1857 165 103 965 488 291 379 391 0 9 1607 177 8 13 0 26 40 29
1613215412 1438 113999 1857 165 103 965 488 291 379 391 0 9 1607 177 8 13 0 26 40 29
1613224346 1444 113999 1857 165 103 965 488 291 379 391 0 9 1607 177 8 13 0 26 40 29
1613802781 1540 113999 1857 165 103 965 488 291 379 391 0 9 1607 177 8 13 0 26 40 29
1614027907 1540 113999 1857 165 103 965 488 291 379 391 0 9 1607 177 8 13 0 26 40 29
1614027923 1540 113999 1857 165 103 965 488 291 379 391 0 9 1607 177 8 13 0 26 40 29
1614028645 1540 113999 1857 165 103 965 488 291 379 391 0 9 1713 177 8 13 0 26 40 29
1614028789 1540 113999 1857 165 103 965 488 291 379 391 0 9 1713 177 8 13 0 26 40 29
1614111982 1543 113999 1857 165 103 965 488 291 379 391 0 9 1713 177 8 13 0 26 40 29
1614184750 1543 113999 1857 165 103 965 488 291 379 391 0 9 1713 177 8 13 0 26 40 29
1614599961 1543 113999 1857 165 104 965 488 291 379 391 0 9 1713 177 8 13 0 26 40 29
1614604988 1543 113999 1857 165 134 965 488 291 379 391 0 9 1713 177 8 13 0 26 40 29
1614675576 1543 113999 1857 165 151 965 488 291 379 391 0 9 1713 177 8 13 0 26 40 29
1617131296 1545 113999 1857 165 151 965 488 291 379 391 0 9 1713 177 8 13 0 26 40 29
1617133312 1569 113999 1857 165 151 965 488 291 379 391 0 9 1713 177 8 13 0 26 40 29
1617135189 1569 113999 1857 165 151 965 488 291 379 391 0 9 1713 177 8 13 0 26 40 29
1617136875 1593 113999 1857 165 151 965 488 291 379 391 0 9 1713 177 8 13 0 26 40 29
1617139000 1599 113999 1857 165 151 965 488 291 379 391 0 9 1713 177 8 13 0 26 40 29
1617139381 1599 113999 1857 165 151 965 488 291 379 391 0 9 1713 177 8 13 0 26 40 29
1617139993 1602 113999 1857 165 151 965 488 291 379 391 0 9 1713 177 8 13 0 26 40 29
1617140868 1603 113999 1857 165 151 965 488 291 379 391 0 9 1713 177 8 13 0 26 40 29
1617141593 1603 113999 1857 165 151 965 488 291 379 391 0 9 1713 177 8 13 0 26 40 29
1617144325 1636 113999 1857 165 151 965 488 291 379 391 0 9 1713 177 8 13 0 26 40 29
1617150199 1711 113999 1857 165 151 965 488 291 379 391 0 9 1713 177 8 13 0 26 40 29
1617176568 1711 113999 1857 165 151 965 488 291 379 391 0 9 1713 177 8 13 0 26 40 29
1617176594 1711 113999 1857 165 151 965 488 291 379 391 0 9 1713 177 8 13 0 26 40 29
1617179559 1711 113999 1857 165 151 965 488 291 379 391 0 9 1713 177 8 13 0 26 40 29
1617179569 1711 113999 1857 165 151 965 488 291 379 391 0 9 1713 177 8 13 0 26 40 29
1617193868 1711 113999 1857 165 230 965 488 291 379 391 0 9 1713 177 8 13 0 26 40 29
1617268879 1711 113999 1857 165 230 965 488 291 379 391 0 9 1713 177 8 13 0 26 40 29
1617319423 1712 113999 1857 165 230 965 488 291 379 391 0 9 1713 177 8 13 0 26 40 29
1617320730 1712 113999 1857 165 230 965 488 291 379 391 0 9 1713 177 8 13 0 26 40 29
1617499053 1712 113999 1857 165 230 965 488 291 379 391 0 9 1713 177 8 13 0 26 40 29
1617710381 1712 113999 1857 165 234 965 488 291 379 391 0 9 1713 177 8 13 0 26 40 29
1617732932 1712 113999 1857 165 234 965 488 291 379 391 0 9 1713 177 8 13 0 26 40 29
1617733334 1712 113999 1857 165 234 965 488 291 379 391 0 9 1713 177 8 13 0 26 40 29
1617788572 1720 113999 1857 165 234 965 488 291 379 391 0 9 1713 177 8 13 0 26 40 29
1617822360 1720 113999 1857 165 234 965 488 291 379 391 0 9 1713 177 8 13 0 26 40 29
1617837377 1720 113999 1857 165 234 965 488 291 379 391 0 9 1713 177 8 13 0 26 40 29
1617837797 1764 113999 1857 165 234 965 488 291 379 391 0 9 1713 177 8 13 0 26 40 29
1617956678 1764 113999 1857 165 234 965 488 291 379 391 0 9 1713 177 8 13 0 26 40 29
1617973596 1764 113999 1857 165 234 965 488 291 379 391 0 9 1713 177 8 13 0 26 40 29
1617994952 1781 113999 1857 165 234 965 488 291 379 391 0 9 1713 177 8 13 0 26 40 29
1618146543 1781 113999 1857 165 234 965 488 291 379 391 0 9 1713 177 8 13 0 26 40 29
1618147257 1781 113999 1857 165 234 965 488 291 379 391 0 9 1713 177 8 13 0 26 40 29
1618214908 1781 113999 1857 165 234 965 488 291 379 391 0 9 1713 177 8 13 0 26 40 29
1618423177 1781 113999 1857 165 234 965 488 291 379 391 0 9 1713 177 8 13 0 26 40 29
1620330783 1786 113999 1857 165 234 965 488 291 379 391 0 9 1713 177 8 13 0 26 40 29
1620428704 1786 113999 1857 165 234 965 488 291 379 391 0 9 1713 177 8 13 0 26 40 29
1620586429 1786 113999 1857 165 238 965 488 291 379 391 0 9 1713 177 8 13 0 26 40 29
1620865448 1786 113999 1857 165 238 965 488 291 379 391 0 9 1713 177 8 13 0 26 40 29
1620991381 1786 113999 1857 165 238 965 488 291 379 391 0 9 1713 177 8 13 0 26 40 29
1621763824 1786 113999 1857 165 238 965 488 291 379 391 0 9 1713 177 8 13 0 26 40 47
1621772612 1786 113999 1857 165 238 965 488 291 379 391 0 9 1713 177 8 13 0 26 40 120
1621798563 1786 113999 1857 165 238 965 488 291 379 391 0 9 1713 177 8 13 0 26 40 120
1623044803 1786 113999 1857 165 238 965 488 291 379 391 0 9 1713 177 8 13 0 26 40 120
1623774164 1790 113999 1857 165 238 965 488 291 379 391 0 9 1713 177 8 13 0 26 40 120
1623774644 1799 113999 1857 165 238 965 488 291 379 391 0 9 1713 177 8 13 0 26 40 120
1623780547 1799 113999 1857 165 238 965 488 291 379 391 0 9 1713 177 8 13 0 26 40 120
1623794134 1802 113999 1857 165 238 965 488 291 379 391 0 9 1713 177 8 13 0 26 40 120
1623796336 1802 113999 1857 165 238 965 488 291 379 391 0 9 1713 177 8 13 0 26 40 120
1623829618 1802 113999 1857 165 238 965 488 291 379 391 0 9 1713 177 8 13 0 26 40 120
1624094937 1802 113999 1857 165 238 965 488 291 379 391 0 9 1713 177 8 13 0 26 40 120
1625083933 1802 113999 1857 165 238 965 488 291 379 391 0 9 1713 177 8 13 0 26 40 120
1625509992 1802 113999 1857 165 238 965 488 291 379 391 0 9 1713 177 8 13 0 26 40 120
1626175241 1808 113999 1857 165 238 965 488 291 379 391 0 9 1713 177 8 13 0 26 40 120
1626182878 1831 113999 1857 165 238 965 488 291 379 391 0 9 1713 177 8 13 0 26 40 120
1626188576 2003 113999 1857 165 238 965 488 291 379 391 0 9 1713 177 8 13 0 26 40 120
1626251865 2003 113999 1857 165 238 965 488 291 379 391 0 9 1713 177 8 13 0 26 40 120
1626251994 2003 113999 1857 165 238 965 488 291 379 391 0 9 1713 177 8 13 0 26 40 120
1626272044 2003 113999 1857 165 238 965 488 291 379 391 0 9 1713 177 8 13 0 26 40 120
1626277783 2003 113999 1857 165 238 965 488 291 379 391 0 9 1713 177 8 13 0 26 40 120
1626282966 2018 113999 1857 165 238 965 488 291 379 391 0 9 1713 177 8 13 0 26 40 120
1626285757 2020 113999 1857 165 238 965 488 291 379 391 0 9 1713 177 8 13 0 26 40 120
1626288454 2020 113999 1857 165 238 965 488 291 379 391 0 9 1713 177 8 13 0 26 40 120
1626295992 2021 113999 1857 165 238 965 488 291 379 391 0 9 1713 177 8 13 0 26 40 120
1626378020 2021 113999 1857 165 238 965 488 291 379 391 0 9 1713 177 8 13 0 26 40 120
1626466747 2276 113999 1857 165 238 965 488 291 379 391 0 9 1713 177 8 13 0 26 40 120
1627043965 2277 113999 1857 165 238 965 488 291 379 391 0 9 1713 177 8 13 0 26 40 120
1627079888 2277 113999 1857 165 238 965 488 291 379 391 0 9 1713 177 8 13 0 26 40 120
1627822323 2284 113999 1857 165 238 965 488 291 379 391 0 9 1713 177 8 13 0 26 40 120
1627834531 2284 113999 1857 165 238 965 488 291 379 391 0 9 1713 177 8 13 0 26 40 120
1628455106 2284 113999 1857 165 238 965 488 291 379 391 0 9 1713 177 8 13 0 26 40 120
1628595391 2284 113999 1857 165 238 965 488 291 379 391 0 9 1713 177 8 13 0 26 40 120
1628757652 2284 113999 1857 165 238 965 488 291 379 391 0 9 1713 177 8 13 0 26 40 120
1628854327 2284 113999 1857 165 238 965 488 291 379 391 0 9 1713 177 8 13 0 26 40 120
1630687906 2284 113999 1857 165 238 965 488 291 379 391 0 9 1713 177 8 13 0 26 40 120
1630690048 2284 113999 1857 165 238 965 488 291 379 391 0 9 1713 177 8 13 0 26 40 120
1632100501 2284 113999 1857 165 238 965 488 291 379 391 0 9 1713 177 8 13 0 26 40 120
1632120554 2284 113999 1857 165 238 965 488 291 379 391 0 9 1713 177 8 13 0 26 40 120
1632421800 2284 113999 1857 165 238 965 488 291 379 391 0 9 1713 177 8 13 0 26 40 120
1633079470 2470 113999 1857 165 238 965 488 291 379 391 0 9 1713 177 8 13 0 26 40 120
1633085416 2470 113999 1857 165 238 965 488 291 379 391 0 9 1713 177 8 13 0 26 40 120
1633613040 2470 113999 1857 165 238 965 488 291 379 391 0 9 1713 177 8 13 0 26 40 120
1633625844 2674 113999 1857 165 244 965 488 291 379 391 0 9 1713 177 8 13 0 26 40 120
1633630318 2674 113999 1857 165 244 965 488 291 379 391 0 9 1713 177 8 13 0 26 40 120
1633724060 2906 113999 1857 165 244 965 488 291 379 391 0 9 1713 177 8 13 0 93 40 120
1633962557 2906 113999 1857 165 244 965 488 291 379 391 0 9 1713 177 8 13 0 93 40 120
1633976111 2913 113999 1857 165 244 965 488 291 379 391 0 9 1713 177 8 13 0 93 40 120
1634026048 2913 113999 1857 165 244 965 488 291 379 391 0 9 1713 177 8 13 0 93 40 120
1634032527 2930 113999 1857 165 244 965 488 291 379 391 0 9 1713 177 8 13 0 93 40 120
1634042594 3250 113999 1857 165 244 965 488 291 379 391 0 9 1713 177 8 13 0 93 40 120
1635541118 3250 113999 1857 165 244 965 488 293 379 391 0 9 1713 177 8 13 0 93 40 120
1635542045 3250 113999 1857 165 244 965 488 293 379 391 0 9 1713 177 8 13 0 93 40 120
1636147176 3250 113999 1857 165 244 965 488 293 379 391 0 9 1713 177 8 13 0 93 40 120
1636147776 3250 113999 1857 165 244 965 488 293 379 391 0 9 1713 177 8 13 0 93 40 120
1636586049 3255 113999 1857 165 244 965 488 293 379 391 0 9 1713 177 8 13 0 93 40 120
1636586700 3282 113999 1857 165 244 965 488 293 379 391 0 9 1713 177 8 13 0 93 40 120
1636587120 3282 113999 1857 165 244 965 488 293 379 391 0 9 1713 177 8 13 0 93 40 120
1636588535 3283 113999 1857 165 244 965 488 293 379 391 0 9 1713 177 8 13 0 93 40 120
1636664185 3284 113999 1857 165 244 965 488 293 379 391 0 9 1713 177 8 13 0 93 40 120
1636664572 3305 113999 1857 165 244 965 488 293 379 391 0 9 1713 177 8 13 0 93 40 120
1636665771 3337 113999 1857 165 244 965 488 293 379 391 0 9 1713 177 8 13 0 93 40 120
1636715207 3337 113999 1857 165 244 965 488 293 379 391 0 9 1713 177 8 13 0 93 40 120
1636800856 3338 113999 1857 165 244 965 488 293 379 391 0 9 1713 177 8 13 0 93 40 120
1636803445 3340 113999 1857 165 244 965 488 293 379 391 0 9 1713 177 8 13 0 93 40 120
1637190093 3343 113999 1857 165 244 965 488 293 379 391 0 9 1713 177 8 13 0 93 40 120
1637220590 3343 113999 1857 165 244 965 488 293 379 391 0 9 1713 177 8 13 0 93 40 120
1637229695 3344 113999 1857 165 244 965 488 293 379 391 0 9 1713 177 8 13 0 93 40 120
1637351813 3375 113999 1857 165 244 965 488 293 379 391 0 9 1713 177 8 13 0 93 40 120
1637352937 3399 113999 1857 165 244 965 488 293 379 391 0 9 1713 177 8 13 0 93 40 120
1637353889 3422 113999 1857 165 244 965 488 293 379 391 0 9 1713 177 8 13 0 93 40 120
1637355666 3424 113999 1857 165 244 965 488 293 379 391 0 9 1713 177 8 13 0 93 40 120
1637356447 3427 113999 1857 165 244 965 488 293 379 391 0 9 1713 177 8 13 0 93 40 120
1637356961 3428 113999 1857 165 244 965 488 293 379 391 0 9 1713 177 8 13 0 93 40 120
1637357403 3429 113999 1857 165 244 965 488 293 379 391 0 9 1713 177 8 13 0 93 40 120
1637358033 3432 113999 1857 165 244 965 488 293 379 391 0 9 1713 177 8 13 0 93 40 120
1637358611 3442 113999 1857 165 244 965 488 293 379 391 0 9 1713 177 8 13 0 93 40 120
1637359121 3444 113999 1857 165 244 965 488 293 379 391 0 9 1713 177 8 13 0 93 40 120
1637360297 3446 113999 1857 165 244 965 488 293 379 391 0 9 1713 177 8 13 0 93 40 120
1637814864 3446 113999 1857 165 244 965 488 293 379 391 0 9 1713 177 8 13 0 93 40 120
1637848291 3918 113999 1857 165 244 965 488 293 379 391 0 9 1713 177 8 13 0 93 40 120
1638815776 3936 113999 1857 165 244 965 488 293 379 391 0 9 1713 177 8 13 0 93 40 120
1638822848 3939 113999 1857 165 244 965 488 293 379 391 0 9 1713 177 8 13 0 93 40 120
1638971436 3939 113999 1857 165 244 965 488 439 379 391 0 9 1713 177 8 13 0 93 40 120
1639043706 3950 113999 1857 165 244 965 488 439 379 391 0 9 1713 177 8 13 0 93 40 120
1639068896 3959 113999 1857 165 244 965 488 439 379 391 0 9 1713 177 8 13 0 93 40 120
1639095904 4006 113999 1857 165 244 965 488 439 379 391 0 9 1713 177 8 13 0 93 40 120
1639412359 4006 113999 1857 165 244 965 488 453 379 391 0 9 1713 177 8 13 0 93 40 120
1639513719 4117 113999 1857 165 244 965 488 453 379 391 0 9 1713 177 8 13 0 93 40 120
1639516114 4428 113999 1857 165 244 965 488 453 379 391 0 9 1713 177 8 13 0 93 40 120
1640080301 4477 113999 1857 165 244 965 488 453 379 391 0 9 1713 177 8 13 0 93 40 120
1640180175 4483 113999 1857 165 244 965 488 453 379 391 0 9 1713 177 8 13 0 93 40 120
1640180852 4500 113999 1857 165 244 965 488 453 379 391 0 9 1713 177 8 13 0 93 40 120
1640205998 4551 113999 1857 165 244 965 488 453 379 391 0 9 1713 177 8 13 0 93 40 120
1640853668 4551 113999 1857 165 244 965 488 453 379 391 3 9 1713 177 8 13 0 93 40 120
1641866923 4552 113999 1857 165 244 965 488 453 379 391 3 9 1713 177 8 13 0 93 40 120
1641903566 4552 113999 1857 165 244 965 488 453 379 391 3 9 1713 177 8 13 0 93 40 120
1642187005 4552 113999 1857 165 244 965 488 453 379 391 3 9 1713 177 8 13 0 93 40 120
1642982400 4552 113999 1857 165 244 965 488 453 379 391 3 9 1713 177 8 13 34 93 40 120
1643743133 4553 113999 1857 165 244 965 488 453 379 391 3 9 1713 177 8 13 34 93 40 120
1644671803 4784 113999 1857 165 244 965 488 453 379 391 3 9 1713 177 8 13 34 93 40 120
1645142400 4784 113999 1857 165 244 965 488 453 379 391 3 9 1713 177 8 13 35 93 40 120
1645228800 4784 113999 1857 165 244 965 488 453 379 391 3 9 1713 177 8 13 46 93 40 120
1645297200 4784 113999 1857 165 244 965 488 453 379 391 3 9 1713 177 8 13 59 93 40 120
1645356666 4784 113999 1857 165 244 965 488 453 379 391 3 9 1713 177 8 13 59 93 40 120
1645356726 4784 113999 1857 165 244 965 488 453 379 391 3 9 1713 177 8 13 59 93 40 120
1646220136 4784 113999 1857 165 290 965 488 453 379 391 3 9 1713 177 8 13 59 93 40 120
1646236236 4784 113999 1857 165 310 965 488 453 379 391 3 9 1713 185 8 13 59 93 40 120
1647442269 4784 113999 1857 165 310 965 488 453 379 391 3 9 1713 185 8 13 59 93 40 120
1648924437 4789 113999 1857 165 310 965 488 453 379 391 3 9 1713 185 8 13 59 93 40 120
1649109807 4789 113999 1857 165 310 965 488 453 379 391 3 9 1713 185 8 13 59 93 40 120
1654883238 4789 113999 1857 165 310 965 488 453 379 391 3 9 1713 185 8 13 59 93 40 120
1655296728 4789 113999 1857 165 310 965 488 453 379 391 3 9 1713 185 8 13 59 93 40 120
1656716598 4789 113999 1857 165 310 965 488 453 379 391 3 9 1713 185 8 13 59 93 40 120
1659343595 4937 113999 1857 165 310 965 488 453 379 391 3 9 1713 185 8 13 59 93 40 120
1659646367 5030 113999 1857 165 310 965 488 453 379 391 3 9 1713 185 8 13 59 93 40 120
1659810803 5030 113999 1857 165 310 965 488 453 379 391 3 9 1713 185 8 13 59 93 40 120
1660310335 5030 113999 1857 165 310 965 488 453 379 391 5 9 1713 185 8 13 59 93 40 120
1660381800 5030 113999 1857 165 310 965 488 453 379 391 40 9 1713 185 8 13 59 93 40 120
1660386033 5030 113999 1857 165 310 965 488 453 379 391 86 9 1713 185 8 13 59 93 40 120
1660386085 5030 113999 1857 165 310 965 488 453 379 391 96 9 1713 185 8 13 59 93 40 120
1660668539 5030 113999 1857 165 310 965 488 453 379 391 96 9 1713 185 8 13 59 93 40 120
1660832063 5071 113999 1857 165 310 965 488 453 379 391 96 9 1713 185 8 13 59 93 40 120
1663062804 5071 113999 1857 165 311 965 488 453 379 391 96 9 1713 185 8 13 59 93 40 120
1663605184 5071 113999 1857 165 311 965 488 453 379 391 96 9 1713 185 8 13 59 93 40 120
1669764120 5071 113999 1857 165 311 965 488 453 379 391 96 9 1713 185 8 13 59 93 40 120
1672592933 5076 113999 1857 165 311 965 488 453 379 391 96 9 1713 185 8 13 59 93 40 120
1672594233 5088 113999 1857 165 311 965 488 453 379 391 96 9 1713 185 8 13 59 93 40 120
1677263126 5103 113999 1857 165 311 965 488 453 379 391 96 9 1713 185 8 13 59 93 40 120
1677266018 5104 113999 1857 165 311 965 488 453 379 391 96 9 1713 185 8 13 59 93 40 120
1677266103 5111 113999 1857 165 311 965 488 453 379 391 96 9 1713 185 8 13 59 93 40 120
1677267586 5117 113999 1857 165 311 965 488 453 379 391 96 9 1713 185 8 13 59 93 40 120
1677267609 5167 113999 1857 165 311 965 488 453 379 391 96 9 1713 185 8 13 59 93 40 120
1677275132 5167 113999 1857 165 311 965 488 453 379 391 96 9 1713 185 8 13 59 93 40 120
1677275735 5167 113999 1857 165 311 965 488 453 379 391 96 9 1713 185 8 13 59 93 40 120
1677493407 5167 113999 1857 165 311 965 488 453 379 391 96 9 1713 185 8 13 59 93 40 120
1677578045 5167 113999 1857 165 311 965 488 453 379 391 96 9 1713 185 8 13 59 93 40 120
1677583609 5808 113999 1857 165 311 965 488 453 379 391 96 9 1713 185 8 13 59 93 40 120
1683718898 5808 113999 1857 165 311 965 488 453 379 391 96 9 1713 185 8 13 59 93 40 120
1685042793 5808 113999 1857 165 311 965 488 453 379 391 96 9 1713 185 8 13 59 93 40 120
1685956092 5808 113999 1857 165 319 965 488 453 379 391 96 9 1713 185 8 13 59 93 40 120
