1644314809 1 0 0 0 0 0 0 0 0 0 0 0 0 0 0 0 0 0 0 0
1644347269 2 0 0 0 0 0 0 0 0 0 0 0 0 0 0 0 0 0 0 0
1644361305 3 0 0 0 0 0 0 0 0 0 0 0 0 0 0 0 0 0 0 0
1644442754 4 0 0 0 0 0 0 0 0 0 0 0 0 0 0 0 0 0 0 0
1644451462 5 0 0 0 0 0 0 0 0 0 0 0 0 0 0 0 0 0 0 0
1644488587 6 0 0 0 0 0 0 0 0 0 0 0 0 0 0 0 0 0 0 0
1644521092 7 0 0 0 0 0 0 0 0 0 0 0 0 0 0 0 0 0 0 0
1644535592 8 0 0 0 0 0 0 0 0 0 0 0 0 0 0 0 0 0 0 0
1644541812 9 0 0 0 0 0 0 0 0 0 0 0 0 0 0 0 0 0 0 0
1644571743 10 0 0 0 0 0 0 0 0 0 0 0 0 0 0 0 0 0 0 0
1644599698 11 0 0 0 0 0 0 0 0 0 0 0 0 0 0 0 0 0 0 0
1644614825 12 0 0 0 0 0 0 0 0 0 0 0 0 0 0 0 0 0 0 0
1644714615 13 0 0 0 0 0 0 0 0 0 0 0 0 0 0 0 0 0 0 0
1644756014 14 0 0 0 0 0 0 0 0 0 0 0 0 0 0 0 0 0 0 0
1644757337 15 0 0 0 0 0 0 0 0 0 0 0 0 0 0 0 0 0 0 0
1644761746 16 0 0 0 0 0 0 0 0 0 0 0 0 0 0 0 0 0 0 0
1644816281 17 0 0 0 0 0 0 0 0 0 0 0 0 0 0 0 0 0 0 0
1644834097 18 0 0 0 0 0 0 0 0 0 0 0 0 0 0 0 0 0 0 0
1644839927 19 0 0 0 0 0 0 0 0 0 0 0 0 0 0 0 0 0 0 0
1644858911 20 0 0 0 0 0 0 0 0 0 0 0 0 0 0 0 0 0 0 0
1644944979 21 0 0 0 0 0 0 0 0 0 0 0 0 0 0 0 0 0 0 0
1644956046 22 0 0 0 0 0 0 0 0 0 0 0 0 0 0 0 0 0 0 0
1644956073 23 0 0 0 0 0 0 0 0 0 0 0 0 0 0 0 0 0 0 0
1644962414 24 0 0 0 0 0 0 0 0 0 0 0 0 0 0 0 0 0 0 0
1644962647 25 0 0 0 0 0 0 0 0 0 0 0 0 0 0 0 0 0 0 0
1644964611 26 0 0 0 0 0 0 0 0 0 0 0 0 0 0 0 0 0 0 0
1644968137 27 0 0 0 0 0 0 0 0 0 0 0 0 0 0 0 0 0 0 0
1644968150 28 0 0 0 0 0 0 0 0 0 0 0 0 0 0 0 0 0 0 0
1645014364 29 0 0 0 0 0 0 0 0 0 0 0 0 0 0 0 0 0 0 0
1645039998 30 0 0 0 0 0 0 0 0 0 0 0 0 0 0 0 0 0 0 0
1645045696 31 0 0 0 0 0 0 0 0 0 0 0 0 0 0 0 0 0 0 0
1645045707 32 0 0 0 0 0 0 0 0 0 0 0 0 0 0 0 0 0 0 0
1645046749 33 0 0 0 0 0 0 0 0 0 0 0 0 0 0 0 0 0 0 0
1645093252 34 0 0 0 0 0 0 0 0 0 0 0 0 0 0 0 0 0 0 0
1645133036 35 0 0 0 0 0 0 0 0 0 0 0 0 0 0 0 0 0 0 0
1645193194 39 0 0 0 0 0 0 0 0 0 0 0 0 0 0 0 0 0 0 0
1645193624 40 0 0 0 0 0 0 0 0 0 0 0 0 0 0 0 0 0 0 0
1645195057 41 0 0 0 0 0 0 0 0 0 0 0 0 0 0 0 0 0 0 0
1645195084 42 0 0 0 0 0 0 0 0 0 0 0 0 0 0 0 0 0 0 0
1645220165 43 0 0 0 0 0 0 0 0 0 0 0 0 0 0 0 0 0 0 0
1645227048 44 0 0 0 0 0 0 0 0 0 0 0 0 0 0 0 0 0 0 0
1645313815 45 0 0 0 0 0 0 0 0 0 0 0 0 0 0 0 0 0 0 0
1645357496 46 0 0 0 0 0 0 0 0 0 0 0 0 0 0 0 0 0 0 0
1645365135 47 0 0 0 0 0 0 0 0 0 0 0 0 0 0 0 0 0 0 0
1645391803 48 0 0 0 0 0 0 0 0 0 0 0 0 0 0 0 0 0 0 0
1645400948 49 0 0 0 0 0 0 0 0 0 0 0 0 0 0 0 0 0 0 0
1645405189 50 0 0 0 0 0 0 0 0 0 0 0 0 0 0 0 0 0 0 0
1645436849 51 0 0 0 0 0 0 0 0 0 0 0 0 0 0 0 0 0 0 0
1645472657 51 0 0 0 1 0 0 0 0 0 0 0 0 0 0 0 0 0 0 0
1645487879 52 0 0 0 1 0 0 0 0 0 0 0 0 0 0 0 0 0 0 0
1645518411 54 0 0 0 1 0 0 0 0 0 0 0 0 0 0 0 0 0 0 0
1645563161 55 0 0 0 1 0 0 0 0 0 0 0 0 0 0 0 0 0 0 0
1645570619 56 0 0 0 1 0 0 0 0 0 0 0 0 0 0 0 0 0 0 0
1645662132 57 0 0 0 1 0 0 0 0 0 0 0 0 0 0 0 0 0 0 0
1645737403 58 0 0 0 1 0 0 0 0 0 0 0 0 0 0 0 0 0 0 0
1645739574 59 0 0 0 1 0 0 0 0 0 0 0 0 0 0 0 0 0 0 0
1645791073 60 0 0 0 1 0 0 0 0 0 0 0 0 0 0 0 0 0 0 0
1645814277 61 0 0 0 1 0 0 0 0 0 0 0 0 0 0 0 0 0 0 0
1645822137 62 0 0 0 1 0 0 0 0 0 0 0 0 0 0 0 0 0 0 0
1645956251 63 0 0 0 1 0 0 0 0 0 0 0 0 0 0 0 0 0 0 0
1646041958 64 0 0 0 1 0 0 0 0 0 0 0 0 0 0 0 0 0 0 0
1646043697 65 0 0 0 1 0 0 0 0 0 0 0 0 0 0 0 0 0 0 0
1646055450 66 0 0 0 1 0 0 0 0 0 0 0 0 0 0 0 0 0 0 0
1646062221 67 0 0 0 1 0 0 0 0 0 0 0 0 0 0 0 0 0 0 0
1646082095 67 0 0 0 2 0 0 0 0 0 0 0 0 0 0 0 0 0 0 0
1646218864 68 0 0 0 2 0 0 0 0 0 0 0 0 0 0 0 0 0 0 0
1646225580 69 0 0 0 2 0 0 0 0 0 0 0 0 0 0 0 0 0 0 0
1646225941 70 0 0 0 2 0 0 0 0 0 0 0 0 0 0 0 0 0 0 0
1646322306 71 0 0 0 2 0 0 0 0 0 0 0 0 0 0 0 0 0 0 0
1646322342 72 0 0 0 2 0 0 0 0 0 0 0 0 0 0 0 0 0 0 0
1646324641 73 0 0 0 2 0 0 0 0 0 0 0 0 0 0 0 0 0 0 0
1646325127 74 0 0 0 2 0 0 0 0 0 0 0 0 0 0 0 0 0 0 0
1646340006 75 0 0 0 2 0 0 0 0 0 0 0 0 0 0 0 0 0 0 0
1646343609 76 0 0 0 2 0 0 0 0 0 0 0 0 0 0 0 0 0 0 0
1646373530 77 0 0 0 2 0 0 0 0 0 0 0 0 0 0 0 0 0 0 0
1646741252 78 0 0 0 2 0 0 0 0 0 0 0 0 0 0 0 0 0 0 0
1646741274 79 0 0 0 2 0 0 0 0 0 0 0 0 0 0 0 0 0 0 0
1646741295 80 0 0 0 2 0 0 0 0 0 0 0 0 0 0 0 0 0 0 0
1646912485 81 0 0 0 2 0 0 0 0 0 0 0 0 0 0 0 0 0 0 0
1646914459 82 0 0 0 2 0 0 0 0 0 0 0 0 0 0 0 0 0 0 0
1646926489 83 0 0 0 2 0 0 0 0 0 0 0 0 0 0 0 0 0 0 0
1647276063 84 0 0 0 2 0 0 0 0 0 0 0 0 0 0 0 0 0 0 0
1647528831 85 0 0 0 2 0 0 0 0 0 0 0 0 0 0 0 0 0 0 0
1647529458 85 0 0 0 2 0 0 0 0 0 0 0 0 0 0 0 0 0 0 0
1647529511 85 0 0 0 3 0 0 0 0 0 0 0 0 0 0 0 0 0 0 0
1647558563 86 0 0 0 3 0 0 0 0 0 0 0 0 0 0 0 0 0 0 0
1647592651 87 0 0 0 3 0 0 0 0 0 0 0 0 0 0 0 0 0 0 0
1647593282 87 0 0 0 3 0 1 0 0 0 0 0 0 0 0 0 0 0 0 0
1647613209 88 0 0 0 3 0 1 0 0 0 0 0 0 0 0 0 0 0 0 0
1647620926 89 0 0 0 3 0 1 0 0 0 0 0 0 0 0 0 0 0 0 0
1647638066 90 0 0 0 3 0 1 0 0 0 0 0 0 0 0 0 0 0 0 0
1647896655 91 0 0 0 3 0 1 0 0 0 0 0 0 0 0 0 0 0 0 0
1647896669 92 0 0 0 3 0 1 0 0 0 0 0 0 0 0 0 0 0 0 0
1648067558 93 0 0 0 3 0 1 0 0 0 0 0 0 0 0 0 0 0 0 0
1648208099 93 0 0 0 3 0 1 0 0 0 0 0 0 0 1 0 0 0 0 0
1648226345 93 0 0 0 3 0 1 0 0 0 0 0 0 0 2 0 0 0 0 0
1648581972 94 0 0 0 3 0 1 0 0 0 0 0 0 0 2 0 0 0 0 0
1648582650 95 0 0 0 3 0 1 0 0 0 0 0 0 0 2 0 0 0 0 0
1648583260 96 0 0 0 3 0 1 0 0 0 0 0 0 0 2 0 0 0 0 0
1648583382 97 0 0 0 3 0 1 0 0 0 0 0 0 0 2 0 0 0 0 0
1648587406 98 0 0 0 3 0 1 0 0 0 0 0 0 0 2 0 0 0 0 0
1648591197 99 0 0 0 3 0 1 0 0 0 0 0 0 0 2 0 0 0 0 0
1648632328 100 0 0 0 3 0 1 0 0 0 0 0 0 0 2 0 0 0 0 0
1648637833 101 0 0 0 3 0 1 0 0 0 0 0 0 0 2 0 0 0 0 0
1648638376 102 0 0 0 3 0 1 0 0 0 0 0 0 0 2 0 0 0 0 0
1648742881 102 0 0 0 4 0 1 0 0 0 0 0 0 0 2 0 0 0 0 0
1648924150 103 0 0 0 4 0 1 0 0 0 0 0 0 0 2 0 0 0 0 0
1648924408 104 0 0 0 4 0 1 0 0 0 0 0 0 0 2 0 0 0 0 0
1648924496 105 0 0 0 4 0 1 0 0 0 0 0 0 0 2 0 0 0 0 0
1648934766 106 0 0 0 4 0 1 0 0 0 0 0 0 0 2 0 0 0 0 0
1648935992 108 0 0 0 4 0 1 0 0 0 0 0 0 0 2 0 0 0 0 0
1649322949 108 0 0 0 4 0 1 0 0 0 0 0 0 0 2 0 0 0 0 0
1649507157 109 0 0 0 4 0 1 0 0 0 0 0 0 0 2 0 0 0 0 0
1649539718 110 0 0 0 4 0 1 0 0 0 0 0 0 0 2 0 0 0 0 0
1649884426 111 0 0 0 4 0 1 0 0 0 0 0 0 0 2 0 0 0 0 0
1649929266 112 0 0 0 4 0 1 0 0 0 0 0 0 0 2 0 0 0 0 0
1649929304 113 0 0 0 4 0 1 0 0 0 0 0 0 0 2 0 0 0 0 0
1650615821 114 0 0 0 4 0 1 0 0 0 0 0 0 0 2 0 0 0 0 0
1650616033 115 0 0 0 4 0 1 0 0 0 0 0 0 0 2 0 0 0 0 0
1651259484 116 0 0 0 4 0 1 0 0 0 0 0 0 0 2 0 0 0 0 0
1651259938 117 0 0 0 4 0 1 0 0 0 0 0 0 0 2 0 0 0 0 0
1651305165 118 0 0 0 4 0 1 0 0 0 0 0 0 0 2 0 0 0 0 0
1651307691 119 0 0 0 4 0 1 0 0 0 0 0 0 0 2 0 0 0 0 0
1651429736 120 0 0 0 4 0 1 0 0 0 0 0 0 0 2 0 0 0 0 0
1651429954 124 0 0 0 4 0 1 0 0 0 0 0 0 0 2 0 0 0 0 0
1651431729 125 0 0 0 4 0 1 0 0 0 0 0 0 0 2 0 0 0 0 0
1651432882 126 0 0 0 4 0 1 0 0 0 0 0 0 0 2 0 0 0 0 0
1651436252 127 0 0 0 4 0 1 0 0 0 0 0 0 0 2 0 0 0 0 0
1651495812 128 0 0 0 4 0 1 0 0 0 0 0 0 0 2 0 0 0 0 0
1651849098 129 0 0 0 4 0 1 0 0 0 0 0 0 0 2 0 0 0 0 0
1651867790 130 0 0 0 4 0 1 0 0 0 0 0 0 0 2 0 0 0 0 0
1651935127 131 0 0 0 4 0 1 0 0 0 0 0 0 0 2 0 0 0 0 0
1652095186 132 0 0 0 4 0 1 0 0 0 0 0 0 0 2 0 0 0 0 0
1652133160 133 0 0 0 4 0 1 0 0 0 0 0 0 0 2 0 0 0 0 0
1652262640 134 0 0 0 4 0 1 0 0 0 0 0 0 0 2 0 0 0 0 0
1652432463 135 0 0 0 4 0 1 0 0 0 0 0 0 0 2 0 0 0 0 0
1652436726 136 0 0 0 4 0 1 0 0 0 0 0 0 0 2 0 0 0 0 0
1652449357 137 0 0 0 4 0 1 0 0 0 0 0 0 0 2 0 0 0 0 0
1652449551 138 0 0 0 4 0 1 0 0 0 0 0 0 0 2 0 0 0 0 0
1652454808 139 0 0 0 4 0 1 0 0 0 0 0 0 0 2 0 0 0 0 0
1652602017 140 0 0 0 4 0 1 0 0 0 0 0 0 0 2 0 0 0 0 0
1652784417 141 0 0 0 4 0 1 0 0 0 0 0 0 0 2 0 0 0 0 0
1652785177 141 0 0 0 4 0 1 1 0 0 0 0 0 0 2 0 0 0 0 0
1653379584 143 0 0 0 4 0 1 1 0 0 0 0 0 0 2 0 0 0 0 0
1653600646 144 0 0 0 4 0 1 1 0 0 0 0 0 0 2 0 0 0 0 0
1653603035 145 0 0 0 4 0 1 1 0 0 0 0 0 0 2 0 0 0 0 0
1653858312 146 0 0 0 4 0 1 1 0 0 0 0 0 0 2 0 0 0 0 0
1653895686 148 0 0 0 4 0 1 1 0 0 0 0 0 0 2 0 0 0 0 0
1654774530 149 0 0 0 4 0 1 1 0 0 0 0 0 0 2 0 0 0 0 0
1655458377 149 0 0 0 4 0 1 2 0 0 0 0 0 0 2 0 0 0 0 0
1656782132 150 0 0 0 4 0 1 2 0 0 0 0 0 0 2 0 0 0 0 0
1657712502 151 0 0 0 4 0 1 2 0 0 0 0 0 0 2 0 0 0 0 0
1657831607 152 0 0 0 4 0 1 2 0 0 0 0 0 0 2 0 0 0 0 0
1660896674 152 0 0 0 4 0 1 2 0 0 0 0 0 1 2 0 0 0 0 0
1660950329 152 0 0 0 4 0 1 2 0 0 0 0 0 2 2 0 0 0 0 0
1661284590 153 0 0 0 4 0 1 2 0 0 0 0 0 2 2 0 0 0 0 0
1661285819 154 0 0 0 4 0 1 2 0 0 0 0 0 2 2 0 0 0 0 0
1662514729 154 1 0 0 4 0 1 2 0 0 0 0 0 2 2 0 0 0 0 0
1663684079 154 2 0 0 4 0 1 2 0 0 0 0 0 2 2 0 0 0 0 0
1664379363 154 2 0 0 4 1 1 2 0 0 0 0 0 2 2 0 0 0 0 0
1664435621 154 3 0 0 4 1 1 2 0 0 0 0 0 2 2 0 0 0 0 0
1665562427 154 3 0 0 4 2 1 2 0 0 0 0 0 2 2 0 0 0 0 0
1665562460 154 3 0 0 4 2 1 2 0 0 0 0 1 2 2 0 0 0 0 0
1665565448 155 3 0 0 4 2 1 2 0 0 0 0 1 2 2 0 0 0 0 0
1665570501 156 3 0 0 4 2 1 2 0 0 0 0 1 2 2 0 0 0 0 0
1665570872 157 3 0 0 4 2 1 2 0 0 0 0 1 2 2 0 0 0 0 0
1665586251 158 3 0 0 4 2 1 2 0 0 0 0 1 2 2 0 0 0 0 0
1665600898 159 3 0 0 4 2 1 2 0 0 0 0 1 2 2 0 0 0 0 0
1665690769 160 3 0 0 4 2 1 2 0 0 0 0 1 2 2 0 0 0 0 0
1665692492 161 3 0 0 4 2 1 2 0 0 0 0 1 2 2 0 0 0 0 0
1665694339 162 3 0 0 4 2 1 2 0 0 0 0 1 2 2 0 0 0 0 0
1665731416 163 3 0 0 4 2 1 2 0 0 0 0 1 2 2 0 0 0 0 0
1665731840 164 3 0 0 4 2 1 2 0 0 0 0 1 2 2 0 0 0 0 0
1665748004 164 3 0 0 4 2 1 2 0 0 0 0 2 2 2 0 0 0 0 0
1665748053 166 3 0 0 4 2 1 2 0 0 0 0 2 2 2 0 0 0 0 0
1665757292 167 3 0 0 4 2 1 2 0 0 0 0 2 2 2 0 0 0 0 0
1665760135 168 3 0 0 4 2 1 2 0 0 0 0 2 2 2 0 0 0 0 0
1665774343 169 3 0 0 4 2 1 2 0 0 0 0 2 2 2 0 0 0 0 0
1665775892 170 3 0 0 4 2 1 2 0 0 0 0 2 2 2 0 0 0 0 0
1665776120 171 3 0 0 4 2 1 2 0 0 0 0 2 2 2 0 0 0 0 0
1665776310 172 3 0 0 4 2 1 2 0 0 0 0 2 2 2 0 0 0 0 0
1665931477 173 3 0 0 4 2 1 2 0 0 0 0 2 2 2 0 0 0 0 0
1666170843 173 3 0 0 4 2 1 2 0 0 0 0 2 2 2 0 0 0 1 0
1666172876 174 3 0 0 4 2 1 2 0 0 0 0 2 2 2 0 0 0 1 0
1666269118 174 3 0 0 4 2 1 2 0 0 0 0 2 2 2 0 0 0 1 0
1666269717 175 3 0 0 4 2 1 2 0 0 0 0 2 2 2 0 0 0 1 0
1666281710 176 3 0 0 4 2 1 2 0 0 0 0 2 2 2 0 0 0 1 0
1666282276 177 3 0 0 4 2 1 2 0 0 0 0 2 2 2 0 0 0 1 0
1666292628 178 3 0 0 4 2 1 2 0 0 0 0 2 2 2 0 0 0 1 0
1666293088 179 3 0 0 4 2 1 2 0 0 0 0 2 2 2 0 0 0 1 0
1666294226 180 3 0 0 4 2 1 2 0 0 0 0 2 2 2 0 0 0 1 0
1666295313 181 3 0 0 4 2 1 2 0 0 0 0 2 2 2 0 0 0 1 0
1666296734 182 3 0 0 4 2 1 2 0 0 0 0 2 2 2 0 0 0 1 0
1666301099 183 3 0 0 4 2 1 2 0 0 0 0 2 2 2 0 0 0 1 0
1666301262 184 3 0 0 4 2 1 2 0 0 0 0 2 2 2 0 0 0 1 0
1666303727 185 3 0 0 4 2 1 2 0 0 0 0 2 2 2 0 0 0 1 0
1666341148 186 3 0 0 4 2 1 2 0 0 0 0 2 2 2 0 0 0 1 0
1666357703 187 3 0 0 4 2 1 2 0 0 0 0 2 2 2 0 0 0 1 0
1666360286 188 3 0 0 4 2 1 2 0 0 0 0 2 2 2 0 0 0 1 0
1666387224 189 3 0 0 4 2 1 2 0 0 0 0 2 2 2 0 0 0 1 0
1666389475 190 3 0 0 4 2 1 2 0 0 0 0 2 2 2 0 0 0 1 0
1666596541 191 3 0 0 4 2 1 2 0 0 0 0 2 2 2 0 0 0 1 0
1666596725 192 3 0 0 4 2 1 2 0 0 0 0 2 2 2 0 0 0 1 0
1666602954 192 4 0 0 4 2 1 2 0 0 0 0 2 2 2 0 0 0 1 0
1666604054 193 4 0 0 4 2 1 2 0 0 0 0 2 2 2 0 0 0 1 0
1666604064 194 4 0 0 4 2 1 2 0 0 0 0 2 2 2 0 0 0 1 0
1666622484 195 4 0 0 4 2 1 2 0 0 0 0 2 2 2 0 0 0 1 0
1666640764 196 4 0 0 4 2 1 2 0 0 0 0 2 2 2 0 0 0 1 0
1666709307 197 4 0 0 4 2 1 2 0 0 0 0 2 2 2 0 0 0 1 0
1666726780 198 4 0 0 4 2 1 2 0 0 0 0 2 2 2 0 0 0 1 0
1666732669 199 4 0 0 4 2 1 2 0 0 0 0 2 2 2 0 0 0 1 0
1666733253 200 4 0 0 4 2 1 2 0 0 0 0 2 2 2 0 0 0 1 0
1666733652 201 4 0 0 4 2 1 2 0 0 0 0 2 2 2 0 0 0 1 0
1666734362 202 4 0 0 4 2 1 2 0 0 0 0 2 2 2 0 0 0 1 0
1666809678 203 4 0 0 4 2 1 2 0 0 0 0 2 2 2 0 0 0 1 0
1666810779 204 4 0 0 4 2 1 2 0 0 0 0 2 2 2 0 0 0 1 0
1666856999 205 4 0 0 4 2 1 2 0 0 0 0 2 2 2 0 0 0 1 0
1666875402 206 4 0 0 4 2 1 2 0 0 0 0 2 2 2 0 0 0 1 0
1666884622 207 4 0 0 4 2 1 2 0 0 0 0 2 2 2 0 0 0 1 0
1666884977 208 4 0 0 4 2 1 2 0 0 0 0 2 2 2 0 0 0 1 0
1666885391 209 4 0 0 4 2 1 2 0 0 0 0 2 2 2 0 0 0 1 0
1666885874 210 4 0 0 4 2 1 2 0 0 0 0 2 2 2 0 0 0 1 0
1666887336 211 4 0 0 4 2 1 2 0 0 0 0 2 2 2 0 0 0 1 0
1666898570 212 4 0 0 4 2 1 2 0 0 0 0 2 2 2 0 0 0 1 0
1666906899 213 4 0 0 4 2 1 2 0 0 0 0 2 2 2 0 0 0 1 0
1666907558 214 4 0 0 4 2 1 2 0 0 0 0 2 2 2 0 0 0 1 0
1666909271 215 4 0 0 4 2 1 2 0 0 0 0 2 2 2 0 0 0 1 0
1666940624 216 4 0 0 4 2 1 2 0 0 0 0 2 2 2 0 0 0 1 0
1667314073 217 4 0 0 4 2 1 2 0 0 0 0 2 2 2 0 0 0 1 0
1667379164 218 4 0 0 4 2 1 2 0 0 0 0 2 2 2 0 0 0 1 0
1667403461 219 4 0 0 4 2 1 2 0 0 0 0 2 2 2 0 0 0 1 0
1667405356 220 4 0 0 4 2 1 2 0 0 0 0 2 2 2 0 0 0 1 0
1667406053 221 4 0 0 4 2 1 2 0 0 0 0 2 2 2 0 0 0 1 0
1667406707 222 4 0 0 4 2 1 2 0 0 0 0 2 2 2 0 0 0 1 0
1667423202 223 4 0 0 4 2 1 2 0 0 0 0 2 2 2 0 0 0 1 0
1667485624 224 4 0 0 4 2 1 2 0 0 0 0 2 2 2 0 0 0 1 0
1667502723 225 4 0 0 4 2 1 2 0 0 0 0 2 2 2 0 0 0 1 0
1667507207 226 4 0 0 4 2 1 2 0 0 0 0 2 2 2 0 0 0 1 0
1667508929 227 4 0 0 4 2 1 2 0 0 0 0 2 2 2 0 0 0 1 0
1667512556 228 4 0 0 4 2 1 2 0 0 0 0 2 2 2 0 0 0 1 0
1667579149 228 5 0 0 4 2 1 2 0 0 0 0 2 2 2 0 0 0 1 0
1667590037 229 5 0 0 4 2 1 2 0 0 0 0 2 2 2 0 0 0 1 0
1667597278 230 5 0 0 4 2 1 2 0 0 0 0 2 2 2 0 0 0 1 0
1667659676 231 5 0 0 4 2 1 2 0 0 0 0 2 2 2 0 0 0 1 0
1667670925 232 5 0 0 4 2 1 2 0 0 0 0 2 2 2 0 0 0 1 0
1667684593 233 5 0 0 4 2 1 2 0 0 0 0 2 2 2 0 0 0 1 0
1667770627 234 5 0 0 4 2 1 2 0 0 0 0 2 2 2 0 0 0 1 0
1668025615 235 5 0 0 4 2 1 2 0 0 0 0 2 2 2 0 0 0 1 0
1668082291 236 5 0 0 4 2 1 2 0 0 0 0 2 2 2 0 0 0 1 0
1668086993 237 5 0 0 4 2 1 2 0 0 0 0 2 2 2 0 0 0 1 0
1668087009 238 5 0 0 4 2 1 2 0 0 0 0 2 2 2 0 0 0 1 0
1668528029 239 5 0 0 4 2 1 2 0 0 0 0 2 2 2 0 0 0 1 0
1669105789 240 5 0 0 4 2 1 2 0 0 0 0 2 2 2 0 0 0 1 0
1669107232 241 5 0 0 4 2 1 2 0 0 0 0 2 2 2 0 0 0 1 0
1669107602 242 5 0 0 4 2 1 2 0 0 0 0 2 2 2 0 0 0 1 0
1669207178 243 5 0 0 4 2 1 2 0 0 0 0 2 2 2 0 0 0 1 0
1669207297 244 5 0 0 4 2 1 2 0 0 0 0 2 2 2 0 0 0 1 0
1669922420 244 5 0 1 4 2 1 2 0 0 0 0 2 2 2 0 0 0 1 0
1669923068 244 5 0 2 4 2 1 2 0 0 0 0 2 2 2 0 0 0 1 0
1669933908 244 5 0 3 4 2 1 2 0 0 0 0 2 2 2 0 0 0 1 0
1669942930 245 5 0 3 4 2 1 2 0 0 0 0 2 2 2 0 0 0 1 0
1669986960 246 5 0 3 4 2 1 2 0 0 0 0 2 2 2 0 0 0 1 0
1670251798 246 5 0 4 4 2 1 2 0 0 0 0 2 2 2 0 0 0 1 0
1670253235 247 5 0 4 4 2 1 2 0 0 0 0 2 2 2 0 0 0 1 0
1670253635 248 5 0 4 4 2 1 2 0 0 0 0 2 2 2 0 0 0 1 0
1670284447 248 5 0 4 4 2 1 2 0 0 0 0 2 2 2 0 0 0 1 0
1670563650 249 5 0 4 4 2 1 2 0 0 0 0 2 2 2 0 0 0 1 0
1672324192 249 5 0 4 4 2 1 2 0 0 0 0 2 2 2 0 0 0 1 0
1672325068 250 5 0 4 4 2 1 2 0 0 0 0 2 2 2 0 0 0 1 0
1672734661 250 5 0 4 4 2 1 2 0 0 0 1 2 2 2 0 0 0 1 0
1672781992 251 5 0 4 4 2 1 2 0 0 0 1 2 2 2 0 0 0 1 0
1672782521 252 5 0 4 4 2 1 2 0 0 0 1 2 2 2 0 0 0 1 0
1672783055 253 5 0 4 4 2 1 2 0 0 0 1 2 2 2 0 0 0 1 0
1673218009 254 5 0 4 4 2 1 2 0 0 0 1 2 2 2 0 0 0 1 0
1673220851 255 5 0 4 4 2 1 2 0 0 0 1 2 2 2 0 0 0 1 0
1673350248 256 5 0 4 4 2 1 2 0 0 0 1 2 2 2 0 0 0 1 0
1673350294 257 5 0 4 4 2 1 2 0 0 0 1 2 2 2 0 0 0 1 0
1673353085 257 5 0 4 4 2 1 2 0 0 0 2 2 2 2 0 0 0 1 0
1673801753 258 5 0 4 4 2 1 2 0 0 0 2 2 2 2 0 0 0 1 0
1674211312 259 5 0 4 4 2 1 2 0 0 0 2 2 2 2 0 0 0 1 0
1674296066 260 5 0 4 4 2 1 2 0 0 0 2 2 2 2 0 0 0 1 0
1674296112 261 5 0 4 4 2 1 2 0 0 0 2 2 2 2 0 0 0 1 0
1674296224 262 5 0 4 4 2 1 2 0 0 0 2 2 2 2 0 0 0 1 0
1674296364 263 5 0 4 4 2 1 2 0 0 0 2 2 2 2 0 0 0 1 0
1674306579 264 5 0 4 4 2 1 2 0 0 0 2 2 2 2 0 0 0 1 0
1674769218 264 5 0 4 4 2 1 2 0 0 0 2 2 2 2 0 0 0 1 0
1674769442 264 5 0 4 4 2 1 2 0 0 0 2 2 2 2 0 0 0 1 0
1674774566 267 5 0 4 4 2 1 2 0 0 0 2 2 2 2 0 0 0 1 0
1675161607 268 5 0 4 4 2 1 2 0 0 0 2 2 2 2 0 0 0 1 0
1675161713 269 5 0 4 4 2 1 2 0 0 0 2 2 2 2 0 0 0 1 0
1675189997 270 5 0 4 4 2 1 2 0 0 0 2 2 2 2 0 0 0 1 0
1675190035 271 5 0 4 4 2 1 2 0 0 0 2 2 2 2 0 0 0 1 0
1675190062 272 5 0 4 4 2 1 2 0 0 0 2 2 2 2 0 0 0 1 0
1675248998 273 5 0 4 4 2 1 2 0 0 0 2 2 2 2 0 0 0 1 0
1675318439 274 5 0 4 4 2 1 2 0 0 0 2 2 2 2 0 0 0 1 0
1675328255 275 5 0 4 4 2 1 2 0 0 0 2 2 2 2 0 0 0 1 0
1675328311 276 5 0 4 4 2 1 2 0 0 0 2 2 2 2 0 0 0 1 0
1675423420 277 5 0 4 4 2 1 2 0 0 0 2 2 2 2 0 0 0 1 0
1675423477 278 5 0 4 4 2 1 2 0 0 0 2 2 2 2 0 0 0 1 0
1675423565 279 5 0 4 4 2 1 2 0 0 0 2 2 2 2 0 0 0 1 0
1675770566 280 5 0 4 4 2 1 2 0 0 0 2 2 2 2 0 0 0 1 0
1675813397 281 5 0 4 4 2 1 2 0 0 0 2 2 2 2 0 0 0 1 0
1675813457 282 5 0 4 4 2 1 2 0 0 0 2 2 2 2 0 0 0 1 0
1675813575 283 5 0 4 4 2 1 2 0 0 0 2 2 2 2 0 0 0 1 0
1675813634 284 5 0 4 4 2 1 2 0 0 0 2 2 2 2 0 0 0 1 0
1675813726 285 5 0 4 4 2 1 2 0 0 0 2 2 2 2 0 0 0 1 0
1675813756 286 5 0 4 4 2 1 2 0 0 0 2 2 2 2 0 0 0 1 0
1675813791 287 5 0 4 4 2 1 2 0 0 0 2 2 2 2 0 0 0 1 0
1675813839 288 5 0 4 4 2 1 2 0 0 0 2 2 2 2 0 0 0 1 0
1675813876 289 5 0 4 4 2 1 2 0 0 0 2 2 2 2 0 0 0 1 0
1675813910 290 5 0 4 4 2 1 2 0 0 0 2 2 2 2 0 0 0 1 0
1675889475 292 5 0 4 4 2 1 2 0 0 0 2 2 2 2 0 0 0 1 0
1675939915 293 5 0 4 4 2 1 2 0 0 0 2 2 2 2 0 0 0 1 0
1676019555 294 5 0 4 4 2 1 2 0 0 0 2 2 2 2 0 0 0 1 0
1676019581 295 5 0 4 4 2 1 2 0 0 0 2 2 2 2 0 0 0 1 0
1676019647 296 5 0 4 4 2 1 2 0 0 0 2 2 2 2 0 0 0 1 0
1676059758 297 5 0 4 4 2 1 2 0 0 0 2 2 2 2 0 0 0 1 0
1676157512 298 5 0 4 4 2 1 2 0 0 0 2 2 2 2 0 0 0 1 0
1676367793 299 5 0 4 4 2 1 2 0 0 0 2 2 2 2 0 0 0 1 0
1676451919 300 5 0 4 4 2 1 2 0 0 0 2 2 2 2 0 0 0 1 0
1676453771 301 5 0 4 4 2 1 2 0 0 0 2 2 2 2 0 0 0 1 0
1676466887 302 5 0 4 4 2 1 2 0 0 0 2 2 2 2 0 0 0 1 0
1676469608 303 5 0 4 4 2 1 2 0 0 0 2 2 2 2 0 0 0 1 0
1676562920 304 5 0 4 4 2 1 2 0 0 0 2 2 2 2 0 0 0 1 0
1676568054 305 5 0 4 4 2 1 2 0 0 0 2 2 2 2 0 0 0 1 0
1676633310 306 5 0 4 4 2 1 2 0 0 0 2 2 2 2 0 0 0 1 0
1676753528 307 5 0 4 4 2 1 2 0 0 0 2 2 2 2 0 0 0 1 0
1676753850 308 5 0 4 4 2 1 2 0 0 0 2 2 2 2 0 0 0 1 0
1676812112 311 5 0 4 4 2 1 2 0 0 0 2 2 2 2 0 0 0 1 1
1676910582 312 5 0 4 4 2 1 2 0 0 0 2 2 2 2 0 0 0 1 1
1676927109 313 5 0 4 4 2 1 2 0 0 0 2 2 2 2 0 0 0 1 1
1676978221 314 5 0 4 4 2 1 2 0 0 0 2 2 2 2 0 0 0 1 1
1677056016 315 5 0 4 4 2 1 2 0 0 0 2 2 2 2 0 0 0 1 1
1677141432 316 5 0 4 4 2 1 2 0 0 0 2 2 2 2 0 0 0 1 1
1677152886 317 5 0 4 4 2 1 2 0 0 0 2 2 2 2 0 0 0 1 1
1677160053 318 5 0 4 4 2 1 2 0 0 0 2 2 2 2 0 0 0 1 1
1677162598 319 5 0 4 4 2 1 2 0 0 0 2 2 2 2 0 0 0 1 1
1677188521 320 5 0 4 4 2 1 2 0 0 0 2 2 2 2 0 0 0 1 1
1677220003 321 5 0 4 4 2 1 2 0 0 0 2 2 2 2 0 0 0 1 1
1677486296 322 5 0 4 4 2 1 2 0 0 0 2 2 2 2 0 0 0 1 1
1677486391 323 5 0 4 4 2 1 2 0 0 0 2 2 2 2 0 0 0 1 1
1677487708 324 5 0 4 4 2 1 2 0 0 0 2 2 2 2 0 0 0 1 1
1677487898 325 5 0 4 4 2 1 2 0 0 0 2 2 2 2 0 0 0 1 1
1677488834 326 5 0 4 4 2 1 2 0 0 0 2 2 2 2 0 0 0 1 1
1677495569 327 5 0 4 4 2 1 2 0 0 0 2 2 2 2 0 0 0 1 1
1677502439 328 5 0 4 4 2 1 2 0 0 0 2 2 2 2 0 0 0 1 1
1677822131 329 5 0 4 4 2 1 2 0 0 0 2 2 2 2 0 0 0 1 1
1677825222 330 5 0 4 4 2 1 2 0 0 0 2 2 2 2 0 0 0 1 1
1677825824 331 5 0 4 4 2 1 2 0 0 0 2 2 2 2 0 0 0 1 1
1677866894 331 5 0 4 4 2 1 2 0 0 0 2 2 2 2 0 0 0 1 1
1677872885 332 5 0 4 4 2 1 2 0 0 0 2 2 2 2 0 0 0 1 1
1678113707 332 5 0 4 4 3 1 2 0 0 0 2 2 2 2 0 0 0 1 1
1678115102 333 5 0 4 4 3 1 2 0 0 0 2 2 2 2 0 0 0 1 1
1678119812 334 5 0 4 4 3 1 2 0 0 0 2 2 2 2 0 0 0 1 1
1678183961 335 5 0 4 4 3 1 2 0 0 0 2 2 2 2 0 0 0 1 1
1678183985 336 5 0 4 4 3 1 2 0 0 0 2 2 2 2 0 0 0 1 1
1678230240 336 5 0 4 4 3 1 2 0 0 0 2 2 2 2 0 0 0 1 1
1678230644 337 5 0 4 4 3 1 2 0 0 0 2 2 2 2 0 0 0 1 1
1678288035 338 5 0 4 4 3 1 2 0 0 0 2 2 2 2 0 0 0 1 1
1678288257 339 5 0 4 4 3 1 2 0 0 0 2 2 2 2 0 0 0 1 1
1678289893 340 5 0 4 4 3 1 2 0 0 0 2 2 2 2 0 0 0 1 1
1678294945 341 5 0 4 4 3 1 2 0 0 0 2 2 2 2 0 0 0 1 1
1678891314 341 5 0 4 4 3 1 2 0 1 0 2 2 2 2 0 0 0 1 1
1679577984 341 5 0 5 4 3 1 2 0 1 0 2 2 2 2 0 0 0 1 1
1679840684 341 6 0 5 4 3 1 2 0 1 0 2 2 2 2 0 0 0 1 1
1679926950 342 6 0 5 4 3 1 2 0 1 0 2 2 2 2 0 0 0 1 1
1679927698 343 6 0 5 4 3 1 2 0 1 0 2 2 2 2 0 0 0 1 1
1680000256 345 6 0 5 4 3 1 2 0 1 0 2 2 2 2 0 0 0 1 1
1680004941 346 6 0 5 4 3 1 2 0 1 0 2 2 2 2 0 0 0 1 1
1680030966 347 6 0 5 4 3 1 2 0 1 0 2 2 2 2 0 0 0 1 1
1680031319 348 6 0 5 4 3 1 2 0 1 0 2 2 2 2 0 0 0 1 1
1680180524 348 6 0 5 4 3 1 2 0 1 0 2 2 2 2 1 0 0 1 1
1680188657 349 6 0 5 4 3 1 2 0 1 0 2 2 2 2 1 0 0 1 1
1680188726 349 6 0 5 4 3 1 2 1 1 0 2 2 2 2 1 0 0 1 1
1680275957 350 6 0 5 4 3 1 2 1 1 0 2 2 2 2 1 0 0 1 1
1680332749 350 6 0 5 4 3 1 2 1 1 0 2 2 2 2 1 1 0 1 1
1680332891 350 6 0 5 4 3 1 2 2 1 0 2 2 2 2 1 1 0 1 1
1680375691 350 6 0 5 4 3 1 2 2 1 0 2 2 2 2 1 1 0 1 1
1680415592 350 6 0 5 4 3 1 2 2 1 0 2 2 2 2 1 1 0 1 1
1680416545 351 6 0 5 4 3 1 2 2 1 0 2 2 2 2 1 1 0 1 1
1680522112 351 7 0 5 4 3 1 2 2 1 0 2 2 2 2 1 1 0 1 1
1680680043 352 7 0 5 4 3 1 2 2 1 0 2 2 2 2 1 1 0 1 1
1680681464 352 7 0 5 4 3 1 2 2 1 0 2 2 2 2 1 1 0 1 1
1680683850 353 7 0 5 4 3 1 2 2 1 0 2 2 2 2 1 1 0 1 1
1680724569 353 7 1 5 4 3 1 2 2 1 0 2 2 2 2 1 1 0 1 1
1680724660 353 7 2 5 4 3 1 2 2 1 0 2 2 2 2 1 1 0 1 1
1680727631 354 7 2 5 4 3 1 2 2 1 0 2 2 2 2 1 1 0 1 1
1680764943 355 7 2 5 4 3 1 2 2 1 0 2 2 2 2 1 1 0 1 1
1680780412 356 7 2 5 4 3 1 2 2 1 0 2 2 2 2 1 1 0 1 1
1680780933 357 7 2 5 4 3 1 2 2 1 0 2 2 2 2 1 1 0 1 1
1680781412 358 7 2 5 4 3 1 2 2 1 0 2 2 2 2 1 1 0 1 1
1681205888 359 7 2 5 4 3 1 2 2 1 0 2 2 2 2 1 1 0 1 1
1681306881 360 7 2 5 4 3 1 2 2 1 0 2 2 2 2 1 1 0 1 1
1681308848 361 7 2 5 4 3 1 2 2 1 0 2 2 2 2 1 1 0 1 1
1681326926 362 7 2 5 4 3 1 2 2 1 0 2 2 2 2 1 1 0 1 1
1681914437 362 7 2 5 4 3 1 2 2 2 0 2 2 2 2 1 1 0 1 1
1682026990 363 7 2 5 4 3 1 2 2 2 0 2 2 2 2 1 1 0 1 1
1682076501 364 7 2 5 4 3 1 2 2 2 0 2 2 2 2 1 1 0 1 1
1682335037 365 7 2 5 4 3 1 2 2 2 0 2 2 2 2 1 1 0 1 1
1682346079 366 7 2 5 4 3 1 2 2 2 0 2 2 2 2 1 1 0 1 1
1682348654 367 7 2 5 4 3 1 2 2 2 0 2 2 2 2 1 1 0 1 1
1682348803 368 7 2 5 4 3 1 2 2 2 0 2 2 2 2 1 1 0 1 1
1682349199 369 7 2 5 4 3 1 2 2 2 0 2 2 2 2 1 1 0 1 1
1682350543 370 7 2 5 4 3 1 2 2 2 0 2 2 2 2 1 1 0 1 1
1682350711 371 7 2 5 4 3 1 2 2 2 0 2 2 2 2 1 1 0 1 1
1682353203 372 7 2 5 4 3 1 2 2 2 0 2 2 2 2 1 1 0 1 1
1682508847 373 7 2 5 4 3 1 2 2 2 0 2 2 2 2 1 1 0 1 1
1682536839 373 7 3 5 4 3 1 2 2 2 0 2 2 2 2 1 1 0 1 1
1682537401 373 7 4 5 4 3 1 2 2 2 0 2 2 2 2 1 1 0 1 1
1682601587 376 7 4 5 4 3 1 2 2 2 0 2 2 2 2 1 1 0 1 1
1682601612 377 7 4 5 4 3 1 2 2 2 0 2 2 2 2 1 1 0 1 1
1682612154 378 7 4 5 4 3 1 2 2 2 0 2 2 2 2 1 1 0 1 1
1682676710 379 7 4 5 4 3 1 2 2 2 0 2 2 2 2 1 1 0 1 1
1682854695 380 7 4 5 4 3 1 2 2 2 0 2 2 2 2 1 1 0 1 1
1682858767 382 7 4 5 4 3 1 2 2 2 0 2 2 2 2 1 1 0 1 1
1682888021 383 7 4 5 4 3 1 2 2 2 0 2 2 2 2 1 1 0 1 1
1682919632 383 7 5 5 4 3 1 2 2 2 0 2 2 2 2 1 1 0 1 1
1682925791 384 7 5 5 4 3 1 2 2 2 0 2 2 2 2 1 1 0 1 1
1683014132 385 7 5 5 4 3 1 2 2 2 0 2 2 2 2 1 1 0 1 1
1683062450 385 7 5 5 4 3 1 2 2 2 0 2 2 2 2 1 1 0 1 1
1683125436 386 7 6 5 4 3 1 2 2 2 0 2 2 2 2 1 1 0 1 1
1683636085 387 7 6 5 4 3 1 2 2 2 0 2 2 2 2 1 1 0 1 1
1683636089 388 7 6 5 4 3 1 2 2 2 0 2 2 2 2 1 1 0 1 1
1683636091 389 7 6 5 4 3 1 2 2 2 0 2 2 2 2 1 1 0 1 1
1683636093 390 7 6 5 4 3 1 2 2 2 0 2 2 2 2 1 1 0 1 1
1683636095 391 7 6 5 4 3 1 2 2 2 0 2 2 2 2 1 1 0 1 1
1683669435 392 7 6 5 4 3 1 2 2 2 0 2 2 2 2 1 1 0 1 1
1683670202 393 7 6 5 4 3 1 2 2 2 0 2 2 2 2 1 1 0 1 1
1683671704 394 7 6 5 4 3 1 2 2 2 0 2 2 2 2 1 1 0 1 1
1683714970 395 7 6 5 4 3 1 2 2 2 0 2 2 2 2 1 1 0 1 1
1683717792 396 7 6 5 4 3 1 2 2 2 0 2 2 2 2 1 1 0 1 1
1683718623 397 7 6 5 4 3 1 2 2 2 0 2 2 2 2 1 1 0 1 1
1683926438 397 7 7 5 4 3 1 2 2 2 0 2 2 2 2 1 1 0 1 1
1684938596 399 7 8 5 4 3 1 2 2 2 0 2 2 2 2 1 1 0 1 1
1685024496 400 7 8 5 4 3 1 2 2 2 0 2 2 2 2 1 1 0 1 1
1685024821 402 7 8 5 4 3 1 2 2 2 0 2 2 2 2 1 1 0 1 1
1685534035 403 7 8 5 4 3 1 2 2 2 0 2 2 2 2 1 1 0 1 1
1685567700 404 7 8 5 4 3 2 2 2 2 0 2 2 2 2 1 1 0 1 1
1685570548 405 7 8 5 4 3 2 2 2 2 0 2 2 2 2 1 1 0 1 1
1685626040 406 7 8 5 4 3 2 2 2 2 0 2 2 2 2 1 1 0 1 1
1685629946 407 7 8 5 4 3 2 2 2 2 0 2 2 2 2 1 1 0 1 1
1685635446 408 7 8 5 4 3 2 2 2 2 0 2 2 2 2 1 1 0 1 1
1685647244 409 7 8 5 4 3 2 2 2 2 0 2 2 2 2 1 1 0 1 1
1685705534 410 7 8 5 4 3 2 2 2 2 0 2 2 2 2 1 1 0 1 1
1685717230 411 7 8 5 4 3 2 2 2 2 0 2 2 2 2 1 1 0 1 1
1685718185 412 7 8 5 4 3 2 2 2 2 0 2 2 2 2 1 1 0 1 1
1685793959 413 7 8 5 4 3 2 2 2 2 0 2 2 2 2 1 1 0 1 1
1685795159 414 7 8 5 4 3 2 2 2 2 0 2 2 2 2 1 1 0 1 1
1685799717 415 7 8 5 4 3 2 2 2 2 0 2 2 2 2 1 1 0 1 1
1685799742 416 7 8 5 4 3 2 2 2 2 0 2 2 2 2 1 1 0 1 1
1685802087 417 7 8 5 4 3 2 2 2 2 0 2 2 2 2 1 1 0 1 1
1685802487 418 7 8 5 4 3 2 2 2 2 0 2 2 2 2 1 1 0 1 1
1685803705 419 7 8 5 4 3 2 2 2 2 0 2 2 2 2 1 1 0 1 1
1685901682 419 7 8 5 4 3 3 2 2 2 0 2 2 2 2 1 1 0 1 1
1686052853 420 7 8 5 4 3 3 2 2 2 0 2 2 2 2 1 1 0 1 1
1686143734 420 7 8 5 4 3 3 2 2 2 0 2 2 2 2 1 1 1 1 1
1686143778 421 7 8 5 4 3 3 2 2 2 0 2 2 2 2 1 1 1 1 1
1686144520 422 7 8 5 4 3 3 2 2 2 0 2 2 2 2 1 1 1 1 1
1686152189 423 7 8 5 4 3 3 2 2 2 0 2 2 2 2 1 1 1 1 1
1686168727 424 7 8 5 4 3 3 2 2 2 0 2 2 2 2 1 1 1 1 1
1686207410 425 7 8 5 4 3 3 2 2 2 0 2 2 2 2 1 1 1 1 1
1686321842 426 7 8 5 4 3 3 2 2 2 0 2 2 2 2 1 1 1 1 1
1686429239 427 7 8 5 4 3 3 2 2 2 0 2 2 2 2 1 1 1 1 1
1686429936 428 7 8 5 4 3 3 2 2 2 0 2 2 2 2 1 1 1 1 1
1686430604 429 7 8 5 4 3 3 2 2 2 0 2 2 2 2 1 1 1 1 1
1686430625 430 7 8 5 4 3 3 2 2 2 0 2 2 2 2 1 1 1 1 1
1686440466 431 7 8 5 4 3 3 2 2 2 0 2 2 2 2 1 1 1 1 1
1686462646 431 8 8 5 4 3 3 2 2 2 0 2 2 2 2 1 1 1 1 1
1686578086 432 8 8 5 4 3 3 2 2 2 0 2 2 2 2 1 1 1 1 1
1686578224 433 8 8 5 4 3 3 2 2 2 0 2 2 2 2 1 1 1 1 1
1686581527 434 8 8 5 4 3 3 2 2 2 0 2 2 2 2 1 1 1 1 1
1686583570 435 8 8 5 4 3 3 2 2 2 0 2 2 2 2 1 1 1 1 1
1686690514 436 8 8 5 4 3 3 2 2 2 0 2 2 2 2 1 1 1 1 1
1686691413 437 8 8 5 4 3 3 2 2 2 0 2 2 2 2 1 1 1 1 1
1686691715 438 8 8 5 4 3 3 2 2 2 0 2 2 2 2 1 1 1 1 1
1686693526 439 8 8 5 4 3 3 2 2 2 0 2 2 2 2 1 1 1 1 1
1686698020 441 8 8 5 4 3 3 2 2 2 0 2 2 2 2 1 1 1 1 1
1686729256 442 8 8 5 4 3 3 2 2 2 0 2 2 2 2 1 1 1 1 1
1686750498 443 8 8 5 4 3 3 2 2 2 0 2 2 2 2 1 1 1 1 1
1686856260 444 8 8 5 4 3 3 2 2 2 0 2 2 2 2 1 1 1 1 1
1686863352 445 8 8 5 4 3 3 2 2 2 0 2 2 2 2 1 1 1 1 1
1686869552 446 8 8 5 4 3 3 2 2 2 0 2 2 2 2 1 1 1 1 1
1686871508 447 8 8 5 4 3 3 2 2 2 0 2 2 2 2 1 1 1 1 1
1686900230 448 8 8 5 4 3 3 2 2 2 0 2 2 2 2 1 1 1 1 1
1687165529 448 8 8 5 4 3 3 2 2 2 1 2 2 2 2 1 1 1 1 1
1687165595 448 8 8 5 4 3 3 2 2 2 2 2 2 2 2 1 1 1 1 1
1687177123 449 8 8 5 4 3 3 2 2 2 2 2 2 2 2 1 1 1 1 1
1687210478 450 8 8 5 4 3 3 2 2 2 2 2 2 2 2 1 1 1 1 1
1687419522 451 8 8 5 4 3 3 2 2 2 2 2 2 2 2 1 1 1 1 1
1687868447 452 8 8 5 4 3 3 2 2 2 2 2 2 2 2 1 1 1 1 1
1687937697 453 8 8 5 4 3 3 2 2 2 2 2 2 2 2 1 1 1 1 1
1687947992 454 8 8 5 4 3 3 2 2 2 2 2 2 2 2 1 1 1 1 1
1688335155 455 8 8 5 4 3 3 2 2 2 2 2 2 2 2 1 1 1 1 1
1688368225 456 8 8 5 4 3 3 2 2 2 2 2 2 2 2 1 1 1 1 1
1688416014 457 8 8 5 4 3 3 2 2 2 2 2 2 2 2 1 1 1 1 1
1688417373 458 8 8 5 4 3 3 2 2 2 2 2 2 2 2 1 1 1 1 1
1688509615 459 8 8 5 4 3 3 2 2 2 2 2 2 2 2 1 1 1 1 1
1688552800 460 8 8 5 4 3 3 2 2 2 2 2 2 2 2 1 1 1 1 1
1688594813 461 8 8 5 4 3 3 2 2 2 2 2 2 2 2 1 1 1 1 1
