1644314809 744
1644347269 1004
1644361305 1457
1644442754 2229
1644451462 2176
1644488587 2282
1644521092 2365
1644535592 2426
1644541812 2630
1644571743 2782
1644599698 3173
1644614825 3542
1644714615 3888
1644756014 3922
1644757337 3956
1644761746 4026
1644816281 4482
1644834097 4523
1644839927 4466
1644858911 4498
1644944979 4622
1644956046 4629
1644956073 4642
1644962414 4739
1644962647 4750
1644964611 4776
1644968137 4804
1644968150 4873
1645014364 4871
1645039998 5011
1645045696 5011
1645045707 5034
1645046749 5054
1645093252 5155
1645133036 5496
1645139157 5527
1645141145 5554
1645141161 5554
1645193194 5441
1645193624 5665
1645195057 5733
1645195084 5784
1645220165 5822
1645227048 5914
1645313815 6106
1645357496 6178
1645365135 6284
1645391803 6562
1645400948 6566
1645405189 6569
1645436849 11528
1645472657 11527
1645487879 12241
1645518307 12306
1645518411 12246
1645563161 12698
1645570619 12896
1645662132 13344
1645737403 13509
1645739574 13595
1645791073 13642
1645814277 13689
1645822137 13762
1645956251 13842
1646041958 13884
1646043697 13889
1646055450 13951
1646062221 14045
1646082095 14045
1646218864 14113
1646225580 14133
1646225941 14215
1646322306 14247
1646322342 14256
1646324641 14378
1646325127 14366
1646340006 14395
1646343609 14446
1646373530 14576
1646741252 14821
1646741274 14825
1646741295 14855
1646912485 14963
1646914459 14972
1646926489 15011
1647276063 15110
1647528831 15121
1647529458 15122
1647529511 15121
1647558563 15295
1647592651 15336
1647593282 15335
1647613209 15396
1647620926 15433
1647638066 15424
1647896655 15425
1647896669 15427
1648067558 15490
1648208099 15490
1648226345 15484
1648581972 15484
1648582650 15487
1648583260 15511
1648583382 15523
1648587406 15523
1648591197 15523
1648632328 15530
1648637833 15530
1648638376 15591
1648742881 15591
1648924150 15591
1648924408 15598
1648924496 16102
1648934766 16099
1648934798 17326
1648935992 16106
1649322949 17334
1649507157 17372
1649539718 17440
1649884426 17447
1649929266 17449
1649929304 17449
1650615821 17453
1650616033 17462
1651259484 17459
1651259938 17468
1651305165 17490
1651307691 17593
1651429736 17594
1651429791 17597
1651429820 17604
1651429939 17628
1651429954 17594
1651431729 17650
1651432882 17684
1651436252 17702
1651495812 17730
1651849098 17736
1651867790 17737
1651935127 17746
1652095186 17750
1652133160 17757
1652262640 17759
1652432463 17784
1652436726 17790
1652449357 17790
1652449551 17790
1652454808 17790
1652602017 17803
1652784417 17803
1652785177 17803
1652960979 18538
1653379584 17806
1653600646 18643
1653603035 18582
1653858312 18672
1653864423 18709
1653895686 18693
1654774530 19318
1655458377 19318
1656782132 19319
1657712502 19316
1657831607 19324
1660896674 19330
1660950329 19395
1661284590 19400
1661285819 19400
1662514729 19424
1663684079 19424
1664379363 19476
1664435621 19791
1665562427 19793
1665562460 19992
1665565448 19986
1665570501 19998
1665570872 19990
1665586251 20094
1665600898 20210
1665690769 20277
1665692492 20283
1665694339 20348
1665731416 20350
1665731840 20356
1665738075 20379
1665748004 20379
1665748053 20379
1665757292 20372
1665760135 20419
1665774343 20446
1665775892 20471
1665776120 20485
1665776310 20493
1665931477 20598
1666170843 20598
1666172876 20610
1666269118 20765
1666269717 20814
1666281710 20807
1666282276 20857
1666292628 20858
1666293088 20859
1666294226 20860
1666295313 20874
1666296734 20876
1666301099 20920
1666301262 20924
1666303727 20924
1666341148 21077
1666357703 21311
1666360286 21313
1666387224 21345
1666389475 21345
1666596541 21346
1666596725 21358
1666602954 21406
1666604054 21409
1666604064 21409
1666622484 21490
1666640764 21490
1666709307 21490
1666726780 21497
1666732669 21556
1666733253 21641
1666733652 21648
1666734362 21654
1666809678 21654
1666810779 21652
1666856999 21928
1666875402 21945
1666884622 21947
1666884977 21952
1666885391 21957
1666885874 21913
1666887336 21924
1666898570 21925
1666906899 21932
1666907558 21945
1666909271 21959
1666940624 21961
1667314073 21958
1667320497 31767
1667379164 21958
1667403461 21979
1667405356 21984
1667406053 22051
1667406707 22051
1667423202 22057
1667485624 22075
1667502723 22075
1667507207 22076
1667508929 22089
1667512556 22101
1667579149 22177
1667590037 22179
1667597278 22180
1667659676 22189
1667670925 22260
1667684593 22264
1667770627 22268
1668025615 22377
1668082291 22381
1668086993 22381
1668087009 22436
1668528029 22445
1669105789 22449
1669107232 22449
1669107602 22457
1669207178 22457
1669207297 22459
1669922420 22460
1669923068 22460
1669933908 22464
1669942930 22464
1669986960 22468
1670251798 22473
1670253235 22473
1670253635 22483
1670284447 22517
1670563650 22561
1672324192 22590
1672325068 22603
1672734661 22603
1672781992 22603
1672782521 22603
1672783055 22613
1673218009 22671
1673220851 22673
1673350248 22673
1673350294 22669
1673353085 23044
1673801753 23045
1674211312 23122
1674296066 23138
1674296112 23151
1674296224 23263
1674296364 23265
1674306579 23666
1674769218 23668
1674769442 23675
1674770271 23723
1674774556 23695
1674774566 23680
1675161607 23723
1675161713 23719
1675189997 23722
1675190035 23704
1675190062 24209
1675248998 24238
1675318439 24284
1675328255 24291
1675328311 24293
1675423420 24303
1675423477 24317
1675423565 24377
1675770566 24383
1675813397 24383
1675813457 24387
1675813575 24407
1675813634 24408
1675813726 24408
1675813756 24363
1675813791 24387
1675813839 24387
1675813876 24389
1675813910 24404
1675844577 29642
1675889475 24458
1675939915 29646
1676019555 29667
1676019581 29672
1676019647 29737
1676059758 29874
1676157512 30189
1676367793 30199
1676451919 30758
1676453771 30750
1676466887 30750
1676469608 30802
1676562920 30885
1676568054 30846
1676633310 31064
1676753528 31340
1676753850 31343
1676799712 31747
1676800268 31538
1676812112 31343
1676910582 31770
1676927109 31929
1676978221 31929
1677056016 31975
1677141432 32210
1677152886 32199
1677160053 32205
1677162598 32302
1677188521 32308
1677220003 32348
1677486296 32348
1677486391 32372
1677487708 32425
1677487898 32437
1677488834 32447
1677495569 32455
1677502439 32485
1677822131 32645
1677825222 32626
1677825824 32626
1677866894 32922
1677872885 32931
1678113707 33059
1678115102 33066
1678119812 33068
1678183961 33075
1678183985 33072
1678230240 33072
1678230644 35001
1678288035 35014
1678288257 35034
1678289893 35045
1678294945 35048
1678891314 35048
1679577984 35049
1679840684 35098
1679926950 35102
1679927150 35163
1679927698 35116
1680000256 35119
1680004941 35180
1680030966 35182
1680031319 35182
1680180524 35183
1680188657 35187
1680188726 35187
1680275957 35124
1680332749 35124
1680332891 35176
1680375691 35179
1680415592 35179
1680416545 35193
1680522112 35193
1680680043 35243
1680681464 35305
1680683850 35331
1680724569 35331
1680724660 35332
1680727631 35568
1680764943 35568
1680780412 35614
1680780933 35629
1680781412 35629
1681205888 35644
1681306881 35637
1681308848 35636
1681326926 35636
1681914437 35635
1682026990 36891
1682076501 36896
1682335037 37032
1682346079 37038
1682348654 37042
1682348803 37042
1682349199 37049
1682350543 37049
1682350711 37051
1682353203 37049
1682508847 37117
1682536839 38226
1682537401 38251
1682563937 38833
1682591694 38286
1682594162 38308
1682601587 38275
1682601612 38315
1682612154 38364
1682676710 38438
1682687157 38463
1682854695 38450
1682858767 38438
1682888021 38500
1682919632 38674
1682925791 38674
1683014132 38670
1683062450 38674
1683125436 38675
1683636085 38841
1683636089 38863
1683636091 38862
1683636093 38850
1683636095 38855
1683669435 38890
1683670202 38914
1683671704 38930
1683714970 38954
1683717792 39004
1683718623 38998
1683720017 39458
1683926438 39422
1684937694 39490
1684938596 39462
1685019727 39596
1685024496 39490
1685024821 39496
1685534035 39606
1685564921 39622
1685567700 39606
1685570548 39622
1685626040 39624
1685629946 39666
1685635446 39665
1685647244 39734
1685705534 39763
1685717230 39763
1685718185 39779
1685793959 39781
1685795159 39795
1685799717 39811
1685799742 39832
1685802087 39906
1685802487 39915
1685803705 39914
1685901682 39930
1686052853 39991
1686143734 40271
1686143778 40331
1686144520 40337
1686152189 40337
1686168727 40305
1686207410 40305
1686321842 40307
1686429239 40308
1686429936 40308
1686430604 40308
1686430625 40296
1686440466 40322
1686462646 40322
1686578086 40376
1686578224 40384
1686581527 40398
1686583570 40417
1686690514 40417
1686691413 40412
1686691715 40412
1686693526 40411
1686694708 40629
1686698020 40452
1686729256 40638
1686750498 40639
1686856260 40638
1686863352 40721
1686869552 40908
1686871508 40935
1686900230 40940
1687165529 40940
1687165595 40940
1687177123 40941
1687210478 40989
1687419522 40989
1687868447 40989
1687937697 41095
1687947992 41097
1688335155 41119
1688368225 41123
1688416014 41155
1688417373 41202
1688509615 41284
1688552800 41289
1688594813 41451
