1644314809 744 0 0 0 0 0 0 0 0 0 0 0 0 0 0 0 0 0 0 0
1644347269 1070 0 0 0 0 0 0 0 0 0 0 0 0 0 0 0 0 0 0 0
1644361305 1612 0 0 0 0 0 0 0 0 0 0 0 0 0 0 0 0 0 0 0
1644442754 2482 0 0 0 0 0 0 0 0 0 0 0 0 0 0 0 0 0 0 0
1644451462 2731 0 0 0 0 0 0 0 0 0 0 0 0 0 0 0 0 0 0 0
1644488587 2941 0 0 0 0 0 0 0 0 0 0 0 0 0 0 0 0 0 0 0
1644521092 3066 0 0 0 0 0 0 0 0 0 0 0 0 0 0 0 0 0 0 0
1644535592 3195 0 0 0 0 0 0 0 0 0 0 0 0 0 0 0 0 0 0 0
1644541812 3435 0 0 0 0 0 0 0 0 0 0 0 0 0 0 0 0 0 0 0
1644571743 3620 0 0 0 0 0 0 0 0 0 0 0 0 0 0 0 0 0 0 0
1644599698 4073 0 0 0 0 0 0 0 0 0 0 0 0 0 0 0 0 0 0 0
1644614825 4573 0 0 0 0 0 0 0 0 0 0 0 0 0 0 0 0 0 0 0
1644714615 5072 0 0 0 0 0 0 0 0 0 0 0 0 0 0 0 0 0 0 0
1644756014 5199 0 0 0 0 0 0 0 0 0 0 0 0 0 0 0 0 0 0 0
1644757337 5310 0 0 0 0 0 0 0 0 0 0 0 0 0 0 0 0 0 0 0
1644761746 5457 0 0 0 0 0 0 0 0 0 0 0 0 0 0 0 0 0 0 0
1644816281 6026 0 0 0 0 0 0 0 0 0 0 0 0 0 0 0 0 0 0 0
1644834097 6306 0 0 0 0 0 0 0 0 0 0 0 0 0 0 0 0 0 0 0
1644839927 6475 0 0 0 0 0 0 0 0 0 0 0 0 0 0 0 0 0 0 0
1644858911 6543 0 0 0 0 0 0 0 0 0 0 0 0 0 0 0 0 0 0 0
1644944979 6694 0 0 0 0 0 0 0 0 0 0 0 0 0 0 0 0 0 0 0
1644956046 6712 0 0 0 0 0 0 0 0 0 0 0 0 0 0 0 0 0 0 0
1644956073 6739 0 0 0 0 0 0 0 0 0 0 0 0 0 0 0 0 0 0 0
1644962414 6964 0 0 0 0 0 0 0 0 0 0 0 0 0 0 0 0 0 0 0
1644962647 6977 0 0 0 0 0 0 0 0 0 0 0 0 0 0 0 0 0 0 0
1644964611 7021 0 0 0 0 0 0 0 0 0 0 0 0 0 0 0 0 0 0 0
1644968137 7049 0 0 0 0 0 0 0 0 0 0 0 0 0 0 0 0 0 0 0
1644968150 7132 0 0 0 0 0 0 0 0 0 0 0 0 0 0 0 0 0 0 0
1645014364 7268 0 0 0 0 0 0 0 0 0 0 0 0 0 0 0 0 0 0 0
1645039998 7433 0 0 0 0 0 0 0 0 0 0 0 0 0 0 0 0 0 0 0
1645045696 7437 0 0 0 0 0 0 0 0 0 0 0 0 0 0 0 0 0 0 0
1645045707 7564 0 0 0 0 0 0 0 0 0 0 0 0 0 0 0 0 0 0 0
1645046749 7606 0 0 0 0 0 0 0 0 0 0 0 0 0 0 0 0 0 0 0
1645093252 7838 0 0 0 0 0 0 0 0 0 0 0 0 0 0 0 0 0 0 0
1645133036 8211 0 0 0 0 0 0 0 0 0 0 0 0 0 0 0 0 0 0 0
1645193194 8493 0 0 0 0 0 0 0 0 0 0 0 0 0 0 0 0 0 0 0
1645193624 8684 0 0 0 0 0 0 0 0 0 0 0 0 0 0 0 0 0 0 0
1645195057 8752 0 0 0 0 0 0 0 0 0 0 0 0 0 0 0 0 0 0 0
1645195084 8843 0 0 0 0 0 0 0 0 0 0 0 0 0 0 0 0 0 0 0
1645220165 8915 0 0 0 0 0 0 0 0 0 0 0 0 0 0 0 0 0 0 0
1645227048 9066 0 0 0 0 0 0 0 0 0 0 0 0 0 0 0 0 0 0 0
1645313815 9417 0 0 0 0 0 0 0 0 0 0 0 0 0 0 0 0 0 0 0
1645357496 9605 0 0 0 0 0 0 0 0 0 0 0 0 0 0 0 0 0 0 0
1645365135 9868 0 0 0 0 0 0 0 0 0 0 0 0 0 0 0 0 0 0 0
1645391803 10341 0 0 0 0 0 0 0 0 0 0 0 0 0 0 0 0 0 0 0
1645400948 10350 0 0 0 0 0 0 0 0 0 0 0 0 0 0 0 0 0 0 0
1645405189 10354 0 0 0 0 0 0 0 0 0 0 0 0 0 0 0 0 0 0 0
1645436849 15320 0 0 0 0 0 0 0 0 0 0 0 0 0 0 0 0 0 0 0
1645472657 15320 0 0 0 6 0 0 0 0 0 0 0 0 0 0 0 0 0 0 0
1645487879 16241 0 0 0 6 0 0 0 0 0 0 0 0 0 0 0 0 0 0 0
1645518411 16338 0 0 0 6 0 0 0 0 0 0 0 0 0 0 0 0 0 0 0
1645563161 16866 0 0 0 6 0 0 0 0 0 0 0 0 0 0 0 0 0 0 0
1645570619 17072 0 0 0 6 0 0 0 0 0 0 0 0 0 0 0 0 0 0 0
1645662132 17693 0 0 0 6 0 0 0 0 0 0 0 0 0 0 0 0 0 0 0
1645737403 17932 0 0 0 6 0 0 0 0 0 0 0 0 0 0 0 0 0 0 0
1645739574 18032 0 0 0 6 0 0 0 0 0 0 0 0 0 0 0 0 0 0 0
1645791073 18137 0 0 0 6 0 0 0 0 0 0 0 0 0 0 0 0 0 0 0
1645814277 18215 0 0 0 6 0 0 0 0 0 0 0 0 0 0 0 0 0 0 0
1645822137 18330 0 0 0 6 0 0 0 0 0 0 0 0 0 0 0 0 0 0 0
1645956251 18558 0 0 0 6 0 0 0 0 0 0 0 0 0 0 0 0 0 0 0
1646041958 18652 0 0 0 6 0 0 0 0 0 0 0 0 0 0 0 0 0 0 0
1646043697 18675 0 0 0 6 0 0 0 0 0 0 0 0 0 0 0 0 0 0 0
1646055450 18737 0 0 0 6 0 0 0 0 0 0 0 0 0 0 0 0 0 0 0
1646062221 18832 0 0 0 6 0 0 0 0 0 0 0 0 0 0 0 0 0 0 0
1646082095 18832 0 0 0 7 0 0 0 0 0 0 0 0 0 0 0 0 0 0 0
1646218864 18908 0 0 0 7 0 0 0 0 0 0 0 0 0 0 0 0 0 0 0
1646225580 18930 0 0 0 7 0 0 0 0 0 0 0 0 0 0 0 0 0 0 0
1646225941 19029 0 0 0 7 0 0 0 0 0 0 0 0 0 0 0 0 0 0 0
1646322306 19102 0 0 0 7 0 0 0 0 0 0 0 0 0 0 0 0 0 0 0
1646322342 19112 0 0 0 7 0 0 0 0 0 0 0 0 0 0 0 0 0 0 0
1646324641 19308 0 0 0 7 0 0 0 0 0 0 0 0 0 0 0 0 0 0 0
1646325127 19409 0 0 0 7 0 0 0 0 0 0 0 0 0 0 0 0 0 0 0
1646340006 19442 0 0 0 7 0 0 0 0 0 0 0 0 0 0 0 0 0 0 0
1646343609 19546 0 0 0 7 0 0 0 0 0 0 0 0 0 0 0 0 0 0 0
1646373530 20124 0 0 0 7 0 0 0 0 0 0 0 0 0 0 0 0 0 0 0
1646741252 20370 0 0 0 7 0 0 0 0 0 0 0 0 0 0 0 0 0 0 0
1646741274 20376 0 0 0 7 0 0 0 0 0 0 0 0 0 0 0 0 0 0 0
1646741295 20407 0 0 0 7 0 0 0 0 0 0 0 0 0 0 0 0 0 0 0
1646912485 20713 0 0 0 7 0 0 0 0 0 0 0 0 0 0 0 0 0 0 0
1646914459 20722 0 0 0 7 0 0 0 0 0 0 0 0 0 0 0 0 0 0 0
1646926489 20778 0 0 0 7 0 0 0 0 0 0 0 0 0 0 0 0 0 0 0
1647276063 20882 0 0 0 7 0 0 0 0 0 0 0 0 0 0 0 0 0 0 0
1647528831 20902 0 0 0 7 0 0 0 0 0 0 0 0 0 0 0 0 0 0 0
1647529458 20902 0 0 0 7 0 0 0 0 0 0 0 0 0 0 0 0 0 0 0
1647529511 20902 0 0 0 30 0 0 0 0 0 0 0 0 0 0 0 0 0 0 0
1647558563 21106 0 0 0 30 0 0 0 0 0 0 0 0 0 0 0 0 0 0 0
1647592651 21152 0 0 0 30 0 0 0 0 0 0 0 0 0 0 0 0 0 0 0
1647593282 21152 0 0 0 30 0 21 0 0 0 0 0 0 0 0 0 0 0 0 0
1647613209 21219 0 0 0 30 0 21 0 0 0 0 0 0 0 0 0 0 0 0 0
1647620926 21264 0 0 0 30 0 21 0 0 0 0 0 0 0 0 0 0 0 0 0
1647638066 21264 0 0 0 30 0 21 0 0 0 0 0 0 0 0 0 0 0 0 0
1647896655 21265 0 0 0 30 0 21 0 0 0 0 0 0 0 0 0 0 0 0 0
1647896669 21267 0 0 0 30 0 21 0 0 0 0 0 0 0 0 0 0 0 0 0
1648067558 21440 0 0 0 30 0 21 0 0 0 0 0 0 0 0 0 0 0 0 0
1648208099 21440 0 0 0 30 0 21 0 0 0 0 0 0 0 2 0 0 0 0 0
1648226345 21440 0 0 0 30 0 21 0 0 0 0 0 0 0 19 0 0 0 0 0
1648581972 21459 0 0 0 30 0 21 0 0 0 0 0 0 0 19 0 0 0 0 0
1648582650 21463 0 0 0 30 0 21 0 0 0 0 0 0 0 19 0 0 0 0 0
1648583260 21490 0 0 0 30 0 21 0 0 0 0 0 0 0 19 0 0 0 0 0
1648583382 21509 0 0 0 30 0 21 0 0 0 0 0 0 0 19 0 0 0 0 0
1648587406 21550 0 0 0 30 0 21 0 0 0 0 0 0 0 19 0 0 0 0 0
1648591197 21551 0 0 0 30 0 21 0 0 0 0 0 0 0 19 0 0 0 0 0
1648632328 21562 0 0 0 30 0 21 0 0 0 0 0 0 0 19 0 0 0 0 0
1648637833 21563 0 0 0 30 0 21 0 0 0 0 0 0 0 19 0 0 0 0 0
1648638376 21624 0 0 0 30 0 21 0 0 0 0 0 0 0 19 0 0 0 0 0
1648742881 21624 0 0 0 40 0 21 0 0 0 0 0 0 0 19 0 0 0 0 0
1648924150 21629 0 0 0 40 0 21 0 0 0 0 0 0 0 19 0 0 0 0 0
1648924408 21636 0 0 0 40 0 21 0 0 0 0 0 0 0 19 0 0 0 0 0
1648924496 22142 0 0 0 40 0 21 0 0 0 0 0 0 0 19 0 0 0 0 0
1648934766 22143 0 0 0 40 0 21 0 0 0 0 0 0 0 19 0 0 0 0 0
1648935992 23966 0 0 0 40 0 21 0 0 0 0 0 0 0 19 0 0 0 0 0
1649322949 23966 0 0 0 40 0 21 0 0 0 0 0 0 0 19 0 0 0 0 0
1649507157 24005 0 0 0 40 0 21 0 0 0 0 0 0 0 19 0 0 0 0 0
1649539718 24079 0 0 0 40 0 21 0 0 0 0 0 0 0 19 0 0 0 0 0
1649884426 24105 0 0 0 40 0 21 0 0 0 0 0 0 0 19 0 0 0 0 0
1649929266 24113 0 0 0 40 0 21 0 0 0 0 0 0 0 19 0 0 0 0 0
1649929304 24115 0 0 0 40 0 21 0 0 0 0 0 0 0 19 0 0 0 0 0
1650615821 24123 0 0 0 40 0 21 0 0 0 0 0 0 0 19 0 0 0 0 0
1650616033 24132 0 0 0 40 0 21 0 0 0 0 0 0 0 19 0 0 0 0 0
1651259484 24136 0 0 0 40 0 21 0 0 0 0 0 0 0 19 0 0 0 0 0
1651259938 24154 0 0 0 40 0 21 0 0 0 0 0 0 0 19 0 0 0 0 0
1651305165 24178 0 0 0 40 0 21 0 0 0 0 0 0 0 19 0 0 0 0 0
1651307691 24341 0 0 0 40 0 21 0 0 0 0 0 0 0 19 0 0 0 0 0
1651429736 24342 0 0 0 40 0 21 0 0 0 0 0 0 0 19 0 0 0 0 0
1651429954 24390 0 0 0 40 0 21 0 0 0 0 0 0 0 19 0 0 0 0 0
1651431729 24413 0 0 0 40 0 21 0 0 0 0 0 0 0 19 0 0 0 0 0
1651432882 24447 0 0 0 40 0 21 0 0 0 0 0 0 0 19 0 0 0 0 0
1651436252 24466 0 0 0 40 0 21 0 0 0 0 0 0 0 19 0 0 0 0 0
1651495812 24494 0 0 0 40 0 21 0 0 0 0 0 0 0 19 0 0 0 0 0
1651849098 24514 0 0 0 40 0 21 0 0 0 0 0 0 0 19 0 0 0 0 0
1651867790 24515 0 0 0 40 0 21 0 0 0 0 0 0 0 19 0 0 0 0 0
1651935127 24526 0 0 0 40 0 21 0 0 0 0 0 0 0 19 0 0 0 0 0
1652095186 24530 0 0 0 40 0 21 0 0 0 0 0 0 0 19 0 0 0 0 0
1652133160 24537 0 0 0 40 0 21 0 0 0 0 0 0 0 19 0 0 0 0 0
1652262640 24541 0 0 0 40 0 21 0 0 0 0 0 0 0 19 0 0 0 0 0
1652432463 24605 0 0 0 40 0 21 0 0 0 0 0 0 0 19 0 0 0 0 0
1652436726 24618 0 0 0 40 0 21 0 0 0 0 0 0 0 19 0 0 0 0 0
1652449357 24620 0 0 0 40 0 21 0 0 0 0 0 0 0 19 0 0 0 0 0
1652449551 24622 0 0 0 40 0 21 0 0 0 0 0 0 0 19 0 0 0 0 0
1652454808 24623 0 0 0 40 0 21 0 0 0 0 0 0 0 19 0 0 0 0 0
1652602017 24770 0 0 0 40 0 21 0 0 0 0 0 0 0 19 0 0 0 0 0
1652784417 24776 0 0 0 40 0 21 0 0 0 0 0 0 0 19 0 0 0 0 0
1652785177 24776 0 0 0 40 0 21 2 0 0 0 0 0 0 19 0 0 0 0 0
1653379584 26535 0 0 0 40 0 21 2 0 0 0 0 0 0 19 0 0 0 0 0
1653600646 26674 0 0 0 40 0 21 2 0 0 0 0 0 0 19 0 0 0 0 0
1653603035 26687 0 0 0 40 0 21 2 0 0 0 0 0 0 19 0 0 0 0 0
1653858312 26829 0 0 0 40 0 21 2 0 0 0 0 0 0 19 0 0 0 0 0
1653895686 26869 0 0 0 40 0 21 2 0 0 0 0 0 0 19 0 0 0 0 0
1654774530 27490 0 0 0 40 0 21 2 0 0 0 0 0 0 19 0 0 0 0 0
1655458377 27490 0 0 0 40 0 21 3 0 0 0 0 0 0 19 0 0 0 0 0
1656782132 27491 0 0 0 40 0 21 3 0 0 0 0 0 0 19 0 0 0 0 0
1657712502 27501 0 0 0 40 0 21 3 0 0 0 0 0 0 19 0 0 0 0 0
1657831607 27518 0 0 0 40 0 21 3 0 0 0 0 0 0 19 0 0 0 0 0
1660896674 27518 0 0 0 40 0 21 3 0 0 0 0 0 13 19 0 0 0 0 0
1660950329 27518 0 0 0 40 0 21 3 0 0 0 0 0 78 19 0 0 0 0 0
1661284590 27525 0 0 0 40 0 21 3 0 0 0 0 0 78 19 0 0 0 0 0
1661285819 27527 0 0 0 40 0 21 3 0 0 0 0 0 78 19 0 0 0 0 0
1662514729 27527 34 0 0 40 0 21 3 0 0 0 0 0 78 19 0 0 0 0 0
1663684079 27527 35 0 0 40 0 21 3 0 0 0 0 0 78 19 0 0 0 0 0
1664379363 27527 35 0 0 40 52 21 3 0 0 0 0 0 78 19 0 0 0 0 0
1664435621 27527 353 0 0 40 52 21 3 0 0 0 0 0 78 19 0 0 0 0 0
1665562427 27527 353 0 0 40 56 21 3 0 0 0 0 0 78 19 0 0 0 0 0
1665562460 27527 353 0 0 40 56 21 3 0 0 0 0 199 78 19 0 0 0 0 0
1665565448 27527 353 0 0 40 56 21 3 0 0 0 0 199 78 19 0 0 0 0 0
1665570501 27541 353 0 0 40 56 21 3 0 0 0 0 199 78 19 0 0 0 0 0
1665570872 27543 353 0 0 40 56 21 3 0 0 0 0 199 78 19 0 0 0 0 0
1665586251 27647 353 0 0 40 56 21 3 0 0 0 0 199 78 19 0 0 0 0 0
1665600898 27768 353 0 0 40 56 21 3 0 0 0 0 199 78 19 0 0 0 0 0
1665690769 27844 353 0 0 40 56 21 3 0 0 0 0 199 78 19 0 0 0 0 0
1665692492 27852 353 0 0 40 56 21 3 0 0 0 0 199 78 19 0 0 0 0 0
1665694339 27917 353 0 0 40 56 21 3 0 0 0 0 199 78 19 0 0 0 0 0
1665731416 27919 353 0 0 40 56 21 3 0 0 0 0 199 78 19 0 0 0 0 0
1665731840 27927 353 0 0 40 56 21 3 0 0 0 0 199 78 19 0 0 0 0 0
1665748004 27927 353 0 0 40 56 21 3 0 0 0 0 225 78 19 0 0 0 0 0
1665748053 27931 353 0 0 40 56 21 3 0 0 0 0 225 78 19 0 0 0 0 0
1665757292 27933 353 0 0 40 56 21 3 0 0 0 0 225 78 19 0 0 0 0 0
1665760135 27988 353 0 0 40 56 21 3 0 0 0 0 225 78 19 0 0 0 0 0
1665774343 28077 353 0 0 40 56 21 3 0 0 0 0 225 78 19 0 0 0 0 0
1665775892 28102 353 0 0 40 56 21 3 0 0 0 0 225 78 19 0 0 0 0 0
1665776120 28118 353 0 0 40 56 21 3 0 0 0 0 225 78 19 0 0 0 0 0
1665776310 28127 353 0 0 40 56 21 3 0 0 0 0 225 78 19 0 0 0 0 0
1665931477 28234 353 0 0 40 56 21 3 0 0 0 0 225 78 19 0 0 0 0 0
1666170843 28234 353 0 0 40 56 21 3 0 0 0 0 225 78 19 0 0 0 6 0
1666172876 28250 353 0 0 40 56 21 3 0 0 0 0 225 78 19 0 0 0 6 0
1666269118 28250 353 0 0 40 56 21 3 0 0 0 0 225 78 19 0 0 0 6 0
1666269717 28321 353 0 0 40 56 21 3 0 0 0 0 225 78 19 0 0 0 6 0
1666281710 28351 353 0 0 40 56 21 3 0 0 0 0 225 78 19 0 0 0 6 0
1666282276 28401 353 0 0 40 56 21 3 0 0 0 0 225 78 19 0 0 0 6 0
1666292628 28405 353 0 0 40 56 21 3 0 0 0 0 225 78 19 0 0 0 6 0
1666293088 28408 353 0 0 40 56 21 3 0 0 0 0 225 78 19 0 0 0 6 0
1666294226 28417 353 0 0 40 56 21 3 0 0 0 0 225 78 19 0 0 0 6 0
1666295313 28432 353 0 0 40 56 21 3 0 0 0 0 225 78 19 0 0 0 6 0
1666296734 28461 353 0 0 40 56 21 3 0 0 0 0 225 78 19 0 0 0 6 0
1666301099 28506 353 0 0 40 56 21 3 0 0 0 0 225 78 19 0 0 0 6 0
1666301262 28511 353 0 0 40 56 21 3 0 0 0 0 225 78 19 0 0 0 6 0
1666303727 28512 353 0 0 40 56 21 3 0 0 0 0 225 78 19 0 0 0 6 0
1666341148 28695 353 0 0 40 56 21 3 0 0 0 0 225 78 19 0 0 0 6 0
1666357703 28945 353 0 0 40 56 21 3 0 0 0 0 225 78 19 0 0 0 6 0
1666360286 28950 353 0 0 40 56 21 3 0 0 0 0 225 78 19 0 0 0 6 0
1666387224 28982 353 0 0 40 56 21 3 0 0 0 0 225 78 19 0 0 0 6 0
1666389475 28983 353 0 0 40 56 21 3 0 0 0 0 225 78 19 0 0 0 6 0
1666596541 28984 353 0 0 40 56 21 3 0 0 0 0 225 78 19 0 0 0 6 0
1666596725 28998 353 0 0 40 56 21 3 0 0 0 0 225 78 19 0 0 0 6 0
1666602954 28998 401 0 0 40 56 21 3 0 0 0 0 225 78 19 0 0 0 6 0
1666604054 29003 401 0 0 40 56 21 3 0 0 0 0 225 78 19 0 0 0 6 0
1666604064 29004 401 0 0 40 56 21 3 0 0 0 0 225 78 19 0 0 0 6 0
1666622484 29128 401 0 0 40 56 21 3 0 0 0 0 225 78 19 0 0 0 6 0
1666640764 29129 401 0 0 40 56 21 3 0 0 0 0 225 78 19 0 0 0 6 0
1666709307 29132 401 0 0 40 56 21 3 0 0 0 0 225 78 19 0 0 0 6 0
1666726780 29139 401 0 0 40 56 21 3 0 0 0 0 225 78 19 0 0 0 6 0
1666732669 29201 401 0 0 40 56 21 3 0 0 0 0 225 78 19 0 0 0 6 0
1666733253 29349 401 0 0 40 56 21 3 0 0 0 0 225 78 19 0 0 0 6 0
1666733652 29356 401 0 0 40 56 21 3 0 0 0 0 225 78 19 0 0 0 6 0
1666734362 29363 401 0 0 40 56 21 3 0 0 0 0 225 78 19 0 0 0 6 0
1666809678 29364 401 0 0 40 56 21 3 0 0 0 0 225 78 19 0 0 0 6 0
1666810779 29368 401 0 0 40 56 21 3 0 0 0 0 225 78 19 0 0 0 6 0
1666856999 29672 401 0 0 40 56 21 3 0 0 0 0 225 78 19 0 0 0 6 0
1666875402 29714 401 0 0 40 56 21 3 0 0 0 0 225 78 19 0 0 0 6 0
1666884622 29718 401 0 0 40 56 21 3 0 0 0 0 225 78 19 0 0 0 6 0
1666884977 29733 401 0 0 40 56 21 3 0 0 0 0 225 78 19 0 0 0 6 0
1666885391 29738 401 0 0 40 56 21 3 0 0 0 0 225 78 19 0 0 0 6 0
1666885874 29738 401 0 0 40 56 21 3 0 0 0 0 225 78 19 0 0 0 6 0
1666887336 29752 401 0 0 40 56 21 3 0 0 0 0 225 78 19 0 0 0 6 0
1666898570 29754 401 0 0 40 56 21 3 0 0 0 0 225 78 19 0 0 0 6 0
1666906899 29768 401 0 0 40 56 21 3 0 0 0 0 225 78 19 0 0 0 6 0
1666907558 29785 401 0 0 40 56 21 3 0 0 0 0 225 78 19 0 0 0 6 0
1666909271 29802 401 0 0 40 56 21 3 0 0 0 0 225 78 19 0 0 0 6 0
1666940624 29808 401 0 0 40 56 21 3 0 0 0 0 225 78 19 0 0 0 6 0
1667314073 29810 401 0 0 40 56 21 3 0 0 0 0 225 78 19 0 0 0 6 0
1667379164 29851 401 0 0 40 56 21 3 0 0 0 0 225 78 19 0 0 0 6 0
1667403461 29874 401 0 0 40 56 21 3 0 0 0 0 225 78 19 0 0 0 6 0
1667405356 29882 401 0 0 40 56 21 3 0 0 0 0 225 78 19 0 0 0 6 0
1667406053 29949 401 0 0 40 56 21 3 0 0 0 0 225 78 19 0 0 0 6 0
1667406707 29965 401 0 0 40 56 21 3 0 0 0 0 225 78 19 0 0 0 6 0
1667423202 29975 401 0 0 40 56 21 3 0 0 0 0 225 78 19 0 0 0 6 0
1667485624 30000 401 0 0 40 56 21 3 0 0 0 0 225 78 19 0 0 0 6 0
1667502723 30002 401 0 0 40 56 21 3 0 0 0 0 225 78 19 0 0 0 6 0
1667507207 30005 401 0 0 40 56 21 3 0 0 0 0 225 78 19 0 0 0 6 0
1667508929 30037 401 0 0 40 56 21 3 0 0 0 0 225 78 19 0 0 0 6 0
1667512556 30056 401 0 0 40 56 21 3 0 0 0 0 225 78 19 0 0 0 6 0
1667579149 30056 521 0 0 40 56 21 3 0 0 0 0 225 78 19 0 0 0 6 0
1667590037 30069 521 0 0 40 56 21 3 0 0 0 0 225 78 19 0 0 0 6 0
1667597278 30070 521 0 0 40 56 21 3 0 0 0 0 225 78 19 0 0 0 6 0
1667659676 30095 521 0 0 40 56 21 3 0 0 0 0 225 78 19 0 0 0 6 0
1667670925 30208 521 0 0 40 56 21 3 0 0 0 0 225 78 19 0 0 0 6 0
1667684593 30278 521 0 0 40 56 21 3 0 0 0 0 225 78 19 0 0 0 6 0
1667770627 30297 521 0 0 40 56 21 3 0 0 0 0 225 78 19 0 0 0 6 0
1668025615 30516 521 0 0 40 56 21 3 0 0 0 0 225 78 19 0 0 0 6 0
1668082291 30521 521 0 0 40 56 21 3 0 0 0 0 225 78 19 0 0 0 6 0
1668086993 30524 521 0 0 40 56 21 3 0 0 0 0 225 78 19 0 0 0 6 0
1668087009 30599 521 0 0 40 56 21 3 0 0 0 0 225 78 19 0 0 0 6 0
1668528029 30659 521 0 0 40 56 21 3 0 0 0 0 225 78 19 0 0 0 6 0
1669105789 30674 521 0 0 40 56 21 3 0 0 0 0 225 78 19 0 0 0 6 0
1669107232 30675 521 0 0 40 56 21 3 0 0 0 0 225 78 19 0 0 0 6 0
1669107602 30687 521 0 0 40 56 21 3 0 0 0 0 225 78 19 0 0 0 6 0
1669207178 30689 521 0 0 40 56 21 3 0 0 0 0 225 78 19 0 0 0 6 0
1669207297 30695 521 0 0 40 56 21 3 0 0 0 0 225 78 19 0 0 0 6 0
1669922420 30695 521 0 1 40 56 21 3 0 0 0 0 225 78 19 0 0 0 6 0
1669923068 30695 521 0 6 40 56 21 3 0 0 0 0 225 78 19 0 0 0 6 0
1669933908 30695 521 0 12 40 56 21 3 0 0 0 0 225 78 19 0 0 0 6 0
1669942930 30696 521 0 12 40 56 21 3 0 0 0 0 225 78 19 0 0 0 6 0
1669986960 30708 521 0 12 40 56 21 3 0 0 0 0 225 78 19 0 0 0 6 0
1670251798 30708 521 0 64 40 56 21 3 0 0 0 0 225 78 19 0 0 0 6 0
1670253235 30710 521 0 64 40 56 21 3 0 0 0 0 225 78 19 0 0 0 6 0
1670253635 30742 521 0 64 40 56 21 3 0 0 0 0 225 78 19 0 0 0 6 0
1670284447 30742 521 0 64 40 56 21 3 0 0 0 0 225 78 19 0 0 0 6 0
1670563650 30788 521 0 64 40 56 21 3 0 0 0 0 225 78 19 0 0 0 6 0
1672324192 30788 521 0 64 40 56 21 3 0 0 0 0 225 78 19 0 0 0 6 0
1672325068 30802 521 0 64 40 56 21 3 0 0 0 0 225 78 19 0 0 0 6 0
1672734661 30802 521 0 64 40 56 21 3 0 0 0 5 225 78 19 0 0 0 6 0
1672781992 30803 521 0 64 40 56 21 3 0 0 0 5 225 78 19 0 0 0 6 0
1672782521 30805 521 0 64 40 56 21 3 0 0 0 5 225 78 19 0 0 0 6 0
1672783055 30827 521 0 64 40 56 21 3 0 0 0 5 225 78 19 0 0 0 6 0
1673218009 30887 521 0 64 40 56 21 3 0 0 0 5 225 78 19 0 0 0 6 0
1673220851 30892 521 0 64 40 56 21 3 0 0 0 5 225 78 19 0 0 0 6 0
1673350248 30894 521 0 64 40 56 21 3 0 0 0 5 225 78 19 0 0 0 6 0
1673350294 30895 521 0 64 40 56 21 3 0 0 0 5 225 78 19 0 0 0 6 0
1673353085 30895 521 0 64 40 56 21 3 0 0 0 382 225 78 19 0 0 0 6 0
1673801753 30897 521 0 64 40 56 21 3 0 0 0 382 225 78 19 0 0 0 6 0
1674211312 30976 521 0 64 40 56 21 3 0 0 0 382 225 78 19 0 0 0 6 0
1674296066 30992 521 0 64 40 56 21 3 0 0 0 382 225 78 19 0 0 0 6 0
1674296112 31005 521 0 64 40 56 21 3 0 0 0 382 225 78 19 0 0 0 6 0
1674296224 31134 521 0 64 40 56 21 3 0 0 0 382 225 78 19 0 0 0 6 0
1674296364 31150 521 0 64 40 56 21 3 0 0 0 382 225 78 19 0 0 0 6 0
1674306579 31555 521 0 64 40 56 21 3 0 0 0 382 225 78 19 0 0 0 6 0
1674769218 31555 521 0 64 40 56 21 3 0 0 0 382 225 78 19 0 0 0 6 0
1674769442 31555 521 0 64 40 56 21 3 0 0 0 382 225 78 19 0 0 0 6 0
1674774566 31619 521 0 64 40 56 21 3 0 0 0 382 225 78 19 0 0 0 6 0
1675161607 31621 521 0 64 40 56 21 3 0 0 0 382 225 78 19 0 0 0 6 0
1675161713 31622 521 0 64 40 56 21 3 0 0 0 382 225 78 19 0 0 0 6 0
1675189997 31635 521 0 64 40 56 21 3 0 0 0 382 225 78 19 0 0 0 6 0
1675190035 31689 521 0 64 40 56 21 3 0 0 0 382 225 78 19 0 0 0 6 0
1675190062 32197 521 0 64 40 56 21 3 0 0 0 382 225 78 19 0 0 0 6 0
1675248998 32230 521 0 64 40 56 21 3 0 0 0 382 225 78 19 0 0 0 6 0
1675318439 32304 521 0 64 40 56 21 3 0 0 0 382 225 78 19 0 0 0 6 0
1675328255 32316 521 0 64 40 56 21 3 0 0 0 382 225 78 19 0 0 0 6 0
1675328311 32328 521 0 64 40 56 21 3 0 0 0 382 225 78 19 0 0 0 6 0
1675423420 32339 521 0 64 40 56 21 3 0 0 0 382 225 78 19 0 0 0 6 0
1675423477 32360 521 0 64 40 56 21 3 0 0 0 382 225 78 19 0 0 0 6 0
1675423565 32423 521 0 64 40 56 21 3 0 0 0 382 225 78 19 0 0 0 6 0
1675770566 32489 521 0 64 40 56 21 3 0 0 0 382 225 78 19 0 0 0 6 0
1675813397 32520 521 0 64 40 56 21 3 0 0 0 382 225 78 19 0 0 0 6 0
1675813457 32581 521 0 64 40 56 21 3 0 0 0 382 225 78 19 0 0 0 6 0
1675813575 32607 521 0 64 40 56 21 3 0 0 0 382 225 78 19 0 0 0 6 0
1675813634 32635 521 0 64 40 56 21 3 0 0 0 382 225 78 19 0 0 0 6 0
1675813726 32642 521 0 64 40 56 21 3 0 0 0 382 225 78 19 0 0 0 6 0
1675813756 32650 521 0 64 40 56 21 3 0 0 0 382 225 78 19 0 0 0 6 0
1675813791 32691 521 0 64 40 56 21 3 0 0 0 382 225 78 19 0 0 0 6 0
1675813839 32692 521 0 64 40 56 21 3 0 0 0 382 225 78 19 0 0 0 6 0
1675813876 32695 521 0 64 40 56 21 3 0 0 0 382 225 78 19 0 0 0 6 0
1675813910 32718 521 0 64 40 56 21 3 0 0 0 382 225 78 19 0 0 0 6 0
1675889475 39518 521 0 64 40 56 21 3 0 0 0 382 225 78 19 0 0 0 6 0
1675939915 39526 521 0 64 40 56 21 3 0 0 0 382 225 78 19 0 0 0 6 0
1676019555 39547 521 0 64 40 56 21 3 0 0 0 382 225 78 19 0 0 0 6 0
1676019581 39552 521 0 64 40 56 21 3 0 0 0 382 225 78 19 0 0 0 6 0
1676019647 39734 521 0 64 40 56 21 3 0 0 0 382 225 78 19 0 0 0 6 0
1676059758 40066 521 0 64 40 56 21 3 0 0 0 382 225 78 19 0 0 0 6 0
1676157512 40999 521 0 64 40 56 21 3 0 0 0 382 225 78 19 0 0 0 6 0
1676367793 41018 521 0 64 40 56 21 3 0 0 0 382 225 78 19 0 0 0 6 0
1676451919 41585 521 0 64 40 56 21 3 0 0 0 382 225 78 19 0 0 0 6 0
1676453771 41593 521 0 64 40 56 21 3 0 0 0 382 225 78 19 0 0 0 6 0
1676466887 41596 521 0 64 40 56 21 3 0 0 0 382 225 78 19 0 0 0 6 0
1676469608 41648 521 0 64 40 56 21 3 0 0 0 382 225 78 19 0 0 0 6 0
1676562920 42028 521 0 64 40 56 21 3 0 0 0 382 225 78 19 0 0 0 6 0
1676568054 42152 521 0 64 40 56 21 3 0 0 0 382 225 78 19 0 0 0 6 0
1676633310 42436 521 0 64 40 56 21 3 0 0 0 382 225 78 19 0 0 0 6 0
1676753528 42922 521 0 64 40 56 21 3 0 0 0 382 225 78 19 0 0 0 6 0
1676753850 42927 521 0 64 40 56 21 3 0 0 0 382 225 78 19 0 0 0 6 0
1676812112 43393 521 0 64 40 56 21 3 0 0 0 382 225 78 19 0 0 0 6 1
1676910582 43398 521 0 64 40 56 21 3 0 0 0 382 225 78 19 0 0 0 6 1
1676927109 43568 521 0 64 40 56 21 3 0 0 0 382 225 78 19 0 0 0 6 1
1676978221 43571 521 0 64 40 56 21 3 0 0 0 382 225 78 19 0 0 0 6 1
1677056016 43640 521 0 64 40 56 21 3 0 0 0 382 225 78 19 0 0 0 6 1
1677141432 43878 521 0 64 40 56 21 3 0 0 0 382 225 78 19 0 0 0 6 1
1677152886 43896 521 0 64 40 56 21 3 0 0 0 382 225 78 19 0 0 0 6 1
1677160053 43987 521 0 64 40 56 21 3 0 0 0 382 225 78 19 0 0 0 6 1
1677162598 44116 521 0 64 40 56 21 3 0 0 0 382 225 78 19 0 0 0 6 1
1677188521 44130 521 0 64 40 56 21 3 0 0 0 382 225 78 19 0 0 0 6 1
1677220003 44202 521 0 64 40 56 21 3 0 0 0 382 225 78 19 0 0 0 6 1
1677486296 44203 521 0 64 40 56 21 3 0 0 0 382 225 78 19 0 0 0 6 1
1677486391 45230 521 0 64 40 56 21 3 0 0 0 382 225 78 19 0 0 0 6 1
1677487708 45283 521 0 64 40 56 21 3 0 0 0 382 225 78 19 0 0 0 6 1
1677487898 45354 521 0 64 40 56 21 3 0 0 0 382 225 78 19 0 0 0 6 1
1677488834 45364 521 0 64 40 56 21 3 0 0 0 382 225 78 19 0 0 0 6 1
1677495569 45405 521 0 64 40 56 21 3 0 0 0 382 225 78 19 0 0 0 6 1
1677502439 45435 521 0 64 40 56 21 3 0 0 0 382 225 78 19 0 0 0 6 1
1677822131 45614 521 0 64 40 56 21 3 0 0 0 382 225 78 19 0 0 0 6 1
1677825222 45615 521 0 64 40 56 21 3 0 0 0 382 225 78 19 0 0 0 6 1
1677825824 45616 521 0 64 40 56 21 3 0 0 0 382 225 78 19 0 0 0 6 1
1677866894 45616 521 0 64 40 56 21 3 0 0 0 382 225 78 19 0 0 0 6 1
1677872885 45651 521 0 64 40 56 21 3 0 0 0 382 225 78 19 0 0 0 6 1
1678113707 45651 521 0 64 40 184 21 3 0 0 0 382 225 78 19 0 0 0 6 1
1678115102 45707 521 0 64 40 184 21 3 0 0 0 382 225 78 19 0 0 0 6 1
1678119812 45716 521 0 64 40 184 21 3 0 0 0 382 225 78 19 0 0 0 6 1
1678183961 45725 521 0 64 40 184 21 3 0 0 0 382 225 78 19 0 0 0 6 1
1678183985 45726 521 0 64 40 184 21 3 0 0 0 382 225 78 19 0 0 0 6 1
1678230240 45726 521 0 64 40 184 21 3 0 0 0 382 225 78 19 0 0 0 6 1
1678230644 47656 521 0 64 40 184 21 3 0 0 0 382 225 78 19 0 0 0 6 1
1678288035 47683 521 0 64 40 184 21 3 0 0 0 382 225 78 19 0 0 0 6 1
1678288257 47724 521 0 64 40 184 21 3 0 0 0 382 225 78 19 0 0 0 6 1
1678289893 47737 521 0 64 40 184 21 3 0 0 0 382 225 78 19 0 0 0 6 1
1678294945 47744 521 0 64 40 184 21 3 0 0 0 382 225 78 19 0 0 0 6 1
1678891314 47744 521 0 64 40 184 21 3 0 1 0 382 225 78 19 0 0 0 6 1
1679577984 47744 521 0 65 40 184 21 3 0 1 0 382 225 78 19 0 0 0 6 1
1679840684 47744 580 0 65 40 184 21 3 0 1 0 382 225 78 19 0 0 0 6 1
1679926950 47748 580 0 65 40 184 21 3 0 1 0 382 225 78 19 0 0 0 6 1
1679927698 47792 580 0 65 40 184 21 3 0 1 0 382 225 78 19 0 0 0 6 1
1680000256 47842 580 0 65 40 184 21 3 0 1 0 382 225 78 19 0 0 0 6 1
1680004941 47865 580 0 65 40 184 21 3 0 1 0 382 225 78 19 0 0 0 6 1
1680030966 47873 580 0 65 40 184 21 3 0 1 0 382 225 78 19 0 0 0 6 1
1680031319 47878 580 0 65 40 184 21 3 0 1 0 382 225 78 19 0 0 0 6 1
1680180524 47878 580 0 65 40 184 21 3 0 1 0 382 225 78 19 2 0 0 6 1
1680188657 47891 580 0 65 40 184 21 3 0 1 0 382 225 78 19 2 0 0 6 1
1680188726 47891 580 0 65 40 184 21 3 1 1 0 382 225 78 19 2 0 0 6 1
1680275957 47891 580 0 65 40 184 21 3 1 1 0 382 225 78 19 2 0 0 6 1
1680332749 47891 580 0 65 40 184 21 3 1 1 0 382 225 78 19 2 1 0 6 1
1680332891 47891 580 0 65 40 184 21 3 55 1 0 382 225 78 19 2 1 0 6 1
1680375691 47891 580 0 65 40 184 21 3 55 1 0 382 225 78 19 2 1 0 6 1
1680415592 47891 580 0 65 40 184 21 3 55 1 0 382 225 78 19 2 1 0 6 1
1680416545 47907 580 0 65 40 184 21 3 55 1 0 382 225 78 19 2 1 0 6 1
1680522112 47907 581 0 65 40 184 21 3 55 1 0 382 225 78 19 2 1 0 6 1
1680680043 47967 581 0 65 40 184 21 3 55 1 0 382 225 78 19 2 1 0 6 1
1680681464 47967 581 0 65 40 184 21 3 55 1 0 382 225 78 19 2 1 0 6 1
1680683850 47995 581 0 65 40 184 21 3 55 1 0 382 225 78 19 2 1 0 6 1
1680724569 47995 581 2 65 40 184 21 3 55 1 0 382 225 78 19 2 1 0 6 1
1680724660 47995 581 9 65 40 184 21 3 55 1 0 382 225 78 19 2 1 0 6 1
1680727631 48241 581 9 65 40 184 21 3 55 1 0 382 225 78 19 2 1 0 6 1
1680764943 48244 581 9 65 40 184 21 3 55 1 0 382 225 78 19 2 1 0 6 1
1680780412 48343 581 9 65 40 184 21 3 55 1 0 382 225 78 19 2 1 0 6 1
1680780933 48359 581 9 65 40 184 21 3 55 1 0 382 225 78 19 2 1 0 6 1
1680781412 48361 581 9 65 40 184 21 3 55 1 0 382 225 78 19 2 1 0 6 1
1681205888 48390 581 9 65 40 184 21 3 55 1 0 382 225 78 19 2 1 0 6 1
1681306881 48418 581 9 65 40 184 21 3 55 1 0 382 225 78 19 2 1 0 6 1
1681308848 48425 581 9 65 40 184 21 3 55 1 0 382 225 78 19 2 1 0 6 1
1681326926 48428 581 9 65 40 184 21 3 55 1 0 382 225 78 19 2 1 0 6 1
1681914437 48428 581 9 65 40 184 21 3 55 1 0 382 225 78 19 2 1 0 6 1
1682026990 51256 581 9 65 40 184 21 3 55 1 0 382 225 78 19 2 1 0 6 1
1682076501 51266 581 9 65 40 184 21 3 55 1 0 382 225 78 19 2 1 0 6 1
1682335037 51473 581 9 65 40 184 21 3 55 1 0 382 225 78 19 2 1 0 6 1
1682346079 51512 581 9 65 40 184 21 3 55 1 0 382 225 78 19 2 1 0 6 1
1682348654 52338 581 9 65 40 184 21 3 55 1 0 382 225 78 19 2 1 0 6 1
1682348803 52339 581 9 65 40 184 21 3 55 1 0 382 225 78 19 2 1 0 6 1
1682349199 52348 581 9 65 40 184 21 3 55 1 0 382 225 78 19 2 1 0 6 1
1682350543 52352 581 9 65 40 184 21 3 55 1 0 382 225 78 19 2 1 0 6 1
1682350711 52361 581 9 65 40 184 21 3 55 1 0 382 225 78 19 2 1 0 6 1
1682353203 52361 581 9 65 40 184 21 3 55 1 0 382 225 78 19 2 1 0 6 1
1682508847 52436 581 9 65 40 184 21 3 55 1 0 382 225 78 19 2 1 0 6 1
1682536839 52436 581 1123 65 40 184 21 3 55 1 0 382 225 78 19 2 1 0 6 1
1682537401 52436 581 1224 65 40 184 21 3 55 1 0 382 225 78 19 2 1 0 6 1
1682601587 52707 581 1224 65 40 184 21 3 55 1 0 382 225 78 19 2 1 0 6 1
1682601612 52802 581 1224 65 40 184 21 3 55 1 0 382 225 78 19 2 1 0 6 1
1682612154 52958 581 1224 65 40 184 21 3 55 1 0 382 225 78 19 2 1 0 6 1
1682676710 53300 581 1224 65 40 184 21 3 55 1 0 382 225 78 19 2 1 0 6 1
1682854695 53472 581 1224 65 40 184 21 3 55 1 0 382 225 78 19 2 1 0 6 1
1682858767 53544 581 1224 65 40 184 21 3 55 1 0 382 225 78 19 2 1 0 6 1
1682888021 53614 581 1224 65 40 184 21 3 55 1 0 382 225 78 19 2 1 0 6 1
1682919632 53614 581 1627 65 40 184 21 3 55 1 0 382 225 78 19 2 1 0 6 1
1682925791 53621 581 1627 65 40 184 21 3 55 1 0 382 225 78 19 2 1 0 6 1
1683014132 53625 581 1627 65 40 184 21 3 55 1 0 382 225 78 19 2 1 0 6 1
1683062450 53625 581 1627 65 40 184 21 3 55 1 0 382 225 78 19 2 1 0 6 1
1683125436 53627 581 1822 65 40 184 21 3 55 1 0 382 225 78 19 2 1 0 6 1
1683636085 53777 581 1822 65 40 184 21 3 55 1 0 382 225 78 19 2 1 0 6 1
1683636089 53836 581 1822 65 40 184 21 3 55 1 0 382 225 78 19 2 1 0 6 1
1683636091 53838 581 1822 65 40 184 21 3 55 1 0 382 225 78 19 2 1 0 6 1
1683636093 53842 581 1822 65 40 184 21 3 55 1 0 382 225 78 19 2 1 0 6 1
1683636095 54102 581 1822 65 40 184 21 3 55 1 0 382 225 78 19 2 1 0 6 1
1683669435 54140 581 1822 65 40 184 21 3 55 1 0 382 225 78 19 2 1 0 6 1
1683670202 54165 581 1822 65 40 184 21 3 55 1 0 382 225 78 19 2 1 0 6 1
1683671704 54185 581 1822 65 40 184 21 3 55 1 0 382 225 78 19 2 1 0 6 1
1683714970 54221 581 1822 65 40 184 21 3 55 1 0 382 225 78 19 2 1 0 6 1
1683717792 54271 581 1822 65 40 184 21 3 55 1 0 382 225 78 19 2 1 0 6 1
1683718623 54272 581 1822 65 40 184 21 3 55 1 0 382 225 78 19 2 1 0 6 1
1683926438 54272 581 2312 65 40 184 21 3 55 1 0 382 225 78 19 2 1 0 6 1
1684938596 54332 581 2354 65 40 184 21 3 55 1 0 382 225 78 19 2 1 0 6 1
1685024496 54335 581 2354 65 40 184 21 3 55 1 0 382 225 78 19 2 1 0 6 1
1685024821 54491 581 2354 65 40 184 21 3 55 1 0 382 225 78 19 2 1 0 6 1
1685534035 54541 581 2354 65 40 184 21 3 55 1 0 382 225 78 19 2 1 0 6 1
1685567700 54596 581 2354 65 40 184 23 3 55 1 0 382 225 78 19 2 1 0 6 1
1685570548 54600 581 2354 65 40 184 23 3 55 1 0 382 225 78 19 2 1 0 6 1
1685626040 54604 581 2354 65 40 184 23 3 55 1 0 382 225 78 19 2 1 0 6 1
1685629946 54647 581 2354 65 40 184 23 3 55 1 0 382 225 78 19 2 1 0 6 1
1685635446 54665 581 2354 65 40 184 23 3 55 1 0 382 225 78 19 2 1 0 6 1
1685647244 54869 581 2354 65 40 184 23 3 55 1 0 382 225 78 19 2 1 0 6 1
1685705534 54915 581 2354 65 40 184 23 3 55 1 0 382 225 78 19 2 1 0 6 1
1685717230 54923 581 2354 65 40 184 23 3 55 1 0 382 225 78 19 2 1 0 6 1
1685718185 54939 581 2354 65 40 184 23 3 55 1 0 382 225 78 19 2 1 0 6 1
1685793959 55093 581 2354 65 40 184 23 3 55 1 0 382 225 78 19 2 1 0 6 1
1685795159 55111 581 2354 65 40 184 23 3 55 1 0 382 225 78 19 2 1 0 6 1
1685799717 55136 581 2354 65 40 184 23 3 55 1 0 382 225 78 19 2 1 0 6 1
1685799742 55157 581 2354 65 40 184 23 3 55 1 0 382 225 78 19 2 1 0 6 1
1685802087 55238 581 2354 65 40 184 23 3 55 1 0 382 225 78 19 2 1 0 6 1
1685802487 55250 581 2354 65 40 184 23 3 55 1 0 382 225 78 19 2 1 0 6 1
1685803705 55257 581 2354 65 40 184 23 3 55 1 0 382 225 78 19 2 1 0 6 1
1685901682 55257 581 2354 65 40 184 58 3 55 1 0 382 225 78 19 2 1 0 6 1
1686052853 55321 581 2354 65 40 184 58 3 55 1 0 382 225 78 19 2 1 0 6 1
1686143734 55321 581 2354 65 40 184 58 3 55 1 0 382 225 78 19 2 1 477 6 1
1686143778 55527 581 2354 65 40 184 58 3 55 1 0 382 225 78 19 2 1 477 6 1
1686144520 55533 581 2354 65 40 184 58 3 55 1 0 382 225 78 19 2 1 477 6 1
1686152189 55534 581 2354 65 40 184 58 3 55 1 0 382 225 78 19 2 1 477 6 1
1686168727 55681 581 2354 65 40 184 58 3 55 1 0 382 225 78 19 2 1 477 6 1
1686207410 55686 581 2354 65 40 184 58 3 55 1 0 382 225 78 19 2 1 477 6 1
1686321842 55689 581 2354 65 40 184 58 3 55 1 0 382 225 78 19 2 1 477 6 1
1686429239 55701 581 2354 65 40 184 58 3 55 1 0 382 225 78 19 2 1 477 6 1
1686429936 55704 581 2354 65 40 184 58 3 55 1 0 382 225 78 19 2 1 477 6 1
1686430604 55707 581 2354 65 40 184 58 3 55 1 0 382 225 78 19 2 1 477 6 1
1686430625 55714 581 2354 65 40 184 58 3 55 1 0 382 225 78 19 2 1 477 6 1
1686440466 55822 581 2354 65 40 184 58 3 55 1 0 382 225 78 19 2 1 477 6 1
1686462646 55822 584 2354 65 40 184 58 3 55 1 0 382 225 78 19 2 1 477 6 1
1686578086 55888 584 2354 65 40 184 58 3 55 1 0 382 225 78 19 2 1 477 6 1
1686578224 55905 584 2354 65 40 184 58 3 55 1 0 382 225 78 19 2 1 477 6 1
1686581527 55924 584 2354 65 40 184 58 3 55 1 0 382 225 78 19 2 1 477 6 1
1686583570 55946 584 2354 65 40 184 58 3 55 1 0 382 225 78 19 2 1 477 6 1
1686690514 55947 584 2354 65 40 184 58 3 55 1 0 382 225 78 19 2 1 477 6 1
1686691413 55954 584 2354 65 40 184 58 3 55 1 0 382 225 78 19 2 1 477 6 1
1686691715 55957 584 2354 65 40 184 58 3 55 1 0 382 225 78 19 2 1 477 6 1
1686693526 55963 584 2354 65 40 184 58 3 55 1 0 382 225 78 19 2 1 477 6 1
1686698020 56230 584 2354 65 40 184 58 3 55 1 0 382 225 78 19 2 1 477 6 1
1686729256 56242 584 2354 65 40 184 58 3 55 1 0 382 225 78 19 2 1 477 6 1
1686750498 56251 584 2354 65 40 184 58 3 55 1 0 382 225 78 19 2 1 477 6 1
1686856260 56254 584 2354 65 40 184 58 3 55 1 0 382 225 78 19 2 1 477 6 1
1686863352 56368 584 2354 65 40 184 58 3 55 1 0 382 225 78 19 2 1 477 6 1
1686869552 56559 584 2354 65 40 184 58 3 55 1 0 382 225 78 19 2 1 477 6 1
1686871508 56588 584 2354 65 40 184 58 3 55 1 0 382 225 78 19 2 1 477 6 1
1686900230 56604 584 2354 65 40 184 58 3 55 1 0 382 225 78 19 2 1 477 6 1
1687165529 56604 584 2354 65 40 184 58 3 55 1 1 382 225 78 19 2 1 477 6 1
1687165595 56604 584 2354 65 40 184 58 3 55 1 2 382 225 78 19 2 1 477 6 1
1687177123 56605 584 2354 65 40 184 58 3 55 1 2 382 225 78 19 2 1 477 6 1
1687210478 56655 584 2354 65 40 184 58 3 55 1 2 382 225 78 19 2 1 477 6 1
1687419522 56657 584 2354 65 40 184 58 3 55 1 2 382 225 78 19 2 1 477 6 1
1687868447 56659 584 2354 65 40 184 58 3 55 1 2 382 225 78 19 2 1 477 6 1
1687937697 56765 584 2354 65 40 184 58 3 55 1 2 382 225 78 19 2 1 477 6 1
1687947992 56768 584 2354 65 40 184 58 3 55 1 2 382 225 78 19 2 1 477 6 1
1688335155 56792 584 2354 65 40 184 58 3 55 1 2 382 225 78 19 2 1 477 6 1
1688368225 56796 584 2354 65 40 184 58 3 55 1 2 382 225 78 19 2 1 477 6 1
1688416014 56843 584 2354 65 40 184 58 3 55 1 2 382 225 78 19 2 1 477 6 1
1688417373 56891 584 2354 65 40 184 58 3 55 1 2 382 225 78 19 2 1 477 6 1
1688509615 56999 584 2354 65 40 184 58 3 55 1 2 382 225 78 19 2 1 477 6 1
1688552800 57004 584 2354 65 40 184 58 3 55 1 2 382 225 78 19 2 1 477 6 1
1688594813 57262 584 2354 65 40 184 58 3 55 1 2 382 225 78 19 2 1 477 6 1
