1545005321 453 0 0
1545587952 679 0 0
1547935545 1010 0 0
1547935935 1170 0 0
1547943842 1421 0 0
1548819883 1430 0 0
1550038388 1627 0 0
1551638618 1837 0 0
1551638763 1927 0 0
1569658922 1980 0 0
1569664277 2070 0 0
1569665072 2102 0 0
1569665411 2104 0 0
1570788065 2118 0 0
1570788085 2118 0 0
1570788109 2140 0 0
1572756900 2141 0 0
1572757831 2227 0 0
1606635433 2229 0 0
1606635489 2235 0 0
1607000409 2239 0 0
1607000422 2299 0 0
1607001503 2299 0 0
1614053049 2299 0 7
1625064861 2299 1 7
1625065070 2299 3 7
1651124080 2328 3 7
1651124105 2329 3 7
1651124145 2333 3 7
1651126034 2340 3 7
1651152958 2349 3 7
1684148863 2352 3 7
1684150724 2760 3 7
1684151651 2762 3 7
1684152177 2796 3 7
1684153807 2804 3 7
1684154662 2858 3 7
1684154822 2967 3 7
1684284966 3500 3 7
1684287828 3746 3 7
1684288971 3777 3 7
1684289061 3781 3 7
