1545005321 453
1545587952 594
1547935545 607
1547935935 751
1547943842 879
1548819883 887
1550038388 950
1551638618 1026
1551638763 1116
1569658922 934
1569664277 933
1569665072 961
1569665411 961
1570788065 973
1570788085 973
1570788109 995
1572756900 996
1572757831 1082
1606635433 1084
1606635489 1090
1607000409 1092
1607000422 1152
1607001503 1150
1614053049 1155
1625064861 1154
1625065070 1154
1651124080 1179
1651124105 1180
1651124145 1184
1651126034 1189
1651152958 1195
1684148863 1195
1684150724 1368
1684151651 1368
1684152177 1398
1684153807 1402
1684154662 1451
1684154822 1547
1684284966 2064
1684287828 2310
1684288971 2341
1684289061 2341
