1567020162 201
1575185610 303
1575186593 317
1575188259 326
1575191895 359
1575193644 392
1575197693 503
1575274918 522
1575323344 674
1575404398 674
1575404432 615
1575580016 616
1575580064 627
1575580164 627
1575581208 630
1575869488 741
1575871913 766
1575965526 805
1575965589 900
1576120555 920
1576120676 914
1576123847 922
1576185898 922
1576187223 970
1576396207 1010
1576396495 1013
1576560204 1121
1576639294 1111
1576692268 1140
1576726589 1168
1577167671 1168
1577167732 1174
1577168979 1244
1577170501 1254
1577352326 1260
1577352390 1261
1577364327 1549
1577823296 1549
1578615128 1596
1578626283 1593
1578909409 1593
1578955536 1597
1578988302 1608
1579035593 1609
1579124488 1632
1579719368 1632
1586108408 1645
1586109166 1640
1586197249 1640
1586838021 1645
1587069331 1645
1587069356 1663
1587625609 1663
1587625653 1663
1587965732 1663
1587976656 1663
1587976687 1663
1587976711 1664
1587977464 1664
1588050473 1664
1593778196 1666
1594700688 1707
1594787164 1710
1594787200 1711
1595187522 1711
1595188309 1711
1595189987 1711
1601669503 1711
1601670049 1711
1608183173 1707
1610913170 1707
1610945146 1709
1610946400 1705
1612113595 1705
1612115155 1705
1612115668 1705
1612116293 1705
1612117562 1705
1612119007 1704
1612121000 1696
1612121634 1700
1612121716 1700
1612125373 1703
1612242879 1707
1612690952 1908
1612692908 1908
1612723908 1920
1612978767 1924
1625329404 1924
1625329561 1924
1625418087 1898
1625418950 1898
1629086989 1897
1635187811 1897
1636638427 1897
1645907974 1898
1651185938 1898
1664923964 1898
1664924168 1898
1664926475 1903
1664926805 1903
1664931344 1903
1671490637 1892
1671586494 1892
1675889739 1898
1675891629 1898
1675891944 1898
1675891967 1898
1675891981 1898
1676327230 1898
1677518109 1898
1678732334 1898
1679342626 1898
1679927102 1898
1681415048 1900
1686165009 1902
1687367413 2177
