1607203533 0 0 0 0 0 0 0 0 0 0 0 0 0 1 0 0 0 0 0 0
1607307158 0 0 0 0 0 0 0 1 0 0 0 0 0 1 0 0 0 0 0 0
1607987389 0 0 0 1 0 0 0 1 0 0 0 0 0 1 0 0 0 0 0 0
1607987496 0 0 0 2 0 0 0 1 0 0 0 0 0 1 0 0 0 0 0 0
1607989388 0 0 0 4 0 0 0 1 0 0 0 0 0 1 0 0 0 0 0 0
1607990268 0 0 0 5 0 0 0 1 0 0 0 0 0 1 0 0 0 0 0 0
1607994934 0 0 0 5 0 0 0 1 0 0 0 0 0 2 0 0 0 0 0 0
1607995045 0 0 0 6 0 0 0 1 0 0 0 0 0 2 0 0 0 0 0 0
1608028291 0 1 0 6 0 0 0 1 0 0 0 0 0 2 0 0 0 0 0 0
1608082800 0 1 0 6 0 0 0 2 0 0 0 0 0 2 0 0 0 0 0 0
1608118587 0 5 0 6 0 0 0 2 0 0 0 0 0 2 0 0 0 0 0 0
1608120094 0 6 0 6 0 0 0 2 0 0 0 0 0 2 0 0 0 0 0 0
1608122502 0 7 0 6 0 0 0 2 0 0 0 0 0 2 0 0 0 0 0 0
1608123329 0 8 0 6 0 0 0 2 0 0 0 0 0 2 0 0 0 0 0 0
1608123527 0 9 0 6 0 0 0 2 0 0 0 0 0 2 0 0 0 0 0 0
1608126803 0 10 0 6 0 0 0 2 0 0 0 0 0 2 0 0 0 0 0 0
1608127737 0 11 0 6 0 0 0 2 0 0 0 0 0 2 0 0 0 0 0 0
1608127987 0 12 0 6 0 0 0 2 0 0 0 0 0 2 0 0 0 0 0 0
1608159758 0 12 0 6 0 0 0 3 0 0 0 0 0 2 0 1 0 0 0 0
1608212808 0 13 0 6 0 0 0 3 0 0 0 0 0 2 0 1 0 0 0 0
1608214766 0 14 0 6 0 0 0 3 0 0 0 0 0 2 0 1 0 0 0 0
1608214787 0 15 0 6 0 0 0 3 0 0 0 0 0 2 0 1 0 0 0 0
1608219961 0 16 0 6 0 0 0 3 0 0 0 0 0 2 0 1 0 0 0 0
1608220829 0 17 0 6 0 0 0 3 0 0 0 0 0 2 0 1 0 0 0 0
1608238332 0 18 0 6 0 0 0 3 0 0 0 0 0 2 0 1 0 0 0 0
1608250709 0 18 0 7 0 0 0 3 0 0 0 0 0 2 0 1 0 0 0 0
1608291194 0 19 0 7 0 0 0 3 0 0 0 0 0 2 0 1 0 0 0 0
1608562002 0 20 0 7 0 0 0 3 0 0 0 0 0 2 0 1 0 0 0 0
1609166892 0 21 0 7 0 0 0 3 0 0 0 0 0 2 0 1 0 0 0 0
1609167276 0 22 0 7 0 0 0 3 0 0 0 0 0 2 0 1 0 0 0 0
1609167753 0 23 0 7 0 0 0 3 0 0 0 0 0 2 0 1 0 0 0 0
1609168888 0 24 0 7 0 0 0 3 0 0 0 0 0 2 0 1 0 0 0 0
1609342709 0 25 0 7 0 0 0 3 0 0 0 0 0 2 0 1 0 0 0 0
1609342776 0 27 0 7 0 0 0 3 0 0 0 0 0 2 0 1 0 0 0 0
1609346103 0 28 0 7 0 0 0 3 0 0 0 0 0 2 0 1 0 0 0 0
1609346337 0 29 0 7 0 0 0 3 0 0 0 0 0 2 0 1 0 0 0 0
1609346782 0 30 0 7 0 0 0 3 0 0 0 0 0 2 0 1 0 0 0 0
1609347236 0 31 0 7 0 0 0 3 0 0 0 0 0 2 0 1 0 0 0 0
1609347884 0 32 0 7 0 0 0 3 0 0 0 0 0 2 0 1 0 0 0 0
1609348105 0 33 0 7 0 0 0 3 0 0 0 0 0 2 0 1 0 0 0 0
1609348740 0 34 0 7 0 0 0 3 0 0 0 0 0 2 0 1 0 0 0 0
1609348864 0 35 0 7 0 0 0 3 0 0 0 0 0 2 0 1 0 0 0 0
1609350962 0 36 0 7 0 0 0 3 0 0 0 0 0 2 0 1 0 0 0 0
1609350986 0 37 0 7 0 0 0 3 0 0 0 0 0 2 0 1 0 0 0 0
1609351625 0 38 0 7 0 0 0 3 0 0 0 0 0 2 0 1 0 0 0 0
1609360940 0 39 0 7 0 0 0 3 0 0 0 0 0 2 0 1 0 0 0 0
1609361174 0 40 0 7 0 0 0 3 0 0 0 0 0 2 0 1 0 0 0 0
1609366302 0 41 0 7 0 0 0 3 0 0 0 0 0 2 0 1 0 0 0 0
1609856686 0 42 0 7 0 0 0 3 0 0 0 0 0 2 0 1 0 0 0 0
1609863873 0 43 0 7 0 0 0 3 0 0 0 0 0 2 0 1 0 0 0 0
1609867478 0 44 0 7 0 0 0 3 0 0 0 0 0 2 0 1 0 0 0 0
1609942437 0 45 0 7 0 0 0 3 0 0 0 0 0 2 0 1 0 0 0 0
1609953651 0 47 0 7 0 0 0 3 0 0 0 0 0 2 0 1 0 0 0 0
1610121712 0 48 0 7 0 0 0 3 0 0 0 0 0 2 0 1 0 0 0 0
1610551316 0 49 0 7 0 0 0 3 0 0 0 0 0 2 0 1 0 0 0 0
1610713697 0 50 0 7 0 0 0 3 0 0 0 0 0 2 0 1 0 0 0 0
1615969389 0 52 0 7 0 0 0 3 0 0 0 0 0 2 0 1 0 0 0 0
1616535448 0 53 0 7 0 0 0 3 0 0 0 0 0 2 0 1 0 0 0 0
1618334836 0 55 0 7 0 4 0 3 0 0 0 0 0 2 0 1 0 0 0 0
1622806032 0 55 0 9 0 5 0 3 0 0 0 0 0 2 0 1 0 0 0 0
1623431714 0 55 0 9 0 6 0 3 0 0 0 0 0 2 0 1 0 0 0 0
1623431988 0 55 0 9 0 7 0 3 0 0 0 0 0 2 0 1 0 0 0 0
1624406532 0 55 0 9 0 7 0 3 0 0 0 0 0 2 0 1 2 0 0 0
1624613685 0 56 0 9 0 7 0 3 0 0 0 0 0 2 0 1 2 0 0 0
1624715366 0 56 0 9 0 8 0 3 0 0 0 0 0 2 0 1 2 0 0 0
1624715942 0 56 0 9 0 9 0 3 0 0 0 0 0 2 0 1 2 0 0 0
1625397619 0 56 0 9 0 11 0 3 0 0 0 0 0 2 0 1 2 0 0 0
1625402304 0 56 0 9 0 12 0 3 0 0 0 0 0 2 0 1 2 0 0 0
1627790644 0 56 0 9 0 13 0 3 0 0 0 0 0 2 0 1 2 0 0 0
1629138376 0 56 0 10 0 13 0 3 0 0 0 0 0 2 0 1 2 0 0 0
1629227126 0 56 0 14 0 13 0 3 0 0 0 0 0 2 0 1 2 0 0 0
1630628269 0 56 0 15 0 13 0 3 0 0 0 0 0 2 0 1 2 0 0 0
1630704919 0 56 0 16 0 13 0 3 0 0 0 0 0 2 0 1 2 0 0 0
1631072730 0 56 0 17 0 13 0 3 0 0 0 0 0 2 0 1 2 0 0 0
1631553500 0 56 0 18 0 13 0 3 0 0 0 0 0 2 0 1 2 0 0 0
1631558587 0 56 0 19 0 13 0 3 0 0 0 0 0 2 0 1 2 0 0 0
1631558941 0 56 0 20 0 13 0 3 0 0 0 0 0 2 0 1 2 0 0 0
1633131261 0 56 0 21 0 13 0 3 0 0 0 0 0 2 0 1 2 0 0 0
1633192422 0 56 0 22 0 13 0 3 0 0 0 0 0 2 0 1 2 0 0 0
1633736124 0 56 0 23 0 13 0 3 0 0 0 0 0 2 0 1 2 0 0 0
1635182129 0 56 0 24 0 13 0 3 0 0 0 0 0 2 0 1 2 0 0 0
1635557392 1 56 0 24 0 13 0 3 0 0 0 0 0 2 0 1 2 0 0 0
1635557688 2 56 0 24 0 13 0 3 0 0 0 0 0 2 0 1 2 0 0 0
1635894936 3 56 0 24 0 13 0 3 0 0 0 0 0 2 0 1 2 0 0 0
1636849566 6 56 0 24 0 13 0 3 0 0 0 0 0 2 0 1 2 0 0 0
1637091066 8 56 0 24 0 13 0 4 0 0 0 0 0 2 0 1 2 0 0 0
1637710110 9 56 0 24 0 13 0 4 0 0 0 0 0 2 0 1 2 0 0 0
1637853337 14 56 0 24 0 13 0 4 0 0 0 0 0 2 0 1 2 0 0 0
1638248935 14 56 0 25 0 13 0 4 0 0 0 0 0 2 0 1 2 0 0 0
1638874920 14 56 0 25 0 13 1 4 0 0 0 0 0 2 0 1 2 0 0 0
1639571488 14 56 0 25 0 13 2 4 0 0 0 0 0 2 0 1 2 0 0 0
1639595206 14 56 0 25 0 13 3 4 0 0 0 0 0 2 0 1 2 0 0 0
1639596866 14 56 0 25 0 13 4 4 0 0 0 0 0 2 0 1 2 0 0 0
1639597144 14 56 0 25 0 14 5 4 0 0 0 0 0 2 0 1 2 0 0 0
1640064723 14 56 0 26 0 15 5 4 0 0 0 0 0 2 0 1 2 0 0 0
1640112169 14 56 0 27 0 15 5 4 0 0 0 0 0 2 0 1 2 0 0 0
1640306856 14 56 0 28 0 15 6 4 0 0 0 0 0 2 0 1 2 0 0 0
1641156922 14 56 0 29 0 15 6 4 0 0 0 0 0 2 0 1 2 0 0 0
1641162352 14 56 0 29 0 15 9 4 0 0 0 0 0 2 0 1 2 0 0 0
1641339018 14 56 0 29 0 15 10 4 0 0 0 0 0 2 0 1 2 0 0 0
1641416886 27 56 0 29 0 15 10 4 0 0 0 0 0 2 0 1 2 0 0 0
1641492304 28 56 0 29 0 15 10 4 0 0 0 0 0 2 0 1 2 0 0 0
1643303960 29 56 0 29 0 15 10 4 0 0 0 0 0 2 0 1 2 0 0 0
1643306238 30 56 0 29 0 15 10 4 0 0 0 0 0 2 0 1 2 0 0 0
1643307098 35 56 0 29 0 15 10 4 0 0 0 0 0 2 0 1 2 0 0 0
1643318258 36 56 0 29 0 15 10 4 0 0 0 0 0 2 0 1 2 0 0 0
1643318475 37 56 0 29 0 15 10 4 0 0 0 0 0 2 0 1 2 0 0 0
1643398246 38 56 0 29 0 15 10 4 0 0 0 0 0 2 0 1 2 0 0 0
1643633971 42 56 0 29 0 15 10 5 0 0 0 0 0 2 0 1 2 0 0 0
1643907176 43 56 0 29 0 15 10 5 0 0 0 0 0 2 0 1 2 0 0 0
1643907856 44 56 0 29 0 15 10 5 0 0 0 0 0 2 0 1 2 0 0 0
1643913662 45 56 0 29 0 15 10 5 0 0 0 0 0 2 0 1 2 0 0 0
1643917298 61 56 0 29 0 15 10 5 0 0 0 0 0 2 0 1 2 0 0 0
1644428516 62 56 0 29 0 15 10 5 0 0 0 0 0 2 0 1 2 0 0 0
1644428648 63 56 0 29 0 15 10 5 0 0 0 0 0 2 0 1 2 0 0 0
1644428683 64 56 0 29 0 15 10 5 0 0 0 0 0 2 0 1 2 0 0 0
1644428804 65 56 0 29 0 15 10 5 0 0 0 0 0 2 0 1 2 0 0 0
1644515795 66 56 0 29 0 15 10 5 0 0 0 0 0 2 0 1 2 0 0 0
1644515820 67 56 0 29 0 15 10 5 0 0 0 0 0 2 0 1 2 0 0 0
1644516571 68 56 0 29 0 15 10 5 0 0 0 0 0 2 0 1 2 0 0 0
1644516599 70 56 0 29 0 15 10 5 0 0 0 0 0 2 0 1 2 0 0 0
1645048586 71 56 0 29 0 15 10 5 0 0 0 0 0 2 0 1 2 0 0 0
1645053893 72 56 0 29 0 15 10 5 0 0 0 0 0 2 0 1 2 0 0 0
1645648683 73 56 0 29 0 15 10 5 0 0 0 0 0 2 0 1 2 0 0 0
1646300618 73 56 0 29 0 15 10 5 0 0 1 0 0 2 0 1 2 0 0 0
1646549825 73 56 0 29 0 16 10 5 0 0 1 0 0 2 0 1 2 0 0 0
1647437924 73 56 0 29 0 16 11 5 0 0 1 0 0 2 0 1 2 0 0 0
1648412273 73 56 0 29 0 16 11 5 0 0 1 0 0 2 0 1 2 1 0 0
1651869694 73 56 0 29 0 16 11 6 0 0 1 0 0 2 0 1 2 1 0 0
1651869855 73 56 0 29 0 16 11 7 0 0 1 0 0 2 0 1 2 1 0 0
1651874912 73 56 0 29 0 16 11 8 0 0 1 0 0 2 0 1 2 1 0 0
1652117175 73 56 0 29 0 16 11 9 0 0 1 1 0 2 0 1 2 1 0 0
1653184781 73 56 0 29 0 16 11 9 0 0 1 1 0 2 0 1 2 1 0 1
1654194624 73 56 0 29 0 16 11 10 0 0 1 1 0 2 0 1 2 1 0 1
1654253345 73 56 0 29 0 16 12 10 0 0 1 1 0 2 0 1 2 1 0 1
1654613022 73 56 0 29 0 16 13 10 0 0 1 1 0 2 0 1 2 1 0 1
1656092472 73 56 0 29 0 16 13 10 0 0 1 2 0 2 0 1 2 1 0 1
1660250452 73 56 0 29 0 16 13 10 0 0 1 3 0 2 0 1 2 1 0 1
1664996262 73 56 0 29 0 16 13 10 0 0 1 3 1 2 0 1 2 1 0 1
1665168845 73 56 0 29 0 16 13 10 0 0 1 3 2 2 0 1 2 1 0 1
1665251129 73 56 0 29 0 16 13 10 0 0 1 3 3 2 0 1 2 1 0 1
1665255274 73 56 0 29 0 16 13 10 0 0 1 3 4 2 0 1 2 1 0 1
1665618671 73 56 0 29 4 16 13 11 0 0 1 3 4 2 0 1 2 1 0 1
1665619151 73 56 0 29 5 16 13 11 0 0 1 3 4 2 0 1 2 1 0 1
1665622873 73 56 0 29 6 16 13 11 0 0 1 3 4 2 0 1 2 1 0 1
1665642363 73 56 0 29 7 16 13 11 0 0 1 3 4 2 0 1 2 1 0 1
1665703944 73 56 0 29 8 16 13 11 0 0 1 3 4 2 0 1 2 1 0 1
1665705722 73 56 0 29 9 16 14 11 0 0 1 3 4 2 0 1 2 1 0 1
1666669089 73 56 0 29 10 16 14 11 0 0 2 3 4 2 0 1 2 1 0 1
1667781111 73 56 0 29 12 16 14 11 0 0 2 3 4 2 0 1 2 1 0 1
1670549693 73 56 0 29 12 16 14 11 0 0 2 4 4 2 0 1 2 1 0 1
1671233829 73 56 0 29 12 16 14 11 0 1 2 4 4 2 0 1 2 1 0 1
1671652446 73 56 0 29 12 16 14 11 0 1 2 5 4 2 0 1 2 1 0 1
1674621920 73 56 0 29 13 16 14 11 0 1 2 5 4 2 0 1 2 1 0 1
1675276367 73 56 0 29 13 16 14 11 0 1 2 5 4 2 1 1 2 1 0 1
1675277773 73 56 0 29 13 16 14 11 0 1 2 5 4 2 2 1 2 1 0 1
1675762911 73 56 0 29 14 16 15 11 0 1 2 5 4 2 2 1 2 1 0 1
1675888719 73 56 0 29 14 16 15 11 0 3 3 5 4 2 2 1 2 1 0 1
1675897676 73 56 0 29 14 16 15 11 0 4 3 5 4 2 2 1 2 1 0 1
1675984552 73 56 0 29 14 16 15 11 0 5 3 5 4 2 2 1 2 1 0 1
1676004618 73 56 0 29 14 16 15 11 0 5 3 5 4 2 2 2 2 1 0 1
1676069344 73 56 0 29 14 16 15 11 0 5 4 5 4 2 2 2 2 1 0 1
1676507957 73 56 0 29 14 16 15 11 0 6 4 5 4 2 2 2 2 1 0 1
1677262622 73 56 0 29 14 16 15 11 0 6 4 5 4 2 2 2 2 1 1 1
1680588193 73 56 0 29 14 16 15 11 0 6 5 5 4 2 2 2 2 1 1 1
1680627907 73 56 0 29 14 16 15 11 0 7 5 5 4 2 2 2 2 1 1 1
1681191820 73 56 0 29 14 16 15 11 0 7 6 5 4 2 2 2 2 1 1 1
1681361682 73 56 0 29 15 16 15 11 0 7 6 5 4 2 2 2 2 1 1 1
1683167470 73 56 0 29 16 16 15 11 0 7 6 5 4 2 2 2 2 1 1 1
1683167732 73 56 0 29 17 16 15 11 0 7 6 5 4 2 2 2 2 1 1 1
1683855264 73 56 0 29 18 16 15 11 0 7 6 5 4 2 2 2 2 1 1 1
1684851989 73 56 1 29 18 16 15 11 0 7 6 5 4 2 2 2 2 1 1 1
1685627991 73 56 2 29 18 16 15 11 0 7 6 5 4 2 2 2 2 1 1 1
1685628100 73 56 3 29 18 16 15 11 0 7 6 5 4 2 2 2 2 1 1 1
1686128518 73 56 4 29 18 16 15 11 0 7 6 5 4 2 2 2 2 1 1 1
1686133733 73 56 6 29 18 16 15 11 0 7 6 5 4 2 2 2 2 1 1 1
1686576835 73 56 8 29 18 16 15 11 0 7 6 5 4 2 2 2 2 1 1 1
1688466453 73 56 8 29 18 16 15 11 1 7 6 5 4 2 2 2 2 1 1 1
1688466480 73 56 8 29 18 16 15 11 2 7 6 5 4 2 2 2 2 1 1 1
1688553925 73 56 21 29 18 16 15 11 3 7 6 5 4 2 2 2 2 1 1 1
1689080267 73 56 29 29 18 16 15 11 7 7 6 5 4 2 2 2 2 1 1 1
1689335376 73 56 29 29 18 16 15 11 8 7 6 5 4 2 2 2 2 1 1 1
1689335662 73 56 29 29 18 16 15 11 9 7 6 5 4 2 2 2 2 1 1 1
1690192839 73 56 30 29 18 16 15 11 9 7 6 5 4 2 2 2 2 1 1 1
1690201254 73 56 31 29 18 16 15 11 9 7 6 5 4 2 2 2 2 1 1 1
