1607203533 203
1607307158 203
1607987389 223
1607987496 225
1607989388 225
1607994934 298
1607995045 298
1608082800 796
1608139151 7609
1608159758 7594
1608212808 7890
1608214766 8287
1608214787 8776
1608219961 9326
1608220829 9465
1608238332 9928
1608250709 9946
1608291194 9946
1608440499 10657
1608562002 9960
1609166892 9981
1609167276 9982
1609167753 10031
1609168888 10044
1609260411 10256
1609342709 10146
1609342776 10147
1609346103 10303
1609346337 10303
1609346782 10387
1609347236 10399
1609347884 10398
1609348105 10400
1609348740 10399
1609348864 10397
1609350962 10398
1609350986 10462
1609351625 10466
1609360940 10470
1609361174 10470
1609366302 10470
1609856686 10470
1609863873 10472
1609867478 10471
1609870142 10480
1609942437 10471
1609953651 10481
1610121712 10518
1610551316 10517
1610658594 10723
1610713697 10517
1611241383 10518
1615969389 10515
1616535448 10541
1618310526 10541
1618314926 10547
1618314978 10549
1618315016 10541
1618334810 10541
1618334836 10541
1622806032 10550
1623431714 11071
1623431988 11088
1624405403 11087
1624613685 11099
1624710102 13125
1624715366 13610
1624715942 13169
1625397619 13076
1625402304 13176
1627790644 13185
1628901719 15204
1628902339 15168
1628914130 15166
1629138376 14581
1629227126 14795
1630628269 19030
1630704919 20105
1630824066 24962
1631072730 23469
1631553500 25052
1631558587 25052
1631558941 25075
1633131261 25077
1633192422 25081
1633736124 25076
1635182129 24877
1635557392 24875
1635557688 24875
1635894936 24876
1636519078 24949
1636525323 24896
1636781098 24902
1636842422 24931
1636845888 24896
1636849566 24876
1637091066 24902
1637710110 24932
1637713287 24945
1637713349 24947
1637727015 24947
1637790922 24947
1637853337 24932
1638248935 24947
1638823190 25314
1638874920 24956
1638922609 25209
1639503096 25042
1639505773 25176
1639571488 24961
1639595206 24962
1639596866 24962
1639597144 24962
1639633128 25316
1639634358 25370
1639677597 25438
1639689164 25438
1639689689 25502
1639689751 25502
1639701230 25532
1639702934 25555
1639712646 25614
1639713404 25619
1640064723 24982
1640112169 25077
1640168916 25106
1640306856 25102
1641156922 25102
1641162352 25105
1641339018 25166
1641416886 25160
1641492304 25621
1641493788 25659
1642622790 25691
1642623096 25695
1642636672 25706
1642751423 26801
1643303960 25640
1643306238 25644
1643307098 25653
1643318258 25720
1643318475 25720
1643398246 25720
1643495543 26784
1643495658 26784
1643595384 26536
1643595450 26803
1643595646 26803
1643595709 26841
1643595811 26977
1643603006 27016
1643608671 27060
1643609196 27017
1643633971 26536
1643646172 27152
1643647918 27173
1643648013 27191
1643756513 27191
1643756579 27191
1643917298 26771
1644428516 27217
1644428648 27202
1644428683 27206
1644428804 27206
1644515795 27206
1644515820 27206
1644516571 27205
1644516599 27211
1645648683 27251
1646300618 27255
1646549825 27383
1647437924 27385
1648412273 27389
1650575428 27857
1651869694 27451
1651869855 27451
1651874912 27451
1652117175 27794
1653184781 27857
1654194624 27973
1654613022 27976
1656092472 28008
1660250452 27948
1663182391 29002
1664996262 27948
1665168845 27948
1665251129 27965
1665255274 27968
1665459727 28555
1665463219 28600
1665463501 28603
1665615860 28616
1665618671 28003
1665619151 28843
1665622873 28846
1665642363 28846
1665703490 31986
1665703944 28838
1665705722 28846
1666243573 32236
1666669089 29076
1667781111 32014
1670549693 32288
1671233829 32300
1671652446 32400
1674621920 32401
1675118086 32406
1675276367 32400
1675277773 32400
1675456143 32540
1675762911 32406
1675814084 32572
1675888719 32419
1675897676 32572
1675984552 32572
1676004618 32572
1676069344 32580
1676507957 32580
1677262622 32580
1680588193 32587
1680627907 32588
1681191820 32593
1681361682 32593
1683167470 34877
1683167732 34878
1683855264 34878
1684851989 34894
1684920866 34888
1684921385 34905
1685457311 35508
1685530980 35732
1685531091 35779
1685531144 35837
1685627991 34888
1685628100 34888
1686128518 34885
1686133733 34885
1686576835 34888
1686908507 35727
1686920322 36086
1687772300 35762
1687875705 35799
1687948243 35736
1687949607 35692
1687950219 35688
1687956298 35677
1687957351 35707
1687960760 35666
1687961655 35667
1687961919 35663
1688111578 35792
1688466453 35367
1688466480 35497
1688553925 35507
1688743788 36086
1688769743 36084
1688990879 35737
1688990993 35740
1688991054 35743
1688997445 36084
1689068886 36086
1689080267 35726
1689335376 36086
1689335662 36119
1690192839 36131
1690201254 36281
