1643742335 27
1644536648 124
1644543042 573
1644857759 1171
1644945222 1190
1644945426 1195
1645118049 1493
1645407822 1503
1645407885 1526
1645408695 1526
1645580670 1694
1645580682 1705
1645580754 2331
1645662969 2331
1645663014 2333
1645663035 2333
1645663063 2359
1645663092 2391
1645663495 2406
1645666525 2410
1645667311 2433
1645743446 2462
1645743818 2463
1645743987 2496
1645813466 2496
1646056383 3134
1646056683 3441
1646065493 3583
1646066164 4490
1646071758 4946
1646071771 5206
1646071780 5361
1646071964 5503
1646073048 5510
1646077427 5774
1646077463 5908
1646077494 5985
1646077529 6085
1646077556 6222
1646077647 6241
1646078005 6246
1646079054 6247
1646144351 6247
1646180301 7534
1646180363 10055
1646180412 12995
1646180440 13107
1646186103 13111
1646192046 13148
1646192076 13110
1646226302 13116
1646405990 13145
1646424216 13181
1646425703 13191
1646428842 13191
1646428883 13240
1646429303 13241
1646667938 13241
1646668614 13240
1646679661 13241
1646679716 13254
1646679813 13239
1646679908 13301
1646692983 13306
1646753460 13310
1646762136 13332
1646847958 13339
1646848146 13358
1646872287 13363
1646924874 13371
1646942215 13542
1646955751 13544
1646957207 13594
1646957404 13619
1646957416 13631
1646963366 14060
1646963601 14209
1646963665 14247
1646963748 14276
1646963832 14585
1646963904 14717
1646964024 14852
1646964111 15029
1646964183 15094
1647017106 15102
1647017453 15102
1647019853 15106
1647021043 15138
1647035006 15118
1647282511 15312
1647284334 15536
1647284522 16175
1647284553 16207
1647285218 16238
1647285256 16236
1647285360 16250
1647285515 16296
1647310171 16299
1647352237 16305
1647364454 16508
1647364477 16519
1647364573 16545
1647370698 16550
1647459524 16556
1647459575 16538
1647483218 16530
1647534775 17294
1647541236 17294
1647541638 17302
1647541850 17302
1647620253 17404
1647637892 17369
1647811207 17614
1647813045 17617
1647873643 17620
1647886627 17617
1647888628 17629
1647890876 17630
1647892066 17630
1647896235 17651
1647962446 17652
1647962470 17775
1647962605 17781
1647962662 17779
1647967348 17905
1647967898 17947
1647968585 18038
1647968922 17969
1647969485 18206
1647973031 18230
1647979092 18647
1647979457 18657
1647980446 19334
1647981311 19917
1647991035 19924
1648045724 19938
1648146463 19935
1648149014 19802
1648151242 20093
1648212236 20158
1648240072 23176
1648251332 23238
1648399306 23241
1648476670 23252
1648477768 23250
1648479161 23255
1648493719 23256
1648509415 23297
1648570316 23297
1648580619 23436
1648595099 23431
1648737883 21993
1648739320 21994
1648746125 22172
1648747482 22167
1648773757 22246
1648775829 23629
1648779050 23680
1648781593 23696
1648783319 23934
1648784464 23932
1648786020 24003
1648821720 24017
1648823204 24295
1648823605 24295
1648824436 24295
1648842492 23993
1648908940 24376
1649033466 24851
1649079723 24904
1649086722 24938
1649095472 25070
1649099815 25132
1649102074 25131
1649109206 25068
1649114168 25070
1649123357 25070
1649124274 25079
1649126033 25089
1649169439 25101
1649169497 25101
1649210845 25102
1649211206 25129
1649247621 25164
1649248310 25167
1649253464 25167
1649257855 25167
1649259823 25030
1649268288 25041
1649272028 25043
1649281976 25144
1649343787 25154
1649374334 25506
1649431239 25508
1649432203 25381
1649439265 26439
1649439277 26440
1649440491 26578
1649442499 26465
1649442893 26477
1649452915 26478
1649457796 26485
1649560754 26485
1649682935 26366
1649688628 26366
1649689085 26318
1649691615 26336
1649694226 26493
1649695064 26541
1649695298 27176
1649695472 27176
1649702661 29078
1649765513 29078
1649770692 29078
1649790692 30221
1649798953 30236
1649806177 30317
1649882328 30408
1649886688 30475
1649960495 30450
1649970345 30482
1649987896 30494
1649988154 30529
1650030842 30395
1650035780 30434
1650042192 30434
1650045938 30546
1650050341 30546
1650063838 30585
1650074655 30082
1650074774 30081
1650075723 30088
1650239793 30148
1650289364 30145
1650291208 30149
1650291426 30205
1650292765 30208
1650296338 41928
1650296883 41960
1650308500 41914
1650308726 41921
1650322523 41919
1650378643 41980
1650382205 41973
1650385326 41977
1650388394 41987
1650389162 41987
1650390624 41997
1650394464 42037
1650399192 42392
1650452137 41997
1650463605 42221
1650629849 42239
1650721280 42295
1650721995 42318
1650734977 42542
1650850943 42542
1650850994 42145
1650851015 42153
1650898538 42154
1650901120 42205
1650901484 43695
1650921954 43445
1650934703 43926
1650976133 43948
1650984656 43986
1650995160 44206
1651012185 44352
1651014260 44352
1651078218 44350
1651081276 44598
1651083451 44598
1651084073 44597
1651087343 44577
1651089368 44577
1651091798 44633
1651096224 44633
1651099689 44783
1651152031 44793
1651155688 44794
1651164649 44743
1651171113 44743
1651172235 44766
1651241182 44768
1651242725 44953
1651496834 44983
1651497763 45032
1651505138 45039
1651505821 45044
1651505998 45047
1651507827 45041
1651508993 45160
1651509833 45166
1651509844 45167
1651513649 45168
1651518860 45169
1651528523 45183
1651528954 45394
1651530547 45400
1651533740 45400
1651578756 45403
1651578960 45403
1651603206 45103
1651604801 45132
1651605362 45184
1651610990 45180
1651612864 45773
1651614744 45782
1651620230 46188
1651664989 46188
1651680518 46248
1651694455 46395
1651694981 46395
1651696312 51105
1651697137 51105
1651701109 52515
1651702694 52656
1651707198 52663
1651708332 52657
1651716002 52658
1651716853 52649
1651755119 52649
1651756786 52665
1651757555 53309
1651759414 53309
1651759447 53309
1651776700 53388
1651777115 53520
1651794250 53524
1651844583 53521
1651848858 53599
1651849081 53679
1651851353 53765
1651853418 53820
1651873030 53865
1651873544 53927
1651873712 53981
1651873965 54023
1651926033 54026
1652101144 54104
1652109577 54104
1652110559 54112
1652125031 54156
1652126038 54156
1652126053 54203
1652136305 54327
1652137281 54328
1652206059 54352
1652475346 54367
1652795434 54367
1652807301 54632
1652878033 54650
1652880869 54651
1652881563 54650
1652883899 54646
1652884013 54647
1652884189 54651
1652884598 54660
1652889874 54665
1652897003 54665
1652897427 54665
1652984549 54665
1653064412 54701
1653066473 54701
1653069099 54751
1653076218 55130
1653079897 55134
1653309958 55171
1653316584 55183
1653404925 55216
1653406976 55254
1653408847 55317
1653415571 55321
1653425291 55310
1653426924 55328
1653427248 55436
1653433703 55447
1653577728 55468
1653602238 55685
1653659585 55627
1653659820 55644
1653680495 55645
1653686943 55645
1653700545 55647
1653724572 55649
1654010257 55670
1654020541 55661
1654025207 55673
1654025227 64979
1654044659 64979
1654114995 64987
1654115275 65020
1654116783 64943
1654121297 65328
1654175807 65329
1654178115 65308
1654178525 65655
1654178973 66538
1654179173 66641
1654186157 66647
1654205289 66667
1654263730 66950
1654264596 66953
1654279371 67316
1654279524 67319
1654284542 67359
1654286558 67440
1654289378 67441
1654473244 67445
1654520933 67446
1654531257 67491
1654536859 70691
1654630899 70707
1654635085 70712
1654636278 70715
1654636718 70731
1654638071 70864
1654723877 70867
1654726633 70979
1654727220 70987
1654782778 71091
1654810715 71276
1654826449 71197
1654853174 71347
1654870087 71356
1654870305 71431
1654871925 71437
1654872252 71774
1654882162 71769
1654889586 71789
1654890007 71902
1654890329 71902
1654891108 71912
1654960590 71909
1655070748 71884
1655071085 71905
1655074408 72196
1655080662 72197
1655081736 72201
1655086148 72193
1655126142 71913
1655126329 71927
1655126636 71946
1655126821 71954
1655127146 71954
1655130952 71971
1655131339 71977
1655185061 71704
1655214413 71649
1655214618 71660
1655217687 71718
1655219983 71723
1655229958 71726
1655240435 71747
1655389276 71732
1655419305 71751
1655423974 71749
1655470742 71749
1655476895 71749
1655754894 71755
1655755206 71866
1655826824 71858
1655845559 72257
1655845842 72472
1655846383 72472
1655903719 72472
1655907186 72459
1655907391 72441
1655908010 72432
1655908952 72430
1655943417 72450
1656010093 72408
1656010768 72403
1656010931 72405
1656011155 72404
1656015343 72437
1656015585 72160
1656029641 72272
1656066026 72211
1656071004 72646
1656244793 72645
1656250519 72645
1656253507 72659
1656253993 72690
1656255456 72691
1656256430 72708
1656256591 72710
1656256800 72626
1656292028 72563
1656333420 72709
1656351406 68884
1656356597 68884
1656359627 68884
1656360156 68890
1656364009 68890
1656364207 68891
1656416909 68884
1656427420 68939
1656448940 68942
1656502624 69247
1656503534 69261
1656506473 69519
1656521693 69540
1656535998 69505
1656537057 69517
1656546904 70071
1656552564 70158
1656610491 70234
1656611895 70292
1656612094 70317
1656612222 70317
1656612508 70317
1656612925 70329
1656615352 70329
1656615837 70245
1656616340 70329
1656617523 70347
1656617882 71131
1656618827 71313
1656621113 71314
1656624786 72577
1656630033 72719
1656683632 72719
1656776661 73090
1656938191 73036
1656977664 73064
1657028212 73130
1657034508 73130
1657034911 73144
1657041739 73203
1657047941 73203
1657048401 73711
1657053658 73711
1657053684 73712
1657055933 73713
1657069006 73602
1657072330 73655
1657073748 73662
1657100907 75054
1657129125 75054
1657130497 75048
1657130718 75027
1657133333 75075
1657135509 75080
1657138419 75088
1657146108 75088
1657149470 75248
1657200705 75353
1657201095 75351
1657202576 75296
1657204431 75297
1657205397 77614
1657206418 77952
1657214568 77960
1657224196 77985
1657226567 77976
1657228057 77980
1657231006 77980
1657234521 77989
1657235087 77988
1657239373 77988
1657285691 78013
1657290085 78013
1657292140 78185
1657292537 78129
1657292876 77960
1657298829 78240
1657301246 78245
1657301609 78240
1657302407 78450
1657303221 78456
1657309507 78456
1657310921 78456
1657311477 78456
1657312561 78456
1657313953 78454
1657314143 78460
1657314784 78433
1657379677 78432
1657391448 78489
1657403643 78485
1657404068 78600
1657404456 78600
1657404885 78600
1657405111 78704
1657406048 78698
1657414403 79346
1657418141 79395
1657466098 79402
1657466693 79401
1657556492 79393
1657560671 79355
1657567200 81301
1657567819 81416
1657568915 81594
1657569376 81639
1657631041 81664
1657631652 82129
1657632298 82135
1657651091 83077
1657655683 83171
1657657921 83255
1657658639 83255
1657658705 83257
1657660976 85941
1657662028 86239
1657676561 86243
1657721131 86462
1657721365 88478
1657736057 88480
1657739551 88488
1657762908 88488
1657798974 89438
1657814392 88925
1657833234 89088
1657837389 89934
1657891401 89977
1657892615 89963
1657893138 90000
1657913709 90794
1657916232 90782
1657928900 90782
1658145512 90860
1658146491 90804
1658146635 90798
1658146956 90666
1658150409 90703
1658153689 90713
1658166260 90715
1658167495 90713
1658169696 90630
1658171022 90725
1658171298 90639
1658171770 90639
1658178088 90639
1658238884 90638
1658246511 90610
1658248888 90608
1658261064 90511
1658261331 90510
1658262679 90497
1658266324 90497
1658267853 90413
1658325330 90623
1658325669 90755
1658329140 90760
1658329464 90761
1658329958 90765
1658330241 91058
1658331309 91015
1658334600 91046
1658336749 90949
1658338113 90983
1658338708 90988
1658340920 91008
1658406399 90971
1658410891 90969
1658411857 90998
1658436015 90996
1658436157 90833
1658436500 90883
1658436823 89596
1658439248 89628
1658439974 89675
1658440382 89378
1658440662 89383
1658495378 89383
1658498372 91969
1658503941 91976
1658513726 92136
1658566471 92153
1658586397 92166
1658586677 92254
1658607636 92254
1658613810 92268
1658616763 93043
1658619403 93077
1658625737 93092
1658670139 93121
1658670995 92923
1658751146 91513
1658754815 91524
1658758201 91546
1658759868 91558
1658760167 91559
1658761052 91592
1658761276 91567
1658762031 91551
1658776783 92183
1658779174 92183
1658780053 92236
1658865225 92242
1658926661 92680
1658936581 92205
1658942282 92223
1658942393 92223
1658942688 92226
1658942757 92226
1658944602 92227
1659018162 92227
1659022751 92813
1659036168 92811
1659036190 92810
1659043286 92766
1659044244 92788
1659101700 92836
1659116830 92590
1659121564 92597
1659127781 92644
1659132379 92489
1659357147 92489
1659365678 92501
1659370917 92530
1659374340 92528
1659382309 92534
1659382732 92608
1659454611 92813
1659461482 98167
1659463162 98167
1659463841 97994
1659464464 98271
1659469652 98273
1659470232 98138
1659471536 98180
1659472724 98180
1659482393 98181
1659485397 98189
1659535393 98238
1659549431 98678
1659549925 98676
1659551821 98715
1659552478 98722
1659553252 98725
1659555514 98753
1659556422 98759
1659557956 98776
1659560149 98790
1659561367 98156
1659561651 100698
1659623776 100699
1659625602 100735
1659628850 100735
1659639987 100738
1659640076 100770
1659640195 100770
1659640640 100770
1659649905 101064
1659662880 101352
1659710031 101437
1659724422 101437
1659728732 101553
1659734253 101680
1659735221 102818
1659792021 102818
1659904595 103199
1659906374 103174
1660000557 103176
1660062979 103177
1660065324 103464
1660084104 103470
1660084159 103469
1660139846 103912
1660142172 103913
1660225737 104109
1660232028 104109
1660235653 104109
1660244978 103846
1660253736 103849
1660344682 103960
1660571607 103948
1660659494 103952
1660659582 103952
1660661082 103960
1660661538 104005
1660663002 104007
1660683039 104023
1660685732 103947
1660686525 103943
1660749590 105034
1660749965 104191
1660750318 104234
1660786379 104336
1660820131 104336
1660823277 104787
1660829693 104775
1660835487 105041
1660836820 105046
1660856369 105041
1660856565 105041
1660856819 105216
1660940010 105222
1660942717 105246
1661014714 105474
1661169568 105603
1661169639 105605
1661176453 105606
1661179180 105606
1661180238 105608
1661187183 105728
1661221816 105736
1661261157 105725
1661265452 105725
1661265878 105729
1661278474 106214
1661283012 106219
1661284228 106219
1661310696 106229
1661348274 106249
1661368291 106326
1661375107 106326
1661375343 106454
1661375608 106450
1661377579 106517
1661436759 106523
1661436784 106523
1661436880 106619
1661441263 106622
1661445280 106656
1661450216 107119
1661451507 107918
1661452106 108102
1661452306 108501
1661452561 108552
1661459709 108590
1661782721 108635
1661783024 108657
1661788459 108606
1661790658 108610
1661791230 108824
1661791592 108825
1661802939 108870
1661805004 105914
1661865354 105914
1661870130 104085
1661879245 109084
1661881379 109088
1661890374 110797
1661891859 110797
1661893423 111896
1661894344 111896
1661895021 111976
1661911656 111896
1661914155 112026
1661958539 108877
1661958681 108877
1661958696 108881
1661961184 108911
1661967251 108908
1661969501 108908
1661969906 108898
1661970933 109092
1661976827 112785
1661978461 112790
1661994629 104973
1661994952 104976
1661997048 104981
1661998007 104983
1662035217 107070
1662038405 107070
1662040823 107070
1662041643 106809
1662041731 107288
1662042267 107309
1662049056 107308
1662050666 107309
1662054197 107329
1662054668 107309
1662055708 107329
1662081509 107329
1662380702 107330
1662477415 107341
1662486566 107341
1662490900 107343
1662491741 107463
1662493434 107469
1662501804 107469
1662560968 107477
1662561854 107477
1662562168 107495
1662581511 107484
1662643243 107539
1662667926 107517
1662670633 107559
1662731635 107573
1662739182 107733
1662739636 107733
1662739819 107843
1662749685 96587
1662750931 96585
1662751667 96667
1662752172 96655
1662754467 96635
1662757968 96630
1662758240 96630
1662758937 96585
1662765992 96586
1662766019 96586
1662767645 96590
1662998191 96598
1662998923 96601
1663002954 96613
1663005117 96683
1663006999 96711
1663007235 96719
1663007312 96665
1663007351 96665
1663007429 96702
1663007862 96702
1663008071 96721
1663009721 96718
1663017663 96860
1663090148 96881
1663117862 96885
1663122100 96885
1663170202 101577
1663180163 102078
1663181754 102078
1663181836 102105
1663183772 102244
1663186091 102377
1663188705 102374
1663189189 102464
1663194354 102469
1663204107 102547
1663249368 102548
1663249719 103337
1663265179 99817
1663265226 99817
1663265309 99852
1663265358 99897
1663270475 99911
1663338255 99911
1663357335 99924
1663418684 99962
1663678341 99962
1663680419 99974
1663686819 99985
1663726797 100123
1663774716 100209
1663788482 100164
1663789437 100164
1663794557 100164
1663795802 100193
1663796224 100206
1663797022 101698
1663803324 101733
1663810695 101822
1663811276 102249
1663812831 102259
1663852271 102279
1663864365 102448
1663875205 102840
1663940559 102841
1663941028 102846
1663941246 103071
1663942111 103076
1663942345 103090
1663942470 103090
1663943939 103181
1663946996 103520
1663948532 103554
1663950581 103594
1663971156 107725
1663974685 107769
1663974860 107846
1663978222 108005
1664139579 108113
1664199390 108148
1664200091 108148
1664200192 108157
1664216040 108292
1664216350 108264
1664222248 108318
1664226949 108336
1664232140 108318
1664236040 108288
1664236189 108301
1664281599 109360
1664282676 109358
1664290076 109358
1664298869 109357
1664302872 109360
1664303669 109361
1664307062 109363
1664313696 109364
1664378481 114450
1664378619 114499
1664379597 116697
1664390147 116695
1664395508 116686
1664449140 116680
1664474928 116680
1664551844 116659
1664553695 116651
1664569419 116453
1664576403 116717
1664713589 116717
1664737003 116826
1664741978 118060
1664804685 117436
1664808918 119486
1664813026 119510
1664813141 123187
1664815190 123187
1664816426 123488
1664823455 123491
1664826068 123491
1664826227 123708
1664826405 123721
1664829396 123764
1664829487 123770
1664831808 124221
1664831964 124225
1664831999 124176
1664836316 124357
1664887930 124412
1664888625 124412
1664888706 124412
1664889438 124426
1664890373 124440
1664893745 125113
1664894005 125211
1664919451 125247
1664919988 125213
1664934027 125223
1664972401 125235
1664980885 125257
1664984078 125258
1664995135 125154
1664996158 125121
1664996294 125143
1664996596 125143
1664997063 125081
1665007099 124971
1665066563 124975
1665067159 125053
1665067867 125345
1665068388 125346
1665068957 125355
1665074625 125354
1665085034 125356
1665103831 125356
1665106921 125220
1665110551 125256
1665166100 125365
1665172351 125531
1665175929 125551
1665176430 125560
1665178541 125561
1665179937 125555
1665423947 125555
1665425312 125555
1665426694 125551
1665427115 125567
1665427540 125556
1665427785 125545
1665428828 125531
1665433077 125533
1665434967 125561
1665435766 125611
1665440469 126293
1665445201 126293
1665455203 126463
1665455557 126492
1665495133 126491
1665496126 126491
1665496221 126491
1665499917 126510
1665503342 126558
1665511942 126565
1665512902 126565
1665516810 126585
1665519715 126717
1665522449 126772
1665522861 127037
1665575936 127048
1665577120 127048
1665582272 127037
1665583134 127037
1665588526 126998
1665588719 127001
1665588796 127005
1665589318 127003
1665596279 127003
1665604146 127009
1665613622 127014
1665625515 131231
1665667006 131232
1665669179 131233
1665669683 131262
1665669695 131263
1665675926 131265
1665679067 131015
1665679974 131029
1665760340 134032
1665764005 134036
1665766523 134045
1665768306 134073
1665768868 133915
1665769155 133914
1665773565 133539
1665781064 133545
1665781564 134283
1665781612 134282
1666024660 134122
1666035767 134126
1666037704 134137
1666097233 134084
1666108085 134084
1666114219 134136
1666129948 134137
1666130134 134115
1666142410 134176
1666142465 134226
1666142594 134245
1666143145 136910
1666178335 137114
1666179377 137130
1666189772 127188
1666190084 127188
1666204753 127175
1666205665 127191
1666207522 127169
1666208550 127148
1666211483 127164
1666268733 126842
1666272951 126835
1666275701 127200
1666287390 127211
1666288171 130473
1666290081 130661
1666292167 130713
1666292898 130749
1666293053 130749
1666300497 130749
1666301011 130767
1666301573 130767
1666359769 130775
1666360686 130757
1666361267 130759
1666361486 130654
1666385475 130654
1666617421 130902
1666623105 130904
1666647106 131290
1666652232 131289
1666700149 131454
1666712726 131466
1666733975 131415
1666748338 131404
1666811478 131411
1666831752 130999
1666882705 131008
1666882766 131058
1666893811 131086
1666893855 131087
1666904456 131097
1666904485 131095
1666904514 131096
1666904544 131124
1666960399 126431
1666961911 126430
1666962611 126473
1666977377 126474
1666977531 126474
1666986727 126451
1666986779 126615
1666988923 126632
1667008695 126645
1667009494 126649
1667328930 126971
1667332374 126971
1667332874 126966
1667569946 126932
1667681271 126940
1667832372 127315
1667839759 127350
1667843561 127091
1667844224 127081
1667844806 127062
1667847567 127102
1667849145 127128
1667849418 127092
1667849712 127069
1667850680 127051
1667851856 127038
1667854500 127047
1667855113 127007
1667856588 126993
1667857959 126993
1667858144 126997
1667858664 127010
1667866872 125741
1667867720 124692
1667868465 124278
1667869416 124353
1667917384 124034
1667919261 124021
1667919968 123237
1667922245 123240
1667922546 123113
1667925062 122970
1667925249 122973
1667944537 122993
1667944862 122865
1667945408 122866
1667945451 122873
1667963827 122579
1668005253 122579
1668011321 122086
1668011405 122086
1668020102 122089
1668020214 122037
1668021019 122019
1668021911 121727
1668022877 121717
1668023613 121720
1668023791 121554
1668024108 121499
1668025260 121493
1668028742 121382
1668028847 121370
1668036875 121338
1668040038 121274
1668044746 121107
1668092729 121142
1668096869 121034
1668097289 121026
1668108471 121027
1668108520 121194
1668108555 121196
1668109395 121091
1668109822 121196
1669828237 121180
1669860682 121180
1669865695 121180
1669905601 121230
1669906003 121250
1669906318 121251
1670352895 121251
1670353368 121287
1670436492 121287
1670436874 121289
1670530030 121289
1670865133 120691
1670866136 120688
1670873535 120303
1670874798 120336
1670939753 120339
1671210374 120352
1671212059 120493
1671225909 120502
1671226172 120495
1671228786 120502
1671230179 120508
1671390873 120514
1671459054 120516
1671460388 120517
1671466528 120530
1671472647 120531
1671474711 120536
1671475986 120534
1671476741 120535
1671495451 120536
1671543055 120537
1671546163 120537
1671546179 120537
1671549168 120576
1671551025 120664
1671568919 124517
1671635265 124528
1671639171 135689
1671654557 124549
1671654594 135689
1671735092 135697
1671737394 135703
1671738951 135710
1671740083 133757
1671740594 133931
1671741058 133859
1671741747 132111
1671742403 132133
1671742433 132154
1671809873 132154
1672765057 132167
1672767760 132229
1672773245 132201
1672775867 132273
1672778229 132284
1672858525 132300
1672870602 133140
1672871443 133145
1672957736 133147
1672958106 132597
1673016395 132665
1673017222 132682
1673021042 130803
1673040844 131335
1673055021 131348
1673055312 131348
1673058416 131807
1673059265 132238
1673061386 132240
1673061849 131930
1673213290 131829
1673281484 131800
1673282031 132412
1673284001 132359
1673289553 131808
1673291053 131793
1673292052 131798
1673294246 131761
1673305720 131800
1673311736 131818
1673311849 131817
1673359627 131927
1673360975 131924
1673361419 131907
1673370257 131908
1673372627 131917
1673372652 131920
1673374087 131920
1673374145 131920
1673383486 131934
1673449409 131950
1673453042 131967
1673472983 131967
1673473212 132011
1673477016 131995
1673477438 132011
1673540655 132013
1673546113 132014
1673547164 131998
1673553159 130618
1673553818 130620
1673554838 130621
1673561243 130642
1673563458 130653
1673563872 130065
1673617699 130065
1673618006 130061
1673618985 130114
1673621563 130120
1673622570 130122
1673622716 130334
1673623558 130354
1673642601 130281
1673643573 129789
1673643772 129706
1673645078 129706
1673662410 129516
1673663491 129591
1673664262 129482
1673705733 129471
1673965843 129533
1673966586 129530
1673967824 129530
1673980702 129639
1673990654 129534
1673992615 129543
1673994169 129563
1674053617 129528
1674063637 129528
1674069827 129529
1674073858 129541
1674092499 129542
1674094646 129542
1674095760 129575
1674095812 129575
1674097883 129636
1674143726 129627
1674146528 129628
1674146576 129628
1674147536 129628
1674151141 129629
1674151241 129706
1674154455 129668
1674155281 129706
1674155589 129675
1674155778 129675
1674155907 129675
1674157548 129675
1674162943 129702
1674163083 129702
1674166285 129724
1674176774 129725
1674223743 129725
1674233815 129715
1674249971 129736
1674250295 129171
1674250472 129271
1674253252 129271
1674253538 129255
1674253812 129240
1674502855 129479
1674506623 123697
1674507860 123624
1674508276 123420
1674511416 123421
1674511563 122610
1674524737 122583
1674525564 122586
1674568698 122615
1674576609 122591
1674576710 122555
1674576914 122542
1674584403 122549
1674584767 122555
1674599286 122561
1674612387 122570
1674612631 122532
1674612762 122523
1674614088 122540
1674614242 122542
1674615057 122542
1674617196 122562
1674658950 122615
1674662704 122621
1674663815 122594
1674664386 122593
1674665123 122593
1674674715 122713
1674677629 124011
1674686449 124044
1674686833 124062
1674689678 124063
1674691401 124073
1674746546 124076
1674752726 123810
1674753025 123368
1674755534 122312
1674760784 122305
1674760803 122346
1674767090 121731
1674767912 121731
1674785827 121774
1674786045 121786
1674786827 121814
1674792724 121899
1674794075 121897
1674829799 121898
1674830424 121899
1674835803 121822
1674848644 121869
1674852873 121912
1674853782 121912
1674854262 121878
1674857845 121875
1674857874 121868
1674859158 121493
1674878500 121316
1674934729 121331
1674935118 121291
1674935129 121268
1674936087 121268
1674936560 121271
1674936993 121240
1674937523 121173
1675041731 121128
1675047175 121124
1675047285 121110
1675047390 121114
1675047491 121899
1675049014 121901
1675089583 121234
1675090525 121253
1675094802 121261
1675095118 121639
1675097176 121656
1675100836 121670
1675106797 121672
1675109656 121672
1675174805 121998
1675175080 121985
1675183416 121960
1675189302 121960
1675189822 121961
1675197848 121966
1675201525 121973
1675201772 118006
1675201798 118007
1675202789 118002
1675260686 118010
1675261432 118031
1675266290 118031
1675269199 118026
1675279453 118047
1675285799 118046
1675292029 118115
1675302854 118116
1675303657 118157
1675305461 118406
1675305660 118412
1675306028 118414
1675307377 118418
1675344684 118416
1675345106 118425
1675345451 117846
1675346728 117847
1675349713 117847
1675352454 117858
1675352680 117859
1675354056 117856
1675354312 117856
1675356148 117863
1675362103 117993
1675368419 117995
1675432488 117995
1675432641 117995
1675432664 117995
1675432944 117995
1675437470 118015
1675448053 118015
1675699726 118015
1675705554 118015
1675705646 118015
1675721493 118014
1675805188 118015
1675861066 118015
1675863748 118015
1675876522 118236
1676298050 118236
1676304678 118239
1676309985 118239
1676315811 118239
1676482575 118275
1676555551 118311
1676991401 118310
1676994551 118310
1676994801 118312
1677005313 118312
1677030769 118310
1677031198 118245
1677033736 118245
1677036536 118450
1677080555 118493
1677081138 118493
1677082488 118495
1677093988 118497
1677198786 118499
1677249245 118535
1677273864 118536
1677274221 118500
1677527817 118500
1677528906 118495
1677538394 118493
1677598165 118573
1677598749 118573
1677607287 118584
1677607432 118587
1677623186 118710
1677623315 118765
1677624716 118826
1677624916 118536
1677676886 118536
1677679266 118536
1677682542 118536
1677684879 118561
1677857191 118753
1677860467 118823
1677880339 118823
1678226248 118823
1678226384 118825
1678226925 118825
1678288194 118913
1678289325 118912
1678290731 118868
1678312388 118868
1678320254 118899
1678329793 119089
1678330632 119596
1678376164 119653
1678378062 119653
1678378588 119682
1678378879 119682
1678380110 119682
1678383207 119744
1678383251 119746
1678383296 119684
1678386138 148285
1678389959 154001
1678390700 153985
1678393596 150009
1678395676 150038
1678398574 150050
1678398941 120619
1678404945 120603
1678405073 120614
1678420471 120617
1678421764 120660
1678458982 120701
1678459183 120545
1678460602 120541
1678463614 120541
1678463729 120550
1678465820 120592
1678477038 120597
1678477247 120478
1678482024 120481
1678484403 120491
1678499212 120487
1678500609 120484
1678714378 120485
1678817209 152048
1678825801 152050
1678826399 152044
1678826981 152037
1678827159 152045
1678827255 152042
1678829302 152055
1678889395 152083
1678889582 152088
1678893337 152088
1678893426 152107
1678895321 152153
1678895484 152186
1678900187 152170
1678900404 152172
1678901684 152170
1678905374 152172
1678905839 152172
1678910775 152177
1678910941 152182
1678911293 152186
1678911464 152186
1678911501 152186
1678912193 152186
1678912347 152193
1678917803 152240
1678919144 152221
1678919259 152258
1678975440 152260
1678989212 152263
1678989266 152247
1678990179 153120
1678991956 153125
1678993607 153157
1678994666 153161
1678994743 153141
1678999496 153141
1679000323 153152
1679000860 153152
1679057710 153153
1679059080 153157
1679069202 153166
1679069217 153213
1679069659 153218
1679074343 153244
1679075988 153257
1679076052 153257
1679080134 153261
1679408294 153272
1679413583 153252
1679426321 153253
1679505419 153256
1679505540 153255
1679509690 153324
1679514119 153326
1679531878 153326
1679534706 153245
1679544768 153323
1679586165 153339
1679589383 153343
1679590893 153343
1679596683 153386
1679602316 153499
1679666519 152756
1679676623 152756
1679678808 153188
1679682937 153188
1679684163 153215
1679684253 153215
1679687085 153207
1679701282 153207
1680006355 153205
1680098166 153205
1680109633 153205
1680123757 153225
1680123962 153234
1680141493 153234
1680143570 153219
1680186445 153226
1680187837 153226
1680188028 153269
1680202342 153271
1680208093 153315
1680213290 153319
1680526968 153339
1680527133 153346
1680532195 153353
1680533151 153354
1680533241 153623
1680538752 153623
1680541412 153693
1680584944 153690
1680609866 153872
1680623568 166001
1680638393 166024
1680639438 166027
1680640259 166027
1680640347 166028
1680650100 166063
1680657235 166067
1680668147 166071
1680703619 166216
1680711196 166922
1680718057 166921
1680721557 166982
1680724480 166880
1680725780 167293
1680727514 167220
1680788589 167236
1680788758 167239
1680789032 167181
1680793338 167201
1680793791 167195
1680812078 167228
1680817194 167228
1680818829 167234
1680824148 167234
1680832563 167232
1680869685 167315
1680896199 167304
1680897640 167304
1680899130 167269
1680909815 167290
1681053468 167290
1681138258 167286
1681139040 167304
1681139138 167307
1681143036 167308
1681143215 167309
1681154767 167309
1681157688 167547
1681159295 167748
1681161327 167750
1681166176 167750
1681168872 167793
1681169025 167989
1681224387 167984
1681228190 168006
1681233418 168006
1681242437 168033
1681243561 168033
1681264384 168036
1681264478 168044
1681264498 168044
1681327092 167880
1681327989 167885
1681328021 167885
1681328093 167885
1681330384 167886
1681335451 167919
1681394332 159992
1681399144 159966
1681399497 159969
1681399640 159969
1681400103 153006
1681405457 153017
1681409054 152978
1681413110 152978
1681423152 152881
1681423175 152879
1681497911 152881
1681506363 152884
1681696859 152884
1681737238 152893
1681743955 152987
1681753260 153024
1681760193 152995
1681769535 152995
1681826021 153278
1681827184 153278
1681828680 153281
1681834758 153306
1681838342 153302
1681839341 153295
1681839976 153314
1681841800 153317
1681842150 153288
1681845603 153285
1681846956 153282
1681847176 153307
1681919456 153051
1681937735 155128
1681939667 155132
1681939696 155245
1681993490 155247
1681996977 155247
1682000152 155245
1682000397 155257
1682002244 155268
1682007319 155270
1682024696 155275
1682026610 155273
1682027132 155244
1682072994 155246
1682081795 155246
1682083637 155258
1682089103 155256
1682089284 155249
1682091808 155266
1682092448 155210
1682093489 155215
1682104662 155194
1682174987 155194
1682175954 155200
1682176090 155200
1682345583 155200
1682347686 156184
1682350356 156185
1682351277 156244
1682353761 156249
1682355719 156242
1682358372 155540
1682360061 154892
1682360498 154347
1682361077 153640
1682361696 152922
1682361712 152923
1682362624 152923
1682364542 152917
1682366340 152498
1682366675 152498
1682369279 152378
1682370431 152366
1682434200 151817
1682434571 151776
1682435014 152124
1682435487 152125
1682435500 152086
1682448150 152086
1682458895 152093
1682459015 152094
1682460053 152100
1682518070 152098
1682524904 152101
1682525176 152146
1682525622 152132
1682526414 152119
1682526649 152131
1682532924 152131
1682539127 152131
1682539632 152134
1682548291 152138
1682604598 152156
1682615981 151849
1682617852 152969
1682625596 152969
1682632507 153020
1682632768 153038
1682634335 153012
1682648009 153003
1682648024 152973
1682648125 152974
1682648152 152967
1682648265 152967
1682648322 152960
1682690805 152964
1682693551 153039
1682696675 153032
1682698817 153072
1682703416 153072
1682956147 153081
1683035569 153235
1683054117 153496
1683157854 153496
1683232672 153605
1683296879 153612
1683314064 154360
1683554862 154364
1683637211 154366
1683637331 154410
1683637898 157314
1683658028 157134
1683665136 157105
1683725091 157105
1683725603 157109
1683733490 157102
1683733876 157062
1683744739 157065
1683745853 157065
1683745864 157072
1683750415 157073
1683896886 157074
1683897146 157096
1683897192 157115
1683897411 157402
1683902010 157427
1683910799 157474
1683918206 157474
1683918311 157482
1683922768 157488
1684179052 159154
1684180942 159181
1684184428 159205
1684260380 159210
1684260614 159333
1684260635 159774
1684266741 161874
1684337630 161882
1684344630 161890
1684344711 167916
1684355350 167922
1684356045 168849
1684516486 169078
1684516904 169144
1684530581 169144
1684530596 169146
1684530753 169149
1684530984 169149
1684531027 169169
1684592339 169155
1684610963 168896
1684611160 168932
1684762662 168916
1684764679 168912
1684781658 168641
1684861462 168650
1684861710 168394
1684862853 168329
1684862891 168619
1684863194 168612
1684879326 168581
1684879334 168585
1684887879 169540
1684928098 169544
1684938045 169544
1684957137 169542
1684961595 169531
1684961605 169002
1684971425 169020
1685034749 169047
1685042959 169319
1685043104 169336
1685111127 169359
1685114184 169362
1685126268 169362
1685126655 169362
1685127675 169368
1685394682 169368
1685469257 169375
1685469627 169370
1685543608 169219
1685564348 169641
1685619126 169740
1685637902 169744
1685639880 169751
1685645831 169754
1685645841 169407
1685646624 169581
1685707592 169576
1685712390 169580
1685716983 169722
1685974929 169733
1685989833 169753
1686068271 169982
1686072445 169980
1686072462 170009
1686074441 170003
1686085973 170058
1686148436 170064
1686163369 170065
1686672235 170078
1686686828 170080
1686689314 170083
1686862435 170205
1686877276 170208
1686944215 170225
1687005720 172820
1687266541 173871
1687267107 173884
1687270601 173883
1687391876 173883
1687395017 173868
1687395131 173868
1687395362 182691
1687533114 182761
1687551372 182765
1687551418 182819
1687551779 182821
1687552336 182821
1687555518 182830
1687579112 182833
1687783918 183429
1687809065 183429
1687812722 183431
1687869185 183448
1687869225 183462
1687872763 183462
1687893803 183478
1687908395 183478
1687959139 183602
1687971134 183649
1687971160 183669
1688050499 183712
1688135436 183712
1688147022 183734
1688147329 183734
1688149231 184039
1688149329 184220
1688150889 184220
1688601991 184220
1688735103 184220
1688735114 184220
1688738658 184224
1688739014 184190
1688739121 184190
1688755792 184190
1688756900 184191
1688759221 183751
1688761133 183763
1688762560 183817
1688762924 183821
1688763366 183802
1688763612 183914
1689002680 183930
1689011792 183931
1689093092 183936
1689110346 183952
1689187543 183962
1689253329 183965
1689260440 183971
1689262096 183972
1689262543 184094
1689280892 184100
1689345689 184338
1689345796 184337
1689348768 184522
1689350305 184535
1689534742 191331
1689620697 191335
1689627814 191334
1689685209 191336
1689687641 191338
1689690290 192017
1689692152 192028
1689692411 191949
1689693143 191439
1689700778 191446
1689701112 191694
1689715186 191763
1689782785 191636
1689796272 191635
1689865585 191707
1689866678 191724
1689872021 191724
1689954496 191762
1689972728 191764
1689987533 191796
1690211749 191800
1690211759 191803
1690227112 191803
1690235495 193207
1690244454 193233
1690296901 193247
1690297260 193458
1690312856 193453
1690314071 193454
1690380531 193465
1690382571 193465
1690475315 193459
1690475329 193461
1690475339 193477
1690476151 193481
1690550665 193484
1690554627 193482
1690554751 193484
1690554957 194176
1690575696 194190
1690583268 194278
