1479591634 0 1 0 0 0 0 0 0 0 0 0 0 0 0 0 0 0 0 0 0
1479601433 0 2 0 0 0 0 0 0 0 0 0 0 0 0 0 0 0 0 0 0
1479601705 0 3 0 0 0 0 0 0 0 0 0 0 0 0 0 0 0 0 0 0
1479602103 0 4 0 0 0 0 0 0 0 0 0 0 0 0 0 0 0 0 0 0
1479602181 0 5 0 0 0 0 0 0 0 0 0 0 0 0 0 0 0 0 0 0
1479602336 0 6 0 0 0 0 0 0 0 0 0 0 0 0 0 0 0 0 0 0
1479613990 0 7 0 0 0 0 0 0 0 0 0 0 0 0 0 0 0 0 0 0
1479621001 0 8 0 0 0 0 0 0 0 0 0 0 0 0 0 0 0 0 0 0
1479664020 0 9 0 0 0 0 0 0 0 0 0 0 0 0 0 0 0 0 0 0
1479664437 0 10 0 0 0 0 0 0 0 0 0 0 0 0 0 0 0 0 0 0
1479665615 0 11 0 0 0 0 0 0 0 0 0 0 0 0 0 0 0 0 0 0
1479665669 0 12 0 0 0 0 0 0 0 0 0 0 0 0 0 0 0 0 0 0
1479669982 0 13 0 0 0 0 0 0 0 0 0 0 0 0 0 0 0 0 0 0
1479671339 0 14 0 0 0 0 0 0 0 0 0 0 0 0 0 0 0 0 0 0
1479671889 0 15 0 0 0 0 0 0 0 0 0 0 0 0 0 0 0 0 0 0
1479672067 0 16 0 0 0 0 0 0 0 0 0 0 0 0 0 0 0 0 0 0
1480594975 1 16 0 0 0 0 0 0 0 0 0 0 0 0 0 0 0 0 0 0
1480604754 1 17 0 0 0 0 0 0 0 0 0 0 0 0 0 0 0 0 0 0
1480605183 1 18 0 0 0 0 0 0 0 0 0 0 0 0 0 0 0 0 0 0
1480930657 2 18 0 0 0 0 0 0 0 0 0 0 0 0 0 0 0 0 0 0
1480950911 3 18 0 0 0 0 0 0 0 0 0 0 0 0 0 0 0 0 0 0
1481083173 3 19 0 0 0 0 0 0 0 0 0 0 0 0 0 0 0 0 0 0
1481083243 3 20 0 0 0 0 0 0 0 0 0 0 0 0 0 0 0 0 0 0
1481126966 4 20 0 0 0 0 0 0 0 0 0 0 0 0 0 0 0 0 0 0
1481127423 5 20 0 0 0 0 0 0 0 0 0 0 0 0 0 0 0 0 0 0
1481181642 6 20 0 0 0 0 0 0 0 0 0 0 0 0 0 0 0 0 0 0
1481242987 7 20 0 0 0 0 0 0 0 0 0 0 0 0 0 0 0 0 0 0
1481243828 7 21 0 0 0 0 0 0 0 0 0 0 0 0 0 0 0 0 0 0
1481746871 7 22 0 0 0 0 0 0 0 0 0 0 0 0 0 0 0 0 0 0
1481747015 7 23 0 0 0 0 0 0 0 0 0 0 0 0 0 0 0 0 0 0
1481788408 8 23 0 0 0 0 0 0 0 0 0 0 0 0 0 0 0 0 0 0
1481793381 9 23 0 0 0 0 0 0 0 0 0 0 0 0 0 0 0 0 0 0
1481793689 10 23 0 0 0 0 0 0 0 0 0 0 0 0 0 0 0 0 0 0
1481809739 11 23 0 0 0 0 0 0 0 0 0 0 0 0 0 0 0 0 0 0
1482093251 11 23 0 0 0 0 0 0 0 0 0 0 0 1 0 0 0 0 0 0
1482104662 11 24 0 0 0 0 0 0 0 0 0 0 0 1 0 0 0 0 0 0
1482229979 12 24 0 0 0 0 0 0 0 0 0 0 0 1 0 0 0 0 0 0
1482230412 13 24 0 0 0 0 0 0 0 0 0 0 0 1 0 0 0 0 0 0
1482297258 14 24 0 0 0 0 0 0 0 0 0 0 0 1 0 0 0 0 0 0
1482304269 15 24 0 0 0 0 0 0 0 0 0 0 0 1 0 0 0 0 0 0
1482307842 16 24 0 0 0 0 0 0 0 0 0 0 0 1 0 0 0 0 0 0
1482325363 17 24 0 0 0 0 0 0 0 0 0 0 0 1 0 0 0 0 0 0
1482325938 18 24 0 0 0 0 0 0 0 0 0 0 0 1 0 0 0 0 0 0
1482411841 19 24 0 0 0 0 0 0 0 0 0 0 0 1 0 0 0 0 0 0
1482417762 20 24 0 0 0 0 0 0 0 0 0 0 0 1 0 0 0 0 0 0
1482485323 21 24 0 0 0 0 0 0 0 0 0 0 0 1 0 0 0 0 0 0
1482504260 22 24 0 0 0 0 0 0 0 0 0 0 0 1 0 0 0 0 0 0
1482504281 23 24 0 0 0 0 0 0 0 0 0 0 0 1 0 0 0 0 0 0
1482559947 24 24 0 0 0 0 0 0 0 0 0 0 0 1 0 0 0 0 0 0
1482658593 25 24 0 0 0 0 0 0 0 0 0 0 0 1 0 0 0 0 0 0
1482672606 26 24 0 0 0 0 0 0 0 0 0 0 0 1 0 0 0 0 0 0
1482673120 27 24 0 0 0 0 0 0 0 0 0 0 0 1 0 0 0 0 0 0
1482673245 28 24 0 0 0 0 0 0 0 0 0 0 0 1 0 0 0 0 0 0
1482676887 29 24 0 0 0 0 0 0 0 0 0 0 0 1 0 0 0 0 0 0
1482678085 30 24 0 0 0 0 0 0 0 0 0 0 0 1 0 0 0 0 0 0
1482718378 31 24 0 0 0 0 0 0 0 0 0 0 0 1 0 0 0 0 0 0
1482738486 32 24 0 0 0 0 0 0 0 0 0 0 0 1 0 0 0 0 0 0
1482738617 33 24 0 0 0 0 0 0 0 0 0 0 0 1 0 0 0 0 0 0
1482760695 34 24 0 0 0 0 0 0 0 0 0 0 0 1 0 0 0 0 0 0
1482807543 35 24 0 0 0 0 0 0 0 0 0 0 0 1 0 0 0 0 0 0
1482807709 36 24 0 0 0 0 0 0 0 0 0 0 0 1 0 0 0 0 0 0
1482812232 37 24 0 0 0 0 0 0 0 0 0 0 0 1 0 0 0 0 0 0
1482812320 38 24 0 0 0 0 0 0 0 0 0 0 0 1 0 0 0 0 0 0
1482821774 39 24 0 0 0 0 0 0 0 0 0 0 0 1 0 0 0 0 0 0
1483695474 40 24 0 0 0 0 0 0 0 0 0 0 0 1 0 0 0 0 0 0
1485311577 41 24 0 0 0 0 0 0 0 0 0 0 0 1 0 0 0 0 0 0
1485384378 41 25 0 0 0 0 0 0 0 0 0 0 0 1 0 0 0 0 0 0
1485439883 42 25 0 0 0 0 0 0 0 0 0 0 0 1 0 0 0 0 0 0
1485439935 43 25 0 0 0 0 0 0 0 0 0 0 0 1 0 0 0 0 0 0
1485440024 44 25 0 0 0 0 0 0 0 0 0 0 0 1 0 0 0 0 0 0
1485440063 45 25 0 0 0 0 0 0 0 0 0 0 0 1 0 0 0 0 0 0
1485480869 46 25 0 0 0 0 0 0 0 0 0 0 0 1 0 0 0 0 0 0
1485487917 47 25 0 0 0 0 0 0 0 0 0 0 0 1 0 0 0 0 0 0
1485820873 48 25 0 0 0 0 0 0 0 0 0 0 0 1 0 0 0 0 0 0
1485831066 52 25 0 0 0 0 0 0 0 0 0 0 0 1 0 0 0 0 0 0
1485836252 53 25 0 0 0 0 0 0 0 0 0 0 0 1 0 0 0 0 0 0
1485837667 69 25 0 0 0 0 0 0 0 0 0 0 0 1 0 0 0 0 0 0
1485914917 70 25 0 0 0 0 0 0 0 0 0 0 0 1 0 0 0 0 0 0
1485926610 71 25 0 0 0 0 0 0 0 0 0 0 0 1 0 0 0 0 0 0
1485940541 72 25 0 0 0 0 0 0 0 0 0 0 0 1 0 0 0 0 0 0
1485940597 73 25 0 0 0 0 0 0 0 0 0 0 0 1 0 0 0 0 0 0
1485941389 74 25 0 0 0 0 0 0 0 0 0 0 0 1 0 0 0 0 0 0
1486085317 74 26 0 0 0 0 0 0 0 0 0 0 0 1 0 0 0 0 0 0
1486085776 74 27 0 0 0 0 0 0 0 0 0 0 0 1 0 0 0 0 0 0
1486086021 74 28 0 0 0 0 0 0 0 0 0 0 0 1 0 0 0 0 0 0
1486131118 75 28 0 0 0 0 0 0 0 0 0 0 0 1 0 0 0 0 0 0
1486134020 76 28 0 0 0 0 0 0 0 0 0 0 0 1 0 0 0 0 0 0
1486134075 77 28 0 0 0 0 0 0 0 0 0 0 0 1 0 0 0 0 0 0
1486134452 78 28 0 0 0 0 0 0 0 0 0 0 0 1 0 0 0 0 0 0
1486135761 79 28 0 0 0 0 0 0 0 0 0 0 0 1 0 0 0 0 0 0
1486210710 81 28 0 0 0 0 0 0 0 0 0 0 0 1 0 0 0 0 0 0
1486212498 83 28 0 0 0 0 0 0 0 0 0 0 0 1 0 0 0 0 0 0
1486252444 84 28 0 0 0 0 0 0 0 0 0 0 0 1 0 0 0 0 0 0
1487834717 86 28 0 0 0 0 0 0 0 0 0 0 0 1 0 0 0 0 0 0
1487835563 87 28 0 0 0 0 0 0 0 0 0 0 0 1 0 0 0 0 0 0
1487837029 88 28 0 0 0 0 0 0 0 0 0 0 0 1 0 0 0 0 0 0
1487837280 89 28 0 0 0 0 0 0 0 0 0 0 0 1 0 0 0 0 0 0
1487841440 90 28 0 0 0 0 0 0 0 0 0 0 0 1 0 0 0 0 0 0
1487847436 91 28 0 0 0 0 0 0 0 0 0 0 0 1 0 0 0 0 0 0
1487853030 92 28 0 0 0 0 0 0 0 0 0 0 0 1 0 0 0 0 0 0
1487857972 93 28 0 0 0 0 0 0 0 0 0 0 0 1 0 0 0 0 0 0
1487859499 94 28 0 0 0 0 0 0 0 0 0 0 0 1 0 0 0 0 0 0
1487863035 95 28 0 0 0 0 0 0 0 0 0 0 0 1 0 0 0 0 0 0
1487863300 96 28 0 0 0 0 0 0 0 0 0 0 0 1 0 0 0 0 0 0
1487863870 97 28 0 0 0 0 0 0 0 0 0 0 0 1 0 0 0 0 0 0
1487865897 98 28 0 0 0 0 0 0 0 0 0 0 0 1 0 0 0 0 0 0
1487926208 99 28 0 0 0 0 0 0 0 0 0 0 0 1 0 0 0 0 0 0
1487926233 100 28 0 0 0 0 0 0 0 0 0 0 0 1 0 0 0 0 0 0
1487926623 101 28 0 0 0 0 0 0 0 0 0 0 0 1 0 0 0 0 0 0
1487926846 104 28 0 0 0 0 0 0 0 0 0 0 0 1 0 0 0 0 0 0
1487928278 105 28 0 0 0 0 0 0 0 0 0 0 0 1 0 0 0 0 0 0
1487928373 106 28 0 0 0 0 0 0 0 0 0 0 0 1 0 0 0 0 0 0
1487928835 107 28 0 0 0 0 0 0 0 0 0 0 0 1 0 0 0 0 0 0
1487930017 108 28 0 0 0 0 0 0 0 0 0 0 0 1 0 0 0 0 0 0
1487930047 109 28 0 0 0 0 0 0 0 0 0 0 0 1 0 0 0 0 0 0
1487930140 110 28 0 0 0 0 0 0 0 0 0 0 0 1 0 0 0 0 0 0
1487947775 111 28 0 0 0 0 0 0 0 0 0 0 0 1 0 0 0 0 0 0
1487948106 112 28 0 0 0 0 0 0 0 0 0 0 0 1 0 0 0 0 0 0
1487948140 113 28 0 0 0 0 0 0 0 0 0 0 0 1 0 0 0 0 0 0
1487948799 114 28 0 0 0 0 0 0 0 0 0 0 0 1 0 0 0 0 0 0
1487949761 115 28 0 0 0 0 0 0 0 0 0 0 0 1 0 0 0 0 0 0
1487949852 116 28 0 0 0 0 0 0 0 0 0 0 0 1 0 0 0 0 0 0
1487950030 117 28 0 0 0 0 0 0 0 0 0 0 0 1 0 0 0 0 0 0
1487950053 118 28 0 0 0 0 0 0 0 0 0 0 0 1 0 0 0 0 0 0
1488114420 119 28 0 0 0 0 0 0 0 0 0 0 0 1 0 0 0 0 0 0
1488114551 120 28 0 0 0 0 0 0 0 0 0 0 0 1 0 0 0 0 0 0
1488114686 121 28 0 0 0 0 0 0 0 0 0 0 0 1 0 0 0 0 0 0
1488114960 122 28 0 0 0 0 0 0 0 0 0 0 0 1 0 0 0 0 0 0
1488954916 123 28 0 0 0 0 0 0 0 0 0 0 0 1 0 0 0 0 0 0
1488955075 124 28 0 0 0 0 0 0 0 0 0 0 0 1 0 0 0 0 0 0
1488955377 125 28 0 0 0 0 0 0 0 0 0 0 0 1 0 0 0 0 0 0
1488966789 126 28 0 0 0 0 0 0 0 0 0 0 0 1 0 0 0 0 0 0
1490646705 126 28 0 0 0 0 0 0 0 0 0 0 0 1 0 0 0 0 0 1
1490695960 132 28 0 0 0 0 0 0 0 0 0 0 0 1 0 0 0 0 0 1
1490696250 133 28 0 0 0 0 0 0 0 0 0 0 0 1 0 0 0 0 0 1
1490712232 134 28 0 0 0 0 0 0 0 0 0 0 0 1 0 0 0 0 0 1
1490743952 135 28 0 0 0 0 0 0 0 0 0 0 0 1 0 0 0 0 0 1
1490744669 136 28 0 0 0 0 0 0 0 0 0 0 0 1 0 0 0 0 0 1
1490744968 137 28 0 0 0 0 0 0 0 0 0 0 0 1 0 0 0 0 0 1
1490747611 138 28 0 0 0 0 0 0 0 0 0 0 0 1 0 0 0 0 0 1
1490750140 139 28 0 0 0 0 0 0 0 0 0 0 0 1 0 0 0 0 0 1
1490750801 140 28 0 0 0 0 0 0 0 0 0 0 0 1 0 0 0 0 0 1
1490837697 141 28 0 0 0 0 0 0 0 0 0 0 0 1 0 0 0 0 0 1
1490851786 142 28 0 0 0 0 0 0 0 0 0 0 0 1 0 0 0 0 0 1
1490852612 143 28 0 0 0 0 0 0 0 0 0 0 0 1 0 0 0 0 0 1
1490862790 144 28 0 0 0 0 0 0 0 0 0 0 0 1 0 0 0 0 0 1
1490983619 144 29 0 0 0 0 0 0 0 0 0 0 0 1 0 0 0 0 0 1
1491362494 145 29 0 0 0 0 0 0 0 0 0 0 0 1 0 0 0 0 0 1
1491363201 146 29 0 0 0 0 0 0 0 0 0 0 0 1 0 0 0 0 0 1
1491363285 147 29 0 0 0 0 0 0 0 0 0 0 0 1 0 0 0 0 0 1
1491435185 148 29 0 0 0 0 0 0 0 0 0 0 0 1 0 0 0 0 0 1
1491485580 149 29 0 0 0 0 0 0 0 0 0 0 0 1 0 0 0 0 0 1
1491486381 150 29 0 0 0 0 0 0 0 0 0 0 0 1 0 0 0 0 0 1
1491503990 150 31 0 0 0 0 0 0 0 0 0 0 0 1 0 0 0 0 0 1
1491908007 151 31 0 0 0 0 0 0 0 0 0 0 0 1 0 0 0 0 0 1
1491909746 152 31 0 0 0 0 0 0 0 0 0 0 0 1 0 0 0 0 0 1
1491909774 153 31 0 0 0 0 0 0 0 0 0 0 0 1 0 0 0 0 0 1
1491911834 154 31 0 0 0 0 0 0 0 0 0 0 0 1 0 0 0 0 0 1
1491923643 155 31 0 0 0 0 0 0 0 0 0 0 0 1 0 0 0 0 0 1
1492135959 156 31 0 0 0 0 0 0 0 0 0 0 0 1 0 0 0 0 0 1
1492147589 157 31 0 0 0 0 0 0 0 0 0 0 0 1 0 0 0 0 0 1
1492148080 158 31 0 0 0 0 0 0 0 0 0 0 0 1 0 0 0 0 0 1
1492148115 159 31 0 0 0 0 0 0 0 0 0 0 0 1 0 0 0 0 0 1
1492163983 160 31 0 0 0 0 0 0 0 0 0 0 0 1 0 0 0 0 0 1
1493060903 160 32 0 0 0 0 0 0 0 0 0 0 0 1 0 0 0 0 0 1
1493684857 161 32 0 0 0 0 0 0 0 0 0 0 0 1 0 0 0 0 0 1
1493702957 162 32 0 0 0 0 0 0 0 0 0 0 0 1 0 0 0 0 0 1
1493704202 163 32 0 0 0 0 0 0 0 0 0 0 0 1 0 0 0 0 0 1
1493704727 164 32 0 0 0 0 0 0 0 0 0 0 0 1 0 0 0 0 0 1
1493707706 165 32 0 0 0 0 0 0 0 0 0 0 0 1 0 0 0 0 0 1
1493707718 166 32 0 0 0 0 0 0 0 0 0 0 0 1 0 0 0 0 0 1
1497003612 167 32 0 0 0 0 0 0 0 0 0 0 0 1 0 0 0 0 0 1
1497009172 168 32 0 0 0 0 0 0 0 0 0 0 0 1 0 0 0 0 0 1
1497608891 169 32 0 0 0 0 0 0 0 0 0 0 0 1 0 0 0 0 0 1
1497608994 170 32 0 0 0 0 0 0 0 0 0 0 0 1 0 0 0 0 0 1
1497621216 171 32 0 0 0 0 0 0 0 0 0 0 0 1 0 0 0 0 0 1
1497656638 172 32 0 0 0 0 0 0 0 0 0 0 0 1 0 0 0 0 0 1
1498329973 172 33 0 0 0 0 0 0 0 0 0 0 0 1 0 0 0 0 0 1
1498351636 172 34 0 0 0 0 0 0 0 0 0 0 0 1 0 0 0 0 0 1
1498359765 173 34 0 0 0 0 0 0 0 0 0 0 0 1 0 0 0 0 0 1
1498385392 174 34 0 0 0 0 0 0 0 0 0 0 0 1 0 0 0 0 0 1
1498385478 175 34 0 0 0 0 0 0 0 0 0 0 0 1 0 0 0 0 0 1
1498523206 176 34 0 0 0 0 0 0 0 0 0 0 0 1 0 0 0 0 0 1
1498791497 177 34 0 0 0 0 0 0 0 0 0 0 0 1 0 0 0 0 0 1
1498916121 178 34 0 0 0 0 0 0 0 0 0 0 0 1 0 0 0 0 0 1
1499795165 178 35 0 0 0 0 0 0 0 0 0 0 0 1 0 0 0 0 0 1
1500395776 178 36 0 0 0 0 0 0 0 0 0 0 0 1 0 0 0 0 0 1
1501184899 178 37 0 0 0 0 0 0 0 0 0 0 0 1 0 0 0 0 0 1
1501185305 178 38 0 0 0 0 0 0 0 0 0 0 0 1 0 0 0 0 0 1
1501185335 178 39 0 0 0 0 0 0 0 0 0 0 0 1 0 0 0 0 0 1
1501185456 178 40 0 0 0 0 0 0 0 0 0 0 0 1 0 0 0 0 0 1
1501189386 178 41 0 0 0 0 0 0 0 0 0 0 0 1 0 0 0 0 0 1
1501222892 179 41 0 0 0 0 0 0 0 0 0 0 0 1 0 0 0 0 0 1
1501224466 180 41 0 0 0 0 0 0 0 0 0 0 0 1 0 0 0 0 0 1
1501525434 180 42 0 0 0 0 0 0 0 0 0 0 0 1 0 0 0 0 0 1
1502127800 180 43 0 0 0 0 0 0 0 0 0 0 0 1 0 0 0 0 0 1
1502128671 180 44 0 0 0 0 0 0 0 0 0 0 0 1 0 0 0 0 0 1
1502400085 180 45 0 0 0 0 0 0 0 0 0 0 0 1 0 0 0 0 0 1
1502400163 180 46 0 0 0 0 0 0 0 0 0 0 0 1 0 0 0 0 0 1
1502412495 181 46 0 0 0 0 0 0 0 0 0 0 0 1 0 0 0 0 0 1
1502414844 182 46 0 0 0 0 0 0 0 0 0 0 0 1 0 0 0 0 0 1
1502422061 183 46 0 0 0 0 0 0 0 0 0 0 0 1 0 0 0 0 0 1
1502493713 184 46 0 0 0 0 0 0 0 0 0 0 0 1 0 0 0 0 0 1
1502495266 185 46 0 0 0 0 0 0 0 0 0 0 0 1 0 0 0 0 0 1
1505001154 185 47 0 0 0 0 0 0 0 0 0 0 0 1 0 0 0 0 0 1
1505001476 185 48 0 0 0 0 0 0 0 0 0 0 0 1 0 0 0 0 0 1
1505001843 185 49 0 0 0 0 0 0 0 0 0 0 0 1 0 0 0 0 0 1
1507240236 185 50 0 0 0 0 0 0 0 0 0 0 0 1 0 0 0 0 0 1
1507240369 185 51 0 0 0 0 0 0 0 0 0 0 0 1 0 0 0 0 0 1
1508465187 186 51 0 0 0 0 0 0 0 0 0 0 0 1 0 0 0 0 0 1
1508478108 186 52 0 0 0 0 0 0 0 0 0 0 0 1 0 0 0 0 0 1
1508481316 187 52 0 0 0 0 0 0 0 0 0 0 0 1 0 0 0 0 0 1
1508483063 188 52 0 0 0 0 0 0 0 0 0 0 0 1 0 0 0 0 0 1
1508541008 189 52 0 0 0 0 0 0 0 0 0 0 0 1 0 0 0 0 0 1
1508811263 190 52 0 0 0 0 0 0 0 0 0 0 0 1 0 0 0 0 0 1
1508827495 191 52 0 0 0 0 0 0 0 0 0 0 0 1 0 0 0 0 0 1
1508890793 192 52 0 0 0 0 0 0 0 0 0 0 0 1 0 0 0 0 0 1
1508890931 193 52 0 0 0 0 0 0 0 0 0 0 0 1 0 0 0 0 0 1
1508892616 194 52 0 0 0 0 0 0 0 0 0 0 0 1 0 0 0 0 0 1
1508973827 195 52 0 0 0 0 0 0 0 0 0 0 0 1 0 0 0 0 0 1
1509001547 196 52 0 0 0 0 0 0 0 0 0 0 0 1 0 0 0 0 0 1
1509060330 197 52 0 0 0 0 0 0 0 0 0 0 0 1 0 0 0 0 0 1
1509064785 198 52 0 0 0 0 0 0 0 0 0 0 0 1 0 0 0 0 0 1
1509074896 248 52 0 0 0 0 0 0 0 0 0 0 0 1 0 0 0 0 0 1
1509078239 249 52 0 0 0 0 0 0 0 0 0 0 0 1 0 0 0 0 0 1
1509334093 250 52 0 0 0 0 0 0 0 0 0 0 0 1 0 0 0 0 0 1
1509490433 250 53 0 0 0 0 0 0 0 0 0 0 0 1 0 0 0 0 0 1
1509490458 251 54 0 0 0 0 0 0 0 0 0 0 0 1 0 0 0 0 0 1
1509500992 252 54 0 0 0 0 0 0 0 0 0 0 0 1 0 0 0 0 0 1
1509502139 253 54 0 0 0 0 0 0 0 0 0 0 0 1 0 0 0 0 0 1
1509513277 254 54 0 0 0 0 0 0 0 0 0 0 0 1 0 0 0 0 0 1
1509513289 255 54 0 0 0 0 0 0 0 0 0 0 0 1 0 0 0 0 0 1
1509556924 255 55 0 0 0 0 0 0 0 0 0 0 0 1 0 0 0 0 0 1
1509577514 255 56 0 0 0 0 0 0 0 0 0 0 0 1 0 0 0 0 0 1
1509581124 255 57 0 0 0 0 0 0 0 0 0 0 0 1 0 0 0 0 0 1
1509581198 255 58 0 0 0 0 0 0 0 0 0 0 0 1 0 0 0 0 0 1
1509581471 255 59 0 0 0 0 0 0 0 0 0 0 0 1 0 0 0 0 0 1
1509581483 255 60 0 0 0 0 0 0 0 0 0 0 0 1 0 0 0 0 0 1
1509581510 255 61 0 0 0 0 0 0 0 0 0 0 0 1 0 0 0 0 0 1
1509581655 255 62 0 0 0 0 0 0 0 0 0 0 0 1 0 0 0 0 0 1
1509581729 255 63 0 0 0 0 0 0 0 0 0 0 0 1 0 0 0 0 0 1
1509582382 255 64 0 0 0 0 0 0 0 0 0 0 0 1 0 0 0 0 0 1
1509585279 257 65 0 0 0 0 0 0 0 0 0 0 0 1 0 0 0 0 0 1
1509646620 257 66 0 0 0 0 0 0 0 0 0 0 0 1 0 0 0 0 0 1
1509671961 257 67 0 0 0 0 0 0 0 0 0 0 0 1 0 0 0 0 0 1
1509672412 257 68 0 0 0 0 0 0 0 0 0 0 0 1 0 0 0 0 0 1
1509672544 257 69 0 0 0 0 0 0 0 0 0 0 0 1 0 0 0 0 0 1
1509672581 258 70 0 0 0 0 0 0 0 0 0 0 0 1 0 0 0 0 0 1
1509673674 258 71 0 0 0 0 0 0 0 0 0 0 0 1 0 0 0 0 0 1
1509686350 258 72 0 0 0 0 0 0 0 0 0 0 0 1 0 0 0 0 0 1
1509686722 258 73 0 0 0 0 0 0 0 0 0 0 0 1 0 0 0 0 0 1
1509686726 258 74 0 0 0 0 0 0 0 0 0 0 0 1 0 0 0 0 0 1
1509686937 258 75 0 0 0 0 0 0 0 0 0 0 0 1 0 0 0 0 0 1
1509687205 258 76 0 0 0 0 0 0 0 0 0 0 0 1 0 0 0 0 0 1
1509687423 258 77 0 0 0 0 0 0 0 0 0 0 0 1 0 0 0 0 0 1
1509708615 259 77 0 0 0 0 0 0 0 0 0 0 0 1 0 0 0 0 0 1
1509709258 260 77 0 0 0 0 0 0 0 0 0 0 0 1 0 0 0 0 0 1
1509750802 260 78 0 0 0 0 0 0 0 0 0 0 0 1 0 0 0 0 0 1
1509750878 260 79 0 0 0 0 0 0 0 0 0 0 0 1 0 0 0 0 0 1
1509755194 261 79 0 0 0 0 0 0 0 0 0 0 0 1 0 0 0 0 0 1
1509755293 262 79 0 0 0 0 0 0 0 0 0 0 0 1 0 0 0 0 0 1
1509755390 263 79 0 0 0 0 0 0 0 0 0 0 0 1 0 0 0 0 0 1
1509755444 264 79 0 0 0 0 0 0 0 0 0 0 0 1 0 0 0 0 0 1
1509756803 265 79 0 0 0 0 0 0 0 0 0 0 0 1 0 0 0 0 0 1
1509756851 266 79 0 0 0 0 0 0 0 0 0 0 0 1 0 0 0 0 0 1
1509760107 267 79 0 0 0 0 0 0 0 0 0 0 0 1 0 0 0 0 0 1
1509761314 268 79 0 0 0 0 0 0 0 0 0 0 0 1 0 0 0 0 0 1
1509810560 269 79 0 0 0 0 0 0 0 0 0 0 0 1 0 0 0 0 0 1
1509923288 270 79 0 0 0 0 0 0 0 0 0 0 0 1 0 0 0 0 0 1
1510010300 271 79 0 0 0 0 0 0 0 0 0 0 0 1 0 0 0 0 0 1
1510010525 272 79 0 0 0 0 0 0 0 0 0 0 0 1 0 0 0 0 0 1
1510180911 272 80 0 0 0 0 0 0 0 0 0 0 0 1 0 0 0 0 0 1
1510582900 273 80 0 0 0 0 0 0 0 0 0 0 0 1 0 0 0 0 0 1
1510583429 274 80 0 0 0 0 0 0 0 0 0 0 0 1 0 0 0 0 0 1
1510583921 275 80 0 0 0 0 0 0 0 0 0 0 0 1 0 0 0 0 0 1
1510584657 276 80 0 0 0 0 0 0 0 0 0 0 0 1 0 0 0 0 0 1
1510614818 277 80 0 0 0 0 0 0 0 0 0 0 0 1 0 0 0 0 0 1
1510614844 278 80 0 0 0 0 0 0 0 0 0 0 0 1 0 0 0 0 0 1
1510615223 279 80 0 0 0 0 0 0 0 0 0 0 0 1 0 0 0 0 0 1
1511906471 279 81 0 0 0 0 0 0 0 0 0 0 0 1 0 0 0 0 0 1
1512040134 280 81 0 0 0 0 0 0 0 0 0 0 0 1 0 0 0 0 0 1
1512089463 281 81 0 0 0 0 0 0 0 0 0 0 0 1 0 0 0 0 0 1
1512556678 282 81 0 0 0 0 0 0 0 0 0 0 0 1 0 0 0 0 0 1
1512578697 282 82 0 0 0 0 0 0 0 0 0 0 0 1 0 0 0 0 0 1
1512690764 283 82 0 0 0 0 0 0 0 0 0 0 0 1 0 0 0 0 0 1
1512692629 283 83 0 0 0 0 0 0 0 0 0 0 0 1 0 0 0 0 0 1
1512694849 284 83 0 0 0 0 0 0 0 0 0 0 0 1 0 0 0 0 0 1
1513911089 285 83 0 0 0 0 0 0 0 0 0 0 0 1 0 0 0 0 0 1
1513959411 285 84 0 0 0 0 0 0 0 0 0 0 0 1 0 0 0 0 0 1
1513993525 286 84 0 0 0 0 0 0 0 0 0 0 0 1 0 0 0 0 0 1
1514081771 287 84 0 0 0 0 0 0 0 0 0 0 0 1 0 0 0 0 0 1
1514156536 288 84 0 0 0 0 0 0 0 0 0 0 0 1 0 0 0 0 0 1
1515996749 288 84 0 0 0 0 0 0 1 0 0 0 0 1 0 0 0 0 0 1
1516052579 288 84 0 0 0 0 0 0 2 0 0 0 0 1 0 0 0 0 0 1
1516733488 288 85 0 0 0 0 0 0 2 0 0 0 0 1 0 0 0 0 0 1
1516981525 289 85 0 0 0 0 0 0 2 0 0 0 0 1 0 0 0 0 0 1
1516982082 290 85 0 0 0 0 0 0 2 0 0 0 0 1 0 0 0 0 0 1
1516982123 291 85 0 0 0 0 0 0 2 0 0 0 0 1 0 0 0 0 0 1
1516982383 292 85 0 0 0 0 0 0 2 0 0 0 0 1 0 0 0 0 0 1
1517008995 293 85 0 0 0 0 0 0 2 0 0 0 0 1 0 0 0 0 0 1
1517059520 294 85 0 0 0 0 0 0 2 0 0 0 0 1 0 0 0 0 0 1
1517060202 295 85 0 0 0 0 0 0 2 0 0 0 0 1 0 0 0 0 0 1
1517121974 296 85 0 0 0 0 0 0 2 0 0 0 0 1 0 0 0 0 0 1
1517122373 297 85 0 0 0 0 0 0 2 0 0 0 0 1 0 0 0 0 0 1
1517122817 298 85 0 0 0 0 0 0 2 0 0 0 0 1 0 0 0 0 0 1
1517267752 299 85 0 0 0 0 0 0 2 0 0 0 0 1 0 0 0 0 0 1
1517269345 300 85 0 0 0 0 0 0 2 0 0 0 0 1 0 0 0 0 0 1
1517269570 304 85 0 0 0 0 0 0 2 0 0 0 0 1 0 0 0 0 0 1
1517269690 305 85 0 0 0 0 0 0 2 0 0 0 0 1 0 0 0 0 0 1
1517357947 306 85 0 0 0 0 0 0 2 0 0 0 0 1 0 0 0 0 0 1
1518823129 307 85 0 0 0 0 0 0 2 0 0 0 0 1 0 0 0 0 0 1
1518825920 308 85 0 0 0 0 0 0 2 0 0 0 0 1 0 0 0 0 0 1
1518825953 309 85 0 0 0 0 0 0 2 0 0 0 0 1 0 0 0 0 0 1
1518830378 310 85 0 0 0 0 0 0 2 0 0 0 0 1 0 0 0 0 0 1
1518845186 311 85 0 0 0 0 0 0 2 0 0 0 0 1 0 0 0 0 0 1
1518845244 312 85 0 0 0 0 0 0 2 0 0 0 0 1 0 0 0 0 0 1
1518845495 313 85 0 0 0 0 0 0 2 0 0 0 0 1 0 0 0 0 0 1
1518846501 314 85 0 0 0 0 0 0 2 0 0 0 0 1 0 0 0 0 0 1
1518911221 315 85 0 0 0 0 0 0 2 0 0 0 0 1 0 0 0 0 0 1
1518925320 316 85 0 0 0 0 0 0 2 0 0 0 0 1 0 0 0 0 0 1
1519958742 317 85 0 0 0 0 0 0 2 0 0 0 0 1 0 0 0 0 0 1
1519960524 321 85 0 0 0 0 0 0 2 0 0 0 0 1 0 0 0 0 0 1
1520418444 322 85 0 0 0 0 0 0 2 0 0 0 0 1 0 0 0 0 0 1
1520439590 322 86 0 0 0 0 0 0 2 0 0 0 0 1 0 0 0 0 0 1
1520440333 322 87 0 0 0 0 0 0 2 0 0 0 0 1 0 0 0 0 0 1
1520440399 322 88 0 0 0 0 0 0 2 0 0 0 0 1 0 0 0 0 0 1
1521162080 323 88 0 0 0 0 0 0 2 0 0 0 0 1 0 0 0 0 0 1
1521162156 324 88 0 0 0 0 0 0 2 0 0 0 0 1 0 0 0 0 0 1
1521164241 325 88 0 0 0 0 0 0 2 0 0 0 0 1 0 0 0 0 0 1
1521164572 326 88 0 0 0 0 0 0 2 0 0 0 0 1 0 0 0 0 0 1
1521164679 327 88 0 0 0 0 0 0 2 0 0 0 0 1 0 0 0 0 0 1
1521164973 328 88 0 0 0 0 0 0 2 0 0 0 0 1 0 0 0 0 0 1
1521167114 329 88 0 0 0 0 0 0 2 0 0 0 0 1 0 0 0 0 0 1
1521167264 330 88 0 0 0 0 0 0 2 0 0 0 0 1 0 0 0 0 0 1
1521167825 331 88 0 0 0 0 0 0 2 0 0 0 0 1 0 0 0 0 0 1
1521168464 332 88 0 0 0 0 0 0 2 0 0 0 0 1 0 0 0 0 0 1
1521172750 333 88 0 0 0 0 0 0 2 0 0 0 0 1 0 0 0 0 0 1
1521279455 334 88 0 0 0 0 0 0 2 0 0 0 0 1 0 0 0 0 0 1
1521279648 335 88 0 0 0 0 0 0 2 0 0 0 0 1 0 0 0 0 0 1
1521280560 336 88 0 0 0 0 0 0 2 0 0 0 0 1 0 0 0 0 0 1
1521280681 337 88 0 0 0 0 0 0 2 0 0 0 0 1 0 0 0 0 0 1
1521285057 338 88 0 0 0 0 0 0 2 0 0 0 0 1 0 0 0 0 0 1
1521331720 339 88 0 0 0 0 0 0 2 0 0 0 0 1 0 0 0 0 0 1
1521730471 340 88 0 0 0 0 0 0 2 0 0 0 0 1 0 0 0 0 0 1
1521731164 341 88 0 0 0 0 0 0 2 0 0 0 0 1 0 0 0 0 0 1
1522109458 342 88 0 0 0 0 0 0 2 0 0 0 0 1 0 0 0 0 0 1
1522364969 342 89 0 0 0 0 0 0 2 0 0 0 0 1 0 0 0 0 0 1
1522365111 342 90 0 0 0 0 0 0 2 0 0 0 0 1 0 0 0 0 0 1
1522365391 342 91 0 0 0 0 0 0 2 0 0 0 0 1 0 0 0 0 0 1
1522370155 343 91 0 0 0 0 0 0 2 0 0 0 0 1 0 0 0 0 0 1
1522537298 352 91 0 0 0 0 0 0 2 0 0 0 0 1 0 0 0 0 0 1
1522623568 353 91 0 0 0 0 0 0 2 0 0 0 0 1 0 0 0 0 0 1
1522625338 354 91 0 0 0 0 0 0 2 0 0 0 0 1 0 0 0 0 0 1
1522628461 355 91 0 0 0 0 0 0 2 0 0 0 0 1 0 0 0 0 0 1
1522660332 356 91 0 0 0 0 0 0 2 0 0 0 0 1 0 0 0 0 0 1
1522660376 357 91 0 0 0 0 0 0 2 0 0 0 0 1 0 0 0 0 0 1
1522681915 357 92 0 0 0 0 0 0 2 0 0 0 0 1 0 0 0 0 0 1
1523241155 358 92 0 0 0 0 0 0 2 0 0 0 0 1 0 0 0 0 0 1
1523244387 359 92 0 0 0 0 0 0 2 0 0 0 0 1 0 0 0 0 0 1
1523245690 360 92 0 0 0 0 0 0 2 0 0 0 0 1 0 0 0 0 0 1
1523248714 361 94 0 0 0 0 0 0 2 0 0 0 0 1 0 0 0 0 0 1
1525039365 361 95 0 0 0 0 0 0 2 0 0 0 0 1 0 0 0 0 0 1
1525040052 361 96 0 0 0 0 0 0 2 0 0 0 0 1 0 0 0 0 0 1
1525041779 361 97 0 0 0 0 0 0 2 0 0 0 0 1 0 0 0 0 0 1
1525042711 361 98 0 0 0 0 0 0 2 0 0 0 0 1 0 0 0 0 0 1
1525042861 361 99 0 0 0 0 0 0 2 0 0 0 0 1 0 0 0 0 0 1
1525042887 361 100 0 0 0 0 0 0 2 0 0 0 0 1 0 0 0 0 0 1
1525042947 361 101 0 0 0 0 0 0 2 0 0 0 0 1 0 0 0 0 0 1
1525042974 361 102 0 0 0 0 0 0 2 0 0 0 0 1 0 0 0 0 0 1
1525043018 361 103 0 0 0 0 0 0 2 0 0 0 0 1 0 0 0 0 0 1
1525043579 361 104 0 0 0 0 0 0 2 0 0 0 0 1 0 0 0 0 0 1
1525043767 361 105 0 0 0 0 0 0 2 0 0 0 0 1 0 0 0 0 0 1
1525045053 361 106 0 0 0 0 0 0 2 0 0 0 0 1 0 0 0 0 0 1
1525045220 361 107 0 0 0 0 0 0 2 0 0 0 0 1 0 0 0 0 0 1
1525045412 361 108 0 0 0 0 0 0 2 0 0 0 0 1 0 0 0 0 0 1
1525045780 361 109 0 0 0 0 0 0 2 0 0 0 0 1 0 0 0 0 0 1
1525046456 361 110 0 0 0 0 0 0 2 0 0 0 0 1 0 0 0 0 0 1
1525047047 361 111 0 0 0 0 0 0 2 0 0 0 0 1 0 0 0 0 0 1
1525047521 361 112 0 0 0 0 0 0 2 0 0 0 0 1 0 0 0 0 0 1
1525047770 361 113 0 0 0 0 0 0 2 0 0 0 0 1 0 0 0 0 0 1
1525048734 361 114 0 0 0 0 0 0 2 0 0 0 0 1 0 0 0 0 0 1
1525049026 361 115 0 0 0 0 0 0 2 0 0 0 0 1 0 0 0 0 0 1
1525629835 361 116 0 0 0 0 0 0 2 0 0 0 0 1 0 0 0 0 0 1
1525630036 361 117 0 0 0 0 0 0 2 0 0 0 0 1 0 0 0 0 0 1
1525630466 361 118 0 0 0 0 0 0 2 0 0 0 0 1 0 0 0 0 0 1
1525631209 361 119 0 0 0 0 0 0 2 0 0 0 0 1 0 0 0 0 0 1
1525631247 361 120 0 0 0 0 0 0 2 0 0 0 0 1 0 0 0 0 0 1
1525649594 362 120 0 0 0 0 0 0 2 0 0 0 0 1 0 0 0 0 0 1
1525656082 363 120 0 0 0 0 0 0 2 0 0 0 0 1 0 0 0 0 0 1
1525735180 364 120 0 0 0 0 0 0 2 0 0 0 0 1 0 0 0 0 0 1
1525908755 364 121 0 0 0 0 0 0 2 0 0 0 0 1 0 0 0 0 0 1
1525908814 364 122 0 0 0 0 0 0 2 0 0 0 0 1 0 0 0 0 0 1
1525908896 364 123 0 0 0 0 0 0 2 0 0 0 0 1 0 0 0 0 0 1
1525908952 364 124 0 0 0 0 0 0 2 0 0 0 0 1 0 0 0 0 0 1
1525920978 364 125 0 0 0 0 0 0 2 0 0 0 0 1 0 0 0 0 0 1
1525921167 364 126 0 0 0 0 0 0 2 0 0 0 0 1 0 0 0 0 0 1
1525922384 364 127 0 0 0 0 0 0 2 0 0 0 0 1 0 0 0 0 0 1
1525924576 364 128 0 0 0 0 0 0 2 0 0 0 0 1 0 0 0 0 0 1
1525924654 364 129 0 0 0 0 0 0 2 0 0 0 0 1 0 0 0 0 0 1
1526166452 364 130 0 0 0 0 0 0 2 0 0 0 0 1 0 0 0 0 0 1
1526167583 364 131 0 0 0 0 0 0 2 0 0 0 0 1 0 0 0 0 0 1
1526167837 364 132 0 0 0 0 0 0 2 0 0 0 0 1 0 0 0 0 0 1
1526694204 364 133 0 0 0 0 0 0 2 0 0 0 0 1 0 0 0 0 0 1
1527922428 365 133 0 0 0 0 0 0 2 0 0 0 0 1 0 0 0 0 0 1
1527922654 366 133 0 0 0 0 0 0 2 0 0 0 0 1 0 0 0 0 0 1
1527922896 367 133 0 0 0 0 0 0 2 0 0 0 0 1 0 0 0 0 0 1
1527923139 368 133 0 0 0 0 0 0 2 0 0 0 0 1 0 0 0 0 0 1
1527984027 369 133 0 0 0 0 0 0 2 0 0 0 0 1 0 0 0 0 0 1
1528029052 370 133 0 0 0 0 0 0 2 0 0 0 0 1 0 0 0 0 0 1
1528070653 371 133 0 0 0 0 0 0 2 0 0 0 0 1 0 0 0 0 0 1
1528096101 372 133 0 0 0 0 0 0 2 0 0 0 0 1 0 0 0 0 0 1
1528099894 373 133 0 0 0 0 0 0 2 0 0 0 0 1 0 0 0 0 0 1
1528101282 374 133 0 0 0 0 0 0 2 0 0 0 0 1 0 0 0 0 0 1
1528112305 375 133 0 0 0 0 0 0 2 0 0 0 0 1 0 0 0 0 0 1
1528122017 375 134 0 0 0 0 0 0 2 0 0 0 0 1 0 0 0 0 0 1
1528236344 375 135 0 0 0 0 0 0 2 0 0 0 0 1 0 0 0 0 0 1
1529193179 376 135 0 0 0 0 0 0 2 0 0 0 0 1 0 0 0 0 0 1
1529193369 377 135 0 0 0 0 0 0 2 0 0 0 0 1 0 0 0 0 0 1
1529225363 378 135 0 0 0 0 0 0 2 0 0 0 0 1 0 0 0 0 0 1
1532130319 379 135 0 0 0 0 0 0 2 0 0 0 0 1 0 0 0 0 0 1
1532391372 380 135 0 0 0 0 0 0 2 0 0 0 0 1 0 0 0 0 0 1
1534940857 381 135 0 0 0 0 0 0 2 0 0 0 0 1 0 0 0 0 0 1
1535157461 382 135 0 0 0 0 0 0 2 0 0 0 0 1 0 0 0 0 0 1
1535659334 382 136 0 0 0 0 0 0 2 0 0 0 0 1 0 0 0 0 0 1
1535659981 382 137 0 0 0 0 0 0 2 0 0 0 0 1 0 0 0 0 0 1
1535661176 382 138 0 0 0 0 0 0 2 0 0 0 0 1 0 0 0 0 0 1
1535933050 383 138 0 0 0 0 0 0 2 0 0 0 0 1 0 0 0 0 0 1
1535933345 384 138 0 0 0 0 0 0 2 0 0 0 0 1 0 0 0 0 0 1
1535933491 385 138 0 0 0 0 0 0 2 0 0 0 0 1 0 0 0 0 0 1
1535933656 386 138 0 0 0 0 0 0 2 0 0 0 0 1 0 0 0 0 0 1
1535938493 387 138 0 0 0 0 0 0 2 0 0 0 0 1 0 0 0 0 0 1
1535939970 388 138 0 0 0 0 0 0 2 0 0 0 0 1 0 0 0 0 0 1
1535970806 389 138 0 0 0 0 0 0 2 0 0 0 0 1 0 0 0 0 0 1
1536562576 389 138 0 1 0 0 0 0 2 0 0 0 0 1 0 0 0 0 0 1
1536589542 389 138 0 2 0 0 0 0 2 0 0 0 0 1 0 0 0 0 0 1
1536589560 389 138 0 3 0 0 0 0 2 0 0 0 0 1 0 0 0 0 0 1
1536688288 389 138 0 4 0 0 0 0 2 0 0 0 0 1 0 0 0 0 0 1
1536769907 389 139 0 4 0 0 0 0 2 0 0 0 0 1 0 0 0 0 0 1
1543891426 390 139 0 4 0 0 0 0 2 0 0 0 0 1 0 0 0 0 0 1
1543891800 391 139 0 4 0 0 0 0 2 0 0 0 0 1 0 0 0 0 0 1
1543893030 392 139 0 4 0 0 0 0 2 0 0 0 0 1 0 0 0 0 0 1
1543895027 393 139 0 4 0 0 0 0 2 0 0 0 0 1 0 0 0 0 0 1
1543895225 394 139 0 4 0 0 0 0 2 0 0 0 0 1 0 0 0 0 0 1
1543968495 395 139 0 4 0 0 0 0 2 0 0 0 0 1 0 0 0 0 0 1
1544042125 395 140 0 4 0 0 0 0 2 0 0 0 0 1 0 0 0 0 0 1
1545687074 395 140 0 4 0 0 0 0 2 1 0 0 0 1 0 0 0 0 0 1
1545687821 395 141 0 4 0 0 0 0 2 1 0 0 0 1 0 0 0 0 0 1
1545687823 395 142 0 4 0 0 0 0 2 1 0 0 0 1 0 0 0 0 0 1
1545688758 395 143 0 4 0 0 0 0 2 1 0 0 0 1 0 0 0 0 0 1
1545688972 395 144 0 4 0 0 0 0 2 1 0 0 0 1 0 0 0 0 0 1
1545689939 395 145 0 4 0 0 0 0 2 1 0 0 0 1 0 0 0 0 0 1
1545689945 395 146 0 4 0 0 0 0 2 1 0 0 0 1 0 0 0 0 0 1
1545690454 395 147 0 4 0 0 0 0 2 1 0 0 0 1 0 0 0 0 0 1
1545690779 395 148 0 4 0 0 0 0 2 1 0 0 0 1 0 0 0 0 0 1
1545691285 395 149 0 4 0 0 0 0 2 1 0 0 0 1 0 0 0 0 0 1
1545691652 399 150 0 4 0 0 0 0 2 1 0 0 0 1 0 0 0 0 0 1
1545696967 400 150 0 4 0 0 0 0 2 1 0 0 0 1 0 0 0 0 0 1
1545697036 401 150 0 4 0 0 0 0 2 1 0 0 0 1 0 0 0 0 0 1
1545699765 402 150 0 4 0 0 0 0 2 1 0 0 0 1 0 0 0 0 0 1
1545703620 403 150 0 4 0 0 0 0 2 1 0 0 0 1 0 0 0 0 0 1
1545703657 404 150 0 4 0 0 0 0 2 1 0 0 0 1 0 0 0 0 0 1
1545704692 405 150 0 4 0 0 0 0 2 1 0 0 0 1 0 0 0 0 0 1
1545820222 406 150 0 4 0 0 0 0 2 1 0 0 0 1 0 0 0 0 0 1
1545820920 407 150 0 4 0 0 0 0 2 1 0 0 0 1 0 0 0 0 0 1
1545821095 408 150 0 4 0 0 0 0 2 1 0 0 0 1 0 0 0 0 0 1
1545865919 409 150 0 4 0 0 0 0 2 1 0 0 0 1 0 0 0 0 0 1
1545866662 410 150 0 4 0 0 0 0 2 1 0 0 0 1 0 0 0 0 0 1
1545867076 411 150 0 4 0 0 0 0 2 1 0 0 0 1 0 0 0 0 0 1
1545867711 412 150 0 4 0 0 0 0 2 1 0 0 0 1 0 0 0 0 0 1
1546093098 413 150 0 4 0 0 0 0 2 1 0 0 0 1 0 0 0 0 0 1
1546094323 414 150 0 4 0 0 0 0 2 1 0 0 0 1 0 0 0 0 0 1
1546094373 415 150 0 4 0 0 0 0 2 1 0 0 0 1 0 0 0 0 0 1
1546128168 416 150 0 4 0 0 0 0 2 1 0 0 0 1 0 0 0 0 0 1
1546131128 417 150 0 4 0 0 0 0 2 1 0 0 0 1 0 0 0 0 0 1
1546131605 418 150 0 4 0 0 0 0 2 1 0 0 0 1 0 0 0 0 0 1
1546131889 419 150 0 4 0 0 0 0 2 1 0 0 0 1 0 0 0 0 0 1
1546141548 420 150 0 4 0 0 0 0 2 1 0 0 0 1 0 0 0 0 0 1
1546177166 421 150 0 4 0 0 0 0 2 1 0 0 0 1 0 0 0 0 0 1
1546177464 422 150 0 4 0 0 0 0 2 1 0 0 0 1 0 0 0 0 0 1
1546178072 423 150 0 4 0 0 0 0 2 1 0 0 0 1 0 0 0 0 0 1
1546178232 424 150 0 4 0 0 0 0 2 1 0 0 0 1 0 0 0 0 0 1
1546178555 425 150 0 4 0 0 0 0 2 1 0 0 0 1 0 0 0 0 0 1
1546180090 426 150 0 4 0 0 0 0 2 1 0 0 0 1 0 0 0 0 0 1
1546182144 427 150 0 4 0 0 0 0 2 1 0 0 0 1 0 0 0 0 0 1
1546182271 428 150 0 4 0 0 0 0 2 1 0 0 0 1 0 0 0 0 0 1
1546644771 429 150 0 4 0 0 0 0 2 1 0 0 0 1 0 0 0 0 0 1
1546644923 430 150 0 4 0 0 0 0 2 1 0 0 0 1 0 0 0 0 0 1
1546645379 431 150 0 4 0 0 0 0 2 1 0 0 0 1 0 0 0 0 0 1
1546645491 432 150 0 4 0 0 0 0 2 1 0 0 0 1 0 0 0 0 0 1
1546645540 433 150 0 4 0 0 0 0 2 1 0 0 0 1 0 0 0 0 0 1
1546646105 434 150 0 4 0 0 0 0 2 1 0 0 0 1 0 0 0 0 0 1
1546659200 435 150 0 4 0 0 0 0 2 1 0 0 0 1 0 0 0 0 0 1
1546659262 436 150 0 4 0 0 0 0 2 1 0 0 0 1 0 0 0 0 0 1
1546659517 437 150 0 4 0 0 0 0 2 1 0 0 0 1 0 0 0 0 0 1
1546659775 438 150 0 4 0 0 0 0 2 1 0 0 0 1 0 0 0 0 0 1
1546666314 439 150 0 4 0 0 0 0 2 1 0 0 0 1 0 0 0 0 0 1
1546666448 440 150 0 4 0 0 0 0 2 1 0 0 0 1 0 0 0 0 0 1
1546667785 441 150 0 4 0 0 0 0 2 1 0 0 0 1 0 0 0 0 0 1
1546667825 442 150 0 4 0 0 0 0 2 1 0 0 0 1 0 0 0 0 0 1
1546668036 443 150 0 4 0 0 0 0 2 1 0 0 0 1 0 0 0 0 0 1
1546669530 444 150 0 4 0 0 0 0 2 1 0 0 0 1 0 0 0 0 0 1
1546675848 445 150 0 4 0 0 0 0 2 1 0 0 0 1 0 0 0 0 0 1
1546679362 446 150 0 4 0 0 0 0 2 1 0 0 0 1 0 0 0 0 0 1
1546686088 448 150 0 4 0 0 0 0 2 1 0 0 0 1 0 0 0 0 0 1
1546686375 449 150 0 4 0 0 0 0 2 1 0 0 0 1 0 0 0 0 0 1
1546686714 450 150 0 4 0 0 0 0 2 1 0 0 0 1 0 0 0 0 0 1
1546687862 451 150 0 4 0 0 0 0 2 1 0 0 0 1 0 0 0 0 0 1
1546738878 452 150 0 4 0 0 0 0 2 1 0 0 0 1 0 0 0 0 0 1
1546739526 453 150 0 4 0 0 0 0 2 1 0 0 0 1 0 0 0 0 0 1
1546739715 453 151 0 4 0 0 0 0 2 1 0 0 0 1 0 0 0 0 0 1
1546739999 453 152 0 4 0 0 0 0 2 1 0 0 0 1 0 0 0 0 0 1
1546740316 453 154 0 4 0 0 0 0 2 1 0 0 0 1 0 0 0 0 0 1
1546741294 453 155 0 4 0 0 0 0 2 1 0 0 0 1 0 0 0 0 0 1
1546798712 453 156 0 4 0 0 0 0 2 1 0 0 0 1 0 0 0 0 0 1
1546809588 453 157 0 4 0 0 0 0 2 1 0 0 0 1 0 0 0 0 0 1
1546995004 454 157 0 4 0 0 0 0 2 1 0 0 0 1 0 0 0 0 0 1
1547006701 455 157 0 4 0 0 0 0 2 1 0 0 0 1 0 0 0 0 0 1
1547778637 456 157 0 4 0 0 0 0 2 1 0 0 0 1 0 0 0 0 0 1
1547790428 457 157 0 4 0 0 0 0 2 1 0 0 0 1 0 0 0 0 0 1
1547791735 458 157 0 4 0 0 0 0 2 1 0 0 0 1 0 0 0 0 0 1
1547792565 459 157 0 4 0 0 0 0 2 1 0 0 0 1 0 0 0 0 0 1
1548161138 460 157 0 4 0 0 0 0 2 1 0 0 0 1 0 0 0 0 0 1
1548199301 461 157 0 4 0 0 0 0 2 1 0 0 0 1 0 0 0 0 0 1
1548731033 462 157 0 4 0 0 0 0 2 1 0 0 0 1 0 0 0 0 0 1
1548731389 463 157 0 4 0 0 0 0 2 1 0 0 0 1 0 0 0 0 0 1
1548731599 464 157 0 4 0 0 0 0 2 1 0 0 0 1 0 0 0 0 0 1
1548733811 465 157 0 4 0 0 0 0 2 1 0 0 0 1 0 0 0 0 0 1
1548765940 466 157 0 4 0 0 0 0 2 1 0 0 0 1 0 0 0 0 0 1
1548809242 467 157 0 4 0 0 0 0 2 1 0 0 0 1 0 0 0 0 0 1
1549171305 468 157 0 4 0 0 0 0 2 1 0 0 0 1 0 0 0 0 0 1
1549236503 469 157 0 4 0 0 0 0 2 1 0 0 0 1 0 0 0 0 0 1
1549364707 470 157 0 4 0 0 0 0 2 1 0 0 0 1 0 0 0 0 0 1
1549408550 471 157 0 4 0 0 0 0 2 1 0 0 0 1 0 0 0 0 0 1
1550830413 472 157 0 4 0 0 0 0 2 1 0 0 0 1 0 0 0 0 0 1
1550838071 473 157 0 4 0 0 0 0 2 1 0 0 0 1 0 0 0 0 0 1
1550838311 474 157 0 4 0 0 0 0 2 1 0 0 0 1 0 0 0 0 0 1
1550838871 475 157 0 4 0 0 0 0 2 1 0 0 0 1 0 0 0 0 0 1
1550838955 476 157 0 4 0 0 0 0 2 1 0 0 0 1 0 0 0 0 0 1
1551742217 477 157 0 4 0 0 0 0 2 1 0 0 0 1 0 0 0 0 0 1
1554136349 477 158 0 4 0 0 0 0 2 1 0 0 0 1 0 0 0 0 0 1
1554580244 477 159 0 4 0 0 0 0 2 1 0 0 0 1 0 0 0 0 0 1
1554580402 477 160 0 4 0 0 0 0 2 1 0 0 0 1 0 0 0 0 0 1
1554580866 477 161 0 4 0 0 0 0 2 1 0 0 0 1 0 0 0 0 0 1
1554581066 477 162 0 4 0 0 0 0 2 1 0 0 0 1 0 0 0 0 0 1
1554581303 477 163 0 4 0 0 0 0 2 1 0 0 0 1 0 0 0 0 0 1
1554581613 477 164 0 4 0 0 0 0 2 1 0 0 0 1 0 0 0 0 0 1
1554583083 477 165 0 4 0 0 0 0 2 1 0 0 0 1 0 0 0 0 0 1
1554584013 477 166 0 4 0 0 0 0 2 1 0 0 0 1 0 0 0 0 0 1
1554594234 478 166 0 4 0 0 0 0 2 1 0 0 0 1 0 0 0 0 0 1
1554594626 479 166 0 4 0 0 0 0 2 1 0 0 0 1 0 0 0 0 0 1
1555078542 479 167 0 4 0 0 0 0 2 1 0 0 0 1 0 0 0 0 0 1
1555558781 480 167 0 4 0 0 0 0 2 1 0 0 0 1 0 0 0 0 0 1
1555558833 481 167 0 4 0 0 0 0 2 1 0 0 0 1 0 0 0 0 0 1
1555629451 482 167 0 4 0 0 0 0 2 1 0 0 0 1 0 0 0 0 0 1
1557697786 482 168 0 4 0 0 0 0 2 1 0 0 0 1 0 0 0 0 0 1
1558717287 482 169 0 4 0 0 0 0 2 1 0 0 0 1 0 0 0 0 0 1
1560720656 482 170 0 4 0 0 0 0 2 1 0 0 0 1 0 0 0 0 0 1
1561068180 482 171 0 4 0 0 0 0 2 1 0 0 0 1 0 0 0 0 0 1
1561069587 482 172 0 4 0 0 0 0 2 1 0 0 0 1 0 0 0 0 0 1
1561069747 482 173 0 4 0 0 0 0 2 1 0 0 0 1 0 0 0 0 0 1
1561069909 488 174 0 4 0 0 0 0 2 1 0 0 0 1 0 0 0 0 0 1
1561073652 489 174 0 4 0 0 0 0 2 1 0 0 0 1 0 0 0 0 0 1
1561073697 490 174 0 4 0 0 0 0 2 1 0 0 0 1 0 0 0 0 0 1
1561073808 491 174 0 4 0 0 0 0 2 1 0 0 0 1 0 0 0 0 0 1
1561081711 496 174 0 4 0 0 0 0 2 1 0 0 0 1 0 0 0 0 0 1
1561084101 497 174 0 4 0 0 0 0 2 1 0 0 0 1 0 0 0 0 0 1
1561103164 498 174 0 4 0 0 0 0 2 1 0 0 0 1 0 0 0 0 0 1
1561131838 498 175 0 4 0 0 0 0 2 1 0 0 0 1 0 0 0 0 0 1
1561433005 499 175 0 4 0 0 0 0 2 1 0 0 0 1 0 0 0 0 0 1
1561473618 500 175 0 4 0 0 0 0 2 1 0 0 0 1 0 0 0 0 0 1
1561542522 505 175 0 4 0 0 0 0 2 1 0 0 0 1 0 0 0 0 0 1
1561543070 506 175 0 4 0 0 0 0 2 1 0 0 0 1 0 0 0 0 0 1
1561543168 507 175 0 4 0 0 0 0 2 1 0 0 0 1 0 0 0 0 0 1
1561543656 508 175 0 4 0 0 0 0 2 1 0 0 0 1 0 0 0 0 0 1
1561545081 509 175 0 4 0 0 0 0 2 1 0 0 0 1 0 0 0 0 0 1
1561545556 510 175 0 4 0 0 0 0 2 1 0 0 0 1 0 0 0 0 0 1
1561853437 511 175 0 4 0 0 0 0 2 1 0 0 0 1 0 0 0 0 0 1
1561853461 512 175 0 4 0 0 0 0 2 1 0 0 0 1 0 0 0 0 0 1
1561853557 513 175 0 4 0 0 0 0 2 1 0 0 0 1 0 0 0 0 0 1
1561853643 514 175 0 4 0 0 0 0 2 1 0 0 0 1 0 0 0 0 0 1
1561853828 515 175 0 4 0 0 0 0 2 1 0 0 0 1 0 0 0 0 0 1
1561854096 516 175 0 4 0 0 0 0 2 1 0 0 0 1 0 0 0 0 0 1
1561855368 517 175 0 4 0 0 0 0 2 1 0 0 0 1 0 0 0 0 0 1
1561856034 518 175 0 4 0 0 0 0 2 1 0 0 0 1 0 0 0 0 0 1
1561856710 519 175 0 4 0 0 0 0 2 1 0 0 0 1 0 0 0 0 0 1
1561919188 519 176 0 4 0 0 0 0 2 1 0 0 0 1 0 0 0 0 0 1
1561920083 519 177 0 4 0 0 0 0 2 1 0 0 0 1 0 0 0 0 0 1
1561920120 519 178 0 4 0 0 0 0 2 1 0 0 0 1 0 0 0 0 0 1
1561923980 519 179 0 4 0 0 0 0 2 1 0 0 0 1 0 0 0 0 0 1
1562387404 520 179 0 4 0 0 0 0 2 1 0 0 0 1 0 0 0 0 0 1
1562388439 521 179 0 4 0 0 0 0 2 1 0 0 0 1 0 0 0 0 0 1
1562388888 522 179 0 4 0 0 0 0 2 1 0 0 0 1 0 0 0 0 0 1
1562389982 523 179 0 4 0 0 0 0 2 1 0 0 0 1 0 0 0 0 0 1
1562391292 524 179 0 4 0 0 0 0 2 1 0 0 0 1 0 0 0 0 0 1
1562482478 525 179 0 4 0 0 0 0 2 1 0 0 0 1 0 0 0 0 0 1
1563056770 526 179 0 4 0 0 0 0 2 1 0 0 0 1 0 0 0 0 0 1
1563063684 526 180 0 4 0 0 0 0 2 1 0 0 0 1 0 0 0 0 0 1
1565580866 526 181 0 4 0 0 0 0 2 1 0 0 0 1 0 0 0 0 0 1
1567201577 526 182 0 4 0 0 0 0 2 1 0 0 0 1 0 0 0 0 0 1
1567971781 526 183 0 4 0 0 0 0 2 1 0 0 0 1 0 0 0 0 0 1
1570917933 526 183 1 4 0 0 0 0 2 1 0 0 0 1 0 0 0 0 0 1
1571099397 527 183 1 4 0 0 0 0 2 1 0 0 0 1 0 0 0 0 0 1
1571522156 527 183 2 4 0 0 0 0 2 1 0 0 0 1 0 0 0 0 0 1
1571522227 527 183 3 4 0 0 0 0 2 1 0 0 0 1 0 0 0 0 0 1
1571550839 527 183 3 4 0 0 0 0 2 1 0 0 0 1 0 1 0 0 0 1
1571592761 527 184 3 4 0 0 0 0 2 1 0 0 0 1 0 1 0 0 0 1
1571593323 527 185 3 4 0 0 0 0 2 1 0 0 0 1 0 1 0 0 0 1
1571594232 527 186 3 4 0 0 0 0 2 1 0 0 0 1 0 1 0 0 0 1
1571594985 527 187 3 4 0 0 0 0 2 1 0 0 0 1 0 1 0 0 0 1
1571858426 527 188 3 4 0 0 0 0 2 1 0 0 0 1 0 1 0 0 0 1
1572781196 528 188 3 4 0 0 0 0 2 1 0 0 0 1 0 1 0 0 0 1
1572781461 529 188 3 4 0 0 0 0 2 1 0 0 0 1 0 1 0 0 0 1
1572782406 530 188 3 4 0 0 0 0 2 1 0 0 0 1 0 1 0 0 0 1
1572784456 538 188 3 4 0 0 0 0 2 1 0 0 0 1 0 1 0 0 0 1
1572805939 538 189 3 4 0 0 0 0 2 1 0 0 0 1 0 1 0 0 0 1
1572807507 538 190 3 4 0 0 0 0 2 1 0 0 0 1 0 1 0 0 0 1
1572825947 539 190 3 4 0 0 0 0 2 1 0 0 0 1 0 1 0 0 0 1
1572826117 540 190 3 4 0 0 0 0 2 1 0 0 0 1 0 1 0 0 0 1
1572826163 541 190 3 4 0 0 0 0 2 1 0 0 0 1 0 1 0 0 0 1
1572826254 542 190 3 4 0 0 0 0 2 1 0 0 0 1 0 1 0 0 0 1
1572826748 543 190 3 4 0 0 0 0 2 1 0 0 0 1 0 1 0 0 0 1
1572827118 544 190 3 4 0 0 0 0 2 1 0 0 0 1 0 1 0 0 0 1
1572829834 544 191 3 4 0 0 0 0 2 1 0 0 0 1 0 1 0 0 0 1
1572850854 544 191 3 4 0 0 0 1 2 1 0 0 0 1 0 1 0 0 0 1
1572862798 544 191 3 4 0 0 0 2 2 1 0 0 0 1 0 1 0 0 0 1
1572910495 545 191 3 4 0 0 0 2 2 1 0 0 0 1 0 1 0 0 0 1
1573352469 546 191 3 4 0 0 0 2 2 1 0 0 0 1 0 1 0 0 0 1
1573352504 547 191 3 4 0 0 0 2 2 1 0 0 0 1 0 1 0 0 0 1
1573352788 548 191 3 4 0 0 0 2 2 1 0 0 0 1 0 1 0 0 0 1
1573353459 549 191 3 4 0 0 0 2 2 1 0 0 0 1 0 1 0 0 0 1
1573358103 550 191 3 4 0 0 0 2 2 1 0 0 0 1 0 1 0 0 0 1
1573366034 551 191 4 4 0 0 0 2 2 1 0 0 0 1 0 1 0 0 0 1
1573672944 551 191 5 4 0 0 0 2 2 1 0 0 0 1 0 1 0 0 0 1
1573673187 551 191 6 4 0 0 0 2 2 1 0 0 0 1 0 1 0 0 0 1
1573850849 551 192 6 4 0 0 0 2 2 1 0 0 0 1 0 1 0 0 0 1
1574879181 551 192 6 4 0 0 0 2 2 1 0 0 0 1 0 1 0 0 0 1
1574895069 551 193 6 4 0 0 0 2 2 1 0 0 0 1 0 1 0 0 0 1
1578595734 551 193 6 4 0 0 1 2 2 1 0 0 0 1 0 1 0 0 0 1
1586997502 551 194 6 4 0 0 1 2 2 1 0 0 0 1 0 1 0 0 0 1
1587077123 551 195 6 4 0 0 1 2 2 1 0 0 0 1 0 1 0 0 0 1
1587081382 551 196 6 4 0 0 1 2 2 1 0 0 0 1 0 1 0 0 0 1
1587160041 551 197 6 4 0 0 1 2 2 1 0 0 0 1 0 1 0 0 0 1
1587160563 551 198 6 4 0 0 1 2 2 1 0 0 0 1 0 1 0 0 0 1
1587160590 551 199 6 4 0 0 1 2 2 1 0 0 0 1 0 1 0 0 0 1
1587161177 551 200 6 4 0 0 1 2 2 1 0 0 0 1 0 1 0 0 0 1
1587183866 551 201 6 4 0 0 1 2 2 1 0 0 0 1 0 1 0 0 0 1
1587186058 551 202 6 4 0 0 1 2 2 1 0 0 0 1 0 1 0 0 0 1
1588971029 551 203 6 4 0 0 1 2 2 1 0 0 0 1 0 1 0 0 0 1
1589097400 551 204 6 4 0 0 1 2 2 1 0 0 0 1 0 1 0 0 0 1
1589097520 551 205 6 4 0 0 1 2 2 1 0 0 0 1 0 1 0 0 0 1
1589491828 551 206 8 4 0 0 1 2 2 1 0 0 0 1 0 1 0 0 0 1
1589585973 551 206 9 4 0 0 1 2 2 1 0 0 0 1 0 1 0 0 0 1
1589811283 551 206 10 4 0 0 1 2 2 1 0 0 0 1 0 1 0 0 0 1
1594083291 551 207 10 4 0 0 1 2 2 1 0 0 0 1 0 1 0 0 0 1
1597685521 551 207 11 4 0 0 1 2 2 1 0 0 0 1 0 1 0 0 0 1
1598021797 551 208 11 4 0 0 1 2 2 1 0 0 0 1 0 1 0 0 0 1
1598021805 551 209 11 4 0 0 1 2 2 1 0 0 0 1 0 1 0 0 0 1
1598021934 551 210 11 4 0 0 1 2 2 1 0 0 0 1 0 1 0 0 0 1
1598022163 551 211 11 4 0 0 1 2 2 1 0 0 0 1 0 1 0 0 0 1
1598023951 551 212 11 4 0 0 1 2 2 1 0 0 0 1 0 1 0 0 0 1
1598025748 551 213 11 4 0 0 1 2 2 1 0 0 0 1 0 1 0 0 0 1
1598026863 551 214 11 4 0 0 1 2 2 1 0 0 0 1 0 1 0 0 0 1
1598028798 551 215 11 4 0 0 1 2 2 1 0 0 0 1 0 1 0 0 0 1
1598032620 551 215 12 4 0 0 1 2 2 1 0 0 0 1 0 1 0 0 0 1
1598032942 551 215 13 4 0 0 1 2 2 1 0 0 0 1 0 1 0 0 0 1
1598034792 551 216 13 4 0 0 1 2 2 1 0 0 0 1 0 1 0 0 0 1
1598065116 551 217 13 4 0 0 1 2 2 1 0 0 0 1 0 1 0 0 0 1
1598834718 551 217 13 4 0 0 1 2 2 1 0 0 0 1 0 1 0 0 0 1
1598895076 551 218 13 4 0 0 1 2 2 1 0 0 0 1 0 1 0 0 0 1
1599758103 551 218 13 4 0 0 1 2 2 1 0 0 0 1 0 1 0 0 1 1
1601047537 551 219 13 4 0 0 1 2 2 1 0 0 0 1 0 1 0 0 1 1
1602724832 551 219 14 4 0 0 1 2 2 1 0 0 0 1 0 1 0 0 1 1
1603728068 551 219 15 4 0 0 1 2 2 1 0 0 0 1 0 1 0 0 1 1
1604437960 551 220 15 4 0 0 1 2 2 1 0 0 0 1 0 1 0 0 1 1
1604440189 551 221 15 4 0 0 1 2 2 1 0 0 0 1 0 1 0 0 1 1
1604440309 551 222 15 4 0 0 1 2 2 1 0 0 0 1 0 1 0 0 1 1
1604442310 551 223 15 4 0 0 1 2 2 1 0 0 0 1 0 1 0 0 1 1
1604512864 551 224 15 4 0 0 1 2 2 1 0 0 0 1 0 1 0 0 1 1
1605107256 551 225 15 4 0 0 1 2 2 1 0 0 0 1 0 1 0 0 1 1
1605109334 551 226 15 4 0 0 1 2 2 1 0 0 0 1 0 1 0 0 1 1
1605111059 551 227 15 4 0 0 1 2 2 1 0 0 0 1 0 1 0 0 1 1
1605112047 551 228 15 4 0 0 1 2 2 1 0 0 0 1 0 1 0 0 1 1
1605112620 551 229 15 4 0 0 1 2 2 1 0 0 0 1 0 1 0 0 1 1
1605113469 551 230 15 4 0 0 1 2 2 1 0 0 0 1 0 1 0 0 1 1
1607466732 551 230 15 4 0 0 1 2 2 1 0 0 0 1 0 1 1 0 1 1
1607524170 551 231 15 4 0 0 1 2 2 1 0 0 0 1 0 1 1 0 1 1
1607525581 551 232 15 4 0 0 1 2 2 1 0 0 0 1 0 1 1 0 1 1
1607711887 551 232 15 4 0 0 1 2 2 1 0 0 0 1 0 1 1 0 1 1
1607712006 551 233 15 4 0 0 1 2 2 1 0 0 0 1 0 1 1 0 1 1
1607714197 551 234 15 4 0 0 1 2 2 1 0 0 0 1 0 1 1 0 1 1
1607714448 551 235 15 4 0 0 1 2 2 1 0 0 0 1 0 1 1 0 1 1
1609445578 551 235 15 4 0 0 1 2 2 1 0 0 0 1 0 1 1 0 1 1
1610389986 551 235 15 4 0 0 2 2 2 1 0 0 0 1 0 1 1 0 1 1
1610394084 551 235 15 4 1 0 2 2 2 1 0 0 0 1 0 1 1 0 1 1
1610395113 551 236 15 4 1 0 3 2 2 1 0 0 0 1 0 1 1 0 1 1
1611087958 551 237 15 4 1 0 3 2 2 1 0 0 0 1 0 1 1 0 1 1
1611088329 551 238 15 4 1 0 3 2 2 1 0 0 0 1 0 1 1 0 1 1
1615820121 551 238 16 4 1 0 3 2 2 1 0 0 0 1 0 1 1 0 1 1
1615820245 551 239 16 4 1 0 3 2 2 1 0 0 0 1 0 1 1 0 1 1
1616424012 551 240 16 4 1 0 3 2 2 1 0 0 0 1 0 1 1 0 1 1
1616428294 551 240 17 4 1 0 3 2 2 1 0 0 0 1 0 1 1 0 1 1
1616431598 551 241 17 4 1 0 3 2 2 1 0 0 0 1 0 1 1 0 1 1
1616434071 551 241 17 4 1 1 3 2 2 1 0 0 0 1 0 1 1 0 1 1
1616439562 551 242 17 4 1 1 3 2 2 1 0 0 0 1 0 1 1 0 1 1
1616444631 551 243 17 4 1 1 3 2 2 1 0 0 0 1 0 1 1 0 1 1
1616447071 551 244 17 4 1 1 3 2 2 1 0 0 0 1 0 1 1 0 1 1
1616462267 551 245 17 4 1 1 3 2 2 1 0 0 0 1 0 1 1 0 1 1
1616462575 551 246 17 4 1 1 3 2 2 1 0 0 0 1 0 1 1 0 1 1
1616536734 551 246 17 4 1 2 3 2 2 1 0 0 0 1 0 1 1 0 1 1
1616548654 551 246 17 5 1 2 3 2 2 1 0 0 0 1 0 1 1 0 1 1
1616673468 551 246 17 6 1 2 3 2 2 1 0 0 0 1 0 1 1 0 1 1
1617811265 551 247 17 6 1 2 3 2 2 1 0 0 0 1 0 1 1 0 1 1
1617830798 551 248 17 6 1 2 3 2 2 1 0 0 0 1 0 1 1 0 1 1
1620927344 551 248 17 6 1 2 3 2 2 1 0 0 0 1 0 1 1 0 1 1
1622646029 551 249 17 6 1 2 3 2 2 1 0 0 0 1 0 1 1 0 1 1
1622746538 551 250 17 6 1 2 3 2 2 1 0 0 0 1 0 1 1 0 1 1
1623245713 551 251 17 6 1 2 3 2 2 1 0 0 0 1 0 1 1 0 1 1
1624366839 551 251 17 6 1 2 3 2 2 1 0 0 0 1 0 1 1 1 1 1
1635949602 551 251 17 6 1 3 3 2 2 1 0 0 0 1 0 1 1 1 1 1
1636896564 551 251 18 6 1 3 3 2 2 1 0 0 0 1 0 1 1 1 1 1
1636996795 551 252 18 6 1 3 3 2 2 1 0 0 0 1 0 1 1 1 1 1
1637550115 551 252 19 6 1 3 3 2 2 1 0 0 0 1 0 1 1 1 1 1
1639504883 551 252 20 6 1 3 3 2 2 1 0 0 0 1 0 1 1 1 1 1
1641585552 551 252 20 6 1 3 3 2 2 1 0 1 0 1 0 1 1 1 1 1
1643054708 551 253 20 6 1 3 3 2 2 1 0 1 0 1 0 1 1 1 1 1
1644954063 551 254 20 6 1 3 3 2 2 1 0 1 0 1 0 1 1 1 1 1
1644973837 551 254 21 6 1 3 3 2 2 1 0 1 0 1 0 1 1 1 1 1
1645043429 551 255 21 6 1 3 3 2 2 1 0 1 0 1 0 1 1 1 1 1
1645043915 551 256 21 6 1 3 3 2 2 1 0 1 0 1 0 1 1 1 1 1
1645045033 551 257 21 6 1 3 3 2 2 1 0 1 0 1 0 1 1 1 1 1
1647980242 551 258 21 6 1 3 3 2 2 1 0 1 0 1 0 1 1 1 1 1
1649205631 551 258 21 6 2 3 3 2 2 1 0 1 0 1 0 1 1 1 1 1
1651167483 551 258 21 6 2 3 3 2 2 1 1 1 0 1 0 1 1 1 1 1
1651168206 551 259 21 6 2 3 3 2 2 1 1 1 0 1 0 1 1 1 1 1
1651168475 551 260 21 6 2 3 3 2 2 1 1 1 0 1 0 1 1 1 1 1
1654450138 551 261 21 6 2 3 3 2 2 1 1 1 0 1 0 1 1 1 1 1
1654533051 551 262 21 6 2 3 3 2 2 1 1 1 0 1 0 1 1 1 1 1
1673017987 551 263 21 7 2 3 3 2 2 1 1 1 0 1 0 1 1 1 1 1
1673019435 551 264 21 7 2 3 3 2 2 1 1 1 0 1 0 1 1 1 1 1
1673022439 551 265 21 7 2 3 3 2 2 1 1 1 0 1 0 1 1 1 1 1
1673028786 551 266 21 7 2 3 3 2 2 1 1 1 0 1 0 1 1 1 1 1
1673029299 551 267 21 7 2 3 3 2 2 1 1 1 0 1 0 1 1 1 1 1
1673032134 551 268 21 7 2 3 3 2 2 1 1 1 0 1 0 1 1 1 1 1
1673034079 551 269 21 7 2 3 3 2 2 1 1 1 0 1 0 1 1 1 1 1
1673034922 551 270 21 7 2 3 3 2 2 1 1 1 0 1 0 1 1 1 1 1
1673036627 551 271 21 7 2 3 3 2 2 1 1 1 0 1 0 1 1 1 1 1
1673038376 551 272 21 7 2 3 3 2 2 1 1 1 0 1 0 1 1 1 1 1
1673277373 551 273 21 7 2 3 3 2 2 1 1 1 0 1 0 1 1 1 1 1
1673279865 551 274 21 7 2 3 3 2 2 1 1 1 0 1 0 1 1 1 1 1
1673281051 551 275 21 7 2 3 3 2 2 1 1 1 0 1 0 1 1 1 1 1
1673645494 551 275 21 8 2 3 3 2 2 1 1 1 0 1 0 1 1 1 1 1
1673645860 551 275 21 9 2 3 3 2 2 1 1 1 0 1 0 1 1 1 1 1
1673646508 551 275 21 10 2 3 3 2 2 1 1 1 0 1 0 1 1 1 1 1
1673651297 551 276 21 10 2 3 3 2 2 1 1 1 0 1 0 1 1 1 1 1
1673651337 551 277 21 10 2 3 3 2 2 1 1 1 0 1 0 1 1 1 1 1
1673877483 551 278 21 10 2 3 3 2 2 1 1 1 0 1 0 1 1 1 1 1
1673878062 551 279 21 10 2 3 3 2 2 1 1 1 0 1 0 1 1 1 1 1
1673965821 551 280 21 10 2 3 3 2 2 1 1 1 0 1 0 1 1 1 1 1
1673969282 551 281 21 10 2 3 3 2 2 1 1 1 0 1 0 1 1 1 1 1
1674482021 551 281 21 10 3 3 3 2 2 1 1 1 0 1 0 1 1 1 1 1
1674943185 551 281 22 10 3 3 3 2 2 1 1 1 0 1 0 1 1 1 1 1
1675178889 551 282 22 10 3 3 3 2 2 1 1 1 0 1 0 1 1 1 1 1
1675438971 551 282 22 10 3 3 3 2 2 1 1 1 1 1 0 1 1 1 1 1
1676672810 551 282 22 11 3 3 3 2 2 1 1 1 1 1 0 1 1 1 1 1
1676910194 551 283 22 11 3 3 3 2 2 1 1 1 1 1 0 1 1 1 1 1
1676912371 551 284 22 11 3 3 3 2 2 1 1 1 1 1 0 1 1 1 1 1
1678633401 551 284 23 11 3 3 3 2 2 1 1 1 1 1 0 1 1 1 1 1
1679055762 551 284 23 11 4 3 3 2 2 1 1 1 1 1 0 1 1 1 1 1
1682361496 551 285 23 11 4 3 3 2 2 1 1 1 1 1 0 1 1 1 1 1
1685795167 551 286 23 11 4 3 3 2 2 1 1 1 1 1 0 1 1 1 1 1
1687108183 551 286 23 11 4 3 3 2 2 1 1 1 1 1 1 1 1 1 1 1
1687190315 551 287 23 11 4 3 3 2 2 1 1 1 1 1 1 1 1 1 1 1
1687192522 551 288 23 11 4 3 3 2 2 1 1 1 1 1 1 1 1 1 1 1
1687192968 551 290 23 11 4 3 3 2 2 1 1 1 1 1 1 1 1 1 1 1
1687193239 551 291 23 11 4 3 3 2 2 1 1 1 1 1 1 1 1 1 1 1
