1479591634 13742
1479601433 13741
1479601705 13738
1479602103 13740
1479602181 13820
1479602336 13820
1479613990 13847
1479621001 13847
1479665615 13648
1479665669 13648
1479669982 13650
1479671339 13654
1479671889 13655
1479672067 13655
1480604754 13652
1480605183 13652
1481083173 13654
1481083243 13650
1481243828 13652
1481746871 13929
1481747015 13928
1482104662 13929
1485384378 13948
1485820873 13955
1485836252 16789
1485837667 16874
1486085776 18180
1486086021 18180
1486210710 18442
1486252444 18455
1488954916 18460
1488955075 18493
1488966789 18638
1490695960 18639
1490743952 18683
1490750140 18700
1490837697 18702
1490862790 18721
1490983619 18721
1491435185 18721
1491503976 18721
1491503990 18721
1492135959 18818
1492163983 18834
1493060903 18834
1493702957 18834
1493707706 18834
1493707718 18842
1497009172 18889
1497656638 18883
1498359765 18895
1498523206 18922
1498916121 18939
1499795165 18939
1500395776 18943
1501189386 18960
1501224466 18960
1501525434 18960
1502400085 18996
1502400163 18996
1502495266 19011
1505001154 19009
1505001476 19009
1505001843 19009
1507240236 19009
1507240369 19009
1508478108 19009
1508541008 19039
1508827495 19043
1508973827 19119
1509074896 19154
1509078239 18299
1509334093 20096
1509490433 20091
1509490458 20091
1509513277 20172
1509513289 20172
1509577514 20173
1509581124 20173
1509581198 20173
1509672544 19986
1509672581 20007
1509673674 20020
1509686722 20069
1509686937 20085
1509687423 20085
1509750802 20085
1509750878 20129
1509761314 20127
1509923288 20127
1510010525 20166
1510180911 20166
1510614818 20166
1510614844 20150
1511906471 20186
1512089463 20207
1512578697 20220
1512692629 20253
1513993525 20369
1514156536 20310
1516733488 20347
1517008995 20404
1517269345 20392
1517269570 20431
1518823129 20442
1518825953 20437
1518830378 20430
1518925320 20485
1519960524 20576
1520439590 20603
1520440333 20603
1520440399 20617
1521164241 20623
1521172750 20608
1521331720 20566
1522364969 20629
1522365111 20629
1522365391 20643
1522537298 20680
1522623568 20629
1522660332 20613
1522660376 20612
1522681915 20620
1523244387 20615
1523248714 20609
1525735180 20607
1525924576 21420
1525924654 21420
1526166452 21440
1526167583 21440
1526167837 21441
1526694204 21455
1527984027 21489
1528122017 21489
1528236344 21486
1529225363 21533
1532391372 21537
1535157461 21538
1535659334 21542
1535659981 21542
1535661176 21556
1535970806 21541
1536769907 21556
1543968495 21531
1544042125 21531
1545691652 21535
1545699765 21609
1545704692 21613
1545867711 21634
1546675848 21716
1546738211 21732
1546739526 21725
1546739715 21743
1546739999 21743
1546740316 21743
1546741294 21730
1546798712 21726
1546809588 21761
1547006701 21765
1547792565 21742
1548199301 21742
1548733811 21765
1548809242 21765
1549236503 21730
1549408550 21730
1551742217 21762
1554136349 21774
1554594234 21775
1554594626 21789
1555078542 21785
1555629451 21777
1557697786 21774
1558717287 21776
1560720656 21776
1561068180 21775
1561069587 21782
1561069747 21782
1561069909 21782
1561081711 21768
1561084101 21793
1561103164 21794
1561131838 21793
1561433005 21793
1561856710 21768
1561919188 21768
1561920083 21762
1561920120 21761
1561923980 21762
1562482478 21785
1563056770 21790
1563063684 21783
1565580866 21788
1567201577 21788
1567971781 21788
1571099397 21791
1571522156 21794
1571522227 21821
1571550839 21862
1571592761 21864
1571593323 21858
1571594232 21858
1571594985 21865
1571858426 21865
1572781196 21653
1572781359 21779
1572781461 21730
1572781700 21894
1572781856 21866
1572781972 21957
1572782132 21832
1572782203 21812
1572782406 21733
1572783459 21833
1572784456 21737
1572805939 21954
1572807507 21957
1572825947 21961
1572826117 21959
1572826163 21959
1572826254 21955
1572826748 21954
1572827118 21956
1572829834 21959
1572910495 21955
1573366034 22049
1573850849 22202
1574895069 22224
1578595734 22254
1586997502 22261
1587077123 22267
1587081382 22267
1587160041 22291
1587160563 22292
1587160590 22292
1587161177 22292
1587183866 22306
1587186058 22010
1588971029 22065
1589097400 22075
1589097520 22089
1589473786 22080
1589474593 22089
1589491828 22089
1589585973 22124
1589811283 22097
1594083291 22256
1598021797 22324
1598021805 22325
1598023951 22329
1598026863 22329
1598028798 22343
1598034792 22344
1598065116 22347
1598895076 22353
1599758103 22407
1601047537 22384
1602724832 22384
1603728068 22393
1604437960 22421
1604440189 22428
1604440309 22434
1604442310 22432
1604512864 22552
1605107256 22556
1605109334 22549
1605111059 22549
1605112047 22549
1605112620 22549
1605113469 22563
1607466732 22565
1607524170 22566
1607525581 22580
1607711887 22583
1607712006 22586
1607714197 22600
1607714448 22600
1608779426 22655
1609445578 22589
1610389986 22609
1610394084 22609
1610395113 22655
1611087958 22655
1611088329 22669
1615820121 22669
1615820245 22669
1616424012 22670
1616428294 22670
1616431598 22671
1616434071 22891
1616439562 22952
1616444631 22947
1616447071 22947
1616462267 22947
1616462575 22961
1616536734 22966
1616548654 22960
1616673468 22960
1617811265 22959
1617830798 22959
1620927344 22959
1622646029 22959
1622746538 22972
1623245713 22972
1624366839 22972
1635949602 22972
1636896564 22958
1636996795 22995
1637550115 23008
1639504883 23004
1641585552 23074
1643054708 23075
1644954063 23042
1644973837 23032
1645043429 23047
1645043915 23033
1645045033 23047
1647980242 23120
1649205631 23120
1651167483 23138
1651168206 23139
1651168475 23154
1654450138 23182
1654533051 23183
1672782617 23178
1673017987 23179
1673019435 23178
1673022439 23184
1673028786 23183
1673029299 23183
1673032134 23201
1673034079 23201
1673034922 23201
1673036627 23197
1673038376 23195
1673277373 23192
1673279865 23193
1673281051 23194
1673645494 23170
1673645860 23156
1673646508 23156
1673651297 23200
1673651337 23201
1673877483 23201
1673878062 23201
1673965821 23201
1673969282 23215
1674482021 23215
1674943185 23215
1675178889 23216
1675438971 23193
1676672810 23194
1676910194 23209
1676912371 23223
1678633401 23223
1679055762 23223
1682361496 23224
1685795167 23234
1687108183 23286
1687190315 23287
1687192522 23287
1687192937 23301
1687192968 23301
1687193239 23301
