1479591634 0 13742 0 0 0 0 0 0 0 0 0 0 0 0 0 0 0 0 0 0
1479601433 0 13752 0 0 0 0 0 0 0 0 0 0 0 0 0 0 0 0 0 0
1479601705 0 13753 0 0 0 0 0 0 0 0 0 0 0 0 0 0 0 0 0 0
1479602103 0 13764 0 0 0 0 0 0 0 0 0 0 0 0 0 0 0 0 0 0
1479602181 0 13844 0 0 0 0 0 0 0 0 0 0 0 0 0 0 0 0 0 0
1479602336 0 13852 0 0 0 0 0 0 0 0 0 0 0 0 0 0 0 0 0 0
1479613990 0 13888 0 0 0 0 0 0 0 0 0 0 0 0 0 0 0 0 0 0
1479621001 0 13890 0 0 0 0 0 0 0 0 0 0 0 0 0 0 0 0 0 0
1479664020 0 13928 0 0 0 0 0 0 0 0 0 0 0 0 0 0 0 0 0 0
1479664437 0 13930 0 0 0 0 0 0 0 0 0 0 0 0 0 0 0 0 0 0
1479665615 0 13930 0 0 0 0 0 0 0 0 0 0 0 0 0 0 0 0 0 0
1479665669 0 13932 0 0 0 0 0 0 0 0 0 0 0 0 0 0 0 0 0 0
1479669982 0 13934 0 0 0 0 0 0 0 0 0 0 0 0 0 0 0 0 0 0
1479671339 0 13939 0 0 0 0 0 0 0 0 0 0 0 0 0 0 0 0 0 0
1479671889 0 13940 0 0 0 0 0 0 0 0 0 0 0 0 0 0 0 0 0 0
1479672067 0 13941 0 0 0 0 0 0 0 0 0 0 0 0 0 0 0 0 0 0
1480594975 13 13941 0 0 0 0 0 0 0 0 0 0 0 0 0 0 0 0 0 0
1480604754 13 13941 0 0 0 0 0 0 0 0 0 0 0 0 0 0 0 0 0 0
1480605183 13 13943 0 0 0 0 0 0 0 0 0 0 0 0 0 0 0 0 0 0
1480930657 16 13943 0 0 0 0 0 0 0 0 0 0 0 0 0 0 0 0 0 0
1480950911 16 13943 0 0 0 0 0 0 0 0 0 0 0 0 0 0 0 0 0 0
1481083173 16 13943 0 0 0 0 0 0 0 0 0 0 0 0 0 0 0 0 0 0
1481083243 16 13943 0 0 0 0 0 0 0 0 0 0 0 0 0 0 0 0 0 0
1481126966 297 13943 0 0 0 0 0 0 0 0 0 0 0 0 0 0 0 0 0 0
1481127423 298 13943 0 0 0 0 0 0 0 0 0 0 0 0 0 0 0 0 0 0
1481181642 300 13943 0 0 0 0 0 0 0 0 0 0 0 0 0 0 0 0 0 0
1481242987 302 13943 0 0 0 0 0 0 0 0 0 0 0 0 0 0 0 0 0 0
1481243828 302 13943 0 0 0 0 0 0 0 0 0 0 0 0 0 0 0 0 0 0
1481746871 302 13943 0 0 0 0 0 0 0 0 0 0 0 0 0 0 0 0 0 0
1481747015 302 13947 0 0 0 0 0 0 0 0 0 0 0 0 0 0 0 0 0 0
1481788408 378 13947 0 0 0 0 0 0 0 0 0 0 0 0 0 0 0 0 0 0
1481793381 818 13947 0 0 0 0 0 0 0 0 0 0 0 0 0 0 0 0 0 0
1481793689 892 13947 0 0 0 0 0 0 0 0 0 0 0 0 0 0 0 0 0 0
1481809739 1220 13947 0 0 0 0 0 0 0 0 0 0 0 0 0 0 0 0 0 0
1482093251 1220 13947 0 0 0 0 0 0 0 0 0 0 0 1 0 0 0 0 0 0
1482104662 1220 13947 0 0 0 0 0 0 0 0 0 0 0 1 0 0 0 0 0 0
1482229979 1254 13947 0 0 0 0 0 0 0 0 0 0 0 1 0 0 0 0 0 0
1482230412 1273 13947 0 0 0 0 0 0 0 0 0 0 0 1 0 0 0 0 0 0
1482297258 1279 13947 0 0 0 0 0 0 0 0 0 0 0 1 0 0 0 0 0 0
1482304269 1487 13947 0 0 0 0 0 0 0 0 0 0 0 1 0 0 0 0 0 0
1482307842 1529 13947 0 0 0 0 0 0 0 0 0 0 0 1 0 0 0 0 0 0
1482325363 1604 13947 0 0 0 0 0 0 0 0 0 0 0 1 0 0 0 0 0 0
1482325938 1618 13947 0 0 0 0 0 0 0 0 0 0 0 1 0 0 0 0 0 0
1482411841 2581 13947 0 0 0 0 0 0 0 0 0 0 0 1 0 0 0 0 0 0
1482417762 2687 13947 0 0 0 0 0 0 0 0 0 0 0 1 0 0 0 0 0 0
1482485323 3198 13947 0 0 0 0 0 0 0 0 0 0 0 1 0 0 0 0 0 0
1482504260 3301 13947 0 0 0 0 0 0 0 0 0 0 0 1 0 0 0 0 0 0
1482504281 3309 13947 0 0 0 0 0 0 0 0 0 0 0 1 0 0 0 0 0 0
1482559947 3568 13947 0 0 0 0 0 0 0 0 0 0 0 1 0 0 0 0 0 0
1482658593 3607 13947 0 0 0 0 0 0 0 0 0 0 0 1 0 0 0 0 0 0
1482672606 3609 13947 0 0 0 0 0 0 0 0 0 0 0 1 0 0 0 0 0 0
1482673120 3743 13947 0 0 0 0 0 0 0 0 0 0 0 1 0 0 0 0 0 0
1482673245 3803 13947 0 0 0 0 0 0 0 0 0 0 0 1 0 0 0 0 0 0
1482676887 3853 13947 0 0 0 0 0 0 0 0 0 0 0 1 0 0 0 0 0 0
1482678085 3879 13947 0 0 0 0 0 0 0 0 0 0 0 1 0 0 0 0 0 0
1482718378 4100 13947 0 0 0 0 0 0 0 0 0 0 0 1 0 0 0 0 0 0
1482738486 4238 13947 0 0 0 0 0 0 0 0 0 0 0 1 0 0 0 0 0 0
1482738617 4253 13947 0 0 0 0 0 0 0 0 0 0 0 1 0 0 0 0 0 0
1482760695 4255 13947 0 0 0 0 0 0 0 0 0 0 0 1 0 0 0 0 0 0
1482807543 4285 13947 0 0 0 0 0 0 0 0 0 0 0 1 0 0 0 0 0 0
1482807709 4291 13947 0 0 0 0 0 0 0 0 0 0 0 1 0 0 0 0 0 0
1482812232 4316 13947 0 0 0 0 0 0 0 0 0 0 0 1 0 0 0 0 0 0
1482812320 4325 13947 0 0 0 0 0 0 0 0 0 0 0 1 0 0 0 0 0 0
1482821774 4371 13947 0 0 0 0 0 0 0 0 0 0 0 1 0 0 0 0 0 0
1483695474 4375 13947 0 0 0 0 0 0 0 0 0 0 0 1 0 0 0 0 0 0
1485311577 4406 13947 0 0 0 0 0 0 0 0 0 0 0 1 0 0 0 0 0 0
1485384378 4406 13947 0 0 0 0 0 0 0 0 0 0 0 1 0 0 0 0 0 0
1485439883 4412 13947 0 0 0 0 0 0 0 0 0 0 0 1 0 0 0 0 0 0
1485439935 4420 13947 0 0 0 0 0 0 0 0 0 0 0 1 0 0 0 0 0 0
1485440024 4421 13947 0 0 0 0 0 0 0 0 0 0 0 1 0 0 0 0 0 0
1485440063 4423 13947 0 0 0 0 0 0 0 0 0 0 0 1 0 0 0 0 0 0
1485480869 4426 13947 0 0 0 0 0 0 0 0 0 0 0 1 0 0 0 0 0 0
1485487917 4428 13947 0 0 0 0 0 0 0 0 0 0 0 1 0 0 0 0 0 0
1485820873 4428 13947 0 0 0 0 0 0 0 0 0 0 0 1 0 0 0 0 0 0
1485831066 4542 13947 0 0 0 0 0 0 0 0 0 0 0 1 0 0 0 0 0 0
1485836252 4542 13947 0 0 0 0 0 0 0 0 0 0 0 1 0 0 0 0 0 0
1485837667 5684 13947 0 0 0 0 0 0 0 0 0 0 0 1 0 0 0 0 0 0
1485914917 5696 13947 0 0 0 0 0 0 0 0 0 0 0 1 0 0 0 0 0 0
1485926610 6095 13947 0 0 0 0 0 0 0 0 0 0 0 1 0 0 0 0 0 0
1485940541 6136 13947 0 0 0 0 0 0 0 0 0 0 0 1 0 0 0 0 0 0
1485940597 6137 13947 0 0 0 0 0 0 0 0 0 0 0 1 0 0 0 0 0 0
1485941389 6193 13947 0 0 0 0 0 0 0 0 0 0 0 1 0 0 0 0 0 0
1486085317 6193 13950 0 0 0 0 0 0 0 0 0 0 0 1 0 0 0 0 0 0
1486085776 6193 13950 0 0 0 0 0 0 0 0 0 0 0 1 0 0 0 0 0 0
1486086021 6193 13952 0 0 0 0 0 0 0 0 0 0 0 1 0 0 0 0 0 0
1486131118 6328 13952 0 0 0 0 0 0 0 0 0 0 0 1 0 0 0 0 0 0
1486134020 6449 13952 0 0 0 0 0 0 0 0 0 0 0 1 0 0 0 0 0 0
1486134075 6458 13952 0 0 0 0 0 0 0 0 0 0 0 1 0 0 0 0 0 0
1486134452 6460 13952 0 0 0 0 0 0 0 0 0 0 0 1 0 0 0 0 0 0
1486135761 6467 13952 0 0 0 0 0 0 0 0 0 0 0 1 0 0 0 0 0 0
1486210710 6470 13952 0 0 0 0 0 0 0 0 0 0 0 1 0 0 0 0 0 0
1486212498 6495 13952 0 0 0 0 0 0 0 0 0 0 0 1 0 0 0 0 0 0
1486252444 6495 13952 0 0 0 0 0 0 0 0 0 0 0 1 0 0 0 0 0 0
1487834717 6503 13952 0 0 0 0 0 0 0 0 0 0 0 1 0 0 0 0 0 0
1487835563 6508 13952 0 0 0 0 0 0 0 0 0 0 0 1 0 0 0 0 0 0
1487837029 6534 13952 0 0 0 0 0 0 0 0 0 0 0 1 0 0 0 0 0 0
1487837280 6552 13952 0 0 0 0 0 0 0 0 0 0 0 1 0 0 0 0 0 0
1487841440 6594 13952 0 0 0 0 0 0 0 0 0 0 0 1 0 0 0 0 0 0
1487847436 6635 13952 0 0 0 0 0 0 0 0 0 0 0 1 0 0 0 0 0 0
1487853030 6665 13952 0 0 0 0 0 0 0 0 0 0 0 1 0 0 0 0 0 0
1487857972 6674 13952 0 0 0 0 0 0 0 0 0 0 0 1 0 0 0 0 0 0
1487859499 6695 13952 0 0 0 0 0 0 0 0 0 0 0 1 0 0 0 0 0 0
1487863035 6718 13952 0 0 0 0 0 0 0 0 0 0 0 1 0 0 0 0 0 0
1487863300 6725 13952 0 0 0 0 0 0 0 0 0 0 0 1 0 0 0 0 0 0
1487863870 6733 13952 0 0 0 0 0 0 0 0 0 0 0 1 0 0 0 0 0 0
1487865897 6736 13952 0 0 0 0 0 0 0 0 0 0 0 1 0 0 0 0 0 0
1487926208 6753 13952 0 0 0 0 0 0 0 0 0 0 0 1 0 0 0 0 0 0
1487926233 6781 13952 0 0 0 0 0 0 0 0 0 0 0 1 0 0 0 0 0 0
1487926623 6797 13952 0 0 0 0 0 0 0 0 0 0 0 1 0 0 0 0 0 0
1487926846 6965 13952 0 0 0 0 0 0 0 0 0 0 0 1 0 0 0 0 0 0
1487928278 6998 13952 0 0 0 0 0 0 0 0 0 0 0 1 0 0 0 0 0 0
1487928373 6998 13952 0 0 0 0 0 0 0 0 0 0 0 1 0 0 0 0 0 0
1487928835 7135 13952 0 0 0 0 0 0 0 0 0 0 0 1 0 0 0 0 0 0
1487930017 7156 13952 0 0 0 0 0 0 0 0 0 0 0 1 0 0 0 0 0 0
1487930047 7156 13952 0 0 0 0 0 0 0 0 0 0 0 1 0 0 0 0 0 0
1487930140 7159 13952 0 0 0 0 0 0 0 0 0 0 0 1 0 0 0 0 0 0
1487947775 7223 13952 0 0 0 0 0 0 0 0 0 0 0 1 0 0 0 0 0 0
1487948106 7230 13952 0 0 0 0 0 0 0 0 0 0 0 1 0 0 0 0 0 0
1487948140 7230 13952 0 0 0 0 0 0 0 0 0 0 0 1 0 0 0 0 0 0
1487948799 7273 13952 0 0 0 0 0 0 0 0 0 0 0 1 0 0 0 0 0 0
1487949761 7279 13952 0 0 0 0 0 0 0 0 0 0 0 1 0 0 0 0 0 0
1487949852 7288 13952 0 0 0 0 0 0 0 0 0 0 0 1 0 0 0 0 0 0
1487950030 7293 13952 0 0 0 0 0 0 0 0 0 0 0 1 0 0 0 0 0 0
1487950053 7293 13952 0 0 0 0 0 0 0 0 0 0 0 1 0 0 0 0 0 0
1488114420 7311 13952 0 0 0 0 0 0 0 0 0 0 0 1 0 0 0 0 0 0
1488114551 7324 13952 0 0 0 0 0 0 0 0 0 0 0 1 0 0 0 0 0 0
1488114686 7332 13952 0 0 0 0 0 0 0 0 0 0 0 1 0 0 0 0 0 0
1488114960 7347 13952 0 0 0 0 0 0 0 0 0 0 0 1 0 0 0 0 0 0
1488954916 7347 13952 0 0 0 0 0 0 0 0 0 0 0 1 0 0 0 0 0 0
1488955075 7347 13952 0 0 0 0 0 0 0 0 0 0 0 1 0 0 0 0 0 0
1488955377 7348 13952 0 0 0 0 0 0 0 0 0 0 0 1 0 0 0 0 0 0
1488966789 7348 13952 0 0 0 0 0 0 0 0 0 0 0 1 0 0 0 0 0 0
1490646705 7348 13952 0 0 0 0 0 0 0 0 0 0 0 1 0 0 0 0 0 2
1490695960 7467 13952 0 0 0 0 0 0 0 0 0 0 0 1 0 0 0 0 0 2
1490696250 7476 13952 0 0 0 0 0 0 0 0 0 0 0 1 0 0 0 0 0 2
1490712232 7602 13952 0 0 0 0 0 0 0 0 0 0 0 1 0 0 0 0 0 2
1490743952 7602 13952 0 0 0 0 0 0 0 0 0 0 0 1 0 0 0 0 0 2
1490744669 7605 13952 0 0 0 0 0 0 0 0 0 0 0 1 0 0 0 0 0 2
1490744968 7606 13952 0 0 0 0 0 0 0 0 0 0 0 1 0 0 0 0 0 2
1490747611 7625 13952 0 0 0 0 0 0 0 0 0 0 0 1 0 0 0 0 0 2
1490750140 7625 13952 0 0 0 0 0 0 0 0 0 0 0 1 0 0 0 0 0 2
1490750801 7627 13952 0 0 0 0 0 0 0 0 0 0 0 1 0 0 0 0 0 2
1490837697 7627 13952 0 0 0 0 0 0 0 0 0 0 0 1 0 0 0 0 0 2
1490851786 7632 13952 0 0 0 0 0 0 0 0 0 0 0 1 0 0 0 0 0 2
1490852612 7647 13952 0 0 0 0 0 0 0 0 0 0 0 1 0 0 0 0 0 2
1490862790 7647 13952 0 0 0 0 0 0 0 0 0 0 0 1 0 0 0 0 0 2
1490983619 7647 13955 0 0 0 0 0 0 0 0 0 0 0 1 0 0 0 0 0 2
1491362494 7653 13955 0 0 0 0 0 0 0 0 0 0 0 1 0 0 0 0 0 2
1491363201 7674 13955 0 0 0 0 0 0 0 0 0 0 0 1 0 0 0 0 0 2
1491363285 7676 13955 0 0 0 0 0 0 0 0 0 0 0 1 0 0 0 0 0 2
1491435185 7676 13955 0 0 0 0 0 0 0 0 0 0 0 1 0 0 0 0 0 2
1491485580 7676 13955 0 0 0 0 0 0 0 0 0 0 0 1 0 0 0 0 0 2
1491486381 7678 13955 0 0 0 0 0 0 0 0 0 0 0 1 0 0 0 0 0 2
1491503990 7678 13957 0 0 0 0 0 0 0 0 0 0 0 1 0 0 0 0 0 2
1491908007 7690 13957 0 0 0 0 0 0 0 0 0 0 0 1 0 0 0 0 0 2
1491909746 7698 13957 0 0 0 0 0 0 0 0 0 0 0 1 0 0 0 0 0 2
1491909774 7702 13957 0 0 0 0 0 0 0 0 0 0 0 1 0 0 0 0 0 2
1491911834 7746 13957 0 0 0 0 0 0 0 0 0 0 0 1 0 0 0 0 0 2
1491923643 7822 13957 0 0 0 0 0 0 0 0 0 0 0 1 0 0 0 0 0 2
1492135959 7822 13957 0 0 0 0 0 0 0 0 0 0 0 1 0 0 0 0 0 2
1492147589 7831 13957 0 0 0 0 0 0 0 0 0 0 0 1 0 0 0 0 0 2
1492148080 7834 13957 0 0 0 0 0 0 0 0 0 0 0 1 0 0 0 0 0 2
1492148115 7843 13957 0 0 0 0 0 0 0 0 0 0 0 1 0 0 0 0 0 2
1492163983 7843 13957 0 0 0 0 0 0 0 0 0 0 0 1 0 0 0 0 0 2
1493060903 7843 13959 0 0 0 0 0 0 0 0 0 0 0 1 0 0 0 0 0 2
1493684857 7850 13959 0 0 0 0 0 0 0 0 0 0 0 1 0 0 0 0 0 2
1493702957 7850 13959 0 0 0 0 0 0 0 0 0 0 0 1 0 0 0 0 0 2
1493704202 7851 13959 0 0 0 0 0 0 0 0 0 0 0 1 0 0 0 0 0 2
1493704727 7869 13959 0 0 0 0 0 0 0 0 0 0 0 1 0 0 0 0 0 2
1493707706 7869 13959 0 0 0 0 0 0 0 0 0 0 0 1 0 0 0 0 0 2
1493707718 7869 13959 0 0 0 0 0 0 0 0 0 0 0 1 0 0 0 0 0 2
1497003612 7921 13959 0 0 0 0 0 0 0 0 0 0 0 1 0 0 0 0 0 2
1497009172 7921 13959 0 0 0 0 0 0 0 0 0 0 0 1 0 0 0 0 0 2
1497608891 7926 13959 0 0 0 0 0 0 0 0 0 0 0 1 0 0 0 0 0 2
1497608994 7930 13959 0 0 0 0 0 0 0 0 0 0 0 1 0 0 0 0 0 2
1497621216 7935 13959 0 0 0 0 0 0 0 0 0 0 0 1 0 0 0 0 0 2
1497656638 7935 13959 0 0 0 0 0 0 0 0 0 0 0 1 0 0 0 0 0 2
1498329973 7935 13980 0 0 0 0 0 0 0 0 0 0 0 1 0 0 0 0 0 2
1498351636 7935 13984 0 0 0 0 0 0 0 0 0 0 0 1 0 0 0 0 0 2
1498359765 7935 13984 0 0 0 0 0 0 0 0 0 0 0 1 0 0 0 0 0 2
1498385392 7950 13984 0 0 0 0 0 0 0 0 0 0 0 1 0 0 0 0 0 2
1498385478 7968 13984 0 0 0 0 0 0 0 0 0 0 0 1 0 0 0 0 0 2
1498523206 7968 13984 0 0 0 0 0 0 0 0 0 0 0 1 0 0 0 0 0 2
1498791497 7985 13984 0 0 0 0 0 0 0 0 0 0 0 1 0 0 0 0 0 2
1498916121 7985 13984 0 0 0 0 0 0 0 0 0 0 0 1 0 0 0 0 0 2
1499795165 7985 13986 0 0 0 0 0 0 0 0 0 0 0 1 0 0 0 0 0 2
1500395776 7985 13994 0 0 0 0 0 0 0 0 0 0 0 1 0 0 0 0 0 2
1501184899 7985 13999 0 0 0 0 0 0 0 0 0 0 0 1 0 0 0 0 0 2
1501185305 7985 14001 0 0 0 0 0 0 0 0 0 0 0 1 0 0 0 0 0 2
1501185335 7985 14002 0 0 0 0 0 0 0 0 0 0 0 1 0 0 0 0 0 2
1501185456 7985 14014 0 0 0 0 0 0 0 0 0 0 0 1 0 0 0 0 0 2
1501189386 7985 14014 0 0 0 0 0 0 0 0 0 0 0 1 0 0 0 0 0 2
1501222892 7990 14014 0 0 0 0 0 0 0 0 0 0 0 1 0 0 0 0 0 2
1501224466 7990 14014 0 0 0 0 0 0 0 0 0 0 0 1 0 0 0 0 0 2
1501525434 7990 14016 0 0 0 0 0 0 0 0 0 0 0 1 0 0 0 0 0 2
1502127800 7990 14055 0 0 0 0 0 0 0 0 0 0 0 1 0 0 0 0 0 2
1502128671 7990 14056 0 0 0 0 0 0 0 0 0 0 0 1 0 0 0 0 0 2
1502400085 7990 14056 0 0 0 0 0 0 0 0 0 0 0 1 0 0 0 0 0 2
1502400163 7990 14058 0 0 0 0 0 0 0 0 0 0 0 1 0 0 0 0 0 2
1502412495 7991 14058 0 0 0 0 0 0 0 0 0 0 0 1 0 0 0 0 0 2
1502414844 8008 14058 0 0 0 0 0 0 0 0 0 0 0 1 0 0 0 0 0 2
1502422061 8009 14058 0 0 0 0 0 0 0 0 0 0 0 1 0 0 0 0 0 2
1502493713 8010 14058 0 0 0 0 0 0 0 0 0 0 0 1 0 0 0 0 0 2
1502495266 8010 14058 0 0 0 0 0 0 0 0 0 0 0 1 0 0 0 0 0 2
1505001154 8010 14058 0 0 0 0 0 0 0 0 0 0 0 1 0 0 0 0 0 2
1505001476 8010 14060 0 0 0 0 0 0 0 0 0 0 0 1 0 0 0 0 0 2
1505001843 8010 14061 0 0 0 0 0 0 0 0 0 0 0 1 0 0 0 0 0 2
1507240236 8010 14062 0 0 0 0 0 0 0 0 0 0 0 1 0 0 0 0 0 2
1507240369 8010 14064 0 0 0 0 0 0 0 0 0 0 0 1 0 0 0 0 0 2
1508465187 8049 14064 0 0 0 0 0 0 0 0 0 0 0 1 0 0 0 0 0 2
1508478108 8049 14064 0 0 0 0 0 0 0 0 0 0 0 1 0 0 0 0 0 2
1508481316 8099 14064 0 0 0 0 0 0 0 0 0 0 0 1 0 0 0 0 0 2
1508483063 8100 14064 0 0 0 0 0 0 0 0 0 0 0 1 0 0 0 0 0 2
1508541008 8100 14064 0 0 0 0 0 0 0 0 0 0 0 1 0 0 0 0 0 2
1508811263 8104 14064 0 0 0 0 0 0 0 0 0 0 0 1 0 0 0 0 0 2
1508827495 8104 14064 0 0 0 0 0 0 0 0 0 0 0 1 0 0 0 0 0 2
1508890793 8117 14064 0 0 0 0 0 0 0 0 0 0 0 1 0 0 0 0 0 2
1508890931 8220 14064 0 0 0 0 0 0 0 0 0 0 0 1 0 0 0 0 0 2
1508892616 8237 14064 0 0 0 0 0 0 0 0 0 0 0 1 0 0 0 0 0 2
1508973827 8237 14064 0 0 0 0 0 0 0 0 0 0 0 1 0 0 0 0 0 2
1509001547 8286 14064 0 0 0 0 0 0 0 0 0 0 0 1 0 0 0 0 0 2
1509060330 8301 14064 0 0 0 0 0 0 0 0 0 0 0 1 0 0 0 0 0 2
1509064785 8301 14064 0 0 0 0 0 0 0 0 0 0 0 1 0 0 0 0 0 2
1509074896 11549 14064 0 0 0 0 0 0 0 0 0 0 0 1 0 0 0 0 0 2
1509078239 11549 14064 0 0 0 0 0 0 0 0 0 0 0 1 0 0 0 0 0 2
1509334093 11549 14064 0 0 0 0 0 0 0 0 0 0 0 1 0 0 0 0 0 2
1509490433 11549 14064 0 0 0 0 0 0 0 0 0 0 0 1 0 0 0 0 0 2
1509490458 11608 14066 0 0 0 0 0 0 0 0 0 0 0 1 0 0 0 0 0 2
1509500992 11671 14066 0 0 0 0 0 0 0 0 0 0 0 1 0 0 0 0 0 2
1509502139 11672 14066 0 0 0 0 0 0 0 0 0 0 0 1 0 0 0 0 0 2
1509513277 11672 14066 0 0 0 0 0 0 0 0 0 0 0 1 0 0 0 0 0 2
1509513289 11672 14066 0 0 0 0 0 0 0 0 0 0 0 1 0 0 0 0 0 2
1509556924 11672 14076 0 0 0 0 0 0 0 0 0 0 0 1 0 0 0 0 0 2
1509577514 11672 14076 0 0 0 0 0 0 0 0 0 0 0 1 0 0 0 0 0 2
1509581124 11672 14080 0 0 0 0 0 0 0 0 0 0 0 1 0 0 0 0 0 2
1509581198 11672 14082 0 0 0 0 0 0 0 0 0 0 0 1 0 0 0 0 0 2
1509581471 11672 14083 0 0 0 0 0 0 0 0 0 0 0 1 0 0 0 0 0 2
1509581483 11672 14089 0 0 0 0 0 0 0 0 0 0 0 1 0 0 0 0 0 2
1509581510 11672 14098 0 0 0 0 0 0 0 0 0 0 0 1 0 0 0 0 0 2
1509581655 11672 14103 0 0 0 0 0 0 0 0 0 0 0 1 0 0 0 0 0 2
1509581729 11672 14110 0 0 0 0 0 0 0 0 0 0 0 1 0 0 0 0 0 2
1509582382 11672 15502 0 0 0 0 0 0 0 0 0 0 0 1 0 0 0 0 0 2
1509585279 11753 15520 0 0 0 0 0 0 0 0 0 0 0 1 0 0 0 0 0 2
1509646620 11753 15538 0 0 0 0 0 0 0 0 0 0 0 1 0 0 0 0 0 2
1509671961 11753 15539 0 0 0 0 0 0 0 0 0 0 0 1 0 0 0 0 0 2
1509672412 11753 15539 0 0 0 0 0 0 0 0 0 0 0 1 0 0 0 0 0 2
1509672544 11753 15539 0 0 0 0 0 0 0 0 0 0 0 1 0 0 0 0 0 2
1509672581 11770 15539 0 0 0 0 0 0 0 0 0 0 0 1 0 0 0 0 0 2
1509673674 11770 15539 0 0 0 0 0 0 0 0 0 0 0 1 0 0 0 0 0 2
1509686350 11770 15588 0 0 0 0 0 0 0 0 0 0 0 1 0 0 0 0 0 2
1509686722 11770 15588 0 0 0 0 0 0 0 0 0 0 0 1 0 0 0 0 0 2
1509686726 11770 15604 0 0 0 0 0 0 0 0 0 0 0 1 0 0 0 0 0 2
1509686937 11770 15604 0 0 0 0 0 0 0 0 0 0 0 1 0 0 0 0 0 2
1509687205 11770 15604 0 0 0 0 0 0 0 0 0 0 0 1 0 0 0 0 0 2
1509687423 11770 15604 0 0 0 0 0 0 0 0 0 0 0 1 0 0 0 0 0 2
1509708615 11815 15604 0 0 0 0 0 0 0 0 0 0 0 1 0 0 0 0 0 2
1509709258 11816 15604 0 0 0 0 0 0 0 0 0 0 0 1 0 0 0 0 0 2
1509750802 11816 15604 0 0 0 0 0 0 0 0 0 0 0 1 0 0 0 0 0 2
1509750878 11816 15604 0 0 0 0 0 0 0 0 0 0 0 1 0 0 0 0 0 2
1509755194 11841 15604 0 0 0 0 0 0 0 0 0 0 0 1 0 0 0 0 0 2
1509755293 11856 15604 0 0 0 0 0 0 0 0 0 0 0 1 0 0 0 0 0 2
1509755390 11856 15604 0 0 0 0 0 0 0 0 0 0 0 1 0 0 0 0 0 2
1509755444 11860 15604 0 0 0 0 0 0 0 0 0 0 0 1 0 0 0 0 0 2
1509756803 11863 15604 0 0 0 0 0 0 0 0 0 0 0 1 0 0 0 0 0 2
1509756851 11868 15604 0 0 0 0 0 0 0 0 0 0 0 1 0 0 0 0 0 2
1509760107 11880 15604 0 0 0 0 0 0 0 0 0 0 0 1 0 0 0 0 0 2
1509761314 11880 15604 0 0 0 0 0 0 0 0 0 0 0 1 0 0 0 0 0 2
1509810560 12673 15604 0 0 0 0 0 0 0 0 0 0 0 1 0 0 0 0 0 2
1509923288 12673 15604 0 0 0 0 0 0 0 0 0 0 0 1 0 0 0 0 0 2
1510010300 12712 15604 0 0 0 0 0 0 0 0 0 0 0 1 0 0 0 0 0 2
1510010525 12712 15604 0 0 0 0 0 0 0 0 0 0 0 1 0 0 0 0 0 2
1510180911 12712 15608 0 0 0 0 0 0 0 0 0 0 0 1 0 0 0 0 0 2
1510582900 12758 15608 0 0 0 0 0 0 0 0 0 0 0 1 0 0 0 0 0 2
1510583429 12763 15608 0 0 0 0 0 0 0 0 0 0 0 1 0 0 0 0 0 2
1510583921 12764 15608 0 0 0 0 0 0 0 0 0 0 0 1 0 0 0 0 0 2
1510584657 12764 15608 0 0 0 0 0 0 0 0 0 0 0 1 0 0 0 0 0 2
1510614818 12764 15608 0 0 0 0 0 0 0 0 0 0 0 1 0 0 0 0 0 2
1510614844 12764 15608 0 0 0 0 0 0 0 0 0 0 0 1 0 0 0 0 0 2
1510615223 12766 15608 0 0 0 0 0 0 0 0 0 0 0 1 0 0 0 0 0 2
1511906471 12766 15608 0 0 0 0 0 0 0 0 0 0 0 1 0 0 0 0 0 2
1512040134 12787 15608 0 0 0 0 0 0 0 0 0 0 0 1 0 0 0 0 0 2
1512089463 12787 15608 0 0 0 0 0 0 0 0 0 0 0 1 0 0 0 0 0 2
1512556678 12800 15608 0 0 0 0 0 0 0 0 0 0 0 1 0 0 0 0 0 2
1512578697 12800 15608 0 0 0 0 0 0 0 0 0 0 0 1 0 0 0 0 0 2
1512690764 12833 15608 0 0 0 0 0 0 0 0 0 0 0 1 0 0 0 0 0 2
1512692629 12833 15608 0 0 0 0 0 0 0 0 0 0 0 1 0 0 0 0 0 2
1512694849 12904 15608 0 0 0 0 0 0 0 0 0 0 0 1 0 0 0 0 0 2
1513911089 12934 15608 0 0 0 0 0 0 0 0 0 0 0 1 0 0 0 0 0 2
1513959411 12934 15658 0 0 0 0 0 0 0 0 0 0 0 1 0 0 0 0 0 2
1513993525 12934 15658 0 0 0 0 0 0 0 0 0 0 0 1 0 0 0 0 0 2
1514081771 12987 15658 0 0 0 0 0 0 0 0 0 0 0 1 0 0 0 0 0 2
1514156536 12987 15658 0 0 0 0 0 0 0 0 0 0 0 1 0 0 0 0 0 2
1515996749 12987 15658 0 0 0 0 0 0 30 0 0 0 0 1 0 0 0 0 0 2
1516052579 12987 15658 0 0 0 0 0 0 72 0 0 0 0 1 0 0 0 0 0 2
1516733488 12987 15658 0 0 0 0 0 0 72 0 0 0 0 1 0 0 0 0 0 2
1516981525 13040 15658 0 0 0 0 0 0 72 0 0 0 0 1 0 0 0 0 0 2
1516982082 13042 15658 0 0 0 0 0 0 72 0 0 0 0 1 0 0 0 0 0 2
1516982123 13043 15658 0 0 0 0 0 0 72 0 0 0 0 1 0 0 0 0 0 2
1516982383 13054 15658 0 0 0 0 0 0 72 0 0 0 0 1 0 0 0 0 0 2
1517008995 13054 15658 0 0 0 0 0 0 72 0 0 0 0 1 0 0 0 0 0 2
1517059520 13057 15658 0 0 0 0 0 0 72 0 0 0 0 1 0 0 0 0 0 2
1517060202 13058 15658 0 0 0 0 0 0 72 0 0 0 0 1 0 0 0 0 0 2
1517121974 13067 15658 0 0 0 0 0 0 72 0 0 0 0 1 0 0 0 0 0 2
1517122373 13086 15658 0 0 0 0 0 0 72 0 0 0 0 1 0 0 0 0 0 2
1517122817 13106 15658 0 0 0 0 0 0 72 0 0 0 0 1 0 0 0 0 0 2
1517267752 13106 15658 0 0 0 0 0 0 72 0 0 0 0 1 0 0 0 0 0 2
1517269345 13106 15658 0 0 0 0 0 0 72 0 0 0 0 1 0 0 0 0 0 2
1517269570 13121 15658 0 0 0 0 0 0 72 0 0 0 0 1 0 0 0 0 0 2
1517269690 13124 15658 0 0 0 0 0 0 72 0 0 0 0 1 0 0 0 0 0 2
1517357947 13135 15658 0 0 0 0 0 0 72 0 0 0 0 1 0 0 0 0 0 2
1518823129 13135 15658 0 0 0 0 0 0 72 0 0 0 0 1 0 0 0 0 0 2
1518825920 13136 15658 0 0 0 0 0 0 72 0 0 0 0 1 0 0 0 0 0 2
1518825953 13136 15658 0 0 0 0 0 0 72 0 0 0 0 1 0 0 0 0 0 2
1518830378 13136 15658 0 0 0 0 0 0 72 0 0 0 0 1 0 0 0 0 0 2
1518845186 13275 15658 0 0 0 0 0 0 72 0 0 0 0 1 0 0 0 0 0 2
1518845244 13276 15658 0 0 0 0 0 0 72 0 0 0 0 1 0 0 0 0 0 2
1518845495 13331 15658 0 0 0 0 0 0 72 0 0 0 0 1 0 0 0 0 0 2
1518846501 13342 15658 0 0 0 0 0 0 72 0 0 0 0 1 0 0 0 0 0 2
1518911221 13343 15658 0 0 0 0 0 0 72 0 0 0 0 1 0 0 0 0 0 2
1518925320 13343 15658 0 0 0 0 0 0 72 0 0 0 0 1 0 0 0 0 0 2
1519958742 13435 15658 0 0 0 0 0 0 72 0 0 0 0 1 0 0 0 0 0 2
1519960524 13519 15658 0 0 0 0 0 0 72 0 0 0 0 1 0 0 0 0 0 2
1520418444 13522 15658 0 0 0 0 0 0 72 0 0 0 0 1 0 0 0 0 0 2
1520439590 13522 15658 0 0 0 0 0 0 72 0 0 0 0 1 0 0 0 0 0 2
1520440333 13522 15665 0 0 0 0 0 0 72 0 0 0 0 1 0 0 0 0 0 2
1520440399 13522 15679 0 0 0 0 0 0 72 0 0 0 0 1 0 0 0 0 0 2
1521162080 13557 15679 0 0 0 0 0 0 72 0 0 0 0 1 0 0 0 0 0 2
1521162156 13569 15679 0 0 0 0 0 0 72 0 0 0 0 1 0 0 0 0 0 2
1521164241 13569 15679 0 0 0 0 0 0 72 0 0 0 0 1 0 0 0 0 0 2
1521164572 13571 15679 0 0 0 0 0 0 72 0 0 0 0 1 0 0 0 0 0 2
1521164679 13572 15679 0 0 0 0 0 0 72 0 0 0 0 1 0 0 0 0 0 2
1521164973 13576 15679 0 0 0 0 0 0 72 0 0 0 0 1 0 0 0 0 0 2
1521167114 13594 15679 0 0 0 0 0 0 72 0 0 0 0 1 0 0 0 0 0 2
1521167264 13611 15679 0 0 0 0 0 0 72 0 0 0 0 1 0 0 0 0 0 2
1521167825 13632 15679 0 0 0 0 0 0 72 0 0 0 0 1 0 0 0 0 0 2
1521168464 13634 15679 0 0 0 0 0 0 72 0 0 0 0 1 0 0 0 0 0 2
1521172750 13634 15679 0 0 0 0 0 0 72 0 0 0 0 1 0 0 0 0 0 2
1521279455 13636 15679 0 0 0 0 0 0 72 0 0 0 0 1 0 0 0 0 0 2
1521279648 13646 15679 0 0 0 0 0 0 72 0 0 0 0 1 0 0 0 0 0 2
1521280560 13646 15679 0 0 0 0 0 0 72 0 0 0 0 1 0 0 0 0 0 2
1521280681 13646 15679 0 0 0 0 0 0 72 0 0 0 0 1 0 0 0 0 0 2
1521285057 13648 15679 0 0 0 0 0 0 72 0 0 0 0 1 0 0 0 0 0 2
1521331720 13648 15679 0 0 0 0 0 0 72 0 0 0 0 1 0 0 0 0 0 2
1521730471 13656 15679 0 0 0 0 0 0 72 0 0 0 0 1 0 0 0 0 0 2
1521731164 13676 15679 0 0 0 0 0 0 72 0 0 0 0 1 0 0 0 0 0 2
1522109458 13744 15679 0 0 0 0 0 0 72 0 0 0 0 1 0 0 0 0 0 2
1522364969 13744 15679 0 0 0 0 0 0 72 0 0 0 0 1 0 0 0 0 0 2
1522365111 13744 15685 0 0 0 0 0 0 72 0 0 0 0 1 0 0 0 0 0 2
1522365391 13744 15699 0 0 0 0 0 0 72 0 0 0 0 1 0 0 0 0 0 2
1522370155 13784 15699 0 0 0 0 0 0 72 0 0 0 0 1 0 0 0 0 0 2
1522537298 13904 15699 0 0 0 0 0 0 72 0 0 0 0 1 0 0 0 0 0 2
1522623568 13904 15699 0 0 0 0 0 0 72 0 0 0 0 1 0 0 0 0 0 2
1522625338 13910 15699 0 0 0 0 0 0 72 0 0 0 0 1 0 0 0 0 0 2
1522628461 13916 15699 0 0 0 0 0 0 72 0 0 0 0 1 0 0 0 0 0 2
1522660332 13916 15699 0 0 0 0 0 0 72 0 0 0 0 1 0 0 0 0 0 2
1522660376 13916 15699 0 0 0 0 0 0 72 0 0 0 0 1 0 0 0 0 0 2
1522681915 13916 15707 0 0 0 0 0 0 72 0 0 0 0 1 0 0 0 0 0 2
1523241155 13918 15707 0 0 0 0 0 0 72 0 0 0 0 1 0 0 0 0 0 2
1523244387 13918 15707 0 0 0 0 0 0 72 0 0 0 0 1 0 0 0 0 0 2
1523245690 13918 15707 0 0 0 0 0 0 72 0 0 0 0 1 0 0 0 0 0 2
1523248714 13918 15927 0 0 0 0 0 0 72 0 0 0 0 1 0 0 0 0 0 2
1525039365 13918 16078 0 0 0 0 0 0 72 0 0 0 0 1 0 0 0 0 0 2
1525040052 13918 16129 0 0 0 0 0 0 72 0 0 0 0 1 0 0 0 0 0 2
1525041779 13918 16235 0 0 0 0 0 0 72 0 0 0 0 1 0 0 0 0 0 2
1525042711 13918 16306 0 0 0 0 0 0 72 0 0 0 0 1 0 0 0 0 0 2
1525042861 13918 16316 0 0 0 0 0 0 72 0 0 0 0 1 0 0 0 0 0 2
1525042887 13918 16317 0 0 0 0 0 0 72 0 0 0 0 1 0 0 0 0 0 2
1525042947 13918 16335 0 0 0 0 0 0 72 0 0 0 0 1 0 0 0 0 0 2
1525042974 13918 16347 0 0 0 0 0 0 72 0 0 0 0 1 0 0 0 0 0 2
1525043018 13918 16354 0 0 0 0 0 0 72 0 0 0 0 1 0 0 0 0 0 2
1525043579 13918 16370 0 0 0 0 0 0 72 0 0 0 0 1 0 0 0 0 0 2
1525043767 13918 16378 0 0 0 0 0 0 72 0 0 0 0 1 0 0 0 0 0 2
1525045053 13918 16447 0 0 0 0 0 0 72 0 0 0 0 1 0 0 0 0 0 2
1525045220 13918 16449 0 0 0 0 0 0 72 0 0 0 0 1 0 0 0 0 0 2
1525045412 13918 16451 0 0 0 0 0 0 72 0 0 0 0 1 0 0 0 0 0 2
1525045780 13918 16480 0 0 0 0 0 0 72 0 0 0 0 1 0 0 0 0 0 2
1525046456 13918 16496 0 0 0 0 0 0 72 0 0 0 0 1 0 0 0 0 0 2
1525047047 13918 16523 0 0 0 0 0 0 72 0 0 0 0 1 0 0 0 0 0 2
1525047521 13918 16548 0 0 0 0 0 0 72 0 0 0 0 1 0 0 0 0 0 2
1525047770 13918 16558 0 0 0 0 0 0 72 0 0 0 0 1 0 0 0 0 0 2
1525048734 13918 16593 0 0 0 0 0 0 72 0 0 0 0 1 0 0 0 0 0 2
1525049026 13918 16594 0 0 0 0 0 0 72 0 0 0 0 1 0 0 0 0 0 2
1525629835 13918 16611 0 0 0 0 0 0 72 0 0 0 0 1 0 0 0 0 0 2
1525630036 13918 16641 0 0 0 0 0 0 72 0 0 0 0 1 0 0 0 0 0 2
1525630466 13918 16682 0 0 0 0 0 0 72 0 0 0 0 1 0 0 0 0 0 2
1525631209 13918 16711 0 0 0 0 0 0 72 0 0 0 0 1 0 0 0 0 0 2
1525631247 13918 16741 0 0 0 0 0 0 72 0 0 0 0 1 0 0 0 0 0 2
1525649594 13921 16741 0 0 0 0 0 0 72 0 0 0 0 1 0 0 0 0 0 2
1525656082 13922 16741 0 0 0 0 0 0 72 0 0 0 0 1 0 0 0 0 0 2
1525735180 13922 16741 0 0 0 0 0 0 72 0 0 0 0 1 0 0 0 0 0 2
1525908755 13922 16745 0 0 0 0 0 0 72 0 0 0 0 1 0 0 0 0 0 2
1525908814 13922 16746 0 0 0 0 0 0 72 0 0 0 0 1 0 0 0 0 0 2
1525908896 13922 16748 0 0 0 0 0 0 72 0 0 0 0 1 0 0 0 0 0 2
1525908952 13922 16763 0 0 0 0 0 0 72 0 0 0 0 1 0 0 0 0 0 2
1525920978 13922 16764 0 0 0 0 0 0 72 0 0 0 0 1 0 0 0 0 0 2
1525921167 13922 16770 0 0 0 0 0 0 72 0 0 0 0 1 0 0 0 0 0 2
1525922384 13922 16847 0 0 0 0 0 0 72 0 0 0 0 1 0 0 0 0 0 2
1525924576 13922 16847 0 0 0 0 0 0 72 0 0 0 0 1 0 0 0 0 0 2
1525924654 13922 16848 0 0 0 0 0 0 72 0 0 0 0 1 0 0 0 0 0 2
1526166452 13922 16868 0 0 0 0 0 0 72 0 0 0 0 1 0 0 0 0 0 2
1526167583 13922 16869 0 0 0 0 0 0 72 0 0 0 0 1 0 0 0 0 0 2
1526167837 13922 16875 0 0 0 0 0 0 72 0 0 0 0 1 0 0 0 0 0 2
1526694204 13922 16889 0 0 0 0 0 0 72 0 0 0 0 1 0 0 0 0 0 2
1527922428 13924 16889 0 0 0 0 0 0 72 0 0 0 0 1 0 0 0 0 0 2
1527922654 13939 16889 0 0 0 0 0 0 72 0 0 0 0 1 0 0 0 0 0 2
1527922896 13950 16889 0 0 0 0 0 0 72 0 0 0 0 1 0 0 0 0 0 2
1527923139 13961 16889 0 0 0 0 0 0 72 0 0 0 0 1 0 0 0 0 0 2
1527984027 13961 16889 0 0 0 0 0 0 72 0 0 0 0 1 0 0 0 0 0 2
1528029052 13966 16889 0 0 0 0 0 0 72 0 0 0 0 1 0 0 0 0 0 2
1528070653 13967 16889 0 0 0 0 0 0 72 0 0 0 0 1 0 0 0 0 0 2
1528096101 13969 16889 0 0 0 0 0 0 72 0 0 0 0 1 0 0 0 0 0 2
1528099894 13979 16889 0 0 0 0 0 0 72 0 0 0 0 1 0 0 0 0 0 2
1528101282 13980 16889 0 0 0 0 0 0 72 0 0 0 0 1 0 0 0 0 0 2
1528112305 13982 16889 0 0 0 0 0 0 72 0 0 0 0 1 0 0 0 0 0 2
1528122017 13982 16889 0 0 0 0 0 0 72 0 0 0 0 1 0 0 0 0 0 2
1528236344 13982 16889 0 0 0 0 0 0 72 0 0 0 0 1 0 0 0 0 0 2
1529193179 14023 16889 0 0 0 0 0 0 72 0 0 0 0 1 0 0 0 0 0 2
1529193369 14029 16889 0 0 0 0 0 0 72 0 0 0 0 1 0 0 0 0 0 2
1529225363 14029 16889 0 0 0 0 0 0 72 0 0 0 0 1 0 0 0 0 0 2
1532130319 14033 16889 0 0 0 0 0 0 72 0 0 0 0 1 0 0 0 0 0 2
1532391372 14033 16889 0 0 0 0 0 0 72 0 0 0 0 1 0 0 0 0 0 2
1534940857 14035 16889 0 0 0 0 0 0 72 0 0 0 0 1 0 0 0 0 0 2
1535157461 14035 16889 0 0 0 0 0 0 72 0 0 0 0 1 0 0 0 0 0 2
1535659334 14035 16895 0 0 0 0 0 0 72 0 0 0 0 1 0 0 0 0 0 2
1535659981 14035 16899 0 0 0 0 0 0 72 0 0 0 0 1 0 0 0 0 0 2
1535661176 14035 16913 0 0 0 0 0 0 72 0 0 0 0 1 0 0 0 0 0 2
1535933050 14036 16913 0 0 0 0 0 0 72 0 0 0 0 1 0 0 0 0 0 2
1535933345 14036 16913 0 0 0 0 0 0 72 0 0 0 0 1 0 0 0 0 0 2
1535933491 14045 16913 0 0 0 0 0 0 72 0 0 0 0 1 0 0 0 0 0 2
1535933656 14057 16913 0 0 0 0 0 0 72 0 0 0 0 1 0 0 0 0 0 2
1535938493 14099 16913 0 0 0 0 0 0 72 0 0 0 0 1 0 0 0 0 0 2
1535939970 14104 16913 0 0 0 0 0 0 72 0 0 0 0 1 0 0 0 0 0 2
1535970806 14104 16913 0 0 0 0 0 0 72 0 0 0 0 1 0 0 0 0 0 2
1536562576 14104 16913 0 3 0 0 0 0 72 0 0 0 0 1 0 0 0 0 0 2
1536589542 14104 16913 0 5 0 0 0 0 72 0 0 0 0 1 0 0 0 0 0 2
1536589560 14104 16913 0 20 0 0 0 0 72 0 0 0 0 1 0 0 0 0 0 2
1536688288 14104 16913 0 21 0 0 0 0 72 0 0 0 0 1 0 0 0 0 0 2
1536769907 14104 16913 0 21 0 0 0 0 72 0 0 0 0 1 0 0 0 0 0 2
1543891426 14137 16913 0 21 0 0 0 0 72 0 0 0 0 1 0 0 0 0 0 2
1543891800 14155 16913 0 21 0 0 0 0 72 0 0 0 0 1 0 0 0 0 0 2
1543893030 14232 16913 0 21 0 0 0 0 72 0 0 0 0 1 0 0 0 0 0 2
1543895027 14234 16913 0 21 0 0 0 0 72 0 0 0 0 1 0 0 0 0 0 2
1543895225 14244 16913 0 21 0 0 0 0 72 0 0 0 0 1 0 0 0 0 0 2
1543968495 14244 16913 0 21 0 0 0 0 72 0 0 0 0 1 0 0 0 0 0 2
1544042125 14244 16932 0 21 0 0 0 0 72 0 0 0 0 1 0 0 0 0 0 2
1545687074 14244 16932 0 21 0 0 0 0 72 130 0 0 0 1 0 0 0 0 0 2
1545687821 14244 16947 0 21 0 0 0 0 72 130 0 0 0 1 0 0 0 0 0 2
1545687823 14244 16949 0 21 0 0 0 0 72 130 0 0 0 1 0 0 0 0 0 2
1545688758 14244 16976 0 21 0 0 0 0 72 130 0 0 0 1 0 0 0 0 0 2
1545688972 14244 16977 0 21 0 0 0 0 72 130 0 0 0 1 0 0 0 0 0 2
1545689939 14244 16977 0 21 0 0 0 0 72 130 0 0 0 1 0 0 0 0 0 2
1545689945 14244 16978 0 21 0 0 0 0 72 130 0 0 0 1 0 0 0 0 0 2
1545690454 14244 16979 0 21 0 0 0 0 72 130 0 0 0 1 0 0 0 0 0 2
1545690779 14244 16982 0 21 0 0 0 0 72 130 0 0 0 1 0 0 0 0 0 2
1545691285 14244 16991 0 21 0 0 0 0 72 130 0 0 0 1 0 0 0 0 0 2
1545691652 14295 16991 0 21 0 0 0 0 72 130 0 0 0 1 0 0 0 0 0 2
1545696967 14307 16991 0 21 0 0 0 0 72 130 0 0 0 1 0 0 0 0 0 2
1545697036 14322 16991 0 21 0 0 0 0 72 130 0 0 0 1 0 0 0 0 0 2
1545699765 14322 16991 0 21 0 0 0 0 72 130 0 0 0 1 0 0 0 0 0 2
1545703620 14326 16991 0 21 0 0 0 0 72 130 0 0 0 1 0 0 0 0 0 2
1545703657 14328 16991 0 21 0 0 0 0 72 130 0 0 0 1 0 0 0 0 0 2
1545704692 14328 16991 0 21 0 0 0 0 72 130 0 0 0 1 0 0 0 0 0 2
1545820222 14332 16991 0 21 0 0 0 0 72 130 0 0 0 1 0 0 0 0 0 2
1545820920 14362 16991 0 21 0 0 0 0 72 130 0 0 0 1 0 0 0 0 0 2
1545821095 14365 16991 0 21 0 0 0 0 72 130 0 0 0 1 0 0 0 0 0 2
1545865919 14366 16991 0 21 0 0 0 0 72 130 0 0 0 1 0 0 0 0 0 2
1545866662 14367 16991 0 21 0 0 0 0 72 130 0 0 0 1 0 0 0 0 0 2
1545867076 14368 16991 0 21 0 0 0 0 72 130 0 0 0 1 0 0 0 0 0 2
1545867711 14368 16991 0 21 0 0 0 0 72 130 0 0 0 1 0 0 0 0 0 2
1546093098 14404 16991 0 21 0 0 0 0 72 130 0 0 0 1 0 0 0 0 0 2
1546094323 14406 16991 0 21 0 0 0 0 72 130 0 0 0 1 0 0 0 0 0 2
1546094373 14408 16991 0 21 0 0 0 0 72 130 0 0 0 1 0 0 0 0 0 2
1546128168 14442 16991 0 21 0 0 0 0 72 130 0 0 0 1 0 0 0 0 0 2
1546131128 14450 16991 0 21 0 0 0 0 72 130 0 0 0 1 0 0 0 0 0 2
1546131605 14473 16991 0 21 0 0 0 0 72 130 0 0 0 1 0 0 0 0 0 2
1546131889 14570 16991 0 21 0 0 0 0 72 130 0 0 0 1 0 0 0 0 0 2
1546141548 14572 16991 0 21 0 0 0 0 72 130 0 0 0 1 0 0 0 0 0 2
1546177166 14600 16991 0 21 0 0 0 0 72 130 0 0 0 1 0 0 0 0 0 2
1546177464 14605 16991 0 21 0 0 0 0 72 130 0 0 0 1 0 0 0 0 0 2
1546178072 14608 16991 0 21 0 0 0 0 72 130 0 0 0 1 0 0 0 0 0 2
1546178232 14619 16991 0 21 0 0 0 0 72 130 0 0 0 1 0 0 0 0 0 2
1546178555 14619 16991 0 21 0 0 0 0 72 130 0 0 0 1 0 0 0 0 0 2
1546180090 14625 16991 0 21 0 0 0 0 72 130 0 0 0 1 0 0 0 0 0 2
1546182144 14632 16991 0 21 0 0 0 0 72 130 0 0 0 1 0 0 0 0 0 2
1546182271 14663 16991 0 21 0 0 0 0 72 130 0 0 0 1 0 0 0 0 0 2
1546644771 14667 16991 0 21 0 0 0 0 72 130 0 0 0 1 0 0 0 0 0 2
1546644923 14670 16991 0 21 0 0 0 0 72 130 0 0 0 1 0 0 0 0 0 2
1546645379 14679 16991 0 21 0 0 0 0 72 130 0 0 0 1 0 0 0 0 0 2
1546645491 14682 16991 0 21 0 0 0 0 72 130 0 0 0 1 0 0 0 0 0 2
1546645540 14683 16991 0 21 0 0 0 0 72 130 0 0 0 1 0 0 0 0 0 2
1546646105 14689 16991 0 21 0 0 0 0 72 130 0 0 0 1 0 0 0 0 0 2
1546659200 14692 16991 0 21 0 0 0 0 72 130 0 0 0 1 0 0 0 0 0 2
1546659262 14704 16991 0 21 0 0 0 0 72 130 0 0 0 1 0 0 0 0 0 2
1546659517 14716 16991 0 21 0 0 0 0 72 130 0 0 0 1 0 0 0 0 0 2
1546659775 14724 16991 0 21 0 0 0 0 72 130 0 0 0 1 0 0 0 0 0 2
1546666314 14725 16991 0 21 0 0 0 0 72 130 0 0 0 1 0 0 0 0 0 2
1546666448 14726 16991 0 21 0 0 0 0 72 130 0 0 0 1 0 0 0 0 0 2
1546667785 14728 16991 0 21 0 0 0 0 72 130 0 0 0 1 0 0 0 0 0 2
1546667825 14735 16991 0 21 0 0 0 0 72 130 0 0 0 1 0 0 0 0 0 2
1546668036 14740 16991 0 21 0 0 0 0 72 130 0 0 0 1 0 0 0 0 0 2
1546669530 14741 16991 0 21 0 0 0 0 72 130 0 0 0 1 0 0 0 0 0 2
1546675848 14741 16991 0 21 0 0 0 0 72 130 0 0 0 1 0 0 0 0 0 2
1546679362 14747 16991 0 21 0 0 0 0 72 130 0 0 0 1 0 0 0 0 0 2
1546686088 14755 16991 0 21 0 0 0 0 72 130 0 0 0 1 0 0 0 0 0 2
1546686375 14758 16991 0 21 0 0 0 0 72 130 0 0 0 1 0 0 0 0 0 2
1546686714 14760 16991 0 21 0 0 0 0 72 130 0 0 0 1 0 0 0 0 0 2
1546687862 14761 16991 0 21 0 0 0 0 72 130 0 0 0 1 0 0 0 0 0 2
1546738878 14766 16991 0 21 0 0 0 0 72 130 0 0 0 1 0 0 0 0 0 2
1546739526 14766 16991 0 21 0 0 0 0 72 130 0 0 0 1 0 0 0 0 0 2
1546739715 14766 17009 0 21 0 0 0 0 72 130 0 0 0 1 0 0 0 0 0 2
1546739999 14766 17010 0 21 0 0 0 0 72 130 0 0 0 1 0 0 0 0 0 2
1546740316 14766 17014 0 21 0 0 0 0 72 130 0 0 0 1 0 0 0 0 0 2
1546741294 14766 17028 0 21 0 0 0 0 72 130 0 0 0 1 0 0 0 0 0 2
1546798712 14766 17033 0 21 0 0 0 0 72 130 0 0 0 1 0 0 0 0 0 2
1546809588 14766 17171 0 21 0 0 0 0 72 130 0 0 0 1 0 0 0 0 0 2
1546995004 14770 17171 0 21 0 0 0 0 72 130 0 0 0 1 0 0 0 0 0 2
1547006701 14770 17171 0 21 0 0 0 0 72 130 0 0 0 1 0 0 0 0 0 2
1547778637 14781 17171 0 21 0 0 0 0 72 130 0 0 0 1 0 0 0 0 0 2
1547790428 14794 17171 0 21 0 0 0 0 72 130 0 0 0 1 0 0 0 0 0 2
1547791735 14795 17171 0 21 0 0 0 0 72 130 0 0 0 1 0 0 0 0 0 2
1547792565 14795 17171 0 21 0 0 0 0 72 130 0 0 0 1 0 0 0 0 0 2
1548161138 14796 17171 0 21 0 0 0 0 72 130 0 0 0 1 0 0 0 0 0 2
1548199301 14796 17171 0 21 0 0 0 0 72 130 0 0 0 1 0 0 0 0 0 2
1548731033 14821 17171 0 21 0 0 0 0 72 130 0 0 0 1 0 0 0 0 0 2
1548731389 14823 17171 0 21 0 0 0 0 72 130 0 0 0 1 0 0 0 0 0 2
1548731599 14827 17171 0 21 0 0 0 0 72 130 0 0 0 1 0 0 0 0 0 2
1548733811 14827 17171 0 21 0 0 0 0 72 130 0 0 0 1 0 0 0 0 0 2
1548765940 14828 17171 0 21 0 0 0 0 72 130 0 0 0 1 0 0 0 0 0 2
1548809242 14828 17171 0 21 0 0 0 0 72 130 0 0 0 1 0 0 0 0 0 2
1549171305 14828 17171 0 21 0 0 0 0 72 130 0 0 0 1 0 0 0 0 0 2
1549236503 14828 17171 0 21 0 0 0 0 72 130 0 0 0 1 0 0 0 0 0 2
1549364707 14829 17171 0 21 0 0 0 0 72 130 0 0 0 1 0 0 0 0 0 2
1549408550 14829 17171 0 21 0 0 0 0 72 130 0 0 0 1 0 0 0 0 0 2
1550830413 14832 17171 0 21 0 0 0 0 72 130 0 0 0 1 0 0 0 0 0 2
1550838071 14836 17171 0 21 0 0 0 0 72 130 0 0 0 1 0 0 0 0 0 2
1550838311 14837 17171 0 21 0 0 0 0 72 130 0 0 0 1 0 0 0 0 0 2
1550838871 14870 17171 0 21 0 0 0 0 72 130 0 0 0 1 0 0 0 0 0 2
1550838955 14876 17171 0 21 0 0 0 0 72 130 0 0 0 1 0 0 0 0 0 2
1551742217 14876 17171 0 21 0 0 0 0 72 130 0 0 0 1 0 0 0 0 0 2
1554136349 14876 17186 0 21 0 0 0 0 72 130 0 0 0 1 0 0 0 0 0 2
1554580244 14876 17196 0 21 0 0 0 0 72 130 0 0 0 1 0 0 0 0 0 2
1554580402 14876 17218 0 21 0 0 0 0 72 130 0 0 0 1 0 0 0 0 0 2
1554580866 14876 17222 0 21 0 0 0 0 72 130 0 0 0 1 0 0 0 0 0 2
1554581066 14876 17224 0 21 0 0 0 0 72 130 0 0 0 1 0 0 0 0 0 2
1554581303 14876 17225 0 21 0 0 0 0 72 130 0 0 0 1 0 0 0 0 0 2
1554581613 14876 17226 0 21 0 0 0 0 72 130 0 0 0 1 0 0 0 0 0 2
1554583083 14876 17227 0 21 0 0 0 0 72 130 0 0 0 1 0 0 0 0 0 2
1554584013 14876 17228 0 21 0 0 0 0 72 130 0 0 0 1 0 0 0 0 0 2
1554594234 14876 17228 0 21 0 0 0 0 72 130 0 0 0 1 0 0 0 0 0 2
1554594626 14890 17228 0 21 0 0 0 0 72 130 0 0 0 1 0 0 0 0 0 2
1555078542 14890 17244 0 21 0 0 0 0 72 130 0 0 0 1 0 0 0 0 0 2
1555558781 14896 17244 0 21 0 0 0 0 72 130 0 0 0 1 0 0 0 0 0 2
1555558833 14898 17244 0 21 0 0 0 0 72 130 0 0 0 1 0 0 0 0 0 2
1555629451 14898 17244 0 21 0 0 0 0 72 130 0 0 0 1 0 0 0 0 0 2
1557697786 14898 17247 0 21 0 0 0 0 72 130 0 0 0 1 0 0 0 0 0 2
1558717287 14898 17260 0 21 0 0 0 0 72 130 0 0 0 1 0 0 0 0 0 2
1560720656 14898 17261 0 21 0 0 0 0 72 130 0 0 0 1 0 0 0 0 0 2
1561068180 14898 17262 0 21 0 0 0 0 72 130 0 0 0 1 0 0 0 0 0 2
1561069587 14898 17269 0 21 0 0 0 0 72 130 0 0 0 1 0 0 0 0 0 2
1561069747 14898 17274 0 21 0 0 0 0 72 130 0 0 0 1 0 0 0 0 0 2
1561069909 14956 17275 0 21 0 0 0 0 72 130 0 0 0 1 0 0 0 0 0 2
1561073652 14967 17275 0 21 0 0 0 0 72 130 0 0 0 1 0 0 0 0 0 2
1561073697 14970 17275 0 21 0 0 0 0 72 130 0 0 0 1 0 0 0 0 0 2
1561073808 14972 17275 0 21 0 0 0 0 72 130 0 0 0 1 0 0 0 0 0 2
1561081711 15010 17275 0 21 0 0 0 0 72 130 0 0 0 1 0 0 0 0 0 2
1561084101 15010 17275 0 21 0 0 0 0 72 130 0 0 0 1 0 0 0 0 0 2
1561103164 15011 17275 0 21 0 0 0 0 72 130 0 0 0 1 0 0 0 0 0 2
1561131838 15011 17278 0 21 0 0 0 0 72 130 0 0 0 1 0 0 0 0 0 2
1561433005 15012 17278 0 21 0 0 0 0 72 130 0 0 0 1 0 0 0 0 0 2
1561473618 15027 17278 0 21 0 0 0 0 72 130 0 0 0 1 0 0 0 0 0 2
1561542522 15071 17278 0 21 0 0 0 0 72 130 0 0 0 1 0 0 0 0 0 2
1561543070 15077 17278 0 21 0 0 0 0 72 130 0 0 0 1 0 0 0 0 0 2
1561543168 15080 17278 0 21 0 0 0 0 72 130 0 0 0 1 0 0 0 0 0 2
1561543656 15088 17278 0 21 0 0 0 0 72 130 0 0 0 1 0 0 0 0 0 2
1561545081 15094 17278 0 21 0 0 0 0 72 130 0 0 0 1 0 0 0 0 0 2
1561545556 15100 17278 0 21 0 0 0 0 72 130 0 0 0 1 0 0 0 0 0 2
1561853437 15101 17278 0 21 0 0 0 0 72 130 0 0 0 1 0 0 0 0 0 2
1561853461 15102 17278 0 21 0 0 0 0 72 130 0 0 0 1 0 0 0 0 0 2
1561853557 15103 17278 0 21 0 0 0 0 72 130 0 0 0 1 0 0 0 0 0 2
1561853643 15104 17278 0 21 0 0 0 0 72 130 0 0 0 1 0 0 0 0 0 2
1561853828 15107 17278 0 21 0 0 0 0 72 130 0 0 0 1 0 0 0 0 0 2
1561854096 15109 17278 0 21 0 0 0 0 72 130 0 0 0 1 0 0 0 0 0 2
1561855368 15110 17278 0 21 0 0 0 0 72 130 0 0 0 1 0 0 0 0 0 2
1561856034 15116 17278 0 21 0 0 0 0 72 130 0 0 0 1 0 0 0 0 0 2
1561856710 15116 17278 0 21 0 0 0 0 72 130 0 0 0 1 0 0 0 0 0 2
1561919188 15116 17279 0 21 0 0 0 0 72 130 0 0 0 1 0 0 0 0 0 2
1561920083 15116 17283 0 21 0 0 0 0 72 130 0 0 0 1 0 0 0 0 0 2
1561920120 15116 17284 0 21 0 0 0 0 72 130 0 0 0 1 0 0 0 0 0 2
1561923980 15116 17285 0 21 0 0 0 0 72 130 0 0 0 1 0 0 0 0 0 2
1562387404 15136 17285 0 21 0 0 0 0 72 130 0 0 0 1 0 0 0 0 0 2
1562388439 15139 17285 0 21 0 0 0 0 72 130 0 0 0 1 0 0 0 0 0 2
1562388888 15140 17285 0 21 0 0 0 0 72 130 0 0 0 1 0 0 0 0 0 2
1562389982 15145 17285 0 21 0 0 0 0 72 130 0 0 0 1 0 0 0 0 0 2
1562391292 15147 17285 0 21 0 0 0 0 72 130 0 0 0 1 0 0 0 0 0 2
1562482478 15147 17285 0 21 0 0 0 0 72 130 0 0 0 1 0 0 0 0 0 2
1563056770 15167 17285 0 21 0 0 0 0 72 130 0 0 0 1 0 0 0 0 0 2
1563063684 15167 17286 0 21 0 0 0 0 72 130 0 0 0 1 0 0 0 0 0 2
1565580866 15167 17325 0 21 0 0 0 0 72 130 0 0 0 1 0 0 0 0 0 2
1567201577 15167 17326 0 21 0 0 0 0 72 130 0 0 0 1 0 0 0 0 0 2
1567971781 15167 17327 0 21 0 0 0 0 72 130 0 0 0 1 0 0 0 0 0 2
1570917933 15167 17327 3 21 0 0 0 0 72 130 0 0 0 1 0 0 0 0 0 2
1571099397 15167 17327 3 21 0 0 0 0 72 130 0 0 0 1 0 0 0 0 0 2
1571522156 15167 17327 6 21 0 0 0 0 72 130 0 0 0 1 0 0 0 0 0 2
1571522227 15167 17327 33 21 0 0 0 0 72 130 0 0 0 1 0 0 0 0 0 2
1571550839 15167 17327 33 21 0 0 0 0 72 130 0 0 0 1 0 41 0 0 0 2
1571592761 15167 17336 33 21 0 0 0 0 72 130 0 0 0 1 0 41 0 0 0 2
1571593323 15167 17336 33 21 0 0 0 0 72 130 0 0 0 1 0 41 0 0 0 2
1571594232 15167 17338 33 21 0 0 0 0 72 130 0 0 0 1 0 41 0 0 0 2
1571594985 15167 17349 33 21 0 0 0 0 72 130 0 0 0 1 0 41 0 0 0 2
1571858426 15167 17351 33 21 0 0 0 0 72 130 0 0 0 1 0 41 0 0 0 2
1572781196 15167 17351 33 21 0 0 0 0 72 130 0 0 0 1 0 41 0 0 0 2
1572781461 15244 17351 33 21 0 0 0 0 72 130 0 0 0 1 0 41 0 0 0 2
1572782406 15248 17351 33 21 0 0 0 0 72 130 0 0 0 1 0 41 0 0 0 2
1572784456 15473 17351 33 21 0 0 0 0 72 130 0 0 0 1 0 41 0 0 0 2
1572805939 15473 17352 33 21 0 0 0 0 72 130 0 0 0 1 0 41 0 0 0 2
1572807507 15473 17355 33 21 0 0 0 0 72 130 0 0 0 1 0 41 0 0 0 2
1572825947 15477 17355 33 21 0 0 0 0 72 130 0 0 0 1 0 41 0 0 0 2
1572826117 15477 17355 33 21 0 0 0 0 72 130 0 0 0 1 0 41 0 0 0 2
1572826163 15478 17355 33 21 0 0 0 0 72 130 0 0 0 1 0 41 0 0 0 2
1572826254 15478 17355 33 21 0 0 0 0 72 130 0 0 0 1 0 41 0 0 0 2
1572826748 15485 17355 33 21 0 0 0 0 72 130 0 0 0 1 0 41 0 0 0 2
1572827118 15487 17355 33 21 0 0 0 0 72 130 0 0 0 1 0 41 0 0 0 2
1572829834 15487 17359 33 21 0 0 0 0 72 130 0 0 0 1 0 41 0 0 0 2
1572850854 15487 17359 33 21 0 0 0 1 72 130 0 0 0 1 0 41 0 0 0 2
1572862798 15487 17359 33 21 0 0 0 2 72 130 0 0 0 1 0 41 0 0 0 2
1572910495 15487 17359 33 21 0 0 0 2 72 130 0 0 0 1 0 41 0 0 0 2
1573352469 15492 17359 33 21 0 0 0 2 72 130 0 0 0 1 0 41 0 0 0 2
1573352504 15581 17359 33 21 0 0 0 2 72 130 0 0 0 1 0 41 0 0 0 2
1573352788 15582 17359 33 21 0 0 0 2 72 130 0 0 0 1 0 41 0 0 0 2
1573353459 15582 17359 33 21 0 0 0 2 72 130 0 0 0 1 0 41 0 0 0 2
1573358103 15622 17359 33 21 0 0 0 2 72 130 0 0 0 1 0 41 0 0 0 2
1573366034 15622 17359 166 21 0 0 0 2 72 130 0 0 0 1 0 41 0 0 0 2
1573672944 15622 17359 172 21 0 0 0 2 72 130 0 0 0 1 0 41 0 0 0 2
1573673187 15622 17359 187 21 0 0 0 2 72 130 0 0 0 1 0 41 0 0 0 2
1573850849 15622 17359 187 21 0 0 0 2 72 130 0 0 0 1 0 41 0 0 0 2
1574879181 15622 17359 187 21 0 0 0 2 72 130 0 0 0 1 0 41 0 0 0 2
1574895069 15622 17359 187 21 0 0 0 2 72 130 0 0 0 1 0 41 0 0 0 2
1578595734 15622 17359 187 21 0 0 64 2 72 130 0 0 0 1 0 41 0 0 0 2
1586997502 15622 17394 187 21 0 0 64 2 72 130 0 0 0 1 0 41 0 0 0 2
1587077123 15622 17419 187 21 0 0 64 2 72 130 0 0 0 1 0 41 0 0 0 2
1587081382 15622 17432 187 21 0 0 64 2 72 130 0 0 0 1 0 41 0 0 0 2
1587160041 15622 17456 187 21 0 0 64 2 72 130 0 0 0 1 0 41 0 0 0 2
1587160563 15622 17457 187 21 0 0 64 2 72 130 0 0 0 1 0 41 0 0 0 2
1587160590 15622 17458 187 21 0 0 64 2 72 130 0 0 0 1 0 41 0 0 0 2
1587161177 15622 17462 187 21 0 0 64 2 72 130 0 0 0 1 0 41 0 0 0 2
1587183866 15622 17476 187 21 0 0 64 2 72 130 0 0 0 1 0 41 0 0 0 2
1587186058 15622 17484 187 21 0 0 64 2 72 130 0 0 0 1 0 41 0 0 0 2
1588971029 15622 17549 187 21 0 0 64 2 72 130 0 0 0 1 0 41 0 0 0 2
1589097400 15622 17559 187 21 0 0 64 2 72 130 0 0 0 1 0 41 0 0 0 2
1589097520 15622 17576 187 21 0 0 64 2 72 130 0 0 0 1 0 41 0 0 0 2
1589491828 15622 17585 193 21 0 0 64 2 72 130 0 0 0 1 0 41 0 0 0 2
1589585973 15622 17585 237 21 0 0 64 2 72 130 0 0 0 1 0 41 0 0 0 2
1589811283 15622 17585 243 21 0 0 64 2 72 130 0 0 0 1 0 41 0 0 0 2
1594083291 15622 17771 243 21 0 0 64 2 72 130 0 0 0 1 0 41 0 0 0 2
1597685521 15622 17771 328 21 0 0 64 2 72 130 0 0 0 1 0 41 0 0 0 2
1598021797 15622 17771 328 21 0 0 64 2 72 130 0 0 0 1 0 41 0 0 0 2
1598021805 15622 17773 328 21 0 0 64 2 72 130 0 0 0 1 0 41 0 0 0 2
1598021934 15622 17782 328 21 0 0 64 2 72 130 0 0 0 1 0 41 0 0 0 2
1598022163 15622 17783 328 21 0 0 64 2 72 130 0 0 0 1 0 41 0 0 0 2
1598023951 15622 17783 328 21 0 0 64 2 72 130 0 0 0 1 0 41 0 0 0 2
1598025748 15622 17787 328 21 0 0 64 2 72 130 0 0 0 1 0 41 0 0 0 2
1598026863 15622 17787 328 21 0 0 64 2 72 130 0 0 0 1 0 41 0 0 0 2
1598028798 15622 17801 328 21 0 0 64 2 72 130 0 0 0 1 0 41 0 0 0 2
1598032620 15622 17801 331 21 0 0 64 2 72 130 0 0 0 1 0 41 0 0 0 2
1598032942 15622 17801 333 21 0 0 64 2 72 130 0 0 0 1 0 41 0 0 0 2
1598034792 15622 17801 333 21 0 0 64 2 72 130 0 0 0 1 0 41 0 0 0 2
1598065116 15622 17801 333 21 0 0 64 2 72 130 0 0 0 1 0 41 0 0 0 2
1598834718 15622 17801 333 21 0 0 64 2 72 130 0 0 0 1 0 41 0 0 0 2
1598895076 15622 17801 333 21 0 0 64 2 72 130 0 0 0 1 0 41 0 0 0 2
1599758103 15622 17801 333 21 0 0 64 2 72 130 0 0 0 1 0 41 0 0 55 2
1601047537 15622 17801 333 21 0 0 64 2 72 130 0 0 0 1 0 41 0 0 55 2
1602724832 15622 17801 334 21 0 0 64 2 72 130 0 0 0 1 0 41 0 0 55 2
1603728068 15622 17801 350 21 0 0 64 2 72 130 0 0 0 1 0 41 0 0 55 2
1604437960 15622 17829 350 21 0 0 64 2 72 130 0 0 0 1 0 41 0 0 55 2
1604440189 15622 17836 350 21 0 0 64 2 72 130 0 0 0 1 0 41 0 0 55 2
1604440309 15622 17848 350 21 0 0 64 2 72 130 0 0 0 1 0 41 0 0 55 2
1604442310 15622 17852 350 21 0 0 64 2 72 130 0 0 0 1 0 41 0 0 55 2
1604512864 15622 17977 350 21 0 0 64 2 72 130 0 0 0 1 0 41 0 0 55 2
1605107256 15622 17981 350 21 0 0 64 2 72 130 0 0 0 1 0 41 0 0 55 2
1605109334 15622 17991 350 21 0 0 64 2 72 130 0 0 0 1 0 41 0 0 55 2
1605111059 15622 17992 350 21 0 0 64 2 72 130 0 0 0 1 0 41 0 0 55 2
1605112047 15622 17998 350 21 0 0 64 2 72 130 0 0 0 1 0 41 0 0 55 2
1605112620 15622 18002 350 21 0 0 64 2 72 130 0 0 0 1 0 41 0 0 55 2
1605113469 15622 18016 350 21 0 0 64 2 72 130 0 0 0 1 0 41 0 0 55 2
1607466732 15622 18016 350 21 0 0 64 2 72 130 0 0 0 1 0 41 2 0 55 2
1607524170 15622 18022 350 21 0 0 64 2 72 130 0 0 0 1 0 41 2 0 55 2
1607525581 15622 18036 350 21 0 0 64 2 72 130 0 0 0 1 0 41 2 0 55 2
1607711887 15622 18036 350 21 0 0 64 2 72 130 0 0 0 1 0 41 2 0 55 2
1607712006 15622 18045 350 21 0 0 64 2 72 130 0 0 0 1 0 41 2 0 55 2
1607714197 15622 18059 350 21 0 0 64 2 72 130 0 0 0 1 0 41 2 0 55 2
1607714448 15622 18071 350 21 0 0 64 2 72 130 0 0 0 1 0 41 2 0 55 2
1609445578 15622 18071 350 21 0 0 64 2 72 130 0 0 0 1 0 41 2 0 55 2
1610389986 15622 18071 350 21 0 0 88 2 72 130 0 0 0 1 0 41 2 0 55 2
1610394084 15622 18071 350 21 1 0 88 2 72 130 0 0 0 1 0 41 2 0 55 2
1610395113 15622 18072 350 21 1 0 137 2 72 130 0 0 0 1 0 41 2 0 55 2
1611087958 15622 18077 350 21 1 0 137 2 72 130 0 0 0 1 0 41 2 0 55 2
1611088329 15622 18091 350 21 1 0 137 2 72 130 0 0 0 1 0 41 2 0 55 2
1615820121 15622 18091 351 21 1 0 137 2 72 130 0 0 0 1 0 41 2 0 55 2
1615820245 15622 18092 351 21 1 0 137 2 72 130 0 0 0 1 0 41 2 0 55 2
1616424012 15622 18097 351 21 1 0 137 2 72 130 0 0 0 1 0 41 2 0 55 2
1616428294 15622 18097 352 21 1 0 137 2 72 130 0 0 0 1 0 41 2 0 55 2
1616431598 15622 18111 352 21 1 0 137 2 72 130 0 0 0 1 0 41 2 0 55 2
1616434071 15622 18111 352 21 1 227 137 2 72 130 0 0 0 1 0 41 2 0 55 2
1616439562 15622 18206 352 21 1 227 137 2 72 130 0 0 0 1 0 41 2 0 55 2
1616444631 15622 18225 352 21 1 227 137 2 72 130 0 0 0 1 0 41 2 0 55 2
1616447071 15622 18227 352 21 1 227 137 2 72 130 0 0 0 1 0 41 2 0 55 2
1616462267 15622 18231 352 21 1 227 137 2 72 130 0 0 0 1 0 41 2 0 55 2
1616462575 15622 18245 352 21 1 227 137 2 72 130 0 0 0 1 0 41 2 0 55 2
1616536734 15622 18245 352 21 1 269 137 2 72 130 0 0 0 1 0 41 2 0 55 2
1616548654 15622 18245 352 37 1 269 137 2 72 130 0 0 0 1 0 41 2 0 55 2
1616673468 15622 18245 352 47 1 269 137 2 72 130 0 0 0 1 0 41 2 0 55 2
1617811265 15622 18251 352 47 1 269 137 2 72 130 0 0 0 1 0 41 2 0 55 2
1617830798 15622 18255 352 47 1 269 137 2 72 130 0 0 0 1 0 41 2 0 55 2
1620927344 15622 18255 352 47 1 269 137 2 72 130 0 0 0 1 0 41 2 0 55 2
1622646029 15622 18258 352 47 1 269 137 2 72 130 0 0 0 1 0 41 2 0 55 2
1622746538 15622 18278 352 47 1 269 137 2 72 130 0 0 0 1 0 41 2 0 55 2
1623245713 15622 18279 352 47 1 269 137 2 72 130 0 0 0 1 0 41 2 0 55 2
1624366839 15622 18279 352 47 1 269 137 2 72 130 0 0 0 1 0 41 2 5 55 2
1635949602 15622 18279 352 47 1 270 137 2 72 130 0 0 0 1 0 41 2 5 55 2
1636896564 15622 18279 356 47 1 270 137 2 72 130 0 0 0 1 0 41 2 5 55 2
1636996795 15622 18328 356 47 1 270 137 2 72 130 0 0 0 1 0 41 2 5 55 2
1637550115 15622 18328 371 47 1 270 137 2 72 130 0 0 0 1 0 41 2 5 55 2
1639504883 15622 18328 376 47 1 270 137 2 72 130 0 0 0 1 0 41 2 5 55 2
1641585552 15622 18328 376 47 1 270 137 2 72 130 0 88 0 1 0 41 2 5 55 2
1643054708 15622 18334 376 47 1 270 137 2 72 130 0 88 0 1 0 41 2 5 55 2
1644954063 15622 18371 376 47 1 270 137 2 72 130 0 88 0 1 0 41 2 5 55 2
1644973837 15622 18371 387 47 1 270 137 2 72 130 0 88 0 1 0 41 2 5 55 2
1645043429 15622 18390 387 47 1 270 137 2 72 130 0 88 0 1 0 41 2 5 55 2
1645043915 15622 18395 387 47 1 270 137 2 72 130 0 88 0 1 0 41 2 5 55 2
1645045033 15622 18409 387 47 1 270 137 2 72 130 0 88 0 1 0 41 2 5 55 2
1647980242 15622 18533 387 47 1 270 137 2 72 130 0 88 0 1 0 41 2 5 55 2
1649205631 15622 18533 387 47 2 270 137 2 72 130 0 88 0 1 0 41 2 5 55 2
1651167483 15622 18533 387 47 2 270 137 2 72 130 18 88 0 1 0 41 2 5 55 2
1651168206 15622 18540 387 47 2 270 137 2 72 130 18 88 0 1 0 41 2 5 55 2
1651168475 15622 18556 387 47 2 270 137 2 72 130 18 88 0 1 0 41 2 5 55 2
1654450138 15622 18584 387 47 2 270 137 2 72 130 18 88 0 1 0 41 2 5 55 2
1654533051 15622 18597 387 47 2 270 137 2 72 130 18 88 0 1 0 41 2 5 55 2
1673017987 15622 18610 387 47 2 270 137 2 72 130 18 88 0 1 0 41 2 5 55 2
1673019435 15622 18618 387 47 2 270 137 2 72 130 18 88 0 1 0 41 2 5 55 2
1673022439 15622 18624 387 47 2 270 137 2 72 130 18 88 0 1 0 41 2 5 55 2
1673028786 15622 18627 387 47 2 270 137 2 72 130 18 88 0 1 0 41 2 5 55 2
1673029299 15622 18665 387 47 2 270 137 2 72 130 18 88 0 1 0 41 2 5 55 2
1673032134 15622 18710 387 47 2 270 137 2 72 130 18 88 0 1 0 41 2 5 55 2
1673034079 15622 18711 387 47 2 270 137 2 72 130 18 88 0 1 0 41 2 5 55 2
1673034922 15622 18714 387 47 2 270 137 2 72 130 18 88 0 1 0 41 2 5 55 2
1673036627 15622 18722 387 47 2 270 137 2 72 130 18 88 0 1 0 41 2 5 55 2
1673038376 15622 18757 387 47 2 270 137 2 72 130 18 88 0 1 0 41 2 5 55 2
1673277373 15622 18816 387 47 2 270 137 2 72 130 18 88 0 1 0 41 2 5 55 2
1673279865 15622 18818 387 47 2 270 137 2 72 130 18 88 0 1 0 41 2 5 55 2
1673281051 15622 18831 387 47 2 270 137 2 72 130 18 88 0 1 0 41 2 5 55 2
1673645494 15622 18831 387 58 2 270 137 2 72 130 18 88 0 1 0 41 2 5 55 2
1673645860 15622 18831 387 65 2 270 137 2 72 130 18 88 0 1 0 41 2 5 55 2
1673646508 15622 18831 387 74 2 270 137 2 72 130 18 88 0 1 0 41 2 5 55 2
1673651297 15622 18875 387 74 2 270 137 2 72 130 18 88 0 1 0 41 2 5 55 2
1673651337 15622 18878 387 74 2 270 137 2 72 130 18 88 0 1 0 41 2 5 55 2
1673877483 15622 18881 387 74 2 270 137 2 72 130 18 88 0 1 0 41 2 5 55 2
1673878062 15622 18886 387 74 2 270 137 2 72 130 18 88 0 1 0 41 2 5 55 2
1673965821 15622 18891 387 74 2 270 137 2 72 130 18 88 0 1 0 41 2 5 55 2
1673969282 15622 18905 387 74 2 270 137 2 72 130 18 88 0 1 0 41 2 5 55 2
1674482021 15622 18905 387 74 3 270 137 2 72 130 18 88 0 1 0 41 2 5 55 2
1674943185 15622 18905 388 74 3 270 137 2 72 130 18 88 0 1 0 41 2 5 55 2
1675178889 15622 18912 388 74 3 270 137 2 72 130 18 88 0 1 0 41 2 5 55 2
1675438971 15622 18912 388 74 3 270 137 2 72 130 18 88 1 1 0 41 2 5 55 2
1676672810 15622 18912 388 78 3 270 137 2 72 130 18 88 1 1 0 41 2 5 55 2
1676910194 15622 18932 388 78 3 270 137 2 72 130 18 88 1 1 0 41 2 5 55 2
1676912371 15622 18946 388 78 3 270 137 2 72 130 18 88 1 1 0 41 2 5 55 2
1678633401 15622 18946 389 78 3 270 137 2 72 130 18 88 1 1 0 41 2 5 55 2
1679055762 15622 18946 389 78 8 270 137 2 72 130 18 88 1 1 0 41 2 5 55 2
1682361496 15622 18957 389 78 8 270 137 2 72 130 18 88 1 1 0 41 2 5 55 2
1685795167 15622 18969 389 78 8 270 137 2 72 130 18 88 1 1 0 41 2 5 55 2
1687108183 15622 18969 389 78 8 270 137 2 72 130 18 88 1 1 56 41 2 5 55 2
1687190315 15622 18975 389 78 8 270 137 2 72 130 18 88 1 1 56 41 2 5 55 2
1687192522 15622 18980 389 78 8 270 137 2 72 130 18 88 1 1 56 41 2 5 55 2
1687192968 15622 18995 389 78 8 270 137 2 72 130 18 88 1 1 56 41 2 5 55 2
1687193239 15622 18996 389 78 8 270 137 2 72 130 18 88 1 1 56 41 2 5 55 2
