1442021546 551
1442691457 551
1443189415 551
1444740710 544
1444742747 574
1445506511 795
1445598082 807
1446201530 807
1449235538 815
1455025641 815
1457045517 816
1457546417 1450
1458138574 1453
1458138598 1453
1466451072 1454
1466469832 1454
1466469984 1454
1467795591 1437
1468900908 1438
1469060474 1441
1469692788 1441
1471457639 1450
1475264015 1450
1475264033 1450
1478546285 1450
1478546408 1477
1486596460 1483
1487263867 2565
1492134258 2570
1492149688 2587
1494603271 2596
1502890166 2596
1511438834 2596
1511958163 2596
1516213479 2596
1516215518 2596
1519398271 2621
1520005251 2623
1520005365 2623
1522389549 2625
1523558064 2638
1524186782 2849
1524263281 2849
1525722627 2859
1526803373 2911
1531174140 2910
1531381192 2931
1532123962 2931
1532370817 3004
1532371679 3030
1532385014 3031
1532535592 3052
1533908099 3034
1536250997 3048
1536344827 3052
1536349968 3054
1536350076 3051
1536754312 3265
1536757388 3314
1536872853 3314
1540076128 3314
1540241547 3317
1540296430 3429
1540297454 3665
1540299223 3429
1540448442 3436
1541067161 3438
1542632618 3438
1547106489 3444
1547222750 3451
1547231675 3443
1549147712 3444
1551169313 3449
1556260764 3449
1557411565 3451
1558511325 3466
1559629687 3464
1560410732 3485
1560419138 3485
1560419642 3485
1560419892 3482
1562230907 3524
1567597130 3585
1567597470 3584
1567597517 3584
1574670556 3584
1583309558 3585
1584535414 3585
1588059026 3584
1588667412 3583
1593502637 3583
1613122230 3584
1631190838 3577
1631190989 3578
1631191120 3732
1637347998 3731
1637348462 3731
1637348486 3731
