1442021546 0 551 0 0 0 0 0 0 0 0 0 0 0 0 0 0 0 0 0 0
1442691457 0 554 0 0 0 0 0 0 0 0 0 0 0 0 0 0 0 0 0 0
1443189415 0 554 0 0 0 0 0 0 0 0 0 0 0 1 0 0 0 0 0 0
1444740710 0 557 0 0 0 0 0 0 0 0 0 0 0 1 0 0 0 0 0 0
1444742747 0 590 0 0 0 0 0 0 0 0 0 0 0 1 0 0 0 0 0 0
1445506511 0 899 0 0 0 0 0 0 0 0 0 0 0 1 0 0 0 0 0 0
1445598082 0 927 0 0 0 0 0 0 0 0 0 0 0 1 0 0 0 0 0 0
1446201530 0 927 0 0 0 0 0 0 0 0 0 0 0 1 0 0 0 0 0 0
1449235538 0 942 0 0 0 0 0 0 0 0 0 0 0 1 0 0 0 0 0 0
1455025641 0 942 0 0 0 0 0 0 0 0 0 0 0 6 0 0 0 0 0 0
1457045517 0 946 0 0 0 0 0 0 0 0 0 0 0 6 0 0 0 0 0 0
1457546417 0 946 0 0 0 0 0 0 0 0 0 0 653 6 0 0 0 0 0 0
1458138574 0 946 0 0 0 0 0 0 0 0 0 0 656 6 0 0 0 0 0 0
1458138598 0 953 0 0 0 0 0 0 0 0 0 0 656 6 0 0 0 0 0 0
1466451072 0 953 0 1 0 0 0 0 0 0 0 0 656 6 0 0 0 0 0 0
1466469832 0 953 0 6 0 0 0 0 0 0 0 0 656 6 0 0 0 0 0 0
1466469984 0 953 0 6 0 0 0 0 0 0 0 0 656 6 0 0 0 0 0 0
1467795591 0 953 0 6 0 0 0 0 0 0 0 0 656 6 5 0 0 0 0 0
1468900908 0 953 0 6 0 0 0 0 1 0 0 0 656 6 5 0 0 0 0 0
1469060474 0 953 0 6 0 0 0 0 10 0 0 0 656 6 5 0 0 0 0 0
1469692788 0 953 0 6 0 0 0 0 10 0 0 0 656 6 5 0 0 0 0 2
1471457639 0 953 0 18 0 0 0 0 10 0 0 0 656 6 5 0 0 0 0 2
1475264015 0 953 0 18 0 0 0 0 10 14 0 0 656 6 5 0 0 0 0 2
1475264033 0 953 0 18 0 0 0 0 10 16 0 0 656 6 5 0 0 0 0 2
1478546285 0 953 0 18 0 0 1 0 10 16 0 0 656 6 5 0 0 0 0 2
1478546408 0 953 0 18 0 0 1 0 10 16 0 0 656 6 45 0 0 0 0 2
1486596460 0 953 0 18 0 17 1 0 10 16 0 0 656 6 45 0 0 0 0 2
1487263867 0 953 0 1106 0 17 1 0 10 16 0 0 656 6 45 0 0 0 0 2
1492134258 0 953 0 1117 0 17 1 0 10 16 0 0 656 6 45 0 0 0 0 2
1492149688 0 953 0 1149 0 17 1 0 10 16 0 0 656 6 45 0 0 0 0 2
1494603271 0 953 0 1149 0 17 1 0 22 16 0 0 656 6 45 0 0 0 0 2
1502890166 0 953 0 1149 0 17 7 0 22 16 0 0 656 6 45 0 0 0 0 2
1511438834 0 953 0 1149 0 17 8 0 22 16 0 0 656 6 45 0 0 0 0 2
1511958163 0 953 0 1149 0 17 9 0 22 16 0 0 656 6 45 0 0 0 0 2
1516213479 0 953 0 1149 0 17 9 0 22 16 4 0 656 6 45 0 0 0 0 2
1516215518 0 953 0 1149 0 17 9 0 22 16 5 0 656 6 45 0 0 0 0 2
1519398271 0 953 0 1149 0 17 9 0 22 16 5 0 656 6 45 0 0 0 0 2
1520005251 0 953 0 1149 0 17 9 0 22 16 5 0 656 6 45 0 0 0 0 2
1520005365 0 953 0 1149 0 20 9 0 22 16 5 0 656 6 45 0 0 0 0 2
1522389549 0 953 0 1149 0 20 9 6 22 16 5 0 656 6 45 0 0 0 0 2
1523558064 0 953 0 1149 0 20 9 21 22 16 5 0 656 6 45 0 0 0 0 2
1524263281 237 953 0 1149 0 20 9 26 22 16 5 0 656 6 45 0 0 0 0 2
1525722627 237 953 0 1149 14 20 9 26 22 16 5 0 656 6 45 0 0 0 0 2
1526803373 237 953 0 1149 14 20 9 26 22 16 5 0 656 6 45 0 0 0 0 2
1531174140 237 953 0 1149 14 20 9 26 22 16 5 0 656 6 45 0 0 0 0 2
1531381192 237 953 0 1149 14 20 9 26 22 16 5 0 656 6 45 0 0 0 0 2
1532123962 237 953 0 1149 14 21 9 26 22 16 5 0 656 6 45 0 0 0 0 2
1532370817 237 953 0 1149 134 21 9 26 22 16 5 0 656 6 45 0 0 0 0 2
1532371679 237 953 0 1149 181 21 9 26 22 16 5 0 656 6 45 0 0 0 0 2
1532385014 237 953 0 1149 183 21 9 26 22 16 5 0 656 6 45 0 0 0 0 2
1533908099 237 953 0 1149 183 21 9 26 22 16 5 0 656 6 45 0 0 0 0 2
1536250997 237 953 0 1149 209 21 9 26 22 16 5 0 656 6 45 0 0 0 0 2
1536344827 237 953 0 1149 214 21 9 26 22 16 5 0 656 6 45 0 0 4 0 2
1536349968 237 953 0 1149 214 21 9 26 22 16 5 0 656 6 45 0 0 4 0 2
1536350076 237 953 0 1149 214 22 9 26 22 16 5 0 656 6 45 0 0 4 0 2
1536754312 465 953 0 1149 214 22 9 26 22 16 5 0 656 6 45 0 0 4 0 2
1536757388 529 953 0 1149 214 22 9 26 22 16 5 0 656 6 45 0 0 4 0 2
1536872853 529 953 0 1149 214 22 9 26 22 16 5 0 656 6 45 0 0 4 0 2
1540076128 529 953 1 1149 214 22 9 26 22 16 5 0 656 6 45 0 0 4 0 2
1540241547 529 953 21 1149 214 22 9 26 22 16 5 0 656 6 45 0 0 4 0 2
1540296430 529 953 137 1149 214 22 9 26 22 16 5 0 656 6 45 0 0 4 0 2
1540297454 529 953 137 1149 214 22 9 26 22 16 5 0 656 6 45 0 0 4 299 2
1540299223 592 953 137 1149 214 22 9 26 22 16 5 0 656 6 45 0 0 4 299 2
1540448442 592 953 421 1149 214 22 9 26 22 16 5 0 656 6 45 0 0 4 299 2
1541067161 594 953 421 1149 214 22 9 26 22 16 5 0 656 6 45 0 0 4 299 2
1542632618 594 953 421 1149 214 22 9 26 22 16 5 0 656 6 45 0 0 4 299 2
1547106489 594 953 421 1149 214 22 9 26 22 16 5 0 656 6 45 0 0 4 299 2
1547222750 601 953 421 1149 214 22 9 26 22 16 5 0 656 6 45 0 0 4 299 2
1547231675 601 953 421 1149 214 22 9 26 22 16 5 0 656 6 45 0 0 4 299 2
1549147712 601 953 421 1149 214 22 9 26 22 16 5 0 656 6 45 0 0 4 299 2
1551169313 601 953 421 1149 214 22 9 26 22 16 5 0 656 6 45 0 0 4 299 2
1556260764 601 953 421 1149 214 22 9 26 22 16 5 0 656 6 45 0 0 4 299 2
1557411565 605 953 421 1149 214 22 9 26 22 16 5 0 656 6 45 0 0 4 299 2
1558511325 605 953 421 1149 214 22 9 26 22 16 5 0 656 6 45 0 0 4 299 2
1559629687 605 953 421 1149 214 22 9 26 22 16 5 0 656 6 45 5 0 4 299 2
1560410732 605 953 421 1149 214 22 9 26 22 16 5 0 656 6 45 5 0 4 299 2
1560419138 608 953 421 1149 214 22 9 26 22 16 5 0 656 6 45 5 0 4 299 2
1560419642 609 953 421 1149 214 22 9 26 22 16 5 0 656 6 45 5 0 4 299 2
1560419892 612 953 421 1149 214 22 9 26 22 16 5 0 656 6 45 5 0 4 299 2
1562230907 612 953 421 1149 214 22 9 26 22 16 5 0 656 6 45 5 0 4 299 2
1567597130 612 953 487 1149 214 22 9 26 22 16 5 0 656 6 45 5 0 4 299 2
1567597470 614 953 487 1149 214 22 9 26 22 16 5 0 656 6 45 5 0 4 299 2
1567597517 615 953 487 1149 214 22 9 26 22 16 5 0 656 6 45 5 0 4 299 2
1574670556 615 953 487 1149 214 22 9 26 22 16 5 0 656 6 45 5 0 4 299 2
1583309558 615 953 487 1149 214 22 9 26 22 16 5 0 656 6 45 5 0 4 299 2
1584535414 615 953 487 1149 214 23 9 26 22 16 5 0 656 6 45 5 0 4 299 2
1588059026 615 953 493 1149 214 23 9 26 22 16 5 0 656 6 45 5 0 4 299 2
1588667412 615 953 498 1149 214 23 9 26 22 16 5 0 656 6 45 5 0 4 299 2
1593502637 615 953 498 1149 214 23 9 26 22 16 5 0 656 6 45 5 0 4 299 2
1613122230 615 953 498 1149 214 23 9 26 22 16 5 0 656 6 45 5 6 4 299 2
1631190838 615 953 498 1149 214 23 9 26 22 16 5 0 656 6 45 5 6 4 299 2
1631190989 615 953 498 1149 214 23 9 26 22 16 5 0 656 6 45 5 6 4 299 2
1631191120 615 953 498 1149 214 23 9 26 22 16 5 159 656 6 45 5 6 4 299 2
1637347998 615 953 498 1149 214 23 9 26 22 16 5 170 656 6 45 5 6 4 299 2
1637348462 615 953 498 1149 214 23 9 26 22 16 5 170 656 6 45 5 6 4 299 2
1637348486 615 953 498 1149 214 23 9 26 22 16 5 170 656 6 45 5 6 4 299 2
