1636381226 998
1636382436 872
1636384967 977
1636385205 973
1636499610 1495
1636554607 1630
1636554840 1896
1636554977 1896
1636555362 1902
1636564292 1902
1636564316 1902
1636569534 1906
1636569676 1915
1636638882 1963
1636642666 1961
1636642970 1960
1637127032 2794
1638407388 2825
1639010865 3318
1639250859 2783
1639251581 2807
1639255437 2787
1639597889 3329
1639612948 3405
1639691549 3512
1639788119 3512
1639788900 3515
1639854804 3513
1640033259 3559
1640120042 3619
1640125114 3901
1640128278 4079
1642541084 4101
1642783723 4107
1643288272 4111
1643336128 4572
1643588757 4111
1644005590 4129
1644548010 4590
1644554847 4590
1644594721 4592
1644595414 4592
1645139304 4724
1646091740 4891
1646254610 4899
1646254716 4927
1646265653 5354
1646354432 5365
1647304432 5657
1647390982 5716
1648504438 5756
1648684876 5764
1648685075 5784
1648687694 5786
1648699454 5933
1648782275 6147
1648799854 6147
1648833830 6147
1648834084 6147
1648835356 6148
1649033523 6379
1649191134 6342
1649269517 6413
1649725308 6565
1649725710 6863
1649759691 6905
1649797110 6960
1649806264 7178
1649878807 7205
1649880077 7220
1649883341 7286
1649944940 7135
1649944969 7139
1649945128 7154
1649952068 7216
1649958039 7216
1649958524 7262
1650053878 7261
1650429906 8286
1650479793 8288
1650588333 8474
1650591310 8550
1650649063 8560
1650740800 8568
1651032437 8656
1651072108 8571
1651105350 8672
1651105973 8757
1651180686 8750
1651217785 8757
1651217801 8788
1651217811 8772
1651218555 8772
1651271184 8772
1651531266 9130
1651542149 9095
1651544648 9101
1651545463 9105
1651546537 9115
1651548877 9127
1651549605 9126
1651616949 9149
1651685538 9149
1651860087 9150
1652742976 9152
1652743579 9152
1652746722 9149
1652794370 9143
1652803806 9146
1652813506 9148
1652820496 9143
1652821111 9142
1652895823 9149
1653017425 9169
1653311506 9202
1653413487 9202
1653529652 9192
1654019472 9181
1654131675 9181
1654218496 9183
1654241975 9183
1654279745 9186
1654539577 9201
1654540090 9200
1654541764 9200
1654541800 9200
1654542353 9200
1654624448 9195
1654728114 9227
1654890581 9232
1654890673 9236
1654891244 9236
1654891259 9236
1654891278 9236
1654891519 9236
1654894720 9234
1654907971 9234
1654908173 9234
1654908353 9234
1654917922 9234
1654977326 9233
1655140234 9301
1655146384 9276
1655171522 9293
1655229160 9358
1655326415 9574
1655403349 9592
1655406001 9642
1655407360 9641
1655421989 9715
1655423921 9756
1655484371 9817
1655760109 9910
1655855634 9935
1655861269 9922
1655912795 9923
1656028125 9935
1656099008 9939
1656099045 9939
1656357064 9953
1656398760 10194
1656438965 10190
1656533666 10190
1656726331 10192
1657104411 10213
1657129162 10190
1657771498 10259
1657773578 10265
1657863159 10666
1657863300 10697
1657878021 10702
1657902043 10702
1657909578 10712
1658507847 10712
1658960142 10835
1658972882 11145
1659032114 11205
1659037841 11298
1659038370 11298
1659065952 11305
1659075202 11301
1659076268 11302
1659136593 11544
1659144723 11550
1659145594 11579
1659145689 11585
1659373012 11613
1659384858 11613
1659474364 11859
1659540076 11621
1659571522 11953
1659660802 11654
1659727943 11654
1660001442 11880
1660001840 11879
1660002359 11880
1660004771 11868
1660260351 11797
1660271445 11843
1660318590 11868
1660672833 11846
1660842432 11893
1660855378 11868
1660857513 11953
1660881821 11903
1660981580 11967
1661025192 12109
1661177220 12107
1661191178 12223
1661484321 12223
1661485447 12224
1661487913 12224
1661533870 12270
1661782345 12229
1661832131 12235
1661975739 12239
1661979911 12252
1662060621 12235
1662583701 12271
1662759746 11930
1663023619 11924
1663025102 11932
1663030885 11923
1663040748 11997
1663041133 12001
1663090547 12295
1663126644 12277
1663131488 12392
1663182539 12391
1663351147 12405
1663354308 12409
1663599988 12409
1663603084 12409
1663618355 12410
1663712636 12410
1663893719 12410
1663952429 12410
1664211821 12401
1664297959 12405
1664386650 12405
1664985710 12422
1665171691 12411
1665587231 12411
1666274762 12411
1666371831 12421
1666392565 12422
1666812608 12500
1666821927 12545
1666824399 12555
1666878206 12556
1666911357 12641
1666965577 12641
1667254057 12708
1667439882 12814
1667439957 12814
1667493723 12814
1667599874 12818
1667874484 12846
1667874575 12846
1668117151 12856
1668217537 12856
1668267079 12853
1668277170 12853
1668449508 12856
1668465925 12859
1668575567 12859
1668592617 12859
1668643966 12859
1668724612 12859
1668805524 12858
1669424402 13878
1669442331 13879
1669442345 13879
1670052237 14108
1670093572 14113
1670095957 14159
1670108248 14193
1670108553 14204
1670175772 14204
1670875398 14207
1671045668 14356
1671072585 14357
1672243398 14354
1672611359 14351
1672615061 14354
1672616220 14366
1672618488 14623
1672734196 14623
1672767740 15403
1672777611 15531
1672778225 15531
1672957464 15515
1673029785 15625
1673034985 15625
1673119587 15893
1673121306 15960
1673123087 15960
1673169441 16011
1673291169 16029
1673292156 16019
1673711723 16042
1673727182 16040
1673740261 16450
1673752197 16425
1673813850 16372
1673815260 16390
1673817855 16417
1673848336 16417
1673892137 16883
1673910558 16893
1673912499 16927
1673918353 17317
1673926656 17368
1673926736 17368
1673934399 17449
1673934410 17458
1673935893 17458
1673979103 17458
1673979121 17458
1674253210 17530
1674254253 17552
1674254763 17558
1674255138 17569
1674255677 17569
1675276126 17575
1675276762 17575
1675283442 17619
1675296891 17619
1675409432 17627
1675437337 17620
1675658822 17639
1675757048 17679
1675785494 17691
1675884925 17670
1676147809 17799
1676148329 17799
1676399923 17799
1676433527 17799
1676595561 18074
1676657561 18081
1676663816 18160
1676673246 18684
1676681157 18785
1676682235 19896
1676741002 19909
1676779692 19918
1676779767 19942
1676781342 19916
1677006534 19939
1677097020 19701
1677109580 19693
1677140926 19663
1677593706 19677
1677601030 19723
1677703151 19653
1677713410 19653
1677896597 19725
1677957175 19721
1678067532 19725
1678227022 19725
1678232536 19725
1678393484 19641
1678469877 19580
1678494714 19577
1678497352 19577
1678563311 19606
1678585600 19605
1678588570 19605
1679668665 19621
1680303497 19623
1680303520 19621
1680565442 19623
1680581759 19623
1680825377 19626
1681317966 19626
1681849639 19627
1681911924 19646
1681938543 19646
1682118148 19942
1682993930 19862
1682997670 19862
1682997701 19862
1682998233 19864
1683316205 19866
1683324676 19925
1683326821 19931
1683333301 19942
1683509894 19942
1683557230 19942
1683557558 19942
1683760060 19973
1683859555 19974
1684178155 20218
1684274217 20376
1684274826 20375
1684277877 20400
1684278890 20900
1684280776 20900
1684285756 20900
1684335882 20901
