1636381226 0 998 0 0 0 0 0 0 0 0 0 0 0 0 0 0 0 0 0 0
1636382436 0 1505 0 0 0 0 0 0 0 0 0 0 0 0 0 0 0 0 0 0
1636384967 0 1616 0 0 0 0 0 0 0 0 0 0 0 0 0 0 0 0 0 0
1636385205 0 1618 0 0 0 0 0 0 0 0 0 0 0 0 0 0 0 0 0 0
1636499610 0 2147 0 0 0 0 0 0 0 0 0 0 0 0 0 0 0 0 0 0
1636554607 0 2285 0 0 0 0 0 0 0 0 0 0 0 0 0 0 0 0 0 0
1636554840 0 2285 0 0 0 0 0 0 0 0 0 0 0 0 0 0 0 0 0 0
1636554977 0 2286 0 0 0 0 0 0 0 0 0 0 0 0 0 0 0 0 0 0
1636555362 0 2293 0 0 0 0 0 0 0 0 0 0 0 0 0 0 0 0 0 0
1636564292 0 2295 0 0 0 0 0 0 0 0 0 0 0 0 0 0 0 0 0 0
1636564316 0 2296 0 0 0 0 0 0 0 0 0 0 0 0 0 0 0 0 0 0
1636569534 0 2311 0 0 0 0 0 0 0 0 0 0 0 0 0 0 0 0 0 0
1636569676 0 2321 0 0 0 0 0 0 0 0 0 0 0 0 0 0 0 0 0 0
1636638882 0 2374 0 0 0 0 0 0 0 0 0 0 0 0 0 0 0 0 0 0
1636642666 0 2385 0 0 0 0 0 0 0 0 0 0 0 0 0 0 0 0 0 0
1636642970 0 2389 0 0 0 0 0 0 0 0 0 0 0 0 0 0 0 0 0 0
1637127032 849 2389 0 0 0 0 0 0 0 0 0 0 0 0 0 0 0 0 0 0
1638407388 849 2421 0 0 0 0 0 0 0 0 0 0 0 0 0 0 0 0 0 0
1639250859 849 2427 0 0 0 0 0 0 0 0 0 0 0 0 0 0 0 0 0 0
1639251581 849 2451 0 0 0 0 0 0 0 0 0 0 0 0 0 0 0 0 0 0
1639255437 849 2454 531 0 0 0 0 0 0 0 0 0 0 0 0 0 0 0 0 0
1639597889 849 2454 542 0 0 0 0 0 0 0 0 0 0 0 0 0 0 0 0 0
1639612948 849 2454 618 0 0 0 0 0 0 0 0 0 0 0 0 0 0 0 0 0
1639691549 965 2454 618 0 0 0 0 0 0 0 0 0 0 0 0 0 0 0 0 0
1639788119 965 2456 618 0 0 0 0 0 0 0 0 0 0 0 0 0 0 0 0 0
1639788900 965 2461 618 0 0 0 0 0 0 0 0 0 0 0 0 0 0 0 0 0
1639854804 965 2464 618 0 0 0 0 0 0 0 0 0 0 0 0 0 0 0 0 0
1640033259 965 2464 678 0 0 0 0 0 0 0 0 0 0 0 0 0 0 0 0 0
1640120042 1031 2464 678 0 0 0 0 0 0 0 0 0 0 0 0 0 0 0 0 0
1640125114 1315 2464 678 0 0 0 0 0 0 0 0 0 0 0 0 0 0 0 0 0
1640128278 1315 2642 678 0 0 0 0 0 0 0 0 0 0 0 0 0 0 0 0 0
1642541084 1315 2642 678 0 0 23 0 0 0 0 0 0 0 0 0 0 0 0 0 0
1642783723 1315 2642 694 0 0 23 0 0 0 0 0 0 0 0 0 0 0 0 0 0
1643288272 1329 2642 694 0 0 23 0 0 0 0 0 0 0 0 0 0 0 0 0 0
1643588757 1329 2642 694 0 0 24 0 0 0 0 0 0 0 0 0 0 0 0 0 0
1644005590 1329 2642 1155 0 0 24 0 0 0 0 0 0 0 0 0 0 0 0 0 0
1644548010 1329 2642 1173 0 0 24 0 0 0 0 0 0 0 0 0 0 0 0 0 0
1644554847 1329 2642 1173 0 0 24 0 0 0 0 0 0 0 0 0 0 0 0 0 0
1644594721 1329 2642 1188 0 0 24 0 0 0 0 0 0 0 0 0 0 0 0 0 0
1644595414 1329 2644 1188 0 0 24 0 0 0 0 0 0 0 0 0 0 0 0 0 0
1645139304 1329 2644 1343 0 0 24 0 0 0 0 0 0 0 0 0 0 0 0 0 0
1646091740 1329 2644 1556 0 0 24 0 0 0 0 0 0 0 0 0 0 0 0 0 0
1646254610 1329 2644 1565 0 0 24 0 0 0 0 0 0 0 0 0 0 0 0 0 0
1646254716 1329 2644 1606 0 0 24 0 0 0 0 0 0 0 0 0 0 0 0 0 0
1646354432 1945 2644 1659 0 0 24 0 0 0 0 0 0 0 0 0 0 0 0 0 0
1647304432 2567 2644 1659 0 0 24 0 0 0 0 0 0 0 0 0 0 0 0 0 0
1647390982 2811 2644 1659 0 0 24 0 0 0 0 0 0 0 0 0 0 0 0 0 0
1648504438 2988 2644 1659 0 0 24 0 0 0 0 0 0 0 0 0 0 0 0 0 0
1648684876 2988 2644 1659 0 8 24 0 0 0 0 0 0 0 0 0 0 0 0 0 0
1648685075 2988 2644 1659 0 29 24 0 0 0 0 0 0 0 0 0 0 0 0 0 0
1648687694 2988 2644 1659 0 31 24 0 0 0 0 0 0 0 0 0 0 0 0 0 0
1648699454 2988 2798 1659 0 31 24 0 0 0 0 0 0 0 0 0 0 0 0 0 0
1648782275 3296 2798 1659 0 31 24 0 0 0 0 0 0 0 0 0 0 0 0 0 0
1648799854 3299 2798 1659 0 31 24 0 0 0 0 0 0 0 0 0 0 0 0 0 0
1648833830 3299 2798 1660 0 31 24 0 0 0 0 0 0 0 0 0 0 0 0 0 0
1648834084 3299 2798 1661 0 31 24 0 0 0 0 0 0 0 0 0 0 0 0 0 0
1648835356 3299 2798 1664 0 31 24 0 0 0 0 0 0 0 0 0 0 0 0 0 0
1649033523 3299 2798 1895 0 31 24 0 0 0 0 0 0 0 0 0 0 0 0 0 0
1649191134 3299 2798 1932 0 31 24 0 0 0 0 0 0 0 0 0 0 0 0 0 0
1649269517 3299 2798 1932 0 106 24 0 0 0 0 0 0 0 0 0 0 0 0 0 0
1649725308 3451 2798 1932 0 106 24 0 0 0 0 0 0 0 0 0 0 0 0 0 0
1649725710 3758 2798 1932 0 106 24 0 0 0 0 0 0 0 0 0 0 0 0 0 0
1649759691 3823 2798 1932 0 106 24 0 0 0 0 0 0 0 0 0 0 0 0 0 0
1649797110 3902 2798 1932 0 106 24 0 0 0 0 0 0 0 0 0 0 0 0 0 0
1649806264 4120 2798 1932 0 106 24 0 0 0 0 0 0 0 0 0 0 0 0 0 0
1649878807 4155 2798 1932 0 106 24 0 0 0 0 0 0 0 0 0 0 0 0 0 0
1649880077 4181 2798 1932 0 106 24 0 0 0 0 0 0 0 0 0 0 0 0 0 0
1649883341 4247 2798 1932 0 106 24 0 0 0 0 0 0 0 0 0 0 0 0 0 0
1649944940 4247 2798 1932 0 106 24 0 0 0 0 0 0 0 0 0 0 0 0 0 0
1649944969 4251 2798 1932 0 106 24 0 0 0 0 0 0 0 0 0 0 0 0 0 0
1649945128 4272 2798 1932 0 106 24 0 0 0 0 0 0 0 0 0 0 0 0 0 0
1649952068 4334 2798 1932 0 106 24 0 0 0 0 0 0 0 0 0 0 0 0 0 0
1649958039 4335 2798 1932 0 106 24 0 0 0 0 0 0 0 0 0 0 0 0 0 0
1649958524 4414 2798 1932 0 106 24 0 0 0 0 0 0 0 0 0 0 0 0 0 0
1650053878 4414 2798 1934 0 106 24 0 0 0 0 0 0 0 0 0 0 0 0 0 0
1650429906 4414 2798 2960 0 106 24 0 0 0 0 0 0 0 0 0 0 0 0 0 0
1650479793 4414 2800 2960 0 106 24 0 0 0 0 0 0 0 0 0 0 0 0 0 0
1650588333 4663 2800 2960 0 106 24 0 0 0 0 0 0 0 0 0 0 0 0 0 0
1650591310 4755 2800 2960 0 106 24 0 0 0 0 0 0 0 0 0 0 0 0 0 0
1650649063 4755 2800 2979 0 106 24 0 0 0 0 0 0 0 0 0 0 0 0 0 0
1650740800 4769 2800 2979 0 106 24 0 0 0 0 0 0 0 0 0 0 0 0 0 0
1651072108 4799 2890 2979 0 106 24 0 0 0 0 0 0 0 0 0 0 0 0 0 0
1651105350 4799 2931 2979 0 106 24 0 0 0 0 0 0 0 0 0 0 0 0 0 0
1651180686 4981 2931 3028 0 106 24 0 0 0 0 0 0 0 0 0 0 0 0 0 0
1651217785 5023 2931 3028 0 106 24 0 0 0 0 0 0 0 0 0 0 0 0 0 0
1651217801 5062 2931 3028 0 106 24 0 0 0 0 0 0 0 0 0 0 0 0 0 0
1651217811 5095 2931 3028 0 106 24 0 0 0 0 0 0 0 0 0 0 0 0 0 0
1651218555 5109 2931 3028 0 106 24 0 0 0 0 0 0 0 0 0 0 0 0 0 0
1651271184 5229 2931 3028 0 106 24 0 0 0 0 0 0 0 0 0 0 0 0 0 0
1651542149 5229 2931 3351 0 106 24 0 0 0 0 0 0 0 0 0 0 0 0 0 0
1651544648 5229 2931 3357 0 106 24 0 0 0 0 0 0 0 0 0 0 0 0 0 0
1651545463 5229 2931 3361 0 106 24 0 0 0 0 0 0 0 0 0 0 0 0 0 0
1651546537 5229 2931 3402 0 106 24 0 0 0 0 0 0 0 0 0 0 0 0 0 0
1651548877 5229 2932 3402 0 106 24 0 0 0 0 0 0 0 0 0 0 0 0 0 0
1651549605 5229 2932 3402 0 106 24 0 0 0 0 0 0 0 0 0 0 0 0 0 0
1651616949 5229 2932 3426 0 106 24 0 0 0 0 0 0 0 0 0 0 0 0 0 0
1651685538 5231 2932 3426 0 106 24 0 0 0 0 0 0 0 0 0 0 0 0 0 0
1651860087 5231 2932 3426 0 106 24 2 0 0 0 0 0 0 0 0 0 0 0 0 0
1652742976 5231 2932 3428 0 106 24 2 0 0 0 0 0 0 0 0 0 0 0 0 0
1652743579 5231 2932 3437 0 106 24 2 0 0 0 0 0 0 0 0 0 0 0 0 0
1652746722 5231 2932 3440 0 106 24 2 0 0 0 0 0 0 0 0 0 0 0 0 0
1652794370 5231 2932 3440 0 106 24 2 0 0 0 0 0 0 0 0 0 0 0 0 0
1652803806 5231 2938 3440 0 106 24 2 0 0 0 0 0 0 0 0 0 0 0 0 0
1652813506 5231 2938 3448 0 106 24 2 0 0 0 0 0 0 0 0 0 0 0 0 0
1652820496 5231 2938 3449 0 106 24 2 0 0 0 0 0 0 0 0 0 0 0 0 0
1652821111 5231 2938 3449 0 106 24 2 0 0 0 0 0 0 0 0 0 0 0 0 0
1652895823 5231 2938 3461 0 106 24 2 0 0 0 0 0 0 0 0 0 0 0 0 0
1653017425 5231 2938 3482 0 106 24 2 0 0 0 0 0 0 0 0 0 0 0 0 0
1653311506 5231 2938 3519 0 106 24 2 0 0 0 0 0 0 0 0 0 0 0 0 0
1653413487 5231 2938 3521 0 106 24 2 0 0 0 0 0 0 0 0 0 0 0 0 0
1653529652 5246 2938 3521 0 106 24 2 0 0 0 0 0 0 0 0 0 0 0 0 0
1654019472 5246 2938 3521 0 106 24 2 0 0 0 0 0 0 0 0 0 0 0 0 0
1654131675 5246 2939 3521 0 106 24 2 0 0 0 0 0 0 0 0 0 0 0 0 0
1654218496 5246 2939 3528 0 106 24 2 0 0 0 0 0 0 0 0 0 0 0 0 0
1654241975 5247 2939 3528 0 106 24 2 0 0 0 0 0 0 0 0 0 0 0 0 0
1654279745 5247 2939 3528 0 106 24 2 14 0 0 0 0 0 0 0 0 0 0 0 0
1654539577 5247 2963 3528 0 106 24 2 14 0 0 0 0 0 0 0 0 0 0 0 0
1654540090 5247 2963 3528 0 106 24 2 14 0 0 0 0 0 0 0 0 0 0 0 0
1654541764 5247 2966 3528 0 106 24 2 14 0 0 0 0 0 0 0 0 0 0 0 0
1654541800 5247 2967 3528 0 106 24 2 14 0 0 0 0 0 0 0 0 0 0 0 0
1654542353 5247 2967 3530 0 106 24 2 14 0 0 0 0 0 0 0 0 0 0 0 0
1654624448 5247 2967 3531 0 106 24 2 14 0 0 0 0 0 0 0 0 0 0 0 0
1654728114 5247 2999 3531 0 106 24 2 14 0 0 0 0 0 0 0 0 0 0 0 0
1654890581 5247 2999 3531 5 106 24 2 14 0 0 0 0 0 0 0 0 0 0 0 0
1654890673 5247 3060 3531 5 106 24 2 14 0 0 0 0 0 0 0 0 0 0 0 0
1654891244 5247 3060 3531 7 106 24 2 14 0 0 0 0 0 0 0 0 0 0 0 0
1654891259 5247 3060 3531 9 106 24 2 14 0 0 0 0 0 0 0 0 0 0 0 0
1654891278 5247 3060 3531 9 106 24 2 14 3 0 0 0 0 0 0 0 0 0 0 0
1654891519 5247 3101 3531 9 106 24 2 14 3 0 0 0 0 0 0 0 0 0 0 0
1654894720 5247 3162 3531 9 106 24 2 14 3 0 0 0 0 0 0 0 0 0 0 0
1654907971 5247 3162 3531 9 106 24 2 14 4 0 0 0 0 0 0 0 0 0 0 0
1654908173 5247 3162 3531 9 106 24 2 14 7 0 0 0 0 0 0 0 0 0 0 0
1654908353 5247 3162 3531 9 106 24 2 14 10 0 0 0 0 0 0 0 0 0 0 0
1654917922 5247 3162 3531 9 106 24 2 14 11 0 0 0 0 0 0 0 0 0 0 0
1654977326 5247 3162 3531 9 106 24 2 14 11 0 0 0 0 0 0 0 0 0 0 0
1655146384 5247 3211 3531 9 106 24 2 14 11 0 0 0 0 0 0 0 0 0 0 0
1655171522 5269 3228 3531 9 106 24 2 14 11 0 0 0 0 0 0 0 0 0 0 0
1655229160 5331 3228 3531 9 106 24 2 14 11 0 0 0 0 0 0 0 0 0 0 0
1655326415 5331 3228 3750 9 106 24 2 14 11 0 0 0 0 0 0 0 0 0 0 0
1655403349 5331 3228 3769 9 106 24 2 14 11 0 0 0 0 0 0 0 0 0 0 0
1655406001 5331 3228 3819 9 106 24 2 14 11 0 0 0 0 0 0 0 0 0 0 0
1655407360 5331 3228 3819 9 106 24 2 14 11 0 0 0 0 0 0 0 0 0 0 0
1655421989 5476 3228 3819 9 106 24 2 14 11 0 0 0 0 0 0 0 0 0 0 0
1655423921 5519 3228 3819 9 106 24 2 14 11 0 0 0 0 0 0 0 0 0 0 0
1655484371 5519 3228 3883 9 106 24 2 14 11 0 0 0 0 0 0 0 0 0 0 0
1655760109 5519 3228 3883 9 106 24 2 14 11 0 0 0 0 0 0 110 0 0 0 0
1655861269 5519 3245 3883 9 106 24 2 14 11 0 0 0 0 0 0 110 0 0 0 0
1655912795 5519 3245 3914 9 106 25 2 14 11 0 0 0 0 0 0 110 0 0 0 0
1656028125 5519 3245 3916 9 106 25 2 14 11 0 0 0 0 0 0 110 0 0 0 0
1656099008 5519 3245 3916 9 106 25 2 14 11 0 0 0 0 0 0 110 0 0 0 0
1656099045 5519 3245 3916 10 106 25 2 14 11 0 0 0 0 0 0 110 0 0 0 0
1656357064 5519 3259 3916 10 106 25 2 14 11 0 0 0 0 0 0 110 0 0 0 0
1656398760 5788 3259 3916 10 106 25 2 14 11 0 0 0 0 0 0 110 0 0 0 0
1656438965 5788 3259 3926 10 106 25 2 14 11 0 0 0 0 0 0 110 0 0 0 0
1656533666 5788 3259 3927 10 106 25 2 14 11 0 0 0 0 0 0 110 0 0 0 0
1656726331 5788 3259 3933 10 106 25 2 14 11 0 0 0 0 0 0 110 0 0 0 0
1657129162 5788 3259 3933 10 106 25 2 14 11 0 0 0 0 0 0 110 25 0 0 0
1657771498 5788 3307 3933 10 106 25 2 14 11 0 0 0 0 0 0 110 25 0 0 0
1657773578 5788 3319 3933 10 106 25 2 14 11 0 0 0 0 0 0 110 25 0 0 0
1657863159 5788 3720 3933 10 106 25 2 14 11 0 0 0 0 0 0 110 25 0 0 0
1657863300 5788 3755 3933 10 106 25 2 14 11 0 0 0 0 0 0 110 25 0 0 0
1657902043 5788 3764 3933 13 106 25 2 14 11 0 0 0 0 0 0 110 25 0 0 0
1657909578 5788 3764 3949 13 106 25 2 14 11 0 0 0 0 0 0 110 25 0 0 0
1658507847 5788 3764 3950 13 106 25 2 14 11 0 0 0 0 0 0 110 25 0 0 0
1658960142 5933 3764 3950 13 106 25 2 14 11 0 0 0 0 0 0 110 25 0 0 0
1658972882 6243 3764 3950 13 106 25 2 14 11 0 0 0 0 0 0 110 25 0 0 0
1659032114 6441 3764 3950 13 106 25 2 14 11 0 0 0 0 0 0 110 25 0 0 0
1659037841 6626 3764 3950 13 106 25 2 14 11 0 0 0 0 0 0 110 25 0 0 0
1659038370 6629 3764 3950 13 106 25 2 14 11 0 0 0 0 0 0 110 25 0 0 0
1659065952 6637 3764 3950 13 106 25 2 14 11 0 0 0 0 0 0 110 25 0 0 0
1659075202 6647 3764 3950 13 106 25 2 14 11 0 0 0 0 0 0 110 25 0 0 0
1659076268 6657 3764 3950 13 106 25 2 14 11 0 0 0 0 0 0 110 25 0 0 0
1659136593 7032 3764 3950 13 106 25 2 14 11 0 0 0 0 0 0 110 25 0 0 0
1659144723 7038 3764 3950 13 106 25 2 14 11 0 0 0 0 0 0 110 25 0 0 0
1659145594 7073 3764 3950 13 106 25 2 14 11 0 0 0 0 0 0 110 25 0 0 0
1659145689 7084 3764 3950 13 106 25 2 14 11 0 0 0 0 0 0 110 25 0 0 0
1659373012 7118 3764 3950 13 106 25 2 14 11 0 0 0 0 0 0 110 25 0 0 0
1659384858 7119 3764 3950 13 106 25 2 14 11 0 0 0 0 0 0 110 25 0 0 0
1659540076 7119 3764 3950 13 106 33 2 14 11 0 0 0 0 0 0 110 25 0 0 0
1659660802 7119 3849 3950 13 106 33 2 14 11 0 0 0 0 0 0 110 25 0 0 0
1659727943 7119 3849 3950 13 106 33 2 15 11 0 0 0 0 0 0 110 25 0 0 0
1660260351 7278 3849 3950 13 106 33 2 15 11 0 0 0 0 0 0 110 25 0 0 0
1660271445 7443 3849 3950 13 106 33 2 15 11 0 0 0 0 0 0 110 25 0 0 0
1660672833 7443 3892 3955 13 106 34 2 15 11 0 0 0 0 0 0 110 25 0 0 0
1660855378 7443 3892 3955 14 106 34 2 15 11 0 0 0 25 0 0 110 25 0 0 0
1660881821 7458 3970 3959 14 106 34 2 15 11 0 0 0 25 0 0 110 25 0 0 0
1660981580 7458 3970 3974 14 106 34 2 15 11 0 0 0 25 0 0 110 25 0 0 0
1661025192 7458 4159 3974 14 106 34 2 15 11 0 0 0 25 0 0 110 25 0 0 0
1661177220 7458 4161 3974 14 106 34 2 15 11 0 0 0 25 0 0 110 25 0 0 0
1661191178 7458 4291 3974 14 106 34 2 15 11 0 0 0 25 0 0 110 25 0 0 0
1661484321 7459 4291 3974 14 106 34 2 15 11 0 0 0 25 0 0 110 25 0 0 0
1661485447 7460 4291 3974 14 106 34 2 15 11 0 0 0 25 0 0 110 25 0 0 0
1661487913 7461 4291 3974 14 106 34 2 15 11 0 0 0 25 0 0 110 25 0 0 0
1661782345 7461 4307 3974 14 106 34 2 15 11 0 0 0 25 0 0 110 25 0 0 0
1661832131 7461 4307 3974 14 106 34 2 15 11 0 0 0 25 0 0 110 25 0 0 0
1661975739 7461 4312 3974 14 106 34 2 15 11 0 0 0 25 0 0 110 25 0 0 0
1662060621 7461 4333 3974 14 106 34 2 15 11 0 22 0 25 0 0 110 25 0 0 0
1662583701 7461 4333 3974 14 106 34 2 15 11 0 23 0 25 0 0 110 25 0 0 0
1662759746 7461 4333 3974 14 106 34 2 15 11 0 23 0 25 0 0 110 25 0 0 0
1663025102 7461 4333 3982 14 106 34 2 15 11 0 23 0 25 0 0 110 25 0 0 0
1663030885 7461 4333 3983 14 142 34 2 15 11 0 23 0 25 0 0 110 25 0 0 0
1663040748 7575 4333 3983 14 142 34 2 15 11 0 23 0 25 0 0 110 25 0 0 0
1663041133 7579 4333 3983 14 142 34 2 15 11 0 23 0 25 0 0 110 25 0 0 0
1663090547 7579 4333 3983 14 142 34 2 15 11 0 23 0 25 0 0 110 25 0 0 0
1663126644 7605 4333 3983 14 142 34 2 15 11 0 23 0 25 0 0 110 25 0 0 0
1663131488 7747 4333 3983 14 142 34 2 15 11 0 23 0 25 0 0 110 25 0 0 0
1663182539 7747 4333 3983 14 142 34 2 15 11 0 23 0 25 0 0 110 25 0 0 0
1663354308 7766 4333 3983 14 142 34 2 15 11 0 23 0 25 0 0 110 25 0 0 0
1663599988 7766 4333 3987 14 142 34 2 15 11 0 23 0 25 0 0 110 25 0 0 0
1663603084 7766 4333 3987 14 142 35 2 15 11 0 23 0 25 0 0 110 25 0 0 0
1663618355 7766 4333 3988 14 142 35 2 15 11 0 23 0 25 0 0 110 25 0 0 0
1663712636 7766 4333 3988 14 162 35 2 15 11 0 23 0 25 0 0 110 25 0 0 0
1663893719 7766 4333 3988 16 162 35 2 15 11 0 23 0 25 0 0 110 25 0 0 0
1663952429 7766 4333 3988 19 162 35 2 15 11 0 23 0 25 0 0 110 25 0 0 0
1664211821 7766 4333 3988 19 162 35 2 15 11 0 23 0 25 0 0 110 25 0 0 0
1664297959 8007 4333 3988 19 162 35 2 16 11 0 23 0 25 0 0 110 25 0 0 0
1664386650 8007 4333 3988 19 162 35 2 17 11 0 23 0 25 0 0 110 25 0 0 0
1664985710 8007 4333 3988 19 162 54 2 17 11 0 23 0 25 0 0 110 25 0 0 0
1665171691 8007 4333 3988 19 162 62 2 17 11 0 23 0 25 0 0 110 25 0 0 0
1665587231 8007 4333 3988 22 162 62 2 17 11 0 23 0 25 0 0 110 25 0 0 0
1666274762 8007 4333 3988 24 162 62 2 17 11 0 23 0 25 0 0 110 25 0 0 0
1666371831 8007 4343 3988 24 162 62 2 17 11 0 23 0 25 0 0 110 25 0 0 0
1666392565 8007 4344 3988 24 162 62 2 17 11 0 23 0 25 0 0 110 25 0 0 0
1666812608 8090 4344 3988 24 162 62 2 17 11 0 23 0 25 0 0 110 25 0 0 0
1666821927 8154 4344 3988 24 162 62 2 17 11 0 23 0 25 0 0 110 25 0 0 0
1666824399 8174 4344 3988 24 162 62 2 17 11 0 23 0 25 0 0 110 25 0 0 0
1666878206 8174 4344 3988 30 162 62 2 17 11 0 23 0 25 0 0 110 25 0 0 0
1666911357 8274 4344 3988 30 162 62 2 17 11 0 23 0 25 0 0 110 25 0 0 0
1666965577 8274 4348 3988 30 162 62 2 17 11 0 23 0 25 0 0 110 25 0 0 0
1667254057 8274 4415 3988 30 162 62 2 17 11 0 23 0 25 0 0 110 25 0 0 0
1667439882 8274 4415 3988 30 291 62 2 17 11 0 23 0 25 0 0 110 25 0 0 0
1667439957 8275 4415 3988 30 291 62 2 17 11 0 23 0 25 0 0 110 25 0 0 0
1667493723 8276 4415 3988 30 291 62 2 17 11 0 23 0 25 0 0 110 25 0 0 0
1667599874 8287 4415 3988 30 291 62 2 17 11 0 23 0 25 0 0 110 25 0 0 0
1667874484 8316 4415 3988 30 291 62 2 17 11 0 23 0 25 0 0 110 25 0 0 0
1667874575 8317 4415 3988 30 291 62 2 17 11 0 23 0 25 0 0 110 25 0 0 0
1668117151 8317 4425 3988 30 291 62 2 17 11 0 23 0 25 0 0 110 25 0 0 0
1668217537 8320 4425 3988 30 291 62 2 17 11 0 23 0 25 0 0 110 25 0 0 0
1668267079 8325 4425 3988 30 291 62 2 17 11 0 23 0 25 0 0 110 25 0 0 0
1668277170 8328 4425 3988 30 291 62 2 17 11 0 23 0 25 0 0 110 25 0 0 0
1668449508 8332 4425 3988 30 291 62 2 17 11 0 23 0 25 0 0 110 25 0 0 0
1668465925 8338 4425 3988 30 291 62 2 17 11 0 23 0 25 0 0 110 25 0 0 0
1668575567 8341 4425 3988 30 291 62 2 17 11 0 23 0 25 0 0 110 25 0 0 0
1668592617 8344 4425 3988 30 291 62 2 17 11 0 23 0 25 0 0 110 25 0 0 0
1668643966 8347 4425 3988 30 291 62 2 17 11 0 23 0 25 0 0 110 25 0 0 0
1668724612 8348 4425 3988 30 291 62 2 17 11 0 23 0 25 0 0 110 25 0 0 0
1668805524 8348 4425 3988 30 291 62 2 17 11 0 23 0 25 0 0 110 25 0 0 0
1669424402 9368 4425 3988 30 291 62 2 17 11 0 23 0 25 0 0 110 25 0 0 0
1669442331 9369 4425 3988 30 291 62 2 17 11 0 23 0 25 0 0 110 25 0 0 0
1669442345 9370 4425 3988 30 291 62 2 17 11 0 23 0 25 0 0 110 25 0 0 0
1670052237 9698 4425 3988 30 291 62 2 17 11 0 23 0 25 0 0 110 25 0 0 0
1670093572 9706 4425 3988 30 291 62 2 17 11 0 23 0 25 0 0 110 25 0 0 0
1670095957 9753 4425 3988 30 291 62 2 17 11 0 23 0 25 0 0 110 25 0 0 0
1670108248 9795 4425 3988 30 291 62 2 17 11 0 23 0 25 0 0 110 25 0 0 0
1670108553 9808 4425 3988 30 291 62 2 17 11 0 23 0 25 0 0 110 25 0 0 0
1670175772 9808 4427 3988 30 291 62 2 17 11 0 23 0 25 0 0 110 25 0 0 0
1670875398 9812 4427 3988 30 291 62 2 17 11 0 23 0 25 0 0 110 25 0 0 0
1671045668 9812 4427 4138 30 291 62 2 17 11 0 23 0 25 0 0 110 25 0 0 0
1671072585 9812 4427 4139 30 291 62 2 17 11 0 23 0 25 0 0 110 25 0 0 0
1672243398 9833 4427 4139 30 291 62 2 17 11 0 23 0 25 0 0 110 25 0 0 0
1672611359 9836 4427 4139 30 291 62 2 17 11 0 23 0 25 0 0 110 25 0 0 0
1672615061 9841 4427 4139 30 291 62 2 17 11 0 23 0 25 0 0 110 25 0 0 0
1672616220 9860 4427 4139 30 291 62 2 17 11 0 23 0 25 0 0 110 25 0 0 0
1672618488 10117 4427 4139 30 291 62 2 17 11 0 23 0 25 0 0 110 25 0 0 0
1672734196 10119 4427 4139 30 291 62 2 17 11 0 23 0 25 0 0 110 25 0 0 0
1672767740 10909 4427 4139 30 291 62 2 17 11 0 23 0 25 0 0 110 25 0 0 0
1672777611 11038 4427 4139 30 291 62 2 17 11 0 23 0 25 0 0 110 25 0 0 0
1672778225 11040 4427 4139 30 291 62 2 17 11 0 23 0 25 0 0 110 25 0 0 0
1672957464 11106 4427 4139 30 291 62 2 17 11 0 23 0 25 0 0 110 25 0 0 0
1673029785 11306 4427 4139 30 291 62 2 17 11 0 23 0 25 0 0 110 25 0 0 0
1673034985 11306 4427 4139 30 291 62 2 17 11 0 23 0 25 1 0 110 25 0 0 0
1673119587 11752 4427 4139 30 291 62 2 17 11 0 23 0 25 1 0 110 25 0 0 0
1673123087 11752 4496 4139 30 291 62 2 17 11 0 23 0 25 1 0 110 25 0 0 0
1673169441 11752 4496 4192 30 291 62 2 17 11 0 23 0 25 1 0 110 25 0 0 0
1673291169 11752 4496 4275 30 291 62 2 17 11 0 23 0 25 1 0 110 25 0 0 0
1673292156 11752 4500 4275 30 291 62 2 17 11 0 23 0 25 1 0 110 25 0 0 0
1673711723 11785 4500 4275 30 291 62 2 17 11 0 23 0 25 1 0 110 25 0 0 0
1673727182 11791 4500 4275 30 291 62 2 17 11 0 23 0 25 1 0 110 25 0 0 0
1673740261 12220 4500 4275 30 291 62 2 17 11 0 23 0 25 1 0 110 25 0 0 0
1673752197 12268 4500 4275 30 291 62 2 17 11 0 23 0 25 1 0 110 25 0 0 0
1673813850 12463 4500 4275 30 291 62 2 17 11 0 23 0 25 1 0 110 25 0 0 0
1673815260 12512 4500 4275 30 291 62 2 17 11 0 23 0 25 1 0 110 25 0 0 0
1673817855 12736 4500 4275 30 291 62 2 17 11 0 23 0 25 1 0 110 25 0 0 0
1673848336 12738 4500 4275 30 291 62 2 17 11 0 23 0 25 1 0 110 25 0 0 0
1673892137 12738 4500 4275 30 291 62 469 17 11 0 23 0 25 1 0 110 25 0 0 0
1673910558 12764 4500 4275 30 291 62 469 17 11 0 23 0 25 1 0 110 25 0 0 0
1673912499 12814 4500 4275 30 291 62 469 17 11 0 23 0 25 1 0 110 25 0 0 0
1673918353 13237 4500 4275 30 291 62 469 17 11 0 23 0 25 1 0 110 25 0 0 0
1673926656 13297 4500 4275 30 291 62 469 17 11 0 23 0 25 1 0 110 25 0 0 0
1673926736 13309 4500 4275 30 291 62 469 17 11 0 23 0 25 1 0 110 25 0 0 0
1673934399 13390 4500 4275 30 291 62 469 17 11 0 23 0 25 1 0 110 25 0 0 0
1673934410 13421 4500 4275 30 291 62 469 17 11 0 23 0 25 1 0 110 25 0 0 0
1673935893 13433 4500 4275 30 291 62 469 17 11 0 23 0 25 1 0 110 25 0 0 0
1673979103 13433 4500 4275 33 291 62 469 17 11 0 23 0 25 1 0 110 25 0 0 0
1673979121 13433 4500 4275 36 291 62 469 17 11 0 23 0 25 1 0 110 25 0 0 0
1674253210 13433 4572 4275 36 291 62 469 17 11 0 23 0 25 1 0 110 25 0 0 0
1674254253 13433 4594 4275 36 291 62 469 17 11 0 23 0 25 1 0 110 25 0 0 0
1674254763 13433 4605 4275 36 291 62 469 17 11 0 23 0 25 1 0 110 25 0 0 0
1674255138 13433 4625 4275 36 291 62 469 17 11 0 23 0 25 1 0 110 25 0 0 0
1674255677 13433 4626 4275 36 291 62 469 17 11 0 23 0 25 1 0 110 25 0 0 0
1675276126 13433 4636 4275 36 291 62 469 17 11 0 23 0 25 1 0 110 25 0 0 0
1675276762 13433 4637 4275 36 291 62 469 17 11 0 23 0 25 1 0 110 25 0 0 0
1675283442 13433 4637 4275 36 291 62 469 107 11 0 23 0 25 1 0 110 25 0 0 0
1675296891 13445 4637 4275 36 291 62 469 107 11 0 23 0 25 1 0 110 25 0 0 0
1675437337 13446 4637 4285 36 291 62 469 107 11 0 23 0 25 1 0 110 25 0 0 0
1675658822 13446 4637 4285 36 314 62 469 107 11 0 23 0 25 1 0 110 25 0 0 0
1675785494 13498 4637 4285 36 314 62 469 107 11 0 23 0 25 1 0 110 25 0 0 0
1675884925 13498 4637 4300 36 314 62 469 107 11 0 23 0 25 1 0 110 25 0 0 0
1676147809 13673 4637 4300 36 314 62 469 107 11 0 23 0 25 1 0 110 25 0 0 0
1676148329 13673 4637 4300 36 314 62 469 107 11 0 23 0 25 1 0 110 25 1 0 0
1676399923 13673 4637 4300 36 314 62 469 107 11 0 23 1 25 1 0 110 25 1 0 0
1676433527 13673 4639 4300 36 314 62 469 107 11 0 23 1 25 1 0 110 25 1 0 0
1676595561 14039 4639 4300 36 314 62 469 107 11 0 23 1 25 1 0 110 25 1 0 0
1676657561 14039 4713 4300 36 314 62 469 107 11 0 23 1 25 1 0 110 25 1 0 0
1676663816 14127 4713 4300 36 314 62 469 107 11 0 23 1 25 1 0 110 25 1 0 0
1676673246 14665 4713 4300 36 314 62 469 107 11 0 23 1 25 1 0 110 25 1 0 0
1676681157 14772 4713 4300 36 314 62 469 107 11 0 23 1 25 1 0 110 25 1 0 0
1676682235 15924 4713 4300 36 314 62 469 107 11 0 23 1 25 1 0 110 25 1 0 0
1676741002 15938 4713 4300 36 314 62 469 107 11 0 23 1 25 1 0 110 25 1 0 0
1676781342 15938 4713 4345 36 314 62 469 107 11 0 23 1 25 1 0 110 25 1 0 0
1677006534 15938 4713 4346 36 314 62 469 107 11 0 23 1 25 1 0 110 25 1 0 0
1677097020 16014 4713 4346 36 314 62 469 107 11 0 23 1 25 1 0 110 25 1 0 0
1677109580 16014 4713 4346 36 314 70 469 107 11 0 23 1 25 1 0 110 25 1 0 0
1677140926 16018 4713 4346 36 314 70 469 107 11 0 23 1 25 1 0 110 25 1 0 0
1677593706 16018 4727 4346 36 314 70 469 107 11 0 23 1 25 1 0 110 25 1 0 0
1677703151 16018 4727 4346 36 314 70 469 107 11 0 23 1 25 1 0 110 25 1 0 0
1677713410 16018 4727 4352 36 314 70 469 107 11 0 23 1 25 1 0 110 25 1 0 0
1677896597 16093 4727 4352 36 314 70 469 107 11 0 23 1 25 1 0 110 25 1 0 0
1677957175 16095 4731 4352 36 314 70 469 107 11 0 23 1 25 1 0 110 25 1 0 0
1678067532 16099 4731 4352 36 314 70 469 107 11 0 23 1 25 1 0 110 25 1 0 0
1678227022 16100 4731 4352 36 314 70 469 107 11 0 23 1 25 1 0 110 25 1 0 0
1678232536 16100 4731 4352 36 314 70 469 107 11 0 23 1 25 1 0 110 25 1 0 4
1678393484 16100 4731 4352 36 314 70 469 107 11 0 23 1 25 1 0 110 25 1 0 4
1678469877 16100 4731 4352 36 314 70 608 107 11 0 23 1 25 1 0 110 25 1 0 4
1678494714 16103 4731 4352 36 314 70 608 107 11 0 23 1 25 1 0 110 25 1 0 4
1678497352 16104 4731 4352 36 314 70 608 107 11 0 23 1 25 1 0 110 25 1 0 4
1678563311 16104 4760 4352 36 314 70 608 107 11 0 23 1 25 1 0 110 25 1 0 4
1678585600 16104 4760 4352 36 314 70 608 107 11 0 23 1 25 1 0 110 25 1 0 4
1678588570 16105 4760 4352 36 314 70 608 107 11 0 23 1 25 1 0 110 25 1 0 4
1679668665 16105 4782 4352 36 314 70 608 107 11 0 23 1 25 1 0 110 25 1 0 4
1680303520 16105 4782 4352 40 314 70 608 107 11 0 23 1 25 1 0 110 25 1 0 4
1680565442 16105 4782 4352 40 314 70 608 107 11 0 23 2 25 1 0 110 25 1 0 4
1680581759 16105 4782 4352 43 314 70 608 107 11 0 23 2 25 1 0 110 25 1 0 4
1680825377 16105 4786 4352 43 314 70 608 107 11 0 23 2 25 1 0 110 25 1 0 4
1681317966 16105 4790 4352 43 314 70 608 107 11 0 23 2 25 1 0 110 25 1 0 4
1681849639 16105 4793 4352 43 314 70 608 107 11 0 23 2 25 1 0 110 25 1 0 4
1681911924 16105 4820 4352 43 314 70 608 107 11 0 23 2 25 1 0 110 25 1 0 4
1681938543 16105 4820 4352 43 316 70 608 107 11 0 23 2 25 1 0 110 25 1 0 4
1682993930 16105 4820 4352 43 316 70 608 107 11 0 23 2 25 1 0 110 25 1 221 4
1682997670 16121 4820 4352 43 316 70 608 107 11 0 23 2 25 1 0 110 25 1 221 4
1682997701 16123 4820 4352 43 316 70 608 107 11 0 23 2 25 1 0 110 25 1 221 4
1682998233 16123 4820 4352 46 316 70 608 107 11 0 23 2 25 1 0 110 25 1 221 4
1683316205 16123 4827 4352 46 316 70 608 107 11 0 23 2 25 1 0 110 25 1 221 4
1683324676 16123 4827 4352 46 430 70 608 107 11 0 23 2 25 1 0 110 25 1 221 4
1683326821 16123 4827 4352 46 444 70 608 107 11 0 23 2 25 1 0 110 25 1 221 4
1683333301 16123 4827 4352 46 561 70 608 107 11 0 23 2 25 1 2 110 25 1 221 4
1683557230 16123 4828 4352 49 561 70 608 107 11 0 23 2 25 1 2 110 25 1 221 4
1683557558 16123 4833 4352 49 561 70 608 107 11 0 23 2 25 1 2 110 25 1 221 4
1683760060 16123 4833 4352 49 595 70 608 107 11 0 23 2 25 1 2 110 25 1 221 4
1683859555 16123 4833 4354 49 595 70 608 107 11 0 23 2 25 1 2 110 25 1 221 4
1684178155 16123 4833 4354 49 595 70 1392 107 11 0 23 2 25 1 2 110 25 1 221 4
1684274217 16123 4833 4354 49 595 70 1550 107 11 0 23 2 25 1 2 110 25 1 221 4
1684274826 16123 4833 4354 49 595 70 1550 107 11 0 23 2 25 1 2 110 25 1 221 4
1684277877 16123 4833 4354 49 620 70 1550 107 11 0 23 2 25 1 2 110 25 1 221 4
1684278890 16123 4833 4354 49 620 70 2088 107 11 0 23 2 25 1 2 110 25 1 221 4
1684280776 16123 4833 4354 49 620 70 2089 107 11 0 23 2 25 1 2 110 25 1 221 4
1684285756 16123 4833 4354 50 620 70 2089 107 11 0 23 2 25 1 2 110 25 1 221 4
1684335882 16123 4885 4354 50 620 70 2089 107 11 0 23 2 25 1 2 110 25 1 221 4
1686113241 16123 4885 4355 50 620 70 2089 107 11 0 23 2 25 1 2 110 25 1 221 4
1686632592 16123 4885 4355 53 620 70 2089 107 11 0 23 2 25 1 2 110 25 1 221 4
1686633416 16123 4885 4355 58 620 70 2089 107 11 0 23 2 25 1 2 110 25 1 221 4
1686633760 16123 4885 4355 59 620 70 2089 107 11 0 23 2 25 1 2 110 25 1 221 4
1686698793 16123 4885 4355 59 745 70 2089 107 11 0 23 2 25 1 2 110 25 1 221 4
1686706613 16123 4885 4355 59 749 70 2089 107 11 0 23 2 25 1 2 110 25 1 221 4
1686778590 16123 4885 4355 59 752 70 2089 107 11 104 23 2 25 1 2 110 25 1 221 4
1686873056 16123 4885 4355 61 752 70 2089 107 11 104 23 2 25 1 2 110 25 1 221 4
1687466724 16123 4885 4355 61 752 70 2089 107 11 106 23 2 25 1 2 110 25 1 221 4
1688955407 16123 4885 4355 62 752 70 2089 107 11 106 23 2 25 1 2 110 25 1 221 4
1689055350 16123 4885 4355 65 752 70 2089 107 11 106 23 2 25 1 2 110 25 1 221 4
1689555358 16123 4885 4355 68 752 70 2089 107 11 106 23 2 25 1 2 110 25 1 221 4
1689620092 16123 4886 4355 71 752 70 2089 107 11 106 23 2 25 1 2 110 25 1 221 4
1689700866 16123 4890 4355 71 752 70 2089 107 11 106 23 2 25 1 2 110 25 1 221 4
1689700910 16123 4896 4355 71 752 70 2089 107 11 106 23 2 25 1 2 110 25 1 221 4
1689960922 16123 4901 4355 71 752 70 2089 107 11 106 23 2 25 1 2 110 25 1 221 4
