1405118341 1 0 0 0 0 0 0 0 0 0 0 0 0 0 0 0 0 0 0 0
1408306012 2 0 0 0 0 0 0 0 0 0 0 0 0 0 0 0 0 0 0 0
1408563519 3 0 0 0 0 0 0 0 0 0 0 0 0 0 0 0 0 0 0 0
1408567864 4 0 0 0 0 0 0 0 0 0 0 0 0 0 0 0 0 0 0 0
1408567884 5 0 0 0 0 0 0 0 0 0 0 0 0 0 0 0 0 0 0 0
1408594222 6 0 0 0 0 0 0 0 0 0 0 0 0 0 0 0 0 0 0 0
1408598666 7 0 0 0 0 0 0 0 0 0 0 0 0 0 0 0 0 0 0 0
1410472564 8 0 0 0 0 0 0 0 0 0 0 0 0 0 0 0 0 0 0 0
1410566566 9 0 0 0 0 0 0 0 0 0 0 0 0 0 0 0 0 0 0 0
1410570572 10 0 0 0 0 0 0 0 0 0 0 0 0 0 0 0 0 0 0 0
1410625639 11 0 0 0 0 0 0 0 0 0 0 0 0 0 0 0 0 0 0 0
1410638304 12 0 0 0 0 0 0 0 0 0 0 0 0 0 0 0 0 0 0 0
1410638367 13 0 0 0 0 0 0 0 0 0 0 0 0 0 0 0 0 0 0 0
1410909751 13 0 0 0 0 0 0 1 0 0 0 0 0 0 0 0 0 0 0 0
1410910691 14 0 0 0 0 0 0 1 0 0 0 0 0 0 0 0 0 0 0 0
1410952280 15 0 0 0 0 0 0 1 0 0 0 0 0 0 0 0 0 0 0 0
1411397190 16 0 0 0 0 0 0 1 0 0 0 0 0 0 0 0 0 0 0 0
1411415025 17 0 0 0 0 0 0 1 0 0 0 0 0 0 0 0 0 0 0 0
1411416499 18 0 0 0 0 0 0 1 0 0 0 0 0 0 0 0 0 0 0 0
1411418110 19 0 0 0 0 0 0 1 0 0 0 0 0 0 0 0 0 0 0 0
1411420122 20 0 0 0 0 0 0 1 0 0 0 0 0 0 0 0 0 0 0 0
1411423223 21 0 0 0 0 0 0 1 0 0 0 0 0 0 0 0 0 0 0 0
1411423796 22 0 0 0 0 0 0 1 0 0 0 0 0 0 0 0 0 0 0 0
1411452896 23 0 0 0 0 0 0 1 0 0 0 0 0 0 0 0 0 0 0 0
1411516412 24 0 0 0 0 0 0 1 0 0 0 0 0 0 0 0 0 0 0 0
1412973352 24 0 0 0 0 0 0 1 0 0 1 0 0 0 0 0 0 0 0 0
1412973509 24 0 0 0 0 0 0 1 0 0 2 0 0 0 0 0 0 0 0 0
1412973653 24 0 0 0 0 0 0 1 0 0 3 0 0 0 0 0 0 0 0 0
1413018044 24 0 0 0 0 0 0 1 0 0 4 0 0 0 0 0 0 0 0 0
1413023347 24 0 0 0 0 0 0 1 0 0 5 0 0 0 0 0 0 0 0 0
1413318803 25 0 0 0 0 0 0 1 0 0 5 0 0 0 0 0 0 0 0 0
1413319152 26 0 0 0 0 0 0 1 0 0 5 0 0 0 0 0 0 0 0 0
1413319500 27 0 0 0 0 0 0 1 0 0 5 0 0 0 0 0 0 0 0 0
1413319905 28 0 0 0 0 0 0 1 0 0 5 0 0 0 0 0 0 0 0 0
1413319985 29 0 0 0 0 0 0 1 0 0 5 0 0 0 0 0 0 0 0 0
1413320028 30 0 0 0 0 0 0 1 0 0 5 0 0 0 0 0 0 0 0 0
1413422427 31 0 0 0 0 0 0 1 0 0 5 0 0 0 0 0 0 0 0 0
1413422888 32 0 0 0 0 0 0 1 0 0 5 0 0 0 0 0 0 0 0 0
1413423626 33 0 0 0 0 0 0 1 0 0 5 0 0 0 0 0 0 0 0 0
1413424454 34 0 0 0 0 0 0 1 0 0 5 0 0 0 0 0 0 0 0 0
1413436366 35 0 0 0 0 0 0 1 0 0 5 0 0 0 0 0 0 0 0 0
1413548616 36 0 0 0 0 0 0 1 0 0 5 0 0 0 0 0 0 0 0 0
1413570179 37 0 0 0 0 0 0 1 0 0 5 0 0 0 0 0 0 0 0 0
1413836133 38 0 0 0 0 0 0 1 0 0 5 0 0 0 0 0 0 0 0 0
1413837364 39 0 0 0 0 0 0 1 0 0 5 0 0 0 0 0 0 0 0 0
1413837485 40 0 0 0 0 0 0 1 0 0 5 0 0 0 0 0 0 0 0 0
1413842621 41 0 0 0 0 0 0 1 0 0 5 0 0 0 0 0 0 0 0 0
1413843098 42 0 0 0 0 0 0 1 0 0 5 0 0 0 0 0 0 0 0 0
1413916130 43 0 0 0 0 0 0 1 0 0 5 0 0 0 0 0 0 0 0 0
1414048913 44 0 0 0 0 0 0 1 0 0 5 0 0 0 0 0 0 0 0 0
1414173172 45 0 0 0 0 0 0 1 0 0 5 0 0 0 0 0 0 0 0 0
1414194361 46 0 0 0 0 0 0 1 0 0 5 0 0 0 0 0 0 0 0 0
1414426051 47 0 0 0 0 0 0 1 0 0 5 0 0 0 0 0 0 0 0 0
1414426099 48 0 0 0 0 0 0 1 0 0 5 0 0 0 0 0 0 0 0 0
1414533584 49 0 0 0 0 0 0 1 0 0 5 0 0 0 0 0 0 0 0 0
1414555222 50 0 0 0 0 0 0 1 0 0 5 0 0 0 0 0 0 0 0 0
1414556077 51 0 0 0 0 0 0 1 0 0 5 0 0 0 0 0 0 0 0 0
1414567032 52 0 0 0 0 0 0 1 0 0 5 0 0 0 0 0 0 0 0 0
1414570203 53 0 0 0 0 0 0 1 0 0 5 0 0 0 0 0 0 0 0 0
1414570633 54 0 0 0 0 0 0 1 0 0 5 0 0 0 0 0 0 0 0 0
1414570949 55 0 0 0 0 0 0 1 0 0 5 0 0 0 0 0 0 0 0 0
1414571335 56 0 0 0 0 0 0 1 0 0 5 0 0 0 0 0 0 0 0 0
1414571392 57 0 0 0 0 0 0 1 0 0 5 0 0 0 0 0 0 0 0 0
1414571424 58 0 0 0 0 0 0 1 0 0 5 0 0 0 0 0 0 0 0 0
1414571650 59 0 0 0 0 0 0 1 0 0 5 0 0 0 0 0 0 0 0 0
1414606890 60 0 0 0 0 0 0 1 0 0 5 0 0 0 0 0 0 0 0 0
1414656329 61 0 0 0 0 0 0 1 0 0 5 0 0 0 0 0 0 0 0 0
1414657171 62 0 0 0 0 0 0 1 0 0 5 0 0 0 0 0 0 0 0 0
1414706488 63 0 0 0 0 0 0 1 0 0 5 0 0 0 0 0 0 0 0 0
1414706869 64 0 0 0 0 0 0 1 0 0 5 0 0 0 0 0 0 0 0 0
1414713730 65 0 0 0 0 0 0 1 0 0 5 0 0 0 0 0 0 0 0 0
1414715866 66 0 0 0 0 0 0 1 0 0 5 0 0 0 0 0 0 0 0 0
1414777206 67 0 0 0 0 0 0 1 0 0 5 0 0 0 0 0 0 0 0 0
1414777355 68 0 0 0 0 0 0 1 0 0 5 0 0 0 0 0 0 0 0 0
1414781113 69 0 0 0 0 0 0 1 0 0 5 0 0 0 0 0 0 0 0 0
1414795275 70 0 0 0 0 0 0 1 0 0 5 0 0 0 0 0 0 0 0 0
1414795734 71 0 0 0 0 0 0 1 0 0 5 0 0 0 0 0 0 0 0 0
1414796378 72 0 0 0 0 0 0 1 0 0 5 0 0 0 0 0 0 0 0 0
1414801531 73 0 0 0 0 0 0 1 0 0 5 0 0 0 0 0 0 0 0 0
1414805245 74 0 0 0 0 0 0 1 0 0 5 0 0 0 0 0 0 0 0 0
1414806222 75 0 0 0 0 0 0 1 0 0 5 0 0 0 0 0 0 0 0 0
1414811665 76 0 0 0 0 0 0 1 0 0 5 0 0 0 0 0 0 0 0 0
1414812378 77 0 0 0 0 0 0 1 0 0 5 0 0 0 0 0 0 0 0 0
1414820736 78 0 0 0 0 0 0 1 0 0 5 0 0 0 0 0 0 0 0 0
1414823509 79 0 0 0 0 0 0 1 0 0 5 0 0 0 0 0 0 0 0 0
1414823528 80 0 0 0 0 0 0 1 0 0 5 0 0 0 0 0 0 0 0 0
1414823588 81 0 0 0 0 0 0 1 0 0 5 0 0 0 0 0 0 0 0 0
1414837375 82 0 0 0 0 0 0 1 0 0 5 0 0 0 0 0 0 0 0 0
1414838262 83 0 0 0 0 0 0 1 0 0 5 0 0 0 0 0 0 0 0 0
1414838332 84 0 0 0 0 0 0 1 0 0 5 0 0 0 0 0 0 0 0 0
1414840879 85 0 0 0 0 0 0 1 0 0 5 0 0 0 0 0 0 0 0 0
1414840903 86 0 0 0 0 0 0 1 0 0 5 0 0 0 0 0 0 0 0 0
1414874688 87 0 0 0 0 0 0 1 0 0 5 0 0 0 0 0 0 0 0 0
1414968919 88 0 0 0 0 0 0 1 0 0 5 0 0 0 0 0 0 0 0 0
1414968945 89 0 0 0 0 0 0 1 0 0 5 0 0 0 0 0 0 0 0 0
1415101950 89 0 0 0 0 0 0 1 0 0 5 0 1 0 0 0 0 0 0 0
1415125474 90 0 0 0 0 0 0 1 0 0 5 0 1 0 0 0 0 0 0 0
1415414037 91 0 0 0 0 0 0 1 0 0 5 0 1 0 0 0 0 0 0 0
1415414335 92 0 0 0 0 0 0 1 0 0 5 0 1 0 0 0 0 0 0 0
1415414580 93 0 0 0 0 0 0 1 0 0 5 0 1 0 0 0 0 0 0 0
1415415787 94 0 0 0 0 0 0 1 0 0 5 0 1 0 0 0 0 0 0 0
1415417044 95 0 0 0 0 0 0 1 0 0 5 0 1 0 0 0 0 0 0 0
1415417434 96 0 0 0 0 0 0 1 0 0 5 0 1 0 0 0 0 0 0 0
1415420955 97 0 0 0 0 0 0 1 0 0 5 0 1 0 0 0 0 0 0 0
1415752592 98 0 0 0 0 0 0 1 0 0 5 0 1 0 0 0 0 0 0 0
1415754283 99 0 0 0 0 0 0 1 0 0 5 0 1 0 0 0 0 0 0 0
1415756295 100 0 0 0 0 0 0 1 0 0 5 0 1 0 0 0 0 0 0 0
1415907690 101 0 0 0 0 0 0 1 0 0 5 0 1 0 0 0 0 0 0 0
1415908634 102 0 0 0 0 0 0 1 0 0 5 0 1 0 0 0 0 0 0 0
1415914327 103 0 0 0 0 0 0 1 0 0 5 0 1 0 0 0 0 0 0 0
1418601423 104 0 0 0 0 0 0 1 0 0 5 0 1 0 0 0 0 0 0 0
1418602333 105 0 0 0 0 0 0 1 0 0 5 0 1 0 0 0 0 0 0 0
1418611223 106 0 0 0 0 0 0 1 0 0 5 0 1 0 0 0 0 0 0 0
1418617546 107 0 0 0 0 0 0 1 0 0 5 0 1 0 0 0 0 0 0 0
1418781739 108 0 0 0 0 0 0 1 0 0 5 0 1 0 0 0 0 0 0 0
1418811935 109 0 0 0 0 0 0 1 0 0 5 0 1 0 0 0 0 0 0 0
1418814313 110 0 0 0 0 0 0 1 0 0 5 0 1 0 0 0 0 0 0 0
1418819751 111 0 0 0 0 0 0 1 0 0 5 0 1 0 0 0 0 0 0 0
1418820146 112 0 0 0 0 0 0 1 0 0 5 0 1 0 0 0 0 0 0 0
1418870109 112 0 0 0 0 0 0 2 0 0 5 0 1 0 0 0 0 0 0 0
1418870127 112 0 0 0 0 0 0 3 0 0 5 0 1 0 0 0 0 0 0 0
1418870300 112 0 0 0 0 0 0 4 0 0 5 0 1 0 0 0 0 0 0 0
1418871382 112 0 0 0 0 0 0 5 0 0 5 0 1 0 0 0 0 0 0 0
1418872233 112 0 0 0 0 0 0 6 0 0 5 0 1 0 0 0 0 0 0 0
1418873220 112 0 0 0 0 0 0 7 0 0 5 0 1 0 0 0 0 0 0 0
1418874378 113 0 0 0 0 0 0 7 0 0 5 0 1 0 0 0 0 0 0 0
1418874445 114 0 0 0 0 0 0 7 0 0 5 0 1 0 0 0 0 0 0 0
1418973878 115 0 0 0 0 0 0 7 0 0 5 0 1 0 0 0 0 0 0 0
1418974117 116 0 0 0 0 0 0 7 0 0 5 0 1 0 0 0 0 0 0 0
1418975119 117 0 0 0 0 0 0 7 0 0 5 0 1 0 0 0 0 0 0 0
1418975291 118 0 0 0 0 0 0 7 0 0 5 0 1 0 0 0 0 0 0 0
1418976580 119 0 0 0 0 0 0 7 0 0 5 0 1 0 0 0 0 0 0 0
1418987084 120 0 0 0 0 0 0 7 0 0 5 0 1 0 0 0 0 0 0 0
1418990933 121 0 0 0 0 0 0 7 0 0 5 0 1 0 0 0 0 0 0 0
1419102834 122 0 0 0 0 0 0 7 0 0 5 0 1 0 0 0 0 0 0 0
1419108298 123 0 0 0 0 0 0 7 0 0 5 0 1 0 0 0 0 0 0 0
1419110467 124 0 0 0 0 0 0 7 0 0 5 0 1 0 0 0 0 0 0 0
1419293650 125 0 0 0 0 0 0 7 0 0 5 0 1 0 0 0 0 0 0 0
1419294234 126 0 0 0 0 0 0 7 0 0 5 0 1 0 0 0 0 0 0 0
1419294274 127 0 0 0 0 0 0 7 0 0 5 0 1 0 0 0 0 0 0 0
1419295760 128 0 0 0 0 0 0 7 0 0 5 0 1 0 0 0 0 0 0 0
1419364356 129 0 0 0 0 0 0 7 0 0 5 0 1 0 0 0 0 0 0 0
1419366932 130 0 0 0 0 0 0 7 0 0 5 0 1 0 0 0 0 0 0 0
1419370056 131 0 0 0 0 0 0 7 0 0 5 0 1 0 0 0 0 0 0 0
1419375727 132 0 0 0 0 0 0 7 0 0 5 0 1 0 0 0 0 0 0 0
1419471076 133 0 0 0 0 0 0 7 0 0 5 0 1 0 0 0 0 0 0 0
1419472328 134 0 0 0 0 0 0 7 0 0 5 0 1 0 0 0 0 0 0 0
1419555595 135 0 0 0 0 0 0 7 0 0 5 0 1 0 0 0 0 0 0 0
1419556261 136 0 0 0 0 0 0 7 0 0 5 0 1 0 0 0 0 0 0 0
1419556738 137 0 0 0 0 0 0 7 0 0 5 0 1 0 0 0 0 0 0 0
1419556756 138 0 0 0 0 0 0 7 0 0 5 0 1 0 0 0 0 0 0 0
1419574533 139 0 0 0 0 0 0 7 0 0 5 0 1 0 0 0 0 0 0 0
1419575303 140 0 0 0 0 0 0 7 0 0 5 0 1 0 0 0 0 0 0 0
1419575652 141 0 0 0 0 0 0 7 0 0 5 0 1 0 0 0 0 0 0 0
1419575863 142 0 0 0 0 0 0 7 0 0 5 0 1 0 0 0 0 0 0 0
1420073849 143 0 0 0 0 0 0 7 0 0 5 0 1 0 0 0 0 0 0 0
1420480079 144 0 0 0 0 0 0 7 0 0 5 0 1 0 0 0 0 0 0 0
1420677440 145 0 0 0 0 0 0 7 0 0 5 0 1 0 0 0 0 0 0 0
1420677605 146 0 0 0 0 0 0 7 0 0 5 0 1 0 0 0 0 0 0 0
1420761374 147 0 0 0 0 0 0 7 0 0 5 0 1 0 0 0 0 0 0 0
1420762574 148 0 0 0 0 0 0 7 0 0 5 0 1 0 0 0 0 0 0 0
1420763707 149 0 0 0 0 0 0 7 0 0 5 0 1 0 0 0 0 0 0 0
1420764904 150 0 0 0 0 0 0 7 0 0 5 0 1 0 0 0 0 0 0 0
1420765995 151 0 0 0 0 0 0 7 0 0 5 0 1 0 0 0 0 0 0 0
1420792966 152 0 0 0 0 0 0 7 0 0 5 0 1 0 0 0 0 0 0 0
1420797499 153 0 0 0 0 0 0 7 0 0 5 0 1 0 0 0 0 0 0 0
1420832368 154 0 0 0 0 0 0 7 0 0 5 0 1 0 0 0 0 0 0 0
1420834430 155 0 0 0 0 0 0 7 0 0 5 0 1 0 0 0 0 0 0 0
1420836566 156 0 0 0 0 0 0 7 0 0 5 0 1 0 0 0 0 0 0 0
1420837437 157 0 0 0 0 0 0 7 0 0 5 0 1 0 0 0 0 0 0 0
1420960073 158 0 0 0 0 0 0 7 0 0 5 0 1 0 0 0 0 0 0 0
1421008049 159 0 0 0 0 0 0 7 0 0 5 0 1 0 0 0 0 0 0 0
1421008085 160 0 0 0 0 0 0 7 0 0 5 0 1 0 0 0 0 0 0 0
1421011533 161 0 0 0 0 0 0 7 0 0 5 0 1 0 0 0 0 0 0 0
1421014636 162 0 0 0 0 0 0 7 0 0 5 0 1 0 0 0 0 0 0 0
1421015848 163 0 0 0 0 0 0 7 0 0 5 0 1 0 0 0 0 0 0 0
1421017292 164 0 0 0 0 0 0 7 0 0 5 0 1 0 0 0 0 0 0 0
1421017809 165 0 0 0 0 0 0 7 0 0 5 0 1 0 0 0 0 0 0 0
1421018234 166 0 0 0 0 0 0 7 0 0 5 0 1 0 0 0 0 0 0 0
1421091988 167 0 0 0 0 0 0 7 0 0 5 0 1 0 0 0 0 0 0 0
1421104139 168 0 0 0 0 0 0 7 0 0 5 0 1 0 0 0 0 0 0 0
1421112305 169 0 0 0 0 0 0 7 0 0 5 0 1 0 0 0 0 0 0 0
1421137752 170 0 0 0 0 0 0 7 0 0 5 0 1 0 0 0 0 0 0 0
1421178163 171 0 0 0 0 0 0 7 0 0 5 0 1 0 0 0 0 0 0 0
1421188313 172 0 0 0 0 0 0 7 0 0 5 0 1 0 0 0 0 0 0 0
1421189850 173 0 0 0 0 0 0 7 0 0 5 0 1 0 0 0 0 0 0 0
1421190124 174 0 0 0 0 0 0 7 0 0 5 0 1 0 0 0 0 0 0 0
1421193710 175 0 0 0 0 0 0 7 0 0 5 0 1 0 0 0 0 0 0 0
1421195804 176 0 0 0 0 0 0 7 0 0 5 0 1 0 0 0 0 0 0 0
1421195909 177 0 0 0 0 0 0 7 0 0 5 0 1 0 0 0 0 0 0 0
1421198611 178 0 0 0 0 0 0 7 0 0 5 0 1 0 0 0 0 0 0 0
1421199369 179 0 0 0 0 0 0 7 0 0 5 0 1 0 0 0 0 0 0 0
1421217081 180 0 0 0 0 0 0 7 0 0 5 0 1 0 0 0 0 0 0 0
1421369455 181 0 0 0 0 0 0 7 0 0 5 0 1 0 0 0 0 0 0 0
1421435657 182 0 0 0 0 0 0 7 0 0 5 0 1 0 0 0 0 0 0 0
1421622640 183 0 0 0 0 0 0 7 0 0 5 0 1 0 0 0 0 0 0 0
1422728899 183 0 0 0 0 0 0 8 0 0 5 0 1 0 0 0 0 0 0 0
1422730348 184 0 0 0 0 0 0 8 0 0 5 0 1 0 0 0 0 0 0 0
1423415171 185 0 0 0 0 0 0 8 0 0 5 0 1 0 0 0 0 0 0 0
1423415313 186 0 0 0 0 0 0 8 0 0 5 0 1 0 0 0 0 0 0 0
1423636997 187 0 0 0 0 0 0 8 0 0 5 0 1 0 0 0 0 0 0 0
1424028811 187 0 0 0 0 0 0 8 0 0 5 0 2 0 0 0 0 0 0 0
1424994388 187 0 0 0 0 0 0 8 0 0 5 0 2 0 0 0 0 0 0 0
1425252881 188 0 0 0 0 0 0 8 0 0 5 0 2 0 0 0 0 0 0 0
1425256605 189 0 0 0 0 0 0 8 0 0 5 0 2 0 0 0 0 0 0 0
1425521143 190 0 0 0 0 0 0 8 0 0 5 0 2 0 0 0 0 0 0 0
1426810788 191 0 0 0 0 0 0 8 0 0 5 0 2 0 0 0 0 0 0 0
1427354295 192 0 0 0 0 0 0 8 0 0 5 0 2 0 0 0 0 0 0 0
1427421034 193 0 0 0 0 0 0 8 0 0 5 0 2 0 0 0 0 0 0 0
1428290732 194 0 0 0 0 0 0 8 0 0 5 0 2 0 0 0 0 0 0 0
1428291631 195 0 0 0 0 0 0 8 0 0 5 0 2 0 0 0 0 0 0 0
1428294523 196 0 0 0 0 0 0 8 0 0 5 0 2 0 0 0 0 0 0 0
1428295844 197 0 0 0 0 0 0 8 0 0 5 0 2 0 0 0 0 0 0 0
1428296688 198 0 0 0 0 0 0 8 0 0 5 0 2 0 0 0 0 0 0 0
1428297952 199 0 0 0 0 0 0 8 0 0 5 0 2 0 0 0 0 0 0 0
1428298999 200 0 0 0 0 0 0 8 0 0 5 0 2 0 0 0 0 0 0 0
1428299283 201 0 0 0 0 0 0 8 0 0 5 0 2 0 0 0 0 0 0 0
1428299975 202 0 0 0 0 0 0 8 0 0 5 0 2 0 0 0 0 0 0 0
1428300511 203 0 0 0 0 0 0 8 0 0 5 0 2 0 0 0 0 0 0 0
1428301358 204 0 0 0 0 0 0 8 0 0 5 0 2 0 0 0 0 0 0 0
1428302072 205 0 0 0 0 0 0 8 0 0 5 0 2 0 0 0 0 0 0 0
1428302726 206 0 0 0 0 0 0 8 0 0 5 0 2 0 0 0 0 0 0 0
1428339948 207 0 0 0 0 0 0 8 0 0 5 0 2 0 0 0 0 0 0 0
1428341666 208 0 0 0 0 0 0 8 0 0 5 0 2 0 0 0 0 0 0 0
1428342351 209 0 0 0 0 0 0 8 0 0 5 0 2 0 0 0 0 0 0 0
1428356434 210 0 0 0 0 0 0 8 0 0 5 0 2 0 0 0 0 0 0 0
1428357461 211 0 0 0 0 0 0 8 0 0 5 0 2 0 0 0 0 0 0 0
1428361079 212 0 0 0 0 0 0 8 0 0 5 0 2 0 0 0 0 0 0 0
1428387028 213 0 0 0 0 0 0 8 0 0 5 0 2 0 0 0 0 0 0 0
1428387445 214 0 0 0 0 0 0 8 0 0 5 0 2 0 0 0 0 0 0 0
1428388494 216 0 0 0 0 0 0 8 0 0 5 0 2 0 0 0 0 0 0 0
1429122698 217 0 0 0 0 0 0 8 0 0 5 0 2 0 0 0 0 0 0 0
1429475632 218 0 0 0 0 0 0 8 0 0 5 0 2 0 0 0 0 0 0 0
1429476127 219 0 0 0 0 0 0 8 0 0 5 0 2 0 0 0 0 0 0 0
1429476352 220 0 0 0 0 0 0 8 0 0 5 0 2 0 0 0 0 0 0 0
1429476956 221 0 0 0 0 0 0 8 0 0 5 0 2 0 0 0 0 0 0 0
1429483784 222 0 0 0 0 0 0 8 0 0 5 0 2 0 0 0 0 0 0 0
1429485284 223 0 0 0 0 0 0 8 0 0 5 0 2 0 0 0 0 0 0 0
1429485434 224 0 0 0 0 0 0 8 0 0 5 0 2 0 0 0 0 0 0 0
1429485688 225 0 0 0 0 0 0 8 0 0 5 0 2 0 0 0 0 0 0 0
1429819703 226 0 0 0 0 0 0 8 0 0 5 0 2 0 0 0 0 0 0 0
1430428683 227 0 0 0 0 0 0 8 0 0 5 0 2 0 0 0 0 0 0 0
1431793970 228 0 0 0 0 0 0 8 0 0 5 0 2 0 0 0 0 0 0 0
1431926752 229 0 0 0 0 0 0 8 0 0 5 0 2 0 0 0 0 0 0 0
1431926884 230 0 0 0 0 0 0 8 0 0 5 0 2 0 0 0 0 0 0 0
1431927652 231 0 0 0 0 0 0 8 0 0 5 0 2 0 0 0 0 0 0 0
1432584812 232 0 0 0 0 0 0 8 0 0 5 0 2 0 0 0 0 0 0 0
1432584842 233 0 0 0 0 0 0 8 0 0 5 0 2 0 0 0 0 0 0 0
1432684840 233 0 0 0 0 0 0 9 0 0 5 0 2 0 0 0 0 0 0 0
1432685596 233 0 0 0 0 0 0 10 0 0 5 0 2 0 0 0 0 0 0 0
1437854373 234 0 0 0 0 0 0 10 0 0 5 0 2 0 0 0 0 0 0 0
1437854431 235 0 0 0 0 0 0 10 0 0 5 0 2 0 0 0 0 0 0 0
1438551462 236 0 0 0 0 0 0 10 0 0 5 0 2 0 0 0 0 0 0 0
1438552419 237 0 0 0 0 0 0 10 0 0 5 0 2 0 0 0 0 0 0 0
1438552436 238 0 0 0 0 0 0 10 0 0 5 0 2 0 0 0 0 0 0 0
1438558419 239 0 0 0 0 0 0 10 0 0 5 0 2 0 0 0 0 0 0 0
1438558521 240 0 0 0 0 0 0 10 0 0 5 0 2 0 0 0 0 0 0 0
1439610958 240 0 0 0 0 1 0 10 0 0 5 0 2 0 0 0 0 0 0 0
1439873416 240 0 0 0 0 2 0 10 0 0 5 0 2 0 0 0 0 0 0 0
1439873819 241 0 0 0 0 2 0 10 0 0 5 0 2 0 0 0 0 0 0 0
1440441288 266 0 0 0 0 2 0 10 0 0 5 0 2 0 0 0 0 0 0 0
1440441956 267 0 0 0 0 2 0 10 0 0 5 0 2 0 0 0 0 0 0 0
1440442812 268 0 0 0 0 2 0 10 0 0 5 0 2 0 0 0 0 0 0 0
1440443547 269 0 0 0 0 2 0 10 0 0 5 0 2 0 0 0 0 0 0 0
1440446478 270 0 0 0 0 2 0 10 0 0 5 0 2 0 0 0 0 0 0 0
1440535459 271 0 0 0 0 2 0 10 0 0 5 0 2 0 0 0 0 0 0 0
1440535527 272 0 0 0 0 2 0 10 0 0 5 0 2 0 0 0 0 0 0 0
1440541983 273 0 0 0 0 2 0 10 0 0 5 0 2 0 0 0 0 0 0 0
1441229730 273 0 0 0 0 3 0 10 0 0 5 0 2 0 0 0 0 0 0 0
1441302895 274 0 0 0 0 3 0 10 0 0 5 0 2 0 0 0 0 0 0 0
1441585255 275 0 0 0 0 3 0 10 0 0 5 0 2 0 0 0 0 0 0 0
1441585288 276 0 0 0 0 3 0 10 0 0 5 0 2 0 0 0 0 0 0 0
1441585429 277 0 0 0 0 3 0 10 0 0 5 0 2 0 0 0 0 0 0 0
1441585460 278 0 0 0 0 3 0 10 0 0 5 0 2 0 0 0 0 0 0 0
1441585545 279 0 0 0 0 3 0 10 0 0 5 0 2 0 0 0 0 0 0 0
1441585618 280 0 0 0 0 3 0 10 0 0 5 0 2 0 0 0 0 0 0 0
1441670363 281 0 0 0 0 3 0 10 0 0 5 0 2 0 0 0 0 0 0 0
1441670768 282 0 0 0 0 3 0 10 0 0 5 0 2 0 0 0 0 0 0 0
1441671110 283 0 0 0 0 3 0 10 0 0 5 0 2 0 0 0 0 0 0 0
1441671453 284 0 0 0 0 3 0 10 0 0 5 0 2 0 0 0 0 0 0 0
1442748828 285 0 0 0 0 3 0 10 0 0 5 0 2 0 0 0 0 0 0 0
1442797290 286 0 0 0 0 3 0 10 0 0 5 0 2 0 0 0 0 0 0 0
1442797419 287 0 0 0 0 3 0 10 0 0 5 0 2 0 0 0 0 0 0 0
1442806693 287 0 0 0 0 3 0 10 0 0 5 0 2 0 0 0 0 1 0 0
1442845500 288 0 0 0 0 3 0 10 0 0 5 0 2 0 0 0 0 1 0 0
1442934985 288 0 0 0 0 3 0 10 0 0 5 0 2 0 0 0 0 1 0 0
1442936744 289 0 0 0 0 3 0 10 0 0 5 0 2 0 0 0 0 1 0 0
1443203015 289 0 0 0 0 3 0 10 0 0 5 0 2 0 0 0 0 2 0 0
1443246901 289 0 0 0 0 3 0 10 0 0 5 0 2 0 0 0 0 3 0 0
1443315357 290 0 0 0 0 3 0 10 0 0 5 0 2 0 0 0 0 3 0 0
1444596560 291 0 0 0 0 3 0 10 0 0 5 0 2 0 0 0 0 3 0 0
1444596592 293 0 0 0 0 3 0 10 0 0 5 0 2 0 0 0 0 3 0 0
1445790992 294 0 0 0 0 3 0 10 0 0 5 0 2 0 0 0 0 3 0 0
1445791251 295 0 0 0 0 3 0 10 0 0 5 0 2 0 0 0 0 3 0 0
1446052040 296 0 0 0 0 3 0 10 0 0 5 0 2 0 0 0 0 3 0 0
1446063986 297 0 0 0 0 3 0 10 0 0 5 0 2 0 0 0 0 3 0 0
1446064273 298 0 0 0 0 3 0 10 0 0 5 0 2 0 0 0 0 3 0 0
1446099002 299 0 0 0 0 3 0 10 0 0 5 0 2 0 0 0 0 3 0 0
1446494845 300 0 0 0 0 3 0 10 0 0 5 0 2 0 0 0 0 3 0 0
1446495330 301 0 0 0 0 3 0 10 0 0 5 0 3 0 0 0 0 3 0 0
1446500567 302 0 0 0 0 3 0 10 0 0 5 0 3 0 0 0 0 3 0 0
1446501523 303 0 0 0 0 3 0 10 0 0 5 0 3 0 0 0 0 3 0 0
1446508561 304 0 0 0 0 3 0 10 0 0 5 0 3 0 0 0 0 3 0 0
1446508818 306 0 0 0 0 3 0 10 0 0 5 0 3 0 0 0 0 3 0 0
1446580630 307 0 0 0 0 3 0 10 0 0 5 0 3 0 0 0 0 3 0 0
1446580925 308 0 0 0 0 3 0 10 0 0 5 0 3 0 0 0 0 3 0 0
1446709107 308 0 0 0 0 3 0 10 0 0 5 0 4 0 0 0 0 3 0 0
1446709279 308 0 0 0 0 3 0 10 0 0 5 0 5 0 0 0 0 3 0 0
1446745689 330 0 0 0 0 3 0 10 0 0 5 0 5 0 0 0 0 3 0 0
1446852284 331 0 0 0 0 3 0 10 0 0 5 0 5 0 0 0 0 3 0 0
1446854493 332 0 0 0 0 3 0 10 0 0 5 0 5 0 0 0 0 3 0 0
1446856325 333 0 0 0 0 3 0 10 0 0 5 0 5 0 0 0 0 3 0 0
1446856980 334 0 0 0 0 3 0 10 0 0 5 0 5 0 0 0 0 3 0 0
1446860067 335 0 0 0 0 3 0 10 0 0 5 0 5 0 0 0 0 3 0 0
1446913879 336 0 0 0 0 3 0 10 0 0 5 0 5 0 0 0 0 3 0 0
1447116573 337 0 0 0 0 3 0 10 0 0 5 0 5 0 0 0 0 3 0 0
1447118533 338 0 0 0 0 3 0 10 0 0 5 0 5 0 0 0 0 3 0 0
1447118685 339 0 0 0 0 3 0 10 0 0 5 0 5 0 0 0 0 3 0 0
1447118719 340 0 0 0 0 3 0 10 0 0 5 0 5 0 0 0 0 3 0 0
1447139986 341 0 0 0 0 3 0 10 0 0 5 0 5 0 0 0 0 3 0 0
1447140337 342 0 0 0 0 3 0 10 0 0 5 0 5 0 0 0 0 3 0 0
1447201244 343 0 0 0 0 3 0 10 0 0 5 0 5 0 0 0 0 3 0 0
1447201397 344 0 0 0 0 3 0 10 0 0 5 0 5 0 0 0 0 3 0 0
1447203014 344 0 0 0 0 3 1 10 0 0 5 0 5 0 0 0 0 3 0 0
1447205698 344 0 0 0 0 3 2 10 0 0 5 0 5 0 0 0 0 3 0 0
1447206028 344 0 0 0 0 3 3 10 0 0 5 0 5 0 0 0 0 3 0 0
1447206589 345 0 0 0 0 3 3 10 0 0 5 0 5 0 0 0 0 3 0 0
1447206877 346 0 0 0 0 3 3 10 0 0 5 0 5 0 0 0 0 3 0 0
1447207658 346 0 0 0 0 3 4 10 0 0 5 0 5 0 0 0 0 3 0 0
1447207874 347 0 0 0 0 3 4 10 0 0 5 0 5 0 0 0 0 3 0 0
1447222335 347 0 0 0 0 3 5 10 0 0 5 0 5 0 0 0 0 3 0 0
1447224265 348 0 0 0 0 3 5 10 0 0 5 0 5 0 0 0 0 3 0 0
1447249405 348 0 0 0 0 3 5 10 0 0 5 0 5 0 0 0 0 3 0 0
1447264783 348 0 0 0 0 3 5 10 0 0 5 0 5 0 0 0 0 3 0 0
1447264911 348 0 0 0 0 3 5 10 0 0 5 0 5 0 0 0 0 3 0 0
1447265362 349 0 0 0 0 3 5 10 0 0 5 0 5 0 0 0 0 3 0 0
1447614036 350 0 0 0 0 3 5 10 0 0 5 0 5 0 0 0 0 3 0 0
1447700312 351 0 0 0 0 3 5 10 0 0 5 0 5 0 0 0 0 3 0 0
1447700806 352 0 0 0 0 3 5 10 0 0 5 0 5 0 0 0 0 3 0 0
1447701681 353 0 0 0 0 3 5 10 0 0 5 0 5 0 0 0 0 3 0 0
1447709341 354 0 0 0 0 3 5 10 0 0 5 0 5 0 0 0 0 3 0 0
1447709719 355 0 0 0 0 3 5 10 0 0 5 0 5 0 0 0 0 3 0 0
1447724380 356 0 0 0 0 3 5 10 0 0 5 0 5 0 0 0 0 3 0 0
1447724556 357 0 0 0 0 3 5 10 0 0 5 0 5 0 0 0 0 3 0 0
1448017198 357 1 0 0 0 3 5 10 0 0 5 0 5 0 0 0 0 3 0 0
1448034652 358 1 0 0 0 3 5 10 0 0 5 0 5 0 0 0 0 3 0 0
1448090913 359 1 0 0 0 3 5 10 0 0 5 0 5 0 0 0 0 3 0 0
1448091227 360 1 0 0 0 3 5 10 0 0 5 0 5 0 0 0 0 3 0 0
1448093436 361 1 0 0 0 3 5 10 0 0 5 0 5 0 0 0 0 3 0 0
1448323241 362 1 0 0 0 3 5 10 0 0 5 0 5 0 0 0 0 3 0 0
1448323665 363 1 0 0 0 3 5 10 0 0 5 0 5 0 0 0 0 3 0 0
1448328770 364 1 0 0 0 3 5 10 0 0 5 0 5 0 0 0 0 3 0 0
1448329527 365 1 0 0 0 3 5 10 0 0 5 0 5 0 0 0 0 3 0 0
1448678246 366 1 0 0 0 3 5 10 0 0 5 0 5 0 0 0 0 3 0 0
1448678406 367 1 0 0 0 3 5 10 0 0 5 0 5 0 0 0 0 3 0 0
1448875514 368 1 0 0 0 3 5 10 0 0 5 0 5 0 0 0 0 3 0 0
1449105531 368 2 0 0 0 3 5 10 0 0 5 0 5 0 0 0 0 3 0 0
1449105975 368 3 0 0 0 3 5 10 0 0 5 0 5 0 0 0 0 3 0 0
1449193843 368 4 0 0 0 3 5 10 0 0 5 0 5 0 0 0 0 3 0 0
1449193986 368 5 0 0 0 3 5 10 0 0 5 0 5 0 0 0 0 3 0 0
1449194668 368 6 0 0 0 3 5 10 0 0 5 0 5 0 0 0 0 3 0 0
1449195337 369 6 0 0 0 3 5 10 0 0 5 0 5 0 0 0 0 3 0 0
1449352539 371 6 0 0 0 3 5 10 0 0 5 0 5 0 0 0 0 3 0 0
1449353663 372 6 0 0 0 3 5 10 0 0 5 0 5 0 0 0 0 3 0 0
1449655824 372 6 0 0 0 3 5 10 0 0 5 0 5 0 0 0 0 3 0 0
1449657423 372 6 0 0 0 3 5 10 0 0 5 0 5 0 0 0 0 3 0 0
1449684967 372 6 0 0 0 3 5 10 0 0 5 0 5 0 0 0 0 3 0 0
1449695329 373 6 0 0 0 3 5 10 0 0 5 0 5 0 0 0 0 3 0 0
1449695464 374 6 0 0 0 3 5 10 0 0 5 0 5 0 0 0 0 3 0 0
1449695524 375 6 0 0 0 3 5 10 0 0 5 0 5 0 0 0 0 3 0 0
1449695550 377 6 0 0 0 3 5 10 0 0 5 0 5 0 0 0 0 3 0 0
1449781162 378 6 0 0 0 3 5 10 0 0 5 0 5 0 0 0 0 3 0 0
1449850727 379 6 0 0 0 3 5 10 0 0 5 0 5 0 0 0 0 3 0 0
1449969366 380 6 0 0 0 3 5 10 0 0 5 0 5 0 0 0 0 3 0 0
1449969560 381 6 0 0 0 3 5 10 0 0 5 0 5 0 0 0 0 3 0 0
1449970108 382 6 0 0 0 3 5 10 0 0 5 0 5 0 0 0 0 3 0 0
1449970153 383 6 0 0 0 3 5 10 0 0 5 0 5 0 0 0 0 3 0 0
1449970269 384 6 0 0 0 3 5 10 0 0 5 0 5 0 0 0 0 3 0 0
1449970651 385 6 0 0 0 3 5 10 0 0 5 0 5 0 0 0 0 3 0 0
1449970832 386 6 0 0 0 3 5 10 0 0 5 0 5 0 0 0 0 3 0 0
1449971629 387 6 0 0 0 3 5 10 0 0 5 0 5 0 0 0 0 3 0 0
1450014292 387 7 0 0 0 3 5 10 0 0 5 0 5 0 0 0 0 3 0 0
1450015037 387 8 0 0 0 3 5 10 0 0 5 0 5 0 0 0 0 3 0 0
1450015174 387 9 0 0 0 3 5 10 0 0 5 0 5 0 0 0 0 3 0 0
1450015602 387 10 0 0 0 3 5 10 0 0 5 0 5 0 0 0 0 3 0 0
1450046910 389 10 0 0 0 3 5 10 0 0 5 0 5 0 0 0 0 3 0 0
1450047276 390 10 0 0 0 3 5 10 0 0 5 0 5 0 0 0 0 3 0 0
1450053692 390 11 0 0 0 3 5 10 0 0 5 0 5 0 0 0 0 3 0 0
1450054825 391 11 0 0 0 3 5 10 0 0 5 0 5 0 0 0 0 3 0 0
1450055087 392 11 0 0 0 3 5 10 0 0 5 0 5 0 0 0 0 3 0 0
1450092243 392 12 0 0 0 3 5 10 0 0 5 0 5 0 0 0 0 3 0 0
1450136196 392 13 0 0 0 3 5 10 0 0 5 0 5 0 0 0 0 3 0 0
1450138525 393 15 0 0 0 3 5 10 0 0 5 0 5 0 0 0 0 3 0 0
1450156184 393 16 0 0 0 3 5 10 0 0 5 0 5 0 0 0 0 3 0 0
1450158189 393 17 0 0 0 3 5 10 0 0 5 0 5 0 0 0 0 3 0 0
1450196026 393 18 0 0 0 3 5 10 0 0 5 0 5 0 0 0 0 3 0 0
1450198543 393 19 0 0 0 3 5 10 0 0 5 0 5 0 0 0 0 3 0 0
1450396676 394 19 0 0 0 3 5 10 0 0 5 0 5 0 0 0 0 3 0 0
1450397325 394 20 0 0 0 3 5 10 0 0 5 0 5 0 0 0 0 3 0 0
1450397463 394 21 0 0 0 3 5 10 0 0 5 0 5 0 0 0 0 3 0 0
1450398455 395 21 0 0 0 3 5 10 0 0 5 0 5 0 0 0 0 3 0 0
1450435262 395 22 0 0 0 3 5 10 0 0 5 0 5 0 0 0 0 3 0 0
1450456734 396 22 0 0 0 3 5 10 0 0 5 0 5 0 0 0 0 3 0 0
1450457454 397 22 0 0 0 3 5 10 0 0 5 0 5 0 0 0 0 3 0 0
1450457816 398 22 0 0 0 3 5 10 0 0 5 0 5 0 0 0 0 3 0 0
1450485716 398 23 0 0 0 3 5 10 0 0 5 0 5 0 0 0 0 3 0 0
1450487827 399 23 0 0 0 3 5 10 0 0 5 0 5 0 0 0 0 3 0 0
1450997082 400 23 0 0 0 3 5 10 0 0 5 0 5 0 0 0 0 3 0 0
1450997332 401 23 0 0 0 3 5 10 0 0 5 0 5 0 0 0 0 3 0 0
1451000506 402 23 0 0 0 3 5 10 0 0 5 0 5 0 0 0 0 3 0 0
1451008134 403 23 0 0 0 3 5 10 0 0 5 0 5 0 0 0 0 3 0 0
1451008260 404 23 0 0 0 3 5 10 0 0 5 0 5 0 0 0 0 3 0 0
1451017074 404 24 0 0 0 3 5 10 0 0 5 0 5 0 0 0 0 3 0 0
1451022111 405 24 0 0 0 3 5 10 0 0 5 0 5 0 0 0 0 3 0 0
1451024387 405 25 0 0 0 3 5 10 0 0 5 0 5 0 0 0 0 3 0 0
1451024994 406 25 0 0 0 3 5 10 0 0 5 0 5 0 0 0 0 3 0 0
1451049830 406 26 0 0 0 3 5 10 0 0 5 0 5 0 0 0 0 3 0 0
1451050034 406 27 0 0 0 3 5 10 0 0 5 0 5 0 0 0 0 3 0 0
1451244521 407 27 0 0 0 3 5 10 0 0 5 0 5 0 0 0 0 3 0 0
1451244553 408 27 0 0 0 3 5 10 0 0 5 0 5 0 0 0 0 3 0 0
1451244853 409 27 0 0 0 3 5 10 0 0 5 0 5 0 0 0 0 3 0 0
1451514941 410 27 0 0 0 3 5 10 0 0 5 0 5 0 0 0 0 3 0 0
1451546220 411 27 0 0 0 3 5 10 0 0 5 0 5 0 0 0 0 3 0 0
1451549326 412 27 0 0 0 3 5 10 0 0 5 0 5 0 0 0 0 3 0 0
1452204643 413 27 0 0 0 3 5 10 0 0 5 0 5 0 0 0 0 3 0 0
1452205082 414 27 0 0 0 3 5 10 0 0 5 0 5 0 0 0 0 3 0 0
1452349293 414 28 0 0 0 3 5 10 0 0 5 0 5 0 0 0 0 3 0 0
1452362631 415 28 0 0 0 3 5 10 0 0 5 0 5 0 0 0 0 3 0 0
1452362804 416 28 0 0 0 3 5 10 0 0 5 0 5 0 0 0 0 3 0 0
1452430620 416 29 0 0 0 3 5 10 0 0 5 0 5 0 0 0 0 3 0 0
1452445755 417 29 0 0 0 3 5 10 0 0 5 0 5 0 0 0 0 3 0 0
1452474944 418 29 0 0 0 3 5 10 0 0 5 0 5 0 0 0 0 3 0 0
1452475233 419 29 0 0 0 3 5 10 0 0 5 0 5 0 0 0 0 3 0 0
1452648797 420 29 0 0 0 3 5 10 0 0 5 0 5 0 0 0 0 3 0 0
1452648882 421 29 0 0 0 3 5 10 0 0 5 0 5 0 0 0 0 3 0 0
1452930564 421 30 0 0 0 3 5 10 0 0 5 0 5 0 0 0 0 3 0 0
1452934922 421 31 0 0 0 3 5 10 0 0 5 0 5 0 0 0 0 3 0 0
1452990175 422 31 0 0 0 3 5 10 0 0 5 0 5 0 0 0 0 3 0 0
1453157732 423 31 0 0 0 3 5 10 0 0 5 0 5 0 0 0 0 3 0 0
1453422783 424 31 0 0 0 3 5 10 0 0 5 0 5 0 0 0 0 3 0 0
1453423459 425 31 0 0 0 3 5 10 0 0 5 0 5 0 0 0 0 3 0 0
1453425287 426 31 0 0 0 3 5 10 0 0 5 0 5 0 0 0 0 3 0 0
1453425619 427 31 0 0 0 3 5 10 0 0 5 0 5 0 0 0 0 3 0 0
1453426556 429 31 0 0 0 3 5 10 0 0 5 0 5 0 0 0 0 3 0 0
1453427384 430 31 0 0 0 3 5 10 0 0 5 0 5 0 0 0 0 3 0 0
1453482981 431 31 0 0 0 3 5 10 0 0 5 0 5 0 0 0 0 3 0 0
1453501345 434 31 0 0 0 3 5 10 0 0 5 0 5 0 0 0 0 3 0 0
1453501567 435 31 0 0 0 3 5 10 0 0 5 0 5 0 0 0 0 3 0 0
1453502265 436 31 0 0 0 3 5 10 0 0 5 0 5 0 0 0 0 3 0 0
1453502560 437 31 0 0 0 3 5 10 0 0 5 0 5 0 0 0 0 3 0 0
1453502614 438 31 0 0 0 3 5 10 0 0 5 0 5 0 0 0 0 3 0 0
1453502902 439 31 0 0 0 3 5 10 0 0 5 0 5 0 0 0 0 3 0 0
1453510037 445 31 0 0 0 3 5 10 0 0 5 0 5 0 0 0 0 3 0 0
1453510559 446 31 0 0 0 3 5 10 0 0 5 0 5 0 0 0 0 3 0 0
1453510572 447 31 0 0 0 3 5 10 0 0 5 0 5 0 0 0 0 3 0 0
1453900825 447 32 0 0 0 3 5 10 0 0 5 0 5 0 0 0 0 3 0 0
1453913289 448 32 0 0 0 3 5 10 0 0 5 0 5 0 0 0 0 3 0 0
1453998921 448 33 0 0 0 3 5 10 0 0 5 0 5 0 0 0 0 3 0 0
1453999982 448 34 0 0 0 3 5 10 0 0 5 0 5 0 0 0 0 3 0 0
1454008535 449 34 0 0 0 3 5 10 0 0 5 0 5 0 0 0 0 3 0 0
1454048707 449 35 0 0 0 3 5 10 0 0 5 0 5 0 0 0 0 3 0 0
1454048937 449 36 0 0 0 3 5 10 0 0 5 0 5 0 0 0 0 3 0 0
1454049770 449 37 0 0 0 3 5 10 0 0 5 0 5 0 0 0 0 3 0 0
1454050200 449 38 0 0 0 3 5 10 0 0 5 0 5 0 0 0 0 3 0 0
1454050305 449 39 0 0 0 3 5 10 0 0 5 0 5 0 0 0 0 3 0 0
1454050521 449 40 0 0 0 3 5 10 0 0 5 0 5 0 0 0 0 3 0 0
1454127520 449 41 0 0 0 3 5 10 0 0 5 0 5 0 0 0 0 3 0 0
1454132414 450 41 0 0 0 3 5 10 0 0 5 0 5 0 0 0 0 3 0 0
1454137319 450 42 0 0 0 3 5 10 0 0 5 0 5 0 0 0 0 3 0 0
1454137627 450 43 0 0 0 3 5 10 0 0 5 0 5 0 0 0 0 3 0 0
1454179620 451 43 0 0 0 3 5 10 0 0 5 0 5 0 0 0 0 3 0 0
1454368914 452 43 0 0 0 3 5 10 0 0 5 0 5 0 0 0 0 3 0 0
1454369399 453 43 0 0 0 3 5 10 0 0 5 0 5 0 0 0 0 3 0 0
1454370049 454 43 0 0 0 3 5 10 0 0 5 0 5 0 0 0 0 3 0 0
1454374999 455 43 0 0 0 3 5 10 0 0 5 0 5 0 0 0 0 3 0 0
1454376226 456 43 0 0 0 3 5 10 0 0 5 0 5 0 0 0 0 3 0 0
1454376652 457 43 0 0 0 3 5 10 0 0 5 0 5 0 0 0 0 3 0 0
1454376685 458 43 0 0 0 3 5 10 0 0 5 0 5 0 0 0 0 3 0 0
1454518798 458 43 0 0 0 3 5 10 0 0 5 0 5 0 0 0 0 3 0 0
1454522073 459 50 0 0 0 3 5 10 0 0 5 0 5 0 0 0 0 3 0 0
1454540970 460 50 0 0 0 3 5 10 0 0 5 0 5 0 0 0 0 3 0 0
1454541664 461 50 0 0 0 3 5 10 0 0 5 0 5 0 0 0 0 3 0 0
1454646027 461 51 0 0 0 3 5 10 0 0 5 0 5 0 0 0 0 3 0 0
1454667314 461 52 0 0 0 3 5 10 0 0 5 0 5 0 0 0 0 3 0 0
1454695813 462 52 0 0 0 3 5 10 0 0 5 0 5 0 0 0 0 3 0 0
1454758290 462 53 0 0 0 3 5 10 0 0 5 0 5 0 0 0 0 3 0 0
1454758473 462 54 0 0 0 3 5 10 0 0 5 0 5 0 0 0 0 3 0 0
1454758788 462 55 0 0 0 3 5 10 0 0 5 0 5 0 0 0 0 3 0 0
1454783343 463 55 0 0 0 3 5 10 0 0 5 0 5 0 0 0 0 3 0 0
1454783378 464 55 0 0 0 3 5 10 0 0 5 0 5 0 0 0 0 3 0 0
1454783928 465 55 0 0 0 3 5 10 0 0 5 0 5 0 0 0 0 3 0 0
1454886618 466 55 0 0 0 3 5 10 0 0 5 0 5 0 0 0 0 3 0 0
1454912551 467 55 0 0 0 3 5 10 0 0 5 0 5 0 0 0 0 3 0 0
1454975456 468 55 0 0 0 3 5 10 0 0 5 0 5 0 0 0 0 3 0 0
1454976624 469 55 0 0 0 3 5 10 0 0 5 0 5 0 0 0 0 3 0 0
1454979093 470 59 0 0 0 3 5 10 0 0 5 0 5 0 0 0 0 3 0 0
1454986520 470 60 0 0 0 3 5 10 0 0 5 0 5 0 0 0 0 3 0 0
1455002255 470 61 0 0 0 3 5 10 0 0 5 0 5 0 0 0 0 3 0 0
1455002812 471 61 0 0 0 3 5 10 0 0 5 0 5 0 0 0 0 3 0 0
1455003449 472 61 0 0 0 3 5 10 0 0 5 0 5 0 0 0 0 3 0 0
1455003748 473 61 0 0 0 3 5 10 0 0 5 0 5 0 0 0 0 3 0 0
1455004133 473 62 0 0 0 3 5 10 0 0 5 0 5 0 0 0 0 3 0 0
1455004215 474 62 0 0 0 3 5 10 0 0 5 0 5 0 0 0 0 3 0 0
1455004320 475 62 0 0 0 3 5 10 0 0 5 0 5 0 0 0 0 3 0 0
1455004394 476 62 0 0 0 3 5 10 0 0 5 0 5 0 0 0 0 3 0 0
1455058280 477 62 0 0 0 3 5 10 0 0 5 0 5 0 0 0 0 3 0 0
1455058647 478 62 0 0 0 3 5 10 0 0 5 0 5 0 0 0 0 3 0 0
1455179802 478 63 0 0 0 3 5 10 0 0 5 0 5 0 0 0 0 3 0 0
1455331985 478 64 0 0 0 3 5 10 0 0 5 0 5 0 0 0 0 3 0 0
1455338670 479 64 0 0 0 3 5 10 0 0 5 0 5 0 0 0 0 3 0 0
1457832789 479 65 0 0 0 3 5 10 0 0 5 0 5 0 0 0 0 3 0 0
1457977084 480 65 0 0 0 3 5 10 0 0 5 0 5 0 0 0 0 3 0 0
1458111100 480 95 0 0 0 3 5 10 0 0 5 0 5 0 0 0 0 3 0 0
1458114913 480 100 0 0 0 3 5 10 0 0 5 0 5 0 0 0 0 3 0 0
1458115438 480 101 0 0 0 3 5 10 0 0 5 0 5 0 0 0 0 3 0 0
1458116418 480 102 0 0 0 3 5 10 0 0 5 0 5 0 0 0 0 3 0 0
1458167376 481 102 0 0 0 3 5 10 0 0 5 0 5 0 0 0 0 3 0 0
1458167995 482 102 0 0 0 3 5 10 0 0 5 0 5 0 0 0 0 3 0 0
1458169463 483 105 0 0 0 3 5 10 0 0 5 0 5 0 0 0 0 3 0 0
1458171457 484 105 0 0 0 3 5 10 0 0 5 0 5 0 0 0 0 3 0 0
1458178713 485 105 0 0 0 3 5 10 0 0 5 0 5 0 0 0 0 3 0 0
1458179021 486 105 0 0 0 3 5 10 0 0 5 0 5 0 0 0 0 3 0 0
1458184062 487 105 0 0 0 3 5 10 0 0 5 0 5 0 0 0 0 3 0 0
1458188271 488 105 0 0 0 3 5 10 0 0 5 0 5 0 0 0 0 3 0 0
1458188868 489 105 0 0 0 3 5 10 0 0 5 0 5 0 0 0 0 3 0 0
1458189145 490 105 0 0 0 3 5 10 0 0 5 0 5 0 0 0 0 3 0 0
1458189970 491 105 0 0 0 3 5 10 0 0 5 0 5 0 0 0 0 3 0 0
1458190220 492 105 0 0 0 3 5 10 0 0 5 0 5 0 0 0 0 3 0 0
1458192694 492 106 0 0 0 3 5 10 0 0 5 0 5 0 0 0 0 3 0 0
1458196438 492 107 0 0 0 3 5 10 0 0 5 0 5 0 0 0 0 3 0 0
1458201915 493 107 0 0 0 3 5 10 0 0 5 0 5 0 0 0 0 3 0 0
1458203231 494 107 0 0 0 3 5 10 0 0 5 0 5 0 0 0 0 3 0 0
1458203745 495 107 0 0 0 3 5 10 0 0 5 0 5 0 0 0 0 3 0 0
1458208009 495 108 0 0 0 3 5 10 0 0 5 0 5 0 0 0 0 3 0 0
1458221820 495 109 0 0 0 3 5 10 0 0 5 0 5 0 0 0 0 3 0 0
1458223736 495 110 0 0 0 3 5 10 0 0 5 0 5 0 0 0 0 3 0 0
1458226648 495 111 0 0 0 3 5 10 0 0 5 0 5 0 0 0 0 3 0 0
1458227976 495 112 0 0 0 3 5 10 0 0 5 0 5 0 0 0 0 3 0 0
1458229246 495 113 0 0 0 3 5 10 0 0 5 0 5 0 0 0 0 3 0 0
1458231635 496 113 0 0 0 3 5 10 0 0 5 0 5 0 0 0 0 3 0 0
1458231931 497 113 0 0 0 3 5 10 0 0 5 0 5 0 0 0 0 3 0 0
1458232491 498 113 0 0 0 3 5 10 0 0 5 0 5 0 0 0 0 3 0 0
1458234209 499 113 0 0 0 3 5 10 0 0 5 0 5 0 0 0 0 3 0 0
1458238907 500 113 0 0 0 3 5 10 0 0 5 0 5 0 0 0 0 3 0 0
1458239357 501 113 0 0 0 3 5 10 0 0 5 0 5 0 0 0 0 3 0 0
1458239404 502 113 0 0 0 3 5 10 0 0 5 0 5 0 0 0 0 3 0 0
1458257779 503 113 0 0 0 3 5 10 0 0 5 0 5 0 0 0 0 3 0 0
1458336950 504 113 0 0 0 3 5 10 0 0 5 0 5 0 0 0 0 3 0 0
1458339660 505 113 0 0 0 3 5 10 0 0 5 0 5 0 0 0 0 3 0 0
1458345578 506 113 0 0 0 3 5 10 0 0 5 0 5 0 0 0 0 3 0 0
1458346060 507 113 0 0 0 3 5 10 0 0 5 0 5 0 0 0 0 3 0 0
1459308530 507 114 0 0 0 3 5 10 0 0 5 0 5 0 0 0 0 3 0 0
1459310201 508 114 0 0 0 3 5 10 0 0 5 0 5 0 0 0 0 3 0 0
1459320477 509 114 0 0 0 3 5 10 0 0 5 0 5 0 0 0 0 3 0 0
1459371954 510 114 0 0 0 3 5 10 0 0 5 0 5 0 0 0 0 3 0 0
1459376043 511 114 0 0 0 3 5 10 0 0 5 0 5 0 0 0 0 3 0 0
1459376485 512 114 0 0 0 3 5 10 0 0 5 0 5 0 0 0 0 3 0 0
1459377535 514 114 0 0 0 3 5 10 0 0 5 0 5 0 0 0 0 3 0 0
1459378389 515 114 0 0 0 3 5 10 0 0 5 0 5 0 0 0 0 3 0 0
1459379020 516 114 0 0 0 3 5 10 0 0 5 0 5 0 0 0 0 3 0 0
1459379695 517 114 0 0 0 3 5 10 0 0 5 0 5 0 0 0 0 3 0 0
1459380340 518 114 0 0 0 3 5 10 0 0 5 0 5 0 0 0 0 3 0 0
1459380693 519 114 0 0 0 3 5 10 0 0 5 0 5 0 0 0 0 3 0 0
1459381833 520 114 0 0 0 3 5 10 0 0 5 0 5 0 0 0 0 3 0 0
1459537452 521 114 0 0 0 3 5 10 0 0 5 0 5 0 0 0 0 3 0 0
1459543824 522 114 0 0 0 3 5 10 0 0 5 0 5 0 0 0 0 3 0 0
1460037549 522 115 0 0 0 3 5 10 0 0 5 0 5 0 0 0 0 3 0 0
1460039310 523 115 0 0 0 3 5 10 0 0 5 0 5 0 0 0 0 3 0 0
1460270517 523 116 0 0 0 3 5 10 0 0 5 0 5 0 0 0 0 3 0 0
1460310191 525 116 0 0 0 3 5 10 0 0 5 0 5 0 0 0 0 3 0 0
1461019420 526 116 0 0 0 3 5 10 0 0 5 0 5 0 0 0 0 3 0 0
1461162427 527 116 0 0 0 3 5 10 0 0 5 0 5 0 0 0 0 3 0 0
1461164324 528 116 0 0 0 3 5 10 0 0 5 0 5 0 0 0 0 3 0 0
1461165099 529 116 0 0 0 3 5 10 0 0 5 0 5 0 0 0 0 3 0 0
1461167909 530 116 0 0 0 3 5 10 0 0 5 0 5 0 0 0 0 3 0 0
1461507491 531 116 0 0 0 3 5 10 0 0 5 0 5 0 0 0 0 3 0 0
1461536690 532 116 0 0 0 3 5 10 0 0 5 0 5 0 0 0 0 3 0 0
1461538014 533 116 0 0 0 3 5 10 0 0 5 0 5 0 0 0 0 3 0 0
1461538386 534 116 0 0 0 3 5 10 0 0 5 0 5 0 0 0 0 3 0 0
1461557128 535 116 0 0 0 3 5 10 0 0 5 0 5 0 0 0 0 3 0 0
1462491456 535 117 0 0 0 3 5 10 0 0 5 0 5 0 0 0 0 3 0 0
1462492098 536 117 0 0 0 3 5 10 0 0 5 0 5 0 0 0 0 3 0 0
1463459901 537 117 0 0 0 3 5 10 0 0 5 0 5 0 0 0 0 3 0 0
1463462129 538 117 0 0 0 3 5 10 0 0 5 0 5 0 0 0 0 3 0 0
1463462549 539 117 0 0 0 3 5 10 0 0 5 0 5 0 0 0 0 3 0 0
1463462689 540 117 0 0 0 3 5 10 0 0 5 0 5 0 0 0 0 3 0 0
1463465699 541 117 0 0 0 3 5 10 0 0 5 0 5 0 0 0 0 3 0 0
1463466227 542 117 0 0 0 3 5 10 0 0 5 0 5 0 0 0 0 3 0 0
1463466877 543 117 0 0 0 3 5 10 0 0 5 0 5 0 0 0 0 3 0 0
1463467336 544 117 0 0 0 3 5 10 0 0 5 0 5 0 0 0 0 3 0 0
1463616680 545 117 0 0 0 3 5 10 0 0 5 0 5 0 0 0 0 3 0 0
1463746861 545 118 0 0 0 3 5 10 0 0 5 0 5 0 0 0 0 3 0 0
1463748089 545 119 0 0 0 3 5 10 0 0 5 0 5 0 0 0 0 3 0 0
1463753459 546 119 0 0 0 3 5 10 0 0 5 0 5 0 0 0 0 3 0 0
1464473030 547 119 0 0 0 3 5 10 0 0 5 0 5 0 0 0 0 3 0 0
1464473498 548 119 0 0 0 3 5 10 0 0 5 0 5 0 0 0 0 3 0 0
1464473871 549 119 0 0 0 3 5 10 0 0 5 0 5 0 0 0 0 3 0 0
1464474542 550 119 0 0 0 3 5 10 0 0 5 0 5 0 0 0 0 3 0 0
1464475052 556 119 0 0 0 3 5 10 0 0 5 0 5 0 0 0 0 3 0 0
1464476270 557 119 0 0 0 3 5 10 0 0 5 0 5 0 0 0 0 3 0 0
1464476640 558 119 0 0 0 3 5 10 0 0 5 0 5 0 0 0 0 3 0 0
1464476720 559 119 0 0 0 3 5 10 0 0 5 0 5 0 0 0 0 3 0 0
1464546813 560 119 0 0 0 3 5 10 0 0 5 0 5 0 0 0 0 3 0 0
1464768521 560 120 0 0 0 3 5 10 0 0 5 0 5 0 0 0 0 3 0 0
1464768846 560 121 0 0 0 3 5 10 0 0 5 0 5 0 0 0 0 3 0 0
1464772105 560 122 0 0 0 3 5 10 0 0 5 0 5 0 0 0 0 3 0 0
1464774084 560 123 0 0 0 3 5 10 0 0 5 0 5 0 0 0 0 3 0 0
1464814855 561 123 0 0 0 3 5 10 0 0 5 0 5 0 0 0 0 3 0 0
1464815426 562 123 0 0 0 3 5 10 0 0 5 0 5 0 0 0 0 3 0 0
1465522371 563 123 0 0 0 3 5 10 0 0 5 0 5 0 0 0 0 3 0 0
1465529994 564 123 0 0 0 3 5 10 0 0 5 0 5 0 0 0 0 3 0 0
1465530330 565 123 0 0 0 3 5 10 0 0 5 0 5 0 0 0 0 3 0 0
1465530875 566 123 0 0 0 3 5 10 0 0 5 0 5 0 0 0 0 3 0 0
1465553236 566 124 0 0 0 3 5 10 0 0 5 0 5 0 0 0 0 3 0 0
1465582231 567 124 0 0 0 3 5 10 0 0 5 0 5 0 0 0 0 3 0 0
1465592077 568 124 0 0 0 3 5 10 0 0 5 0 5 0 0 0 0 3 0 0
1465600415 569 124 0 0 0 3 5 10 0 0 5 0 5 0 0 0 0 3 0 0
1465600873 570 124 0 0 0 3 5 10 0 0 5 0 5 0 0 0 0 3 0 0
1468607692 570 124 0 0 0 3 5 10 0 0 5 0 5 0 0 0 0 3 0 0
1468622247 570 124 0 0 0 3 5 10 0 0 5 0 5 0 0 0 0 3 0 0
1468859308 571 124 0 0 0 3 5 10 0 0 5 0 5 0 0 0 0 3 0 0
1468865222 572 124 0 0 0 3 5 10 0 0 5 0 5 0 0 0 0 3 0 0
1468865304 573 124 0 0 0 3 5 10 0 0 5 0 5 0 0 0 0 3 0 0
1469040376 574 124 0 0 0 3 5 10 0 0 5 0 5 0 0 0 0 3 0 0
1471807332 574 124 0 0 0 3 5 10 0 0 5 0 5 0 0 0 0 3 0 0
1471807543 574 124 0 0 0 3 5 10 0 0 5 0 5 0 0 0 0 3 0 0
1471812102 574 124 0 0 0 4 5 10 0 0 5 0 5 0 0 0 0 3 0 0
1471888065 575 124 0 0 0 4 5 10 0 0 5 0 5 0 0 0 0 3 0 0
1471997432 575 125 0 0 0 4 5 10 0 0 5 0 5 0 0 0 0 3 0 0
1472495698 575 125 0 0 0 5 5 10 0 0 5 0 5 0 0 0 0 3 0 0
1474319248 575 125 0 0 0 5 5 10 0 0 5 0 5 0 0 0 0 3 0 0
1474319392 575 125 0 0 0 5 5 10 0 0 5 0 5 0 0 0 1 3 0 0
1474319573 576 125 0 0 0 5 5 10 0 0 5 0 5 0 0 0 1 3 0 0
1474319770 577 125 0 0 0 5 5 10 0 0 5 0 5 0 0 0 1 3 0 0
1474391870 577 125 0 0 0 5 5 10 0 0 5 0 5 0 0 0 1 3 0 0
1474407970 577 125 0 0 0 5 5 10 0 0 5 0 5 0 0 0 1 3 0 0
1474519232 578 125 0 0 0 5 5 10 0 0 5 0 5 0 0 0 1 3 0 0
1474519819 579 125 0 0 0 5 5 10 0 0 5 0 5 0 0 0 1 3 0 0
1474520307 580 125 0 0 0 5 5 10 0 0 5 0 5 0 0 0 1 3 0 0
1474520455 581 125 0 0 0 5 5 10 0 0 5 0 5 0 0 0 1 3 0 0
1474520873 582 125 0 0 0 5 5 10 0 0 5 0 5 0 0 0 1 3 0 0
1474522252 583 125 0 0 0 5 5 10 0 0 5 0 5 0 0 0 1 3 0 0
1474526333 584 125 0 0 0 5 5 10 0 0 5 0 5 0 0 0 1 3 0 0
1474526718 585 125 0 0 0 5 5 10 0 0 5 0 5 0 0 0 1 3 0 0
1474527257 586 125 0 0 0 5 5 10 0 0 5 0 5 0 0 0 1 3 0 0
1474558676 586 126 0 0 0 5 5 10 0 0 5 0 5 0 0 0 1 3 0 0
1474559059 587 126 0 0 0 5 5 10 0 0 5 0 5 0 0 0 1 3 0 0
1474733157 598 127 0 0 0 5 5 10 0 0 5 0 5 0 0 0 1 3 0 0
1475762538 599 127 0 0 0 5 5 10 0 0 5 0 5 0 0 0 1 3 0 0
1475764599 600 127 0 0 0 5 5 10 0 0 5 0 5 0 0 0 1 3 0 0
1475764664 601 127 0 0 0 5 5 10 0 0 5 0 5 0 0 0 1 3 0 0
1475765130 602 127 0 0 0 5 5 10 0 0 5 0 5 0 0 0 1 3 0 0
1475765268 603 127 0 0 0 5 5 10 0 0 5 0 5 0 0 0 1 3 0 0
1475766190 604 127 0 0 0 5 5 10 0 0 5 0 5 0 0 0 1 3 0 0
1475766215 605 127 0 0 0 5 5 10 0 0 5 0 5 0 0 0 1 3 0 0
1475766278 606 127 0 0 0 5 5 10 0 0 5 0 5 0 0 0 1 3 0 0
1475766359 607 127 0 0 0 5 5 10 0 0 5 0 5 0 0 0 1 3 0 0
1475774195 608 127 0 0 0 5 5 10 0 0 5 0 5 0 0 0 1 3 0 0
1475803839 609 127 0 0 0 5 5 10 0 0 5 0 5 0 0 0 1 3 0 0
1476132300 609 128 0 0 0 5 5 10 0 0 5 0 5 0 0 0 1 3 0 0
1476344856 610 128 0 0 0 5 5 10 0 0 5 0 5 0 0 0 1 3 0 0
1476751159 611 128 0 0 0 5 5 10 0 0 5 0 5 0 0 0 1 3 0 0
1476752001 617 128 0 0 0 5 5 10 0 0 5 0 5 0 0 0 1 3 0 0
1476808038 618 128 0 0 0 5 5 10 0 0 5 0 5 0 0 0 1 3 0 0
1476810646 641 128 0 0 0 5 5 10 0 0 5 0 5 0 0 0 1 3 0 0
1476812451 642 128 0 0 0 5 5 10 0 0 5 0 5 0 0 0 1 3 0 0
1476814691 643 128 0 0 0 5 5 10 0 0 5 0 5 0 0 0 1 3 0 0
1476829668 643 128 0 0 0 5 5 10 0 0 5 0 5 0 0 0 1 3 0 0
1476831264 644 128 0 0 0 5 5 10 0 0 5 0 5 0 0 0 1 3 0 0
1476831432 645 128 0 0 0 5 5 10 0 0 5 0 5 0 0 0 1 3 0 0
1476831476 646 128 0 0 0 5 5 10 0 0 5 0 5 0 0 0 1 3 0 0
1476929737 647 128 0 0 0 5 5 10 0 0 5 0 5 0 0 0 1 3 0 0
1476931009 650 128 0 0 0 5 5 10 0 0 5 0 5 0 0 0 1 3 0 0
1476935681 651 128 0 0 0 5 5 10 0 0 5 0 5 0 0 0 1 3 0 0
1476935699 652 128 0 0 0 5 5 10 0 0 5 0 5 0 0 0 1 3 0 0
1476936041 653 128 0 0 0 5 5 10 0 0 5 0 5 0 0 0 1 3 0 0
1476938335 654 128 0 0 0 5 5 10 0 0 5 0 5 0 0 0 1 3 0 0
1476940759 655 128 0 0 0 5 5 10 0 0 5 0 5 0 0 0 1 3 0 0
1476982328 656 128 0 0 0 5 5 10 0 0 5 0 5 0 0 0 1 3 0 0
1476988408 657 128 0 0 0 5 5 10 0 0 5 0 5 0 0 0 1 3 0 0
1476990611 658 128 0 0 0 5 5 10 0 0 5 0 5 0 0 0 1 3 0 0
1477386068 658 129 0 0 0 5 5 10 0 0 5 0 5 0 0 0 1 3 0 0
1477405637 659 129 0 0 0 5 5 10 0 0 5 0 5 0 0 0 1 3 0 0
1477427234 662 129 0 0 0 5 5 10 0 0 5 0 5 0 0 0 1 3 0 0
1477432742 663 129 0 0 0 5 5 10 0 0 5 0 5 0 0 0 1 3 0 0
1477533304 663 130 0 0 0 5 5 10 0 0 5 0 5 0 0 0 1 3 0 0
1477544455 664 130 0 0 0 5 5 10 0 0 5 0 5 0 0 0 1 3 0 0
1477631633 665 130 0 0 0 5 5 10 0 0 5 0 5 0 0 0 1 3 0 0
1477631960 666 130 0 0 0 5 5 10 0 0 5 0 5 0 0 0 1 3 0 0
1477678691 667 130 0 0 0 5 5 10 0 0 5 0 5 0 0 0 1 3 0 0
1478178575 670 130 0 0 0 5 5 10 0 0 5 0 5 0 0 0 1 3 0 0
1478179791 671 130 0 0 0 5 5 10 0 0 5 0 5 0 0 0 1 3 0 0
1478260521 673 130 0 0 0 5 5 10 0 0 5 0 5 0 0 0 1 3 0 0
1478261266 674 130 0 0 0 5 5 10 0 0 5 0 5 0 0 0 1 3 0 0
1478261570 675 130 0 0 0 5 5 10 0 0 5 0 5 0 0 0 1 3 0 0
1478264816 676 130 0 0 0 5 5 10 0 0 5 0 5 0 0 0 1 3 0 0
1478265723 677 130 0 0 0 5 5 10 0 0 5 0 5 0 0 0 1 3 0 0
1478265804 678 130 0 0 0 5 5 10 0 0 5 0 5 0 0 0 1 3 0 0
1478267568 679 130 0 0 0 5 5 10 0 0 5 0 5 0 0 0 1 3 0 0
1478267727 681 130 0 0 0 5 5 10 0 0 5 0 5 0 0 0 1 3 0 0
1478462579 682 130 0 0 0 5 5 10 0 0 5 0 5 0 0 0 1 3 0 0
1478548649 683 130 0 0 0 5 5 10 0 0 5 0 5 0 0 0 1 3 0 0
1478555731 684 130 0 0 0 5 5 10 0 0 5 0 5 0 0 0 1 3 0 0
1478557253 685 130 0 0 0 5 5 10 0 0 5 0 5 0 0 0 1 3 0 0
1478561657 685 130 0 0 0 5 5 10 0 0 5 0 5 0 0 0 2 3 0 0
1478569049 685 130 0 0 0 5 5 10 0 0 5 0 5 0 0 0 3 3 0 0
1478581090 686 130 0 0 0 5 5 10 0 0 5 0 5 0 0 0 3 3 0 0
1478627217 687 130 0 0 0 5 5 10 0 0 5 0 5 0 0 0 3 3 0 0
1478722662 687 130 0 0 0 5 5 10 0 0 5 0 5 0 0 0 3 3 0 0
1478725061 688 130 0 0 0 5 5 10 0 0 5 0 5 0 0 0 3 3 0 0
1478732838 689 130 0 0 0 5 5 10 0 0 5 0 5 0 0 0 3 3 0 0
1478843296 690 130 0 0 0 5 5 10 0 0 5 0 5 0 0 0 3 3 0 0
1478903583 691 130 0 0 0 5 5 10 0 0 5 0 5 0 0 0 3 3 0 0
1478908955 692 130 0 0 0 5 5 10 0 0 5 0 5 0 0 0 3 3 0 0
1478925021 693 130 0 0 0 5 5 10 0 0 5 0 5 0 0 0 3 3 0 0
1479316390 694 130 0 0 0 5 5 10 0 0 5 0 5 0 0 0 3 3 0 0
1479322144 695 130 0 0 0 5 5 10 0 0 5 0 5 0 0 0 3 3 0 0
1479400766 695 130 0 0 0 5 5 10 0 0 5 0 5 0 0 0 3 3 0 0
1479484011 695 130 0 0 0 5 5 10 0 0 5 0 5 0 0 0 3 3 0 0
1479484309 695 130 0 0 0 5 5 10 0 0 5 0 5 0 0 0 3 3 0 0
1479494088 696 130 0 0 0 5 5 10 0 0 5 0 5 0 0 0 3 3 0 0
1479494122 697 130 0 0 0 5 5 10 0 0 5 0 5 0 0 0 3 3 0 0
1479665522 698 130 0 0 0 5 5 10 0 0 5 0 5 0 0 0 3 3 0 0
1479666135 699 130 0 0 0 5 5 10 0 0 5 0 5 0 0 0 3 3 0 0
1479668487 700 130 0 0 0 5 5 10 0 0 5 0 5 0 0 0 3 3 0 0
1480114412 701 130 0 0 0 5 5 10 0 0 5 0 5 0 0 0 3 3 0 0
1480457710 702 130 0 0 0 5 5 10 0 0 5 0 5 0 0 0 3 3 0 0
1480458332 703 130 0 0 0 5 5 10 0 0 5 0 5 0 0 0 3 3 0 0
1480459999 704 130 0 0 0 5 5 10 0 0 5 0 5 0 0 0 3 3 0 0
1480460590 705 130 0 0 0 5 5 10 0 0 5 0 5 0 0 0 3 3 0 0
1480490185 706 130 0 0 0 5 5 10 0 0 5 0 5 0 0 0 3 3 0 0
1480490393 707 130 0 0 0 5 5 10 0 0 5 0 5 0 0 0 3 3 0 0
1480526702 708 130 0 0 0 5 5 10 0 0 5 0 5 0 0 0 3 3 0 0
1480555987 709 130 0 0 0 5 5 10 0 0 5 0 5 0 0 0 3 3 0 0
1480556150 710 130 0 0 0 5 5 10 0 0 5 0 5 0 0 0 3 3 0 0
1480556334 711 130 0 0 0 5 5 10 0 0 5 0 5 0 0 0 3 3 0 0
1480735586 711 132 0 0 0 5 5 10 0 0 5 0 5 0 0 0 3 3 0 0
1480745532 711 134 0 0 0 5 5 10 0 0 5 0 5 0 0 0 3 3 0 0
1480747838 712 134 0 0 0 5 5 10 0 0 5 0 5 0 0 0 3 3 0 0
1481205699 712 134 0 0 0 5 5 10 0 0 5 0 5 0 0 0 3 3 0 0
1481206121 712 134 0 0 0 5 5 10 0 0 5 0 5 0 0 0 3 3 0 0
1481212275 713 134 0 0 0 5 5 10 0 0 5 0 5 0 0 0 3 3 0 0
1481212297 714 134 0 0 0 5 5 10 0 0 5 0 5 0 0 0 3 3 0 0
1481239470 715 134 0 0 0 5 5 10 0 0 5 0 5 0 0 0 3 3 0 0
1481239754 716 134 0 0 0 5 5 10 0 0 5 0 5 0 0 0 3 3 0 0
1481247736 716 134 0 0 0 6 5 10 0 0 5 0 5 0 0 0 3 3 0 0
1481479406 717 134 0 0 0 6 5 10 0 0 5 0 5 0 0 0 3 3 0 0
1481479435 718 134 0 0 0 6 5 10 0 0 5 0 5 0 0 0 3 3 0 0
1481479465 719 134 0 0 0 6 5 10 0 0 5 0 5 0 0 0 3 3 0 0
1481585668 719 134 0 0 0 7 5 10 0 0 5 0 5 0 0 0 3 3 0 0
1481586708 720 134 0 0 0 7 5 10 0 0 5 0 5 0 0 0 3 3 0 0
1481592925 721 134 0 0 0 7 5 10 0 0 5 0 5 0 0 0 3 3 0 0
1481657696 722 134 0 0 0 7 5 10 0 0 5 0 5 0 0 0 3 3 0 0
1481747347 723 134 0 0 0 7 5 10 0 0 5 0 5 0 0 0 3 3 0 0
1481747706 724 134 0 0 0 7 5 10 0 0 5 0 5 0 0 0 3 3 0 0
1481750574 725 134 0 0 0 7 5 10 0 0 5 0 5 0 0 0 3 3 0 0
1481759553 726 134 0 0 0 7 5 10 0 0 5 0 5 0 0 0 3 3 0 0
1481764876 727 134 0 0 0 7 5 10 0 0 5 0 5 0 0 0 3 3 0 0
1481797895 727 135 0 0 0 7 5 10 0 0 5 0 5 0 0 0 3 3 0 0
1481814271 728 135 0 0 0 7 5 10 0 0 5 0 5 0 0 0 3 3 0 0
1482105612 729 135 0 0 0 7 5 10 0 0 5 0 5 0 0 0 3 3 0 0
1482106097 730 135 0 0 0 7 5 10 0 0 5 0 5 0 0 0 3 3 0 0
1482107628 732 135 0 0 0 7 5 10 0 0 5 0 5 0 0 0 3 3 0 0
1482108243 733 135 0 0 0 7 5 10 0 0 5 0 5 0 0 0 3 3 0 0
1482108259 734 135 0 0 0 7 5 10 0 0 5 0 5 0 0 0 3 3 0 0
1482108684 735 135 0 0 0 7 5 10 0 0 5 0 5 0 0 0 3 3 0 0
1482391581 736 135 0 0 0 7 5 10 0 0 5 0 5 0 0 0 3 3 0 0
1482433834 737 135 0 0 0 7 5 10 0 0 5 0 5 0 0 0 3 3 0 0
1482433908 738 135 0 0 0 7 5 10 0 0 5 0 5 0 0 0 3 3 0 0
1482433961 739 135 0 0 0 7 5 10 0 0 5 0 5 0 0 0 3 3 0 0
1482434232 740 135 0 0 0 7 5 10 0 0 5 0 5 0 0 0 3 3 0 0
1482434575 741 135 0 0 0 7 5 10 0 0 5 0 5 0 0 0 3 3 0 0
1482435207 742 135 0 0 0 7 5 10 0 0 5 0 5 0 0 0 3 3 0 0
1482435520 743 135 0 0 0 7 5 10 0 0 5 0 5 0 0 0 3 3 0 0
1482435676 744 135 0 0 0 7 5 10 0 0 5 0 5 0 0 0 3 3 0 0
1482435743 745 135 0 0 0 7 5 10 0 0 5 0 5 0 0 0 3 3 0 0
1482435921 746 135 0 0 0 7 5 10 0 0 5 0 5 0 0 0 3 3 0 0
1482436657 747 135 0 0 0 7 5 10 0 0 5 0 5 0 0 0 3 3 0 0
1482436775 748 135 0 0 0 7 5 10 0 0 5 0 5 0 0 0 3 3 0 0
1482437014 749 135 0 0 0 7 5 10 0 0 5 0 5 0 0 0 3 3 0 0
1482437369 750 135 0 0 0 7 5 10 0 0 5 0 5 0 0 0 3 3 0 0
1482437882 751 135 0 0 0 7 5 10 0 0 5 0 5 0 0 0 3 3 0 0
1482445165 752 135 0 0 0 7 5 10 0 0 5 0 5 0 0 0 3 3 0 0
1482800253 752 135 0 0 0 7 5 10 0 0 5 0 5 0 0 0 3 3 0 0
1482806998 752 135 0 0 0 7 5 10 0 0 5 0 5 0 0 0 3 3 0 0
1482808149 752 135 0 0 0 7 5 10 0 0 5 0 5 0 0 0 3 3 0 0
1483410485 753 135 0 0 0 7 5 10 0 0 5 0 5 0 0 0 3 3 0 0
1483410500 754 135 0 0 0 7 5 10 0 0 5 0 5 0 0 0 3 3 0 0
1483410947 755 135 0 0 0 7 5 10 0 0 5 0 5 0 0 0 3 3 0 0
1483411776 756 135 0 0 0 7 5 10 0 0 5 0 5 0 0 0 3 3 0 0
1483700766 756 135 0 0 0 7 5 10 0 0 5 0 5 0 0 0 3 3 0 0
1483726970 757 135 0 0 0 7 5 10 0 0 5 0 5 0 0 0 3 3 0 0
1483727129 758 135 0 0 0 7 5 10 0 0 5 0 5 0 0 0 3 3 0 0
1484076854 759 135 0 0 0 7 5 10 0 0 5 0 5 0 0 0 3 3 0 0
1484082639 760 135 0 0 0 7 5 10 0 0 5 0 5 0 0 0 3 3 0 0
1484083134 761 135 0 0 0 7 5 10 0 0 5 0 5 0 0 0 3 3 0 0
1484083769 762 135 0 0 0 7 5 10 0 0 5 0 5 0 0 0 3 3 0 0
1484595883 763 135 0 0 0 7 5 10 0 0 5 0 5 0 0 0 3 3 0 0
1485230129 764 135 0 0 0 7 5 10 0 0 5 0 5 0 0 0 3 3 0 0
1485816469 765 135 0 0 0 7 5 10 0 0 5 0 5 0 0 0 3 3 0 0
1485821878 765 136 0 0 0 7 5 10 0 0 5 0 5 0 0 0 3 3 0 0
1485822371 765 137 0 0 0 7 5 10 0 0 5 0 5 0 0 0 3 3 0 0
1485824008 765 138 0 0 0 7 5 10 0 0 5 0 5 0 0 0 3 3 0 0
1485896758 766 138 0 0 0 7 5 10 0 0 5 0 5 0 0 0 3 3 0 0
1485897168 767 138 0 0 0 7 5 10 0 0 5 0 5 0 0 0 3 3 0 0
1486083810 768 138 0 0 0 7 5 10 0 0 5 0 5 0 0 0 3 3 0 0
1486147152 769 138 0 0 0 7 5 10 0 0 5 0 5 0 0 0 3 3 0 0
1486360328 769 138 0 0 0 7 5 10 0 0 5 0 5 0 0 0 3 3 0 0
1486376792 769 138 0 0 0 7 5 10 0 0 5 0 5 0 0 0 3 3 0 0
1486377607 769 138 0 0 0 7 5 10 0 0 5 0 5 0 0 0 3 3 0 0
1486401913 770 138 0 0 0 7 5 10 0 0 5 0 5 0 0 0 3 3 0 0
1486458914 770 139 0 0 0 7 5 10 0 0 5 0 5 0 0 0 3 3 0 0
1486459419 770 140 0 0 0 7 5 10 0 0 5 0 5 0 0 0 3 3 0 0
1486492084 771 140 0 0 0 7 5 10 0 0 5 0 5 0 0 0 3 3 0 0
1486681951 772 140 0 0 0 7 5 10 0 0 5 0 5 0 0 0 3 3 0 0
1486682284 773 140 0 0 0 7 5 10 0 0 5 0 5 0 0 0 3 3 0 0
1487776386 774 140 0 0 0 7 5 10 0 0 5 0 5 0 0 0 3 3 0 0
1487776535 775 140 0 0 0 7 5 10 0 0 5 0 5 0 0 0 3 3 0 0
1488343722 775 140 0 0 0 7 5 10 0 0 5 0 5 1 0 0 3 3 0 0
1488925939 776 140 0 0 0 7 5 10 0 0 5 0 5 1 0 0 3 3 0 0
1490727932 776 140 0 0 0 7 5 10 0 0 5 0 5 1 0 0 3 3 0 1
1490858494 776 140 0 0 0 7 5 10 0 0 5 0 5 1 0 0 3 3 0 2
1490871489 776 140 0 0 0 7 5 10 0 0 5 0 5 1 0 0 3 3 0 3
1490890635 777 146 0 0 0 7 5 10 0 0 5 0 5 1 0 0 3 3 0 3
1490921675 777 147 0 0 0 7 5 10 0 0 5 0 5 1 0 0 3 3 0 3
1490922566 777 148 0 0 0 7 5 10 0 0 5 0 5 1 0 0 3 3 0 3
1490922731 777 149 0 0 0 7 5 10 0 0 5 0 5 1 0 0 3 3 0 3
1490923564 777 150 0 0 0 7 5 10 0 0 5 0 5 1 0 0 3 3 0 3
1490924092 777 151 0 0 0 7 5 10 0 0 5 0 5 1 0 0 3 3 0 3
1490927338 777 152 0 0 0 7 5 10 0 0 5 0 5 1 0 0 3 3 0 3
1490927437 777 153 0 0 0 7 5 10 0 0 5 0 5 1 0 0 3 3 0 3
1490984243 778 153 0 0 0 7 5 10 0 0 5 0 5 1 0 0 3 3 0 3
1490984482 779 153 0 0 0 7 5 10 0 0 5 0 5 1 0 0 3 3 0 3
1490991312 780 153 0 0 0 7 5 10 0 0 5 0 5 1 0 0 3 3 0 3
1491004960 780 154 0 0 0 7 5 10 0 0 5 0 5 1 0 0 3 3 0 3
1491180003 781 154 0 0 0 7 5 10 0 0 5 0 5 1 0 0 3 3 0 3
1491180795 782 154 0 0 0 7 5 10 0 0 5 0 5 1 0 0 3 3 0 3
1491180945 783 154 0 0 0 7 5 10 0 0 5 0 5 1 0 0 3 3 0 3
1491181443 784 154 0 0 0 7 5 10 0 0 5 0 5 1 0 0 3 3 0 3
1491181529 785 154 0 0 0 7 5 10 0 0 5 0 5 1 0 0 3 3 0 3
1491181745 786 154 0 0 0 7 5 10 0 0 5 0 5 1 0 0 3 3 0 3
1491182321 787 154 0 0 0 7 5 10 0 0 5 0 5 1 0 0 3 3 0 3
1491504939 788 154 0 0 0 7 5 10 0 0 5 0 5 1 0 0 3 3 0 3
1491569217 788 155 0 0 0 7 5 10 0 0 5 0 5 1 0 0 3 3 0 3
1491570493 788 156 0 0 0 7 5 10 0 0 5 0 5 1 0 0 3 3 0 3
1491571054 788 157 0 0 0 7 5 10 0 0 5 0 5 1 0 0 3 3 0 3
1491577138 789 157 0 0 0 7 5 10 0 0 5 0 5 1 0 0 3 3 0 3
1491604970 789 157 0 0 0 7 5 10 0 1 5 0 5 1 0 0 3 3 0 3
1491869399 790 157 0 0 0 7 5 10 0 1 5 0 5 1 0 0 3 3 0 3
1491870342 791 157 0 0 0 7 5 10 0 1 5 0 5 1 0 0 3 3 0 3
1492445857 792 157 0 0 0 7 5 10 0 1 5 0 5 1 0 0 3 3 0 3
1493062238 793 157 0 0 0 7 5 10 0 2 5 0 5 1 0 0 3 3 0 3
1493423987 793 158 0 0 0 7 5 10 0 2 5 0 5 1 0 0 3 3 0 3
1493428577 794 158 0 0 0 7 5 10 0 2 5 0 5 1 0 0 3 3 0 3
1493689372 794 159 0 0 0 7 5 10 0 2 5 0 5 1 0 0 3 3 0 3
1493702491 795 159 0 0 0 7 5 10 0 2 5 0 5 1 0 0 3 3 0 3
1493706531 795 160 0 0 0 7 5 10 0 2 5 0 5 1 0 0 3 3 0 3
1493709689 796 160 0 0 0 7 5 10 0 2 5 0 5 1 0 0 3 3 0 3
1494186266 796 160 1 0 0 7 5 10 0 2 5 0 5 1 0 0 3 3 0 3
1494267403 796 160 2 0 0 7 5 10 0 2 5 0 5 1 0 0 3 3 0 3
1494420786 796 160 3 0 0 7 5 10 0 2 5 0 5 1 0 0 3 3 0 3
1494569820 796 161 3 0 0 7 5 10 0 2 5 0 5 1 0 0 3 3 0 3
1494571925 797 162 3 0 0 7 5 10 0 2 5 0 5 1 0 0 3 3 0 3
1494614043 798 162 3 0 0 7 5 10 0 2 5 0 5 1 0 0 3 3 0 3
1494615108 799 162 3 0 0 7 5 10 0 2 5 0 5 1 0 0 3 3 0 3
1494615795 800 162 3 0 0 7 5 10 0 2 5 0 5 1 0 0 3 3 0 3
1494615854 801 162 3 0 0 7 5 10 0 2 5 0 5 1 0 0 3 3 0 3
1494616284 802 162 3 0 0 7 5 10 0 2 5 0 5 1 0 0 3 3 0 3
1494616324 803 162 3 0 0 7 5 10 0 2 5 0 5 1 0 0 3 3 0 3
1494616940 804 162 3 0 0 7 5 10 0 2 5 0 5 1 0 0 3 3 0 3
1494616946 805 163 3 0 0 7 5 10 0 2 5 0 5 1 0 0 3 3 0 3
1494627842 806 164 3 0 0 7 5 10 0 2 5 0 5 1 0 0 3 3 0 3
1494632445 807 166 3 0 0 7 5 10 0 2 5 0 5 1 0 0 3 3 0 3
1494664154 807 167 3 0 0 7 5 10 0 2 5 0 5 1 0 0 3 3 0 3
1494673980 807 168 3 0 0 7 5 10 0 2 5 0 5 1 0 0 3 3 0 3
1494692410 808 168 3 0 0 7 5 10 0 2 5 0 5 1 0 0 3 3 0 3
1494882016 809 168 3 0 0 7 5 10 0 2 5 0 5 1 0 0 3 3 0 3
1494882188 810 168 3 0 0 7 5 10 0 2 5 0 5 1 0 0 3 3 0 3
1494882601 811 168 3 0 0 7 5 10 0 2 5 0 5 1 0 0 3 3 0 3
1494885400 812 168 3 0 0 7 5 10 0 2 5 0 5 1 0 0 3 3 0 3
1494915456 812 169 3 0 0 7 5 10 0 2 5 0 5 1 0 0 3 3 0 3
1494916162 813 169 3 0 0 7 5 10 0 2 5 0 5 2 0 0 3 3 0 3
1494917839 813 169 3 0 0 7 5 10 0 2 5 0 5 3 0 0 3 3 0 3
1494917874 813 169 3 0 0 7 5 10 0 2 5 0 5 4 0 0 3 3 0 3
1494965953 814 169 3 0 0 7 5 10 0 2 5 0 5 4 0 0 3 3 0 3
1494966025 815 169 3 0 0 7 5 10 0 2 5 0 5 4 0 0 3 3 0 3
1495216956 816 169 3 0 0 7 5 10 0 2 5 0 5 4 0 0 3 3 0 3
1495217535 817 169 3 0 0 7 5 10 0 2 5 0 5 4 0 0 3 3 0 3
1495218526 818 169 3 0 0 7 5 10 0 2 5 0 5 4 0 0 3 3 0 3
1495219009 819 169 3 0 0 7 5 10 0 2 5 0 5 4 0 0 3 3 0 3
1495228688 820 169 3 0 0 7 5 10 0 2 5 0 5 4 0 0 3 3 0 3
1495253295 820 170 3 0 0 7 5 10 0 2 5 0 5 4 0 0 3 3 0 3
1495253704 820 171 3 0 0 7 5 10 0 2 5 0 5 4 0 0 3 3 0 3
1495256263 820 172 3 0 0 7 5 10 0 2 5 0 5 4 0 0 3 3 0 3
1495296588 821 172 3 0 0 7 5 10 0 2 5 0 5 4 0 0 3 3 0 3
1495296883 822 172 3 0 0 7 5 10 0 2 5 0 5 4 0 0 3 3 0 3
1495296972 823 172 3 0 0 7 5 10 0 2 5 0 5 4 0 0 3 3 0 3
1495297429 824 172 3 0 0 7 5 10 0 2 5 0 5 4 0 0 3 3 0 3
1495297437 825 172 4 0 0 7 5 10 0 2 5 0 5 4 0 0 3 3 0 3
1495469931 826 172 4 0 0 7 5 10 0 2 5 0 5 4 0 0 3 3 0 3
1495471410 827 172 4 0 0 7 5 10 0 2 5 0 5 4 0 0 3 3 0 3
1495471821 828 172 4 0 0 7 5 10 0 2 5 0 5 4 0 0 3 3 0 3
1496085197 829 172 4 0 0 7 5 10 0 2 5 0 5 4 0 0 3 3 0 3
1496093704 830 172 4 0 0 7 5 10 0 2 5 0 5 4 0 0 3 3 0 3
1498005486 830 173 4 0 0 7 5 10 0 2 5 0 5 4 0 0 3 3 0 3
1498120011 830 174 4 0 0 7 5 10 0 2 5 0 5 4 0 0 3 3 0 3
1498124320 830 175 4 0 0 7 5 10 0 2 5 0 5 4 0 0 3 3 0 3
1498126567 830 176 4 0 0 7 5 10 0 2 5 0 5 4 0 0 3 3 0 3
1498127439 830 177 4 0 0 7 5 10 0 2 5 0 5 4 0 0 3 3 0 3
1498127475 830 178 4 0 0 7 5 10 0 2 5 0 5 4 0 0 3 3 0 3
1498127522 830 180 4 0 0 7 5 10 0 2 5 0 5 4 0 0 3 3 0 3
1498130933 830 181 4 0 0 7 5 10 0 2 5 0 5 4 0 0 3 3 0 3
1498136233 830 182 4 0 0 7 5 10 0 2 5 0 5 4 0 0 3 3 0 3
1498136475 830 183 4 0 0 7 5 10 0 2 5 0 5 4 0 0 3 3 0 3
1498136625 830 184 4 0 0 7 5 10 0 2 5 0 5 4 0 0 3 3 0 3
1498136722 830 185 4 0 0 7 5 10 0 2 5 0 5 4 0 0 3 3 0 3
1498140031 830 186 4 0 0 7 5 10 0 2 5 0 5 4 0 0 3 3 0 3
1498140708 830 187 4 0 0 7 5 10 0 2 5 0 5 4 0 0 3 3 0 3
1498267317 830 188 4 0 0 7 5 10 0 2 5 0 5 4 0 0 3 3 0 3
1498268701 830 189 4 0 0 7 5 10 0 2 5 0 5 4 0 0 3 3 0 3
1498271317 830 190 4 0 0 7 5 10 0 2 5 0 5 4 0 0 3 3 0 3
1498271753 830 191 4 0 0 7 5 10 0 2 5 0 5 4 0 0 3 3 0 3
1498347521 831 191 4 0 0 7 5 10 0 2 5 0 5 4 0 0 3 3 0 3
1498351156 832 191 4 0 0 7 5 10 0 2 5 0 5 4 0 0 3 3 0 3
1498371296 833 192 4 0 0 7 5 10 0 2 5 0 5 4 0 0 3 3 0 3
1498447263 834 192 4 0 0 7 5 10 0 2 5 0 5 4 0 0 3 3 0 3
1498830001 834 192 5 0 0 7 5 10 0 2 5 0 5 4 0 0 3 3 0 3
1499367610 835 192 5 0 0 7 5 10 0 2 5 0 5 4 0 0 3 3 0 3
1499795357 836 192 5 0 0 7 5 10 0 2 5 0 5 4 0 0 3 3 0 3
1499802112 839 193 5 0 0 7 5 10 0 2 5 0 5 4 0 0 3 3 0 3
1499823330 839 194 5 0 0 7 5 10 0 2 5 0 5 4 0 0 3 3 0 3
1499824758 841 194 5 0 0 7 5 10 0 2 5 0 5 4 0 0 3 3 0 3
1499877000 842 194 5 0 0 7 5 10 0 2 5 0 5 4 0 0 3 3 0 3
1499877687 843 194 5 0 0 7 5 10 0 2 5 0 5 4 0 0 3 3 0 3
1499878476 844 194 5 0 0 7 5 10 0 2 5 0 5 4 0 0 3 3 0 3
1500397853 845 194 5 0 0 7 5 10 0 2 5 0 5 4 0 0 3 3 0 3
1500406925 846 194 5 0 0 7 5 10 0 2 5 0 5 4 0 0 3 3 0 3
1500408672 847 194 5 0 0 7 5 10 0 2 5 0 5 4 0 0 3 3 0 3
1500411228 848 194 5 0 0 7 5 10 0 2 5 0 5 4 0 0 3 3 0 3
1500570553 849 194 5 0 0 7 5 10 0 2 5 0 5 4 0 0 3 3 0 3
1500570589 850 194 5 0 0 7 5 10 0 2 5 0 5 4 0 0 3 3 0 3
1501525605 851 194 5 0 0 7 5 10 0 2 5 0 5 4 0 0 3 3 0 3
1501526284 852 194 5 0 0 7 5 10 0 2 5 0 5 4 0 0 3 3 0 3
1501528643 853 194 5 0 0 7 5 10 0 2 5 0 5 4 0 0 3 3 0 3
1501828214 853 194 5 0 0 7 5 10 0 2 5 0 5 4 0 0 3 3 0 3
1501866576 854 194 5 0 0 7 5 10 0 2 5 0 5 4 0 0 3 3 0 3
1502713163 854 194 5 0 0 7 5 10 0 3 5 0 5 4 0 0 3 3 0 3
1502988001 855 194 5 0 0 7 5 10 0 3 5 0 5 4 0 0 3 3 0 3
1503091557 856 194 5 0 0 7 5 10 0 3 5 0 5 4 0 0 3 3 0 3
1503092344 857 194 5 0 0 7 5 10 0 3 5 0 5 4 0 0 3 3 0 3
1503096324 858 194 5 0 0 7 5 10 0 3 5 0 5 4 0 0 3 3 0 3
1503097502 859 194 5 0 0 7 5 10 0 3 5 0 5 4 0 0 3 3 0 3
1503098379 860 194 5 0 0 7 5 10 0 3 5 0 5 4 0 0 3 3 0 3
1503099265 861 194 5 0 0 7 5 10 0 3 5 0 5 4 0 0 3 3 0 3
1503099911 862 194 5 0 0 7 5 10 0 3 5 0 5 4 0 0 3 3 0 3
1503101627 863 194 5 0 0 7 5 10 0 3 5 0 5 4 0 0 3 3 0 3
1503102364 864 194 5 0 0 7 5 10 0 3 5 0 5 4 0 0 3 3 0 3
1503338606 865 194 5 0 0 7 5 10 0 3 5 0 5 4 0 0 3 3 0 3
1503339124 866 194 5 0 0 7 5 10 0 3 5 0 5 4 0 0 3 3 0 3
1503339232 867 194 5 0 0 7 5 10 0 3 5 0 5 4 0 0 3 3 0 3
1503339962 868 194 5 0 0 7 5 10 0 3 5 0 5 4 0 0 3 3 0 3
1503340927 869 194 5 0 0 7 5 10 0 3 5 0 5 4 0 0 3 3 0 3
1504996660 870 194 5 0 0 7 5 10 0 3 5 0 5 4 0 0 3 3 0 3
1505001814 871 194 5 0 0 7 5 10 0 3 5 0 5 4 0 0 3 3 0 3
1505002122 872 194 5 0 0 7 5 10 0 3 5 0 5 4 0 0 3 3 0 3
1505002504 873 194 5 0 0 7 5 10 0 3 5 0 5 4 0 0 3 3 0 3
1505065959 874 194 5 0 0 7 5 10 0 3 5 0 5 4 0 0 3 3 0 3
1505915749 874 194 5 0 0 7 5 10 0 3 5 0 5 4 0 0 3 3 1 3
1506323470 874 194 5 0 0 7 5 10 0 3 5 0 5 4 0 0 3 3 2 3
1506464365 875 194 5 0 0 7 5 10 0 3 5 0 5 4 0 0 3 3 2 3
1506471103 876 194 5 0 0 7 5 10 0 3 5 0 5 4 0 0 3 3 2 3
1506539728 876 194 5 0 0 7 5 10 0 3 5 0 5 4 0 0 3 3 3 3
1507140280 877 194 5 0 0 7 5 10 0 3 5 0 5 4 0 0 3 3 3 3
1507579645 878 194 5 0 0 7 5 10 0 3 5 0 5 4 0 0 3 3 3 3
1507591312 879 194 5 0 0 7 5 10 0 3 5 0 5 4 0 0 3 3 3 3
1507591472 880 194 5 0 0 7 5 10 0 3 5 0 5 4 0 0 3 3 3 3
1507591642 881 194 5 0 0 7 5 10 0 3 5 0 5 4 0 0 3 3 3 3
1507591909 882 194 5 0 0 7 5 10 0 3 5 0 5 4 0 0 3 3 3 3
1507592222 883 194 5 0 0 7 5 10 0 3 5 0 5 4 0 0 3 3 3 3
1507592605 884 194 5 0 0 7 5 10 0 3 5 0 5 4 0 0 3 3 3 3
1507593418 885 194 5 0 0 7 5 10 0 3 5 0 5 4 0 0 3 3 3 3
1507593947 886 194 5 0 0 7 5 10 0 3 5 0 5 4 0 0 3 3 3 3
1508460736 887 194 5 0 0 7 5 10 0 3 5 0 5 4 0 0 3 3 3 3
1508462371 888 194 5 0 0 7 5 10 0 3 5 0 5 4 0 0 3 3 3 3
1508462415 889 194 5 0 0 7 5 10 0 3 5 0 5 4 0 0 3 3 3 3
1508462463 890 194 5 0 0 7 5 10 0 3 5 0 5 4 0 0 3 3 3 3
1508470963 891 194 6 0 0 7 5 10 0 3 5 0 5 4 0 0 3 3 3 3
1508605359 892 194 6 0 0 7 5 10 0 3 5 0 5 4 0 0 3 3 3 3
1509683803 892 194 6 0 0 7 5 10 0 3 5 0 5 4 0 0 3 3 3 3
1509685690 893 194 6 0 0 7 5 10 0 3 5 0 5 4 0 0 3 3 3 3
1510208306 893 197 6 0 0 7 5 10 0 3 5 0 5 4 0 0 3 3 3 3
1510209572 893 198 6 0 0 7 5 10 0 3 5 0 5 4 0 0 3 3 3 3
1510210936 893 199 6 0 0 7 5 10 0 3 5 0 5 4 0 0 3 3 3 3
1510212226 893 200 6 0 0 7 5 10 0 3 5 0 5 4 0 0 3 3 3 3
1510212672 893 201 6 0 0 7 5 10 0 3 5 0 5 4 0 0 3 3 3 3
1510213194 893 202 6 0 0 7 5 10 0 3 5 0 5 4 0 0 3 3 3 3
1510215648 893 203 6 0 0 7 5 10 0 3 5 0 5 4 0 0 3 3 3 3
1510241495 893 204 6 0 0 7 5 10 0 3 5 0 5 4 0 0 3 3 3 3
1510246853 894 204 6 0 0 7 5 10 0 3 5 0 5 4 0 0 3 3 3 3
1510250156 895 204 6 0 0 7 5 10 0 3 5 0 5 4 0 0 3 3 3 3
1510251762 896 204 6 0 0 7 5 10 0 3 5 0 5 4 0 0 3 3 3 3
1510292138 896 206 6 0 0 7 5 10 0 3 5 0 5 4 0 0 3 3 3 3
1510310699 896 207 6 0 0 7 5 10 0 3 5 0 5 4 0 0 3 3 3 3
1510310790 896 208 6 0 0 7 5 10 0 3 5 0 5 4 0 0 3 3 3 3
1510311776 896 209 6 0 0 7 5 10 0 3 5 0 5 4 0 0 3 3 3 3
1510313898 896 210 6 0 0 7 5 10 0 3 5 0 5 4 0 0 3 3 3 3
1510314030 896 211 6 0 0 7 5 10 0 3 5 0 5 4 0 0 3 3 3 3
1510315609 896 212 6 0 0 7 5 10 0 3 5 0 5 4 0 0 3 3 3 3
1510315707 896 213 6 0 0 7 5 10 0 3 5 0 5 4 0 0 3 3 3 3
1510316563 896 214 6 0 0 7 5 10 0 3 5 0 5 4 0 0 3 3 3 3
1510319851 896 215 6 0 0 7 5 10 0 3 5 0 5 4 0 0 3 3 3 3
1510330181 896 216 6 0 0 7 5 10 0 3 5 0 5 4 0 0 3 3 3 3
1510334020 897 216 6 0 0 7 5 10 0 3 5 0 5 4 0 0 3 3 3 3
1510335310 898 216 6 0 0 7 5 10 0 3 5 0 5 4 0 0 3 3 3 3
1510335514 899 216 6 0 0 7 5 10 0 3 5 0 5 4 0 0 3 3 3 3
1510349611 900 216 6 0 0 7 5 10 0 3 5 0 5 4 0 0 3 3 3 3
1510349688 901 216 6 0 0 7 5 10 0 3 5 0 5 4 0 0 3 3 3 3
1510349978 902 216 6 0 0 7 5 10 0 3 5 0 5 4 0 0 3 3 3 3
1510350013 903 216 6 0 0 7 5 10 0 3 5 0 5 4 0 0 3 3 3 3
1510355539 903 217 6 0 0 7 5 10 0 3 5 0 5 4 0 0 3 3 3 3
1510356765 904 217 6 0 0 7 5 10 0 3 5 0 5 4 0 0 3 3 3 3
1510599605 905 217 6 0 0 7 5 10 0 3 5 0 5 4 0 0 3 3 3 3
1510600465 906 217 6 0 0 7 5 10 0 3 5 0 5 4 0 0 3 3 3 3
1510601125 907 217 6 0 0 7 5 10 0 3 5 0 5 4 0 0 3 3 3 3
1511073241 907 218 6 0 0 7 5 10 0 3 5 0 5 4 0 0 3 3 3 3
1511074532 907 219 6 0 0 7 5 10 0 3 5 0 5 4 0 0 3 3 3 3
1511075205 907 220 6 0 0 7 5 10 0 3 5 0 5 4 0 0 3 3 3 3
1511075548 907 221 6 0 0 7 5 10 0 3 5 0 5 4 0 0 3 3 3 3
1511077365 907 222 6 0 0 7 5 10 0 3 5 0 5 4 0 0 3 3 3 3
1511077716 907 223 6 0 0 7 5 10 0 3 5 0 5 4 0 0 3 3 3 3
1511077965 907 224 6 0 0 7 5 10 0 3 5 0 5 4 0 0 3 3 3 3
1511078014 907 225 6 0 0 7 5 10 0 3 5 0 5 4 0 0 3 3 3 3
1511199139 908 225 6 0 0 7 5 10 0 3 5 0 5 4 0 0 3 3 3 3
1511203017 909 225 6 0 0 7 5 10 0 3 5 0 5 4 0 0 3 3 3 3
1511206989 910 225 6 0 0 7 5 10 0 3 5 0 5 4 0 0 3 3 3 3
1511222393 911 225 6 0 0 7 5 10 0 3 5 0 5 4 0 0 3 3 3 3
1511262027 911 226 6 0 0 7 5 10 0 3 5 0 5 4 0 0 3 3 3 3
1511264757 911 227 6 0 0 7 5 10 0 3 5 0 5 4 0 0 3 3 3 3
1511284276 912 227 6 0 0 7 5 10 0 3 5 0 5 4 0 0 3 3 3 3
1511969871 912 227 7 0 0 7 5 10 0 3 5 0 5 4 0 0 3 3 3 3
1511977841 913 233 7 0 0 7 5 10 0 3 5 0 5 4 0 0 3 3 3 3
1512004954 914 233 7 0 0 7 5 10 0 3 5 0 5 4 0 0 3 3 3 3
1512007841 914 234 7 0 0 7 5 10 0 3 5 0 5 4 0 0 3 3 3 3
1512013061 914 235 7 0 0 7 5 10 0 3 5 0 5 4 0 0 3 3 3 3
1512014037 915 235 7 0 0 7 5 10 0 3 5 0 5 4 0 0 3 3 3 3
1512556782 915 236 7 0 0 7 5 10 0 3 5 0 5 4 0 0 3 3 3 3
1512583952 916 236 7 0 0 7 5 10 0 3 5 0 5 4 0 0 3 3 3 3
1512618057 916 236 7 0 0 7 5 10 0 3 5 0 5 4 0 0 3 3 3 3
1512628084 916 236 7 0 0 7 5 10 0 3 5 0 5 4 0 0 3 3 3 3
1512675912 917 236 7 0 0 7 5 10 0 3 5 0 5 4 0 0 3 3 3 3
1512690807 917 237 7 0 0 7 5 10 0 3 5 0 5 4 0 0 3 3 3 3
1512692641 918 237 7 0 0 7 5 10 0 3 5 0 5 4 0 0 3 3 3 3
1512704690 918 238 7 0 0 7 5 10 0 3 5 0 5 4 0 0 3 3 3 3
1512716698 918 241 7 0 0 7 5 10 0 3 5 0 5 4 0 0 3 3 3 3
1513209688 919 241 7 0 0 7 5 10 0 3 5 0 5 4 0 0 3 3 3 3
1513209704 920 241 7 0 0 7 5 10 0 3 5 0 5 4 0 0 3 3 3 3
1513294129 920 242 7 0 0 7 5 10 0 3 5 0 5 4 0 0 3 3 3 3
1513295922 920 244 7 0 0 7 5 10 0 3 5 0 5 4 0 0 3 3 3 3
1513299023 920 245 7 0 0 7 5 10 0 3 5 0 5 4 0 0 3 3 3 3
1513306343 920 246 7 0 0 7 5 10 0 3 5 0 5 4 0 0 3 3 3 3
1514113993 920 247 7 0 0 7 5 10 0 3 5 0 5 4 0 0 3 3 3 3
1514156571 920 248 7 0 0 7 5 10 0 3 5 0 5 4 0 0 3 3 3 3
1515111279 920 248 7 0 0 7 5 10 0 3 5 0 5 4 0 0 3 3 3 3
1515167543 921 248 7 0 0 7 5 10 0 3 5 0 5 4 0 0 3 3 3 3
1517017875 921 248 7 0 0 7 5 10 0 3 5 0 5 4 0 0 3 3 3 3
1517023638 921 248 7 0 0 7 5 10 0 3 5 0 5 4 0 0 3 3 3 3
1517024377 921 248 7 0 0 7 5 10 0 3 5 0 5 4 0 0 3 3 3 3
1517427180 921 248 7 0 0 7 5 10 0 3 5 0 5 4 0 0 3 3 3 3
1517509163 922 248 7 0 0 7 5 10 0 3 5 0 5 4 0 0 3 3 3 3
1517509895 923 248 7 0 0 7 5 10 0 3 5 0 5 4 0 0 3 3 3 3
1517521474 924 248 7 0 0 7 5 10 0 3 5 0 5 4 0 0 3 3 3 3
1517523323 925 248 7 0 0 7 5 10 0 3 5 0 5 4 0 0 3 3 3 3
1517526152 926 248 7 0 0 7 5 10 0 3 5 0 5 4 0 0 3 3 3 3
1517526210 927 248 7 0 0 7 5 10 0 3 5 0 5 4 0 0 3 3 3 3
1517526679 928 248 7 0 0 7 5 10 0 3 5 0 5 4 0 0 3 3 3 3
1517536728 928 249 7 0 0 7 5 10 0 3 5 0 5 4 0 0 3 3 3 3
1517628538 928 250 7 0 0 7 5 10 0 3 5 0 5 4 0 0 3 3 3 3
1517631046 928 251 7 0 0 7 5 10 0 3 5 0 5 4 0 0 3 3 3 3
1517633417 928 252 7 0 0 7 5 10 0 3 5 0 5 4 0 0 3 3 3 3
1517667460 928 253 7 0 0 7 5 10 0 3 5 0 5 4 0 0 3 3 3 3
1517699441 929 253 7 0 0 7 5 10 0 3 5 0 5 4 0 0 3 3 3 3
1517769914 930 253 7 0 0 7 5 10 0 3 5 0 5 4 0 0 3 3 3 3
1518369341 930 253 7 0 0 7 5 10 0 3 5 1 5 4 0 0 3 3 3 3
1518375477 931 253 7 0 0 7 5 10 0 3 5 1 5 4 0 0 3 3 3 3
1518401740 931 254 7 0 0 7 5 10 0 3 5 1 5 4 0 0 3 3 3 3
1518402549 931 255 7 0 0 7 5 10 0 3 5 1 5 4 0 0 3 3 3 3
1518405743 931 256 7 0 0 7 5 10 0 3 5 1 5 4 0 0 3 3 3 3
1518408945 931 256 7 0 0 7 5 10 0 3 5 2 5 4 0 0 3 3 3 3
1518415303 932 256 7 0 0 7 5 10 0 3 5 2 5 4 0 0 3 3 3 3
1520148680 932 256 7 0 0 7 5 10 0 3 5 2 5 4 0 0 3 3 3 3
1520149677 932 257 7 0 0 7 5 10 0 3 5 2 5 4 0 0 3 3 3 3
1520402355 933 257 7 0 0 7 5 10 0 3 5 2 5 4 0 3 3 3 3 3
1520402857 934 257 7 0 0 7 5 10 0 3 5 2 5 4 0 3 3 3 3 3
1520406003 935 257 7 0 0 7 5 10 0 3 5 2 5 4 0 3 3 3 3 3
1520406082 936 259 7 0 0 7 5 10 0 3 5 2 5 4 0 3 3 3 3 3
1520406486 937 259 7 0 0 7 5 10 0 3 5 2 5 4 0 3 3 3 3 3
1520406609 938 259 7 0 0 7 5 10 0 3 5 2 5 4 0 3 3 3 3 3
1520406752 939 259 7 0 0 7 5 10 0 3 5 2 5 4 0 3 3 3 3 3
1520407108 940 259 7 0 0 7 5 10 0 3 5 2 5 4 0 3 3 3 3 3
1520407415 941 259 7 0 0 7 5 10 0 3 5 2 5 4 0 3 3 3 3 3
1520407652 942 259 7 0 0 7 5 10 0 3 5 2 5 4 0 3 3 3 3 3
1520408507 943 259 7 0 0 7 5 10 0 4 5 2 5 4 0 3 3 3 3 3
1520408699 944 259 7 0 0 7 5 10 0 4 5 2 5 4 0 3 3 3 3 3
1520408811 945 259 7 0 0 7 5 10 0 4 5 5 5 4 0 3 3 3 3 3
1520409387 946 259 7 0 0 7 5 10 0 4 5 5 5 4 0 3 3 3 3 3
1520410228 947 267 7 0 0 7 5 10 0 4 5 5 5 4 0 3 3 3 3 3
1520441131 948 267 7 0 0 7 5 10 0 4 5 5 5 4 0 3 3 3 3 3
1520441821 949 267 7 0 0 7 5 10 0 4 5 5 5 4 0 3 3 3 3 3
1520441828 950 267 7 0 0 7 5 10 0 4 5 5 5 4 0 3 3 3 3 3
1520441877 951 267 7 0 0 7 5 10 0 4 5 5 5 4 0 3 3 3 3 3
1520442530 952 267 7 0 0 7 5 10 0 4 5 5 5 4 0 3 3 3 3 3
1520450124 953 267 7 0 0 7 5 10 0 4 5 5 5 4 0 3 3 3 3 3
1520517498 953 268 7 0 0 7 5 10 0 4 5 5 5 4 0 3 3 3 3 3
1520527042 954 268 7 0 0 7 5 10 0 4 5 5 5 4 0 3 3 3 3 3
1520552207 954 269 7 0 0 7 5 10 0 4 5 5 5 4 0 3 3 3 3 3
1520554938 954 270 7 0 0 7 5 10 0 4 5 5 5 4 0 3 3 3 3 3
1520639000 954 270 7 0 0 7 5 10 0 4 5 5 5 4 0 3 3 3 3 3
1520648484 955 270 7 0 0 7 5 10 0 4 5 5 5 4 0 3 3 3 3 3
1521028270 955 271 7 0 0 7 5 10 0 4 5 5 5 4 0 3 3 3 3 3
1521028623 955 272 7 0 0 7 5 10 0 4 5 5 5 4 0 3 3 3 3 3
1521030279 955 273 7 0 0 7 5 10 0 4 5 5 5 4 0 3 3 3 3 3
1521101745 955 274 7 0 0 7 5 10 0 4 5 5 5 4 0 3 3 3 3 3
1521101832 955 275 7 0 0 7 5 10 0 4 5 5 5 4 0 3 3 3 3 3
1521102157 955 276 7 0 0 7 5 10 0 4 5 5 5 4 0 3 3 3 3 3
1521104442 955 277 7 0 0 7 5 10 0 4 5 5 5 4 0 3 3 3 3 3
1521134618 956 277 7 0 0 7 5 10 0 4 5 5 5 4 0 3 3 3 3 3
1522485200 956 277 7 0 0 7 5 10 0 4 5 5 5 4 0 3 3 3 3 3
1522614026 957 277 7 0 0 7 5 10 0 4 5 5 5 4 0 3 3 3 3 3
1522614045 958 277 7 0 0 7 5 10 0 4 5 5 5 4 0 3 3 3 3 3
1522972159 958 278 7 0 0 7 5 10 0 4 5 5 5 4 0 3 3 3 3 3
1522972207 958 279 7 0 0 7 5 10 0 4 5 5 5 4 0 3 3 3 3 3
1522972343 958 280 7 0 0 7 5 10 0 4 5 5 5 4 0 3 3 3 3 3
1523067096 959 280 7 0 0 7 5 10 0 4 5 5 5 4 0 3 3 3 3 3
1523099470 959 281 7 0 0 7 5 10 0 4 5 5 5 4 0 3 3 3 3 3
1523099645 959 283 7 0 0 7 5 10 0 4 5 5 5 4 0 3 3 3 3 3
1523101227 959 284 7 0 0 7 5 10 0 4 5 5 5 4 0 3 3 3 3 3
1523143827 959 285 7 0 0 7 5 10 0 4 5 5 5 4 0 3 3 3 3 3
1523143914 959 286 7 0 0 7 5 10 0 4 5 5 5 4 0 3 3 3 3 3
1523145809 960 286 7 0 0 7 5 10 0 4 5 5 5 4 0 3 3 3 3 3
1523146176 961 286 7 0 0 7 5 10 0 4 5 5 5 4 0 3 3 3 3 3
1523146793 963 286 7 0 0 7 5 10 0 4 5 5 5 4 0 3 3 3 3 3
1523146842 964 286 7 0 0 7 5 10 0 4 5 5 5 4 0 3 3 3 3 3
1523150142 965 286 7 0 0 7 5 10 0 4 5 5 5 4 0 3 3 3 3 3
1523150421 966 286 7 0 0 7 5 10 0 4 5 5 5 4 0 3 3 3 3 3
1523151760 967 286 7 0 0 7 5 10 0 4 5 5 5 4 0 3 3 3 3 3
1523151807 968 286 7 0 0 7 5 10 0 4 5 5 5 4 0 3 3 3 3 3
1523152185 969 286 7 0 0 7 5 10 0 4 5 5 5 4 0 3 3 3 3 3
1523169327 969 287 7 0 0 7 5 10 0 4 5 5 5 4 0 3 3 3 3 3
1523170161 969 288 7 0 0 7 5 10 0 4 5 5 5 4 0 3 3 3 3 3
1523201316 970 288 7 0 0 7 5 10 0 4 5 5 5 4 0 3 3 3 3 3
1523213425 971 288 7 0 0 7 5 10 0 4 5 5 5 4 0 3 3 3 3 3
1523590235 971 288 7 0 0 7 5 10 0 5 5 5 5 4 0 3 3 3 3 3
1523599623 971 288 7 0 0 7 5 10 0 6 5 5 5 4 0 3 3 3 3 3
1523748849 972 288 7 0 0 7 5 10 0 6 5 5 5 4 0 3 3 3 3 3
1524451822 973 288 7 0 0 7 5 10 0 6 5 5 5 4 0 3 3 3 3 3
1524452910 974 288 7 0 0 7 5 10 0 6 5 5 5 4 0 3 3 3 3 3
1524452962 975 288 7 0 0 7 5 10 0 6 5 5 5 4 0 3 3 3 3 3
1524453180 976 288 7 0 0 7 5 10 0 6 5 5 5 4 0 3 3 3 3 3
1524453530 977 288 7 0 0 7 5 10 0 6 5 5 5 4 0 3 3 3 3 3
1524453819 978 288 7 0 0 7 5 10 0 6 5 5 5 4 0 3 3 3 3 3
1524701397 979 288 7 0 0 7 5 10 0 6 5 5 5 4 0 3 3 3 3 3
1524701402 980 288 7 0 0 7 5 10 0 6 5 5 5 4 0 3 3 3 3 3
1524702225 981 288 7 0 0 7 5 10 0 6 5 5 5 4 0 3 3 3 3 3
1524704007 982 288 7 0 0 7 5 10 0 6 5 5 5 4 0 3 3 3 3 3
1524757988 983 288 7 0 0 7 5 10 0 6 5 5 5 4 0 3 3 3 3 3
1526214704 983 289 7 0 0 7 5 10 0 6 5 5 5 4 0 3 3 3 3 3
1526235455 984 289 7 0 0 7 5 10 0 6 5 5 5 4 0 3 3 3 3 3
1526260471 984 289 7 0 0 7 5 10 0 6 5 5 5 4 0 3 3 3 3 3
1526317531 985 289 7 0 0 7 5 10 0 6 5 5 5 4 0 3 3 3 3 3
1526794048 986 289 7 0 0 7 5 10 0 6 5 5 5 4 0 3 3 3 3 3
1526888481 987 289 7 0 0 7 5 10 0 6 5 5 5 4 0 3 3 3 3 3
1528254141 987 290 7 0 0 7 5 10 0 6 5 5 5 4 0 3 3 3 3 3
1528254597 987 291 7 0 0 7 5 10 0 6 5 5 5 4 0 3 3 3 3 3
1528254718 987 292 7 0 0 7 5 10 0 6 5 5 5 4 0 3 3 3 3 3
1528255238 987 293 7 0 0 7 5 10 0 6 5 5 5 4 0 3 3 3 3 3
1528263264 987 294 7 0 0 7 5 10 0 6 5 5 5 4 0 3 3 3 3 3
1528266386 988 294 7 0 0 7 5 10 0 6 5 5 5 4 0 3 3 3 3 3
1528680802 988 295 7 0 0 7 5 10 0 6 5 5 5 4 0 3 3 3 3 3
1528680910 988 297 7 0 0 7 5 10 0 6 5 5 5 4 0 3 3 3 3 3
1529640067 988 298 7 0 0 7 5 10 0 6 5 5 5 4 0 3 3 3 3 3
1529641247 988 299 7 0 0 7 5 10 0 6 5 5 5 4 0 3 3 3 3 3
1529643534 988 300 7 0 0 7 5 10 0 6 5 5 5 4 0 3 3 3 3 3
1529854103 989 300 7 0 0 7 5 10 0 6 5 5 5 4 0 3 3 3 3 3
1529854135 990 300 7 0 0 7 5 10 0 6 5 5 5 4 0 3 3 3 3 3
1529854288 991 300 7 0 0 7 5 10 0 6 5 5 5 4 0 3 3 3 3 3
1529854668 992 300 7 0 0 7 5 10 0 6 5 5 5 4 0 3 3 3 3 3
1529854812 993 300 7 0 0 7 5 10 0 6 5 5 5 4 0 3 3 3 3 3
1529855415 994 304 7 0 0 7 5 10 0 6 5 5 5 4 0 3 3 3 3 3
1529859344 995 304 7 0 0 7 5 10 0 6 5 5 5 4 0 3 3 3 3 3
1529862056 996 304 7 0 0 7 5 10 0 6 5 5 5 4 0 3 3 3 3 3
1529863278 997 304 7 0 0 7 5 10 0 6 5 5 5 4 0 3 3 3 3 3
1529865742 998 304 7 0 0 7 5 10 0 6 5 5 5 4 0 3 3 3 3 3
1529866309 999 304 7 0 0 7 5 10 0 6 5 5 5 4 0 3 3 3 3 3
1532691116 999 305 7 0 0 7 5 10 0 6 5 5 5 4 0 3 3 3 3 3
1532691270 999 306 7 0 0 7 5 10 0 6 5 5 5 4 0 3 3 3 3 3
1532694770 999 310 7 0 0 7 5 10 0 6 5 5 5 4 0 3 3 3 3 3
1533040157 999 311 7 0 0 7 5 10 0 6 5 5 5 4 0 3 3 3 3 3
1533040301 999 312 7 0 0 7 5 10 0 6 5 5 5 4 0 3 3 3 3 3
1533040409 999 313 7 0 0 7 5 10 0 6 5 5 5 4 0 3 3 3 3 3
1533279104 999 314 7 0 0 7 5 10 0 6 5 5 5 4 0 3 3 3 3 3
1533357203 999 315 7 0 0 7 5 10 0 6 5 5 5 4 0 3 3 3 3 3
1533357789 999 316 7 0 0 7 5 10 0 6 5 5 5 4 0 3 3 3 3 3
1533385261 999 317 7 0 0 7 5 10 0 6 5 5 5 4 0 3 3 3 3 3
1533403532 1000 317 7 0 0 7 5 10 0 6 5 5 5 4 0 3 3 3 3 3
1533453687 1000 318 7 0 0 7 5 10 0 6 5 5 5 4 0 3 3 3 3 3
1533457653 1000 319 7 0 0 7 5 10 0 6 5 5 5 4 0 3 3 3 3 3
1533471536 1000 320 7 0 0 7 5 10 0 6 5 5 5 4 0 3 3 3 3 3
1533471841 1000 321 7 0 0 7 5 10 0 6 5 5 5 4 0 3 3 3 3 3
1533489724 1001 321 7 0 0 7 5 10 0 6 5 5 5 4 0 3 3 3 3 3
1533489987 1002 321 7 0 0 7 5 10 0 6 5 5 5 4 0 3 3 3 3 3
1533665514 1002 321 7 0 0 7 6 10 0 6 5 5 5 4 0 3 3 3 3 3
1533666588 1002 321 7 0 0 7 7 10 0 6 5 5 5 4 0 3 3 3 3 3
1533667063 1002 321 7 0 0 7 8 10 0 6 5 5 5 4 0 3 3 3 3 3
1533667455 1002 321 7 0 0 7 9 10 0 6 5 5 5 4 0 3 3 3 3 3
1533667512 1002 321 7 0 0 7 10 10 0 6 5 5 5 4 0 3 3 3 3 3
1533668479 1002 321 7 0 0 7 11 10 0 6 5 5 5 4 0 3 3 3 3 3
1533680120 1003 321 7 0 0 7 11 10 0 6 5 5 5 4 0 3 3 3 3 3
1535416911 1003 322 7 0 0 7 11 10 0 6 5 5 5 4 0 3 3 3 3 3
1535417675 1003 323 7 0 0 7 11 10 0 6 5 5 5 4 0 3 3 3 3 3
1535659037 1004 323 7 0 0 7 11 10 0 6 5 5 5 4 0 3 3 3 3 3
1535661258 1005 323 7 0 0 7 11 10 0 6 5 5 5 4 0 3 3 3 3 3
1535661481 1006 323 7 0 0 7 11 10 0 6 5 5 5 4 0 3 3 3 3 3
1535663367 1007 323 7 0 0 7 11 10 0 6 5 5 5 4 0 3 3 3 3 3
1535664414 1008 323 7 0 0 7 11 10 0 6 5 5 5 4 0 3 3 3 3 3
1535665120 1009 323 7 0 0 7 11 10 0 6 5 5 5 4 0 3 3 3 3 3
1536211834 1010 323 7 0 0 7 11 10 0 6 5 5 5 4 0 3 3 3 3 3
1536252106 1011 324 7 0 0 7 11 10 0 6 5 5 5 4 0 3 3 3 3 3
1536322873 1011 328 7 0 0 7 11 10 0 6 5 5 5 4 0 3 3 3 3 3
1536363424 1011 329 7 0 0 7 11 10 0 6 5 5 5 4 0 3 3 3 3 3
1536371966 1012 329 7 0 0 7 11 10 0 6 5 5 5 4 0 3 3 3 3 3
1542592185 1013 329 7 0 0 7 11 10 0 6 5 5 5 4 0 3 3 3 3 3
1542592415 1014 329 7 0 0 7 11 10 0 6 5 5 5 4 0 3 3 3 3 3
1542592635 1015 329 7 0 0 7 11 10 0 6 5 5 5 4 0 3 3 3 3 3
1542593118 1017 329 7 0 0 7 11 10 0 6 5 5 5 4 0 3 3 3 3 3
1542593197 1018 329 7 0 0 7 11 10 0 6 5 5 5 4 0 3 3 3 3 3
1542593791 1019 329 7 0 0 7 11 10 0 6 5 5 5 4 0 3 3 3 3 3
1542593814 1020 329 7 0 0 7 11 10 0 6 5 5 5 4 0 3 3 3 3 3
1542593935 1021 329 7 0 0 7 11 10 0 6 5 5 5 4 0 3 3 3 3 3
1542594046 1022 329 7 0 0 7 11 10 0 6 5 5 5 4 0 3 3 3 3 3
1542594122 1023 329 7 0 0 7 11 10 0 6 5 5 5 4 0 3 3 3 3 3
1542594197 1024 329 7 0 0 7 11 10 0 6 5 5 5 4 0 3 3 3 3 3
1542594254 1025 329 7 0 0 7 11 10 0 6 5 5 5 4 0 3 3 3 3 3
1542594741 1026 329 7 0 0 7 11 10 0 6 5 5 5 4 0 3 3 3 3 3
1542601590 1027 329 7 0 0 7 11 10 0 6 5 5 5 4 0 3 3 3 3 3
1542602212 1028 329 7 0 0 7 11 10 0 6 5 5 5 4 0 3 3 3 3 3
1542602711 1029 329 7 0 0 7 11 10 0 6 5 5 5 4 0 3 3 3 3 3
1542649312 1030 329 7 0 0 7 11 10 0 6 5 5 5 4 0 3 3 3 3 3
1542650670 1031 329 7 0 0 7 11 10 0 6 5 5 5 4 0 3 3 3 3 3
1542650800 1032 329 7 0 0 7 11 10 0 6 5 5 5 4 0 3 3 3 3 3
1542651153 1033 329 7 0 0 7 11 10 0 6 5 5 5 4 0 3 3 3 3 3
1543091664 1034 329 7 0 0 7 11 10 0 6 5 5 5 4 0 3 3 3 3 3
1543092148 1035 329 7 0 0 7 11 10 0 6 5 5 5 4 0 3 3 3 3 3
1543123935 1036 329 7 0 0 7 11 10 0 6 5 5 5 4 0 3 3 3 3 3
1543128530 1037 329 7 0 0 7 11 10 0 6 5 5 5 4 0 3 3 3 3 3
1543129101 1039 329 7 0 0 7 11 10 0 6 5 5 5 4 0 3 3 3 3 3
1543130534 1040 329 7 0 0 7 11 10 0 6 5 5 5 4 0 3 3 3 3 3
1543340392 1041 329 7 0 0 7 11 10 0 6 5 5 5 4 0 3 3 3 3 3
1543341381 1043 329 7 0 0 7 11 10 0 6 5 5 5 4 0 3 3 3 3 3
1543341559 1044 329 7 0 0 7 11 10 0 6 5 5 5 4 0 3 3 3 3 3
1543341785 1045 329 7 0 0 7 11 10 0 6 5 5 5 4 0 3 3 3 3 3
1543341864 1046 329 7 0 0 7 11 10 0 6 5 5 5 4 0 3 3 3 3 3
1543342727 1047 329 7 0 0 7 11 10 0 6 5 5 5 4 0 3 3 3 3 3
1543343288 1048 329 7 0 0 7 11 10 0 6 5 5 5 4 0 3 3 3 3 3
1543371224 1048 330 7 0 0 7 11 10 0 6 5 5 5 4 0 3 3 3 3 3
1543371777 1048 331 7 0 0 7 11 10 0 6 5 5 5 4 0 3 3 3 3 3
1543371894 1048 332 7 0 0 7 11 10 0 6 5 5 5 4 0 3 3 3 3 3
1543371934 1048 333 7 0 0 7 11 10 0 6 5 5 5 4 0 3 3 3 3 3
1543372984 1048 334 7 0 0 7 11 10 0 6 5 5 5 4 0 3 3 3 3 3
1543399440 1048 335 7 0 0 7 11 10 0 6 5 5 5 4 0 3 3 3 3 3
1545696793 1049 335 7 0 0 7 11 10 0 6 5 5 5 4 0 3 3 3 3 3
1547778629 1049 336 7 0 0 7 11 10 0 6 5 5 5 4 0 3 3 3 3 3
1547790810 1049 337 7 0 0 7 11 10 0 6 5 5 5 4 0 3 3 3 3 3
1547792464 1049 338 7 0 0 7 11 10 0 6 5 5 5 4 0 3 3 3 3 3
1547792962 1049 339 7 0 0 7 11 10 0 6 5 5 5 4 0 3 3 3 3 3
1548730283 1049 339 7 0 0 7 11 10 0 6 5 5 5 4 0 3 3 3 3 3
1553575377 1049 340 7 0 0 7 11 10 0 6 5 5 5 4 0 3 3 3 3 3
1554575987 1049 340 8 0 0 7 11 10 0 6 5 5 5 4 0 3 3 3 3 3
1554588857 1049 340 8 0 0 7 11 10 0 6 5 5 5 4 0 3 3 3 3 3
1554588893 1049 340 9 0 0 7 11 10 0 6 5 5 5 4 0 3 3 3 3 3
1554589051 1049 340 10 0 0 7 11 10 0 6 5 5 5 4 0 3 3 3 3 3
1554590320 1050 345 10 0 0 7 11 10 0 6 5 5 5 4 0 3 3 3 3 3
1554598695 1050 358 10 0 0 7 11 10 0 6 5 5 5 4 0 3 3 3 3 3
1554599489 1050 359 10 0 0 7 11 10 0 6 5 5 5 4 0 3 3 3 3 3
1554601539 1050 360 10 0 0 7 11 10 0 6 5 5 5 4 0 3 3 3 3 3
1554601724 1050 361 10 0 0 7 11 10 0 6 5 5 5 4 0 3 3 3 3 3
1554609688 1050 362 10 0 0 7 11 10 0 6 5 5 5 4 0 3 3 3 3 3
1554610041 1050 363 10 0 0 7 11 10 0 6 5 5 5 4 0 3 3 3 3 3
1554680175 1051 363 10 0 0 7 11 10 0 6 5 5 5 4 0 3 3 3 3 3
1554681408 1051 364 10 0 0 7 11 10 0 6 5 5 5 4 0 3 3 3 3 3
1554684389 1051 365 10 0 0 7 11 10 0 6 5 5 5 4 0 3 3 3 3 3
1554686033 1051 366 10 0 0 7 11 10 0 6 5 5 5 4 0 3 3 3 3 3
1554686571 1051 367 10 0 0 7 11 10 0 6 5 5 5 4 0 3 3 3 3 3
1554697724 1052 367 10 0 0 7 11 10 0 6 5 5 5 4 0 3 3 3 3 3
1554697930 1053 367 10 0 0 7 11 10 0 6 5 5 5 4 0 3 3 3 3 3
1554701002 1054 367 10 0 0 7 11 10 0 6 5 5 5 4 0 3 3 3 3 3
1556495498 1054 367 10 0 0 7 11 10 0 6 5 5 5 4 0 3 3 3 3 3
1556520617 1055 367 10 0 0 7 11 10 0 6 5 5 5 4 0 3 3 3 3 3
1556559304 1056 367 10 0 0 7 11 10 0 6 5 5 5 4 0 3 3 3 3 3
1556559896 1057 367 10 0 0 7 11 10 0 6 5 5 5 4 0 3 3 3 3 3
1556560333 1058 367 10 0 0 7 11 10 0 6 5 5 5 4 0 3 3 3 3 3
1556739656 1059 367 10 0 0 7 11 10 0 6 5 5 5 4 0 3 3 3 3 3
1557500931 1059 367 11 0 0 7 11 10 0 6 5 5 5 4 0 3 3 3 3 3
1557695379 1060 367 11 0 0 7 11 10 0 6 5 5 5 4 0 3 3 3 3 3
1557695469 1061 367 11 0 0 7 11 10 0 6 5 5 5 4 0 3 3 3 3 3
1557697069 1062 367 11 0 0 7 11 10 0 6 5 5 5 4 0 3 3 3 3 3
1557844580 1062 367 11 0 0 7 11 10 0 6 5 5 5 4 0 3 3 3 3 3
1557910673 1062 367 11 0 0 7 11 10 0 6 5 5 5 4 0 3 3 3 3 3
1558718680 1063 367 11 0 0 7 11 10 0 6 5 5 5 4 0 3 3 3 3 3
1561393034 1063 368 11 0 0 7 11 10 0 6 5 5 5 4 0 3 3 3 3 3
1563510863 1063 368 11 0 0 7 11 10 0 6 5 5 5 4 0 3 3 3 3 3
1563596429 1064 368 11 0 0 7 11 10 0 6 5 5 5 4 0 3 3 3 3 3
1563609467 1065 368 11 0 0 7 11 10 0 6 5 5 5 4 0 3 3 3 3 3
1563771372 1065 368 11 0 0 7 11 10 0 6 5 5 5 4 0 3 3 3 3 3
1563771402 1066 368 11 0 0 7 11 10 0 6 5 5 5 4 0 3 3 3 3 3
1563771978 1067 368 11 0 0 7 11 10 0 6 5 5 5 4 0 3 3 3 3 3
1563894541 1067 368 12 0 0 7 11 10 0 6 5 5 5 4 0 3 3 3 3 3
1567035010 1067 368 13 0 0 7 11 10 0 6 5 5 5 4 0 3 3 3 3 3
1567710862 1067 368 14 0 0 7 11 10 0 6 5 5 5 4 0 3 3 3 3 3
1567803686 1067 368 15 0 0 7 11 10 0 6 5 5 5 4 0 3 3 3 3 3
1567804693 1068 368 15 0 0 7 11 10 0 6 5 5 5 4 0 3 3 3 3 3
1567805382 1069 368 15 0 0 7 11 10 0 6 5 5 5 4 0 3 3 3 3 3
1569000052 1069 368 16 0 0 7 11 10 0 6 5 5 5 4 0 3 3 3 3 3
1569367302 1069 368 16 0 0 7 11 10 0 6 5 5 5 4 0 3 3 3 3 3
1569434556 1069 368 16 0 0 7 11 10 0 6 5 5 5 4 0 3 3 3 3 3
1569441165 1070 368 16 0 0 7 11 10 0 6 5 5 5 4 0 3 3 3 3 3
1569441403 1071 368 16 0 0 7 11 10 0 6 5 5 5 4 0 3 3 3 3 3
1569442067 1072 368 16 0 0 7 11 10 0 6 5 5 5 4 0 3 3 3 3 3
1569442317 1073 368 16 0 0 7 11 10 0 6 5 5 5 4 0 3 3 3 3 3
1569442330 1074 368 16 0 0 7 11 10 0 6 5 5 5 4 0 3 3 3 3 3
1569442343 1075 368 16 0 0 7 11 10 0 6 5 5 5 4 0 3 3 3 3 3
1569442451 1076 368 16 0 0 7 11 10 0 6 5 5 5 4 0 3 3 3 3 3
1569442545 1077 368 16 0 0 7 11 10 0 6 5 5 5 4 0 3 3 3 3 3
1569443181 1078 368 16 0 0 7 11 10 0 6 5 5 5 4 0 3 3 3 3 3
1569443210 1079 368 16 0 0 7 11 10 0 6 5 5 5 4 0 3 3 3 3 3
1569443454 1080 368 16 0 0 7 11 10 0 6 5 5 5 4 0 3 3 3 3 3
1569448596 1081 368 16 0 0 7 11 10 0 6 5 5 5 4 0 3 3 3 3 3
1569541750 1082 368 16 0 0 7 11 10 0 6 5 5 5 4 0 3 3 3 3 3
1569542370 1083 368 16 0 0 7 11 10 0 6 5 5 5 4 0 3 3 3 3 3
1573147944 1084 368 16 0 0 7 11 10 0 6 5 5 5 4 0 3 3 3 3 3
1573149079 1085 368 16 0 0 7 11 10 0 6 5 5 5 4 0 3 3 3 3 3
1573149175 1086 368 16 0 0 7 11 10 0 6 5 5 5 4 0 3 3 3 3 3
1573150604 1087 368 16 0 0 7 11 10 0 6 5 5 5 4 0 3 3 3 3 3
1573340594 1088 368 16 0 0 7 11 10 0 6 5 5 5 4 0 3 3 3 3 3
1573400971 1089 368 16 0 0 7 11 10 0 6 5 5 5 4 0 3 3 3 3 3
1574440661 1089 368 16 0 0 7 11 10 0 6 5 5 5 4 0 3 3 3 3 3
1576108951 1089 368 16 0 0 7 11 10 0 6 5 5 5 4 0 3 3 3 3 3
1578079501 1090 368 16 0 0 7 11 10 0 6 5 5 5 4 0 3 3 3 3 3
1578079664 1091 368 16 0 0 7 11 10 0 6 5 5 5 4 0 3 3 3 3 3
1578079880 1092 368 16 0 0 7 11 10 0 6 5 5 5 4 0 3 3 3 3 3
1578080110 1093 368 16 0 0 7 11 10 3 6 5 5 5 4 0 3 3 3 3 3
1578087173 1094 368 16 0 0 7 11 10 3 6 5 5 5 4 0 3 3 3 3 3
1578091543 1095 368 16 0 0 7 11 10 3 6 5 5 5 4 0 3 3 3 3 3
1578092824 1096 368 16 0 0 7 11 10 3 6 5 5 5 4 0 3 3 3 3 3
1578093457 1097 368 16 0 0 7 11 10 3 6 5 5 5 4 0 3 3 3 3 3
1578093672 1098 368 16 0 0 7 11 10 3 6 5 5 5 4 0 3 3 3 3 3
1578094164 1099 368 16 0 0 7 11 10 3 6 5 5 5 4 0 3 3 3 3 3
1578421119 1099 368 17 0 0 7 11 10 3 6 5 5 5 4 0 3 3 3 3 3
1578425821 1100 368 17 0 0 7 11 10 3 6 5 5 5 4 0 3 3 3 3 3
1578432010 1101 368 17 0 0 7 11 10 3 6 5 5 5 4 0 3 3 3 3 3
1578433393 1102 368 17 0 0 7 11 10 3 6 5 5 5 4 0 3 3 3 3 3
1578592965 1102 368 19 0 0 7 11 10 3 6 5 5 5 4 0 3 3 3 3 3
1578682135 1103 368 19 0 0 7 11 10 3 6 5 5 5 4 0 3 3 3 3 3
1578852399 1103 368 19 0 0 7 11 10 4 6 5 5 5 4 0 3 3 3 3 3
1578866968 1105 368 19 0 0 7 11 10 4 6 5 5 5 4 0 3 3 3 3 3
1578867610 1106 368 19 0 0 7 11 10 4 6 5 5 5 4 0 3 3 3 3 3
1578868730 1107 368 19 0 0 7 11 10 4 6 5 5 5 4 0 3 3 3 3 3
1578871052 1108 368 19 0 0 7 11 10 4 6 5 5 5 4 0 3 3 3 3 3
1578871809 1109 368 19 0 0 7 11 10 4 6 5 5 5 4 0 3 3 3 3 3
1578871905 1110 368 19 0 0 7 11 10 4 6 5 5 5 4 0 3 3 3 3 3
1578872007 1111 368 19 0 0 7 11 10 4 6 5 5 5 4 0 3 3 3 3 3
1578872559 1112 368 19 0 0 7 11 10 4 6 5 5 5 4 0 3 3 3 3 3
1578889593 1113 368 19 0 0 7 11 10 4 6 5 5 5 4 0 3 3 3 3 3
1579151421 1113 368 19 0 0 7 11 10 5 6 5 5 5 4 0 3 3 3 3 3
1579209550 1113 368 19 0 0 7 11 10 6 6 5 5 5 4 0 3 3 3 3 3
1579212003 1114 368 19 0 0 7 11 10 6 6 5 5 5 4 0 3 3 3 3 3
1579214061 1115 368 19 0 0 7 11 10 6 6 5 5 5 4 0 3 3 3 3 3
1579214520 1116 368 19 0 0 7 11 10 6 6 5 5 5 4 0 3 3 3 3 3
1583080856 1116 368 20 0 0 7 11 10 6 6 5 5 5 4 0 3 3 3 3 3
1587414536 1116 368 20 0 0 8 11 10 6 6 5 5 5 4 0 3 3 3 3 3
1590813381 1117 368 20 0 0 8 11 10 6 6 5 5 5 4 0 3 3 3 3 3
1592284717 1117 368 20 0 0 8 11 10 6 6 5 5 5 4 0 3 3 3 3 3
1595380092 1117 368 20 0 0 9 11 10 6 6 5 5 5 4 0 3 3 3 3 3
1597334613 1117 368 20 0 0 9 11 10 6 6 5 5 5 4 0 3 3 3 3 3
1597781705 1117 368 20 0 0 9 11 10 6 6 5 5 5 4 0 3 3 3 3 3
1598021357 1118 368 20 0 0 9 11 10 6 6 5 5 5 4 0 3 3 3 3 3
1598029074 1119 368 20 0 0 9 11 10 6 6 5 5 5 4 0 3 3 3 3 3
1598032066 1121 368 20 0 0 9 11 10 6 6 5 5 5 4 0 3 3 3 3 3
1598285969 1122 368 20 0 0 9 11 10 6 6 5 5 5 4 0 3 3 3 3 3
1598288415 1124 368 20 0 0 9 11 10 6 6 5 5 5 4 0 3 3 3 3 3
1598289064 1125 368 20 0 0 9 11 10 6 6 5 5 5 4 0 3 3 3 3 3
1598289327 1126 368 20 0 0 9 11 10 6 6 5 5 5 4 0 3 3 3 3 3
1598290470 1128 368 20 0 0 9 11 10 6 6 5 5 5 4 0 3 3 3 3 3
1598291056 1129 368 20 0 0 9 11 10 6 6 5 5 5 4 0 3 3 3 3 3
1598291575 1130 368 20 0 0 9 11 10 6 6 5 5 5 4 0 3 3 3 3 3
1600867037 1131 368 20 0 0 9 11 10 6 6 5 5 5 4 0 3 3 3 3 3
1600868282 1132 368 20 0 0 9 11 10 6 6 5 5 5 4 0 3 3 3 3 3
1600869245 1134 368 20 0 0 9 11 10 6 6 5 5 5 4 0 3 3 3 3 3
1600872653 1135 368 20 0 0 9 11 10 6 6 5 5 5 4 0 3 3 3 3 3
1600873398 1136 368 20 0 0 9 11 10 6 6 5 5 5 4 0 3 3 3 3 3
1600873914 1137 368 21 0 0 9 11 10 6 6 5 5 5 4 0 3 3 3 3 3
1603289954 1138 368 21 0 0 9 11 10 6 6 5 5 5 4 0 3 3 3 3 3
1605114677 1139 368 21 0 0 9 11 10 6 6 5 5 5 4 0 3 3 3 3 3
1605115034 1140 368 21 0 0 9 11 10 6 6 5 5 5 4 0 3 3 3 3 3
1606229621 1141 368 21 0 0 9 11 10 6 6 5 5 5 4 0 3 3 3 3 3
1606230295 1142 368 21 0 0 9 11 10 6 6 5 5 5 4 0 3 3 3 3 3
1606238705 1143 368 21 0 0 9 11 10 6 6 5 5 5 4 0 3 3 3 3 3
1606316212 1144 368 21 0 0 9 11 10 6 6 5 5 5 4 0 3 3 3 3 3
1606318131 1145 368 21 0 0 9 11 10 6 6 5 5 5 4 0 3 3 3 3 3
1606321561 1146 368 21 0 0 9 11 10 6 6 5 5 5 4 0 3 3 3 3 3
1606322459 1147 368 21 0 0 9 11 10 6 6 5 5 5 4 0 3 3 3 3 3
1606328188 1148 368 21 0 0 9 11 10 6 6 5 5 5 4 0 3 3 3 3 3
1606328785 1149 368 21 0 0 9 11 10 6 6 5 5 5 4 0 3 3 3 3 3
1606400788 1150 368 21 0 0 9 11 10 6 6 5 5 5 4 0 3 3 3 3 3
1606402494 1151 368 21 0 0 9 11 10 6 6 5 5 5 4 0 3 3 3 3 3
1606428403 1152 368 21 0 0 9 11 10 6 6 5 5 5 4 0 3 3 3 3 3
1607701683 1153 368 21 0 0 9 11 10 6 6 5 5 5 4 0 3 3 3 3 3
1607701893 1154 368 21 0 0 9 11 10 6 6 5 5 5 4 0 3 3 3 3 3
1607702065 1155 368 21 0 0 9 11 10 6 6 5 5 5 4 0 3 3 3 3 3
1607702268 1156 368 21 0 0 9 11 10 6 6 5 5 5 4 0 3 3 3 3 3
1607706590 1157 368 21 0 0 9 11 10 6 6 5 5 5 4 0 3 3 3 3 3
1607707195 1158 368 21 0 0 9 11 10 6 6 5 5 5 4 0 3 3 3 3 3
1610394907 1158 368 21 0 0 9 11 10 6 6 5 5 5 4 1 3 3 3 3 3
1616008095 1158 368 21 0 0 9 11 10 6 6 5 5 5 4 1 3 3 3 3 3
1618070103 1158 368 21 0 0 9 11 10 6 6 5 5 5 4 1 3 3 3 3 3
1622830017 1158 368 22 0 0 9 11 10 6 6 5 5 5 4 1 3 3 3 3 3
1631967905 1158 368 23 0 0 9 11 10 6 6 5 5 5 4 1 3 3 3 3 3
1631983214 1158 368 23 0 0 9 11 10 6 6 5 5 5 4 1 3 3 3 3 3
1631985727 1158 368 24 0 0 9 11 10 6 6 5 5 5 4 1 3 3 3 3 3
1633466654 1158 368 25 0 0 9 11 10 6 6 5 5 5 4 1 3 3 3 3 3
1633466790 1158 368 25 0 0 9 11 10 7 6 5 5 5 4 1 3 3 3 3 3
1633467036 1159 368 25 0 0 9 11 10 7 6 5 5 5 4 1 3 3 3 3 3
1633467724 1160 368 25 0 0 9 11 10 7 6 5 5 5 4 1 3 3 3 3 3
1633468134 1161 368 25 0 0 9 11 10 7 6 5 5 5 4 1 3 3 3 3 3
1633468661 1162 368 25 0 0 9 11 10 7 6 5 5 5 4 1 3 3 3 3 3
1633487767 1162 368 25 0 0 9 11 10 7 6 5 5 5 4 1 3 3 3 3 3
1638804789 1163 368 25 0 0 9 11 10 7 6 5 5 5 4 1 3 3 3 3 3
1643059036 1164 368 25 0 0 9 11 10 7 6 5 5 5 4 1 3 3 3 3 3
1643062701 1165 368 25 0 0 9 11 10 7 6 5 5 5 4 1 3 3 3 3 3
1643063875 1166 368 25 0 0 9 11 10 7 6 5 5 5 4 1 3 3 3 3 3
1643063949 1167 368 25 0 0 9 11 10 7 6 5 5 5 4 1 3 3 3 3 3
1643064124 1168 368 25 0 0 9 11 10 7 6 5 5 5 4 1 3 3 3 3 3
1643064790 1169 368 25 0 0 9 11 10 7 6 5 5 5 4 1 3 3 3 3 3
1643814869 1169 368 26 0 0 9 11 10 7 6 5 5 5 4 1 3 3 3 3 3
1647368004 1170 368 26 0 0 9 11 10 7 6 5 5 5 4 1 3 3 3 3 3
1647368293 1170 368 26 0 0 9 11 10 7 6 5 5 5 4 1 3 3 3 3 3
1647373093 1171 368 26 0 0 9 11 10 7 6 5 5 5 4 1 3 3 3 3 3
1647373896 1172 368 26 0 0 9 11 10 7 6 5 5 5 4 1 3 3 3 3 3
1647373967 1173 368 26 0 0 9 11 10 7 6 5 5 5 4 1 3 3 3 3 3
1647374362 1174 368 26 0 0 9 11 10 7 6 5 5 5 4 1 3 3 3 3 3
1647960417 1175 368 26 0 1 9 11 10 7 6 5 5 5 4 1 3 3 3 3 3
1648351747 1175 368 26 0 2 9 11 10 7 6 5 5 5 4 1 3 3 3 3 3
1648576449 1175 368 26 0 3 9 11 10 7 6 5 5 5 4 1 3 3 3 3 3
1648582620 1175 368 26 0 4 9 11 10 7 6 5 5 5 4 1 3 3 3 3 3
1648651539 1176 368 26 0 4 9 11 10 7 6 5 5 5 4 1 3 3 3 3 3
1648661626 1176 368 26 0 5 9 11 10 7 6 5 5 5 4 1 3 3 3 3 3
1648661630 1176 368 26 0 6 9 11 10 7 6 5 5 5 4 1 3 3 3 3 3
1648661636 1176 368 26 0 7 9 11 10 7 6 5 5 5 4 1 3 3 3 3 3
1648745512 1176 368 26 0 8 9 11 10 7 6 5 5 5 4 1 3 3 3 3 3
1648757106 1176 368 26 0 9 9 11 10 7 6 5 5 5 4 1 3 3 3 3 3
1648763117 1176 368 26 0 10 9 11 10 7 6 5 5 5 4 1 3 3 3 3 3
1648766188 1176 368 26 0 11 9 11 10 7 6 5 5 5 4 1 3 3 3 3 3
1648766534 1176 368 26 0 12 9 11 10 7 6 5 5 5 4 1 3 3 3 3 3
1648770759 1176 368 26 0 13 9 11 10 7 6 5 5 5 4 1 3 3 3 3 3
1649098178 1176 368 26 0 14 9 11 10 7 6 5 5 5 4 1 3 3 3 3 3
1649106419 1176 368 26 0 15 9 11 10 7 6 5 5 5 4 1 3 3 3 3 3
1652812006 1177 368 26 0 15 9 11 10 7 6 5 5 5 4 1 3 3 3 3 3
1658425953 1178 368 26 0 15 9 11 10 7 6 5 5 5 4 1 3 3 3 3 3
1658433313 1179 368 26 0 15 9 11 10 7 6 5 5 5 4 1 3 3 3 3 3
1658749621 1180 368 26 0 15 9 11 10 7 6 5 5 5 4 1 3 3 3 3 3
1658752726 1181 368 26 0 15 9 11 10 7 6 5 5 5 4 1 3 3 3 3 3
1658858304 1182 368 26 0 15 9 11 10 7 6 5 5 5 4 1 3 3 3 3 3
1658934005 1183 368 26 0 15 9 11 10 7 6 5 5 5 4 1 3 3 3 3 3
1660060821 1184 368 26 0 15 9 11 10 7 6 5 5 5 4 1 3 3 3 3 3
1660246444 1186 368 26 0 15 9 11 10 7 6 5 5 5 4 1 3 3 3 3 3
1660247292 1186 368 27 0 15 9 11 10 7 6 5 5 5 4 1 3 3 3 3 3
1660247789 1187 368 27 0 15 9 11 10 7 6 5 5 5 4 1 3 3 3 3 3
1660248182 1188 368 27 0 15 9 11 10 7 6 5 5 5 4 1 3 3 3 3 3
1665581000 1189 368 27 0 15 9 11 10 7 6 5 5 5 4 1 3 3 3 3 3
1668442043 1190 368 27 0 15 9 11 10 7 6 5 5 5 4 1 3 3 3 3 3
1669039104 1191 368 27 0 15 9 11 10 7 6 5 5 5 4 1 3 3 3 3 3
1669130100 1192 368 27 0 15 9 11 10 7 6 5 5 5 4 1 3 3 3 3 3
1673965648 1192 368 27 0 15 10 11 10 7 6 5 5 5 4 1 3 3 3 3 3
1673967123 1193 368 27 0 15 10 11 10 7 6 5 5 5 4 1 3 3 3 3 3
1673967134 1194 368 27 0 15 10 11 10 7 6 5 5 5 4 1 3 3 3 3 3
1673967966 1195 368 27 0 15 10 11 10 7 6 5 5 5 4 1 3 3 3 3 3
1673968170 1196 368 27 0 15 10 11 10 7 6 5 5 5 4 1 3 3 3 3 3
1673969331 1197 368 27 0 15 10 11 10 7 6 5 5 5 4 1 3 3 3 3 3
1674179485 1197 368 27 0 15 11 11 10 7 6 5 5 5 4 1 3 3 3 3 3
1674482390 1197 368 27 0 15 11 11 10 7 6 5 5 5 4 2 3 3 3 3 3
1676914796 1198 368 27 0 15 11 11 10 7 6 5 5 5 4 2 3 3 3 3 3
1676917139 1199 368 27 0 15 11 11 10 7 6 5 5 5 4 2 3 3 3 3 3
1676917180 1200 368 27 0 15 11 11 10 7 6 5 5 5 4 2 3 3 3 3 3
1676917433 1201 368 27 0 15 11 11 10 7 6 5 5 5 4 2 3 3 3 3 3
1679055805 1201 368 27 0 15 11 11 10 7 6 5 5 5 4 3 3 3 3 3 3
1681833406 1201 368 27 0 15 11 11 10 7 6 5 5 5 4 3 3 3 3 3 3
1681849145 1201 368 27 0 15 11 11 10 7 6 5 5 5 4 3 3 3 3 3 3
1686677747 1202 368 27 0 15 11 11 10 7 6 5 5 5 4 3 3 3 3 3 3
1686677758 1203 368 27 0 15 11 11 10 7 6 5 5 5 4 3 3 3 3 3 3
1686677897 1204 368 27 0 15 11 11 10 7 6 5 5 5 4 3 3 3 3 3 3
1686677955 1205 368 27 0 15 11 11 10 7 6 5 5 5 4 3 3 3 3 3 3
1686750601 1206 368 27 0 15 11 11 10 7 6 5 5 5 4 3 3 3 3 3 3
1686751126 1207 368 27 0 15 11 11 10 7 6 5 5 5 4 3 3 3 3 3 3
1686751497 1208 368 27 12 15 11 11 10 7 6 5 5 5 4 3 3 3 3 3 3
1686751966 1210 368 27 12 15 11 11 10 7 6 5 5 5 4 3 3 3 3 3 3
1686757690 1211 368 27 12 15 11 11 10 7 6 5 5 5 4 3 3 3 3 3 3
1686761318 1212 368 27 13 15 11 11 10 7 6 5 5 5 4 3 3 3 3 3 3
1686764183 1213 368 27 13 15 11 11 10 7 6 5 5 5 4 3 3 3 3 3 3
1686767173 1214 368 27 13 15 11 11 10 7 6 5 5 5 4 3 3 3 3 3 3
1686767545 1215 368 27 13 15 11 11 10 7 6 5 5 5 4 3 3 3 3 3 3
1686767553 1216 368 27 13 15 11 11 10 7 6 5 5 5 4 3 3 3 3 3 3
1686768167 1217 368 27 13 15 11 11 10 7 6 5 5 5 4 3 3 3 3 3 3
1686768266 1218 368 27 13 15 11 11 10 7 6 5 5 5 4 3 3 3 3 3 3
1686768544 1219 368 27 13 15 11 11 10 7 6 5 5 5 4 3 3 3 3 3 3
1686768663 1220 368 27 13 15 11 11 10 7 6 5 5 5 4 3 3 3 3 3 3
1686768950 1221 368 27 13 15 11 11 10 7 6 5 5 5 4 3 3 3 3 3 3
1686769349 1222 368 27 13 15 11 11 10 7 6 5 5 5 4 3 3 3 3 3 3
1686769534 1223 368 27 13 15 11 11 10 7 6 5 5 5 4 3 3 3 3 3 3
1686770685 1225 368 27 13 15 11 11 10 7 6 5 5 5 4 3 3 3 3 3 3
1686771511 1226 368 27 13 15 11 11 10 7 6 5 5 5 4 3 3 3 3 3 3
1686773864 1227 368 27 13 15 11 11 10 7 6 5 5 5 4 3 3 3 3 3 3
1686791046 1227 368 27 14 15 11 11 10 7 6 5 5 5 4 3 3 3 3 3 3
1687553097 1227 368 27 15 15 11 11 10 7 6 5 5 5 4 3 3 3 3 3 3
