1434630482 0 0 0 0 0 0 0 0 1 0 0 0 0 0 0 0 0 0 0 0
1437986447 0 0 0 0 0 0 0 0 2 0 0 0 0 0 0 0 0 0 0 0
1437989013 0 0 0 0 0 0 0 0 3 0 0 0 0 0 0 0 0 0 0 0
1438256826 0 0 0 0 0 0 0 0 4 0 0 0 0 0 0 0 0 0 0 0
1439908449 0 0 0 0 0 0 0 0 4 0 0 0 0 0 0 0 0 0 0 0
1440414475 0 0 0 0 0 0 0 0 4 0 0 0 0 0 0 0 0 0 0 0
1440504449 0 0 0 0 0 0 0 0 5 0 0 0 0 0 0 0 0 0 0 0
1441181531 0 0 0 0 0 0 0 0 6 0 0 0 0 0 0 0 0 0 0 0
1441270746 0 0 0 1 0 0 0 0 6 0 0 0 0 0 0 0 0 0 0 0
1441393664 0 0 0 1 0 0 0 0 6 0 0 0 0 0 0 0 0 0 0 1
1443086664 0 0 0 1 0 0 0 0 7 0 0 0 0 0 0 0 0 0 0 1
1443189415 0 0 0 2 0 0 0 0 7 0 0 0 0 0 0 0 0 0 0 1
1444047692 0 0 0 2 0 0 0 0 8 0 0 0 0 0 0 0 0 0 0 1
1445598082 0 0 0 2 0 0 0 0 9 0 0 0 0 0 0 0 0 0 0 1
1446000056 0 0 0 2 0 0 0 0 10 0 0 0 0 0 0 0 0 0 0 1
1448384486 0 0 0 2 0 0 0 0 11 0 0 0 0 0 0 0 0 0 0 1
1449062044 0 0 0 2 0 0 0 0 11 0 0 0 0 0 0 0 0 0 0 1
1449069369 0 0 0 2 0 0 0 0 12 0 0 0 0 0 0 0 0 0 0 1
1453838179 0 0 0 2 0 0 0 0 12 0 0 0 0 0 0 0 0 0 0 1
1454322534 0 0 0 3 0 0 0 0 12 0 0 0 0 0 0 0 0 0 0 1
1454574463 0 0 0 3 0 0 0 0 13 0 0 0 0 0 0 0 0 0 0 1
1455025641 0 0 0 4 0 0 0 0 13 0 0 0 0 0 0 0 0 0 0 1
1455286675 0 0 0 5 0 0 0 0 13 0 0 0 0 0 0 0 0 0 0 1
1455742651 0 0 0 5 0 0 0 0 13 0 0 0 0 0 0 0 0 0 0 1
1455747240 0 0 0 5 0 0 0 0 13 0 0 0 0 0 0 0 0 0 0 1
1457047164 0 0 0 5 0 0 0 0 13 0 0 0 0 0 0 0 0 0 0 1
1457116815 0 0 0 5 0 0 0 0 13 0 0 0 0 0 0 0 0 0 0 1
1458174636 0 0 0 5 0 0 0 0 13 0 0 0 0 0 0 0 0 0 0 1
1458304929 0 0 0 5 0 0 0 0 13 0 0 0 0 0 0 0 0 0 0 1
1462179469 0 0 0 6 0 0 0 0 13 0 0 0 0 0 0 0 0 0 0 1
1462781022 0 0 0 6 0 0 0 0 13 0 0 0 0 0 0 0 0 0 0 1
1462877796 0 0 0 6 0 0 0 0 13 1 0 0 0 0 0 0 0 0 0 1
1462904878 0 0 0 7 0 0 0 0 13 1 0 0 0 0 0 0 0 0 0 1
1464839485 0 0 0 7 0 0 0 0 13 1 0 0 0 0 0 0 0 0 0 1
1465341316 0 0 0 7 0 0 0 0 13 2 0 0 0 0 0 0 0 0 0 1
1467313637 0 0 0 7 0 0 0 0 13 2 0 0 0 0 0 0 0 0 0 1
1468900981 0 0 0 7 0 0 0 0 13 2 0 0 0 0 0 0 0 0 0 1
1469060510 0 0 0 7 0 0 0 0 13 2 0 0 0 0 0 0 0 0 0 1
1469480321 0 0 0 7 0 0 0 0 13 2 0 0 0 0 0 0 0 0 0 1
1472662278 0 0 0 8 0 0 0 0 13 2 0 0 0 0 0 0 0 0 0 1
1472975560 0 0 0 9 0 0 0 0 13 2 0 0 0 0 0 0 0 0 0 1
1472976048 0 0 0 9 0 0 0 0 13 3 0 0 0 0 0 0 0 0 0 1
1478555064 0 0 0 9 0 0 0 0 13 3 0 0 0 0 0 0 0 0 0 1
1481813762 0 0 0 9 0 0 0 0 13 3 0 0 0 0 0 0 1 0 0 1
1486571527 0 0 0 9 0 0 0 0 13 3 0 0 0 0 0 0 1 0 0 1
1486752161 0 0 0 9 0 0 0 0 13 4 0 0 0 0 0 0 1 0 0 1
1486980809 0 0 0 9 0 0 0 0 13 5 0 0 0 0 0 0 1 0 0 1
1487282219 0 0 0 9 0 0 0 0 13 6 0 0 0 0 0 0 1 0 0 1
1487284475 0 0 0 9 0 0 0 0 13 7 0 0 0 0 0 0 1 0 0 1
1487284546 0 0 0 9 0 0 0 0 13 8 0 0 0 0 0 0 1 0 0 1
1487633023 0 0 0 9 0 0 0 0 13 9 0 0 0 0 0 0 1 0 0 1
1487633344 0 0 0 9 0 0 0 0 13 10 0 0 0 0 0 0 1 0 0 1
1487633691 0 0 0 9 0 0 0 0 13 11 0 0 0 0 0 0 1 0 0 1
1488190454 0 0 0 9 0 0 0 0 13 12 0 0 0 0 0 0 1 0 0 1
1490871082 0 0 0 9 0 0 0 0 13 12 0 0 0 0 0 0 2 0 0 1
1490871372 0 0 0 9 0 0 0 0 13 12 0 0 0 0 0 0 2 0 0 1
1493369838 0 0 0 9 0 0 0 0 13 12 0 0 0 0 0 0 3 0 0 1
1502118276 0 0 0 9 0 0 0 0 13 12 0 0 0 0 0 0 3 0 0 1
1502120206 0 0 0 9 0 0 0 0 13 12 0 0 0 0 0 0 3 0 0 1
1506520384 0 0 0 9 0 0 0 0 13 12 0 0 0 0 0 0 4 0 0 1
1509991142 0 0 0 9 0 0 0 0 13 12 0 0 0 0 0 0 4 0 0 1
1511438825 0 0 0 9 0 0 0 0 13 12 0 0 0 0 0 0 4 0 0 1
1511958157 0 0 0 9 0 0 0 0 13 12 0 0 0 0 0 0 4 0 0 1
1513437612 0 0 0 9 0 0 0 0 13 12 0 0 0 0 0 0 4 0 0 1
1513437692 0 0 0 9 0 0 0 0 13 12 0 0 0 0 0 0 4 0 0 1
1513533991 0 0 0 9 0 0 0 0 13 12 0 0 0 0 0 0 4 0 0 1
1517004718 0 0 0 9 0 0 0 0 13 12 0 0 0 0 0 0 5 0 0 1
1517529826 0 0 0 9 1 0 0 0 13 12 0 0 0 0 0 0 5 0 0 1
1518458473 0 0 0 9 1 0 1 0 13 12 0 0 0 0 0 0 5 0 0 1
1518556205 0 0 0 9 2 0 1 0 13 12 0 0 0 0 0 0 5 0 0 1
1518556620 0 0 0 9 2 0 2 0 13 12 0 0 0 0 0 0 5 0 0 1
1519397137 0 0 0 9 2 0 2 0 13 12 0 0 0 0 0 0 5 0 0 1
1519679438 0 0 0 9 2 0 3 0 13 12 0 0 0 0 0 0 5 0 0 1
1519879339 0 0 0 9 2 0 4 0 13 12 0 0 0 0 0 0 5 0 0 1
1520393947 0 0 0 9 3 0 4 0 13 12 0 0 0 0 0 0 5 0 0 1
1520483062 0 0 0 9 3 0 5 0 13 12 0 0 0 0 0 0 5 0 0 1
1520484506 0 0 0 9 3 0 6 0 13 12 0 0 0 0 0 0 5 0 0 1
1520898293 0 0 0 9 3 0 7 0 13 12 0 0 0 0 0 0 5 0 0 1
1521566928 0 0 0 9 3 0 7 0 13 12 0 0 0 0 0 0 5 0 0 1
1522273850 0 0 0 9 3 0 8 0 13 12 0 0 0 0 0 0 5 0 0 1
1523516317 0 0 0 9 3 0 8 0 13 12 0 0 0 0 0 0 5 0 0 1
1527046697 0 0 0 9 3 0 8 0 13 12 0 0 0 0 0 0 5 0 0 1
1527099711 0 0 0 9 4 0 8 0 13 12 0 0 0 0 0 0 5 0 0 1
1527435906 0 0 0 10 4 0 8 0 13 12 0 0 0 0 0 0 5 0 0 1
1527695883 0 0 0 11 4 0 8 0 13 12 0 0 0 0 0 0 5 0 0 1
1527888658 0 0 0 12 4 0 8 0 13 12 0 0 0 0 0 0 5 0 0 1
1528330874 0 0 0 13 4 0 8 0 13 12 0 0 0 0 0 0 5 0 0 1
1528743949 0 0 0 14 4 0 8 0 13 12 0 0 0 0 0 0 5 0 0 1
1528847259 0 0 0 14 4 0 8 0 13 12 0 0 0 0 0 0 5 0 0 1
1529416707 0 0 0 14 4 0 8 0 13 12 0 0 0 0 0 0 5 0 0 1
1531440136 0 0 0 14 4 0 9 0 13 12 0 0 0 0 0 0 5 0 0 1
1531869121 0 0 0 14 4 0 10 0 13 12 0 0 0 0 0 0 5 0 0 1
1531877583 0 0 0 14 4 0 11 0 13 12 0 0 0 0 0 0 5 0 0 1
1532122068 0 0 0 14 4 0 12 0 13 12 0 0 0 0 0 0 5 0 0 1
1533768754 0 0 0 14 4 0 12 0 13 12 0 0 0 0 0 0 5 0 0 1
1533798088 0 0 0 14 4 0 13 0 13 12 0 0 0 0 0 0 5 0 0 1
1533858094 0 0 0 14 5 0 13 0 13 12 0 0 0 0 0 0 5 0 0 1
1534522729 0 0 0 14 5 0 14 0 13 12 0 0 0 0 0 0 5 0 0 1
1534821796 0 0 0 14 6 0 14 0 13 12 0 0 0 0 0 0 5 0 0 1
1535211049 0 0 0 14 7 0 14 0 13 12 0 0 0 0 0 0 5 0 0 1
1535420180 0 0 0 14 8 0 14 0 13 12 0 0 0 0 0 0 5 0 0 1
1535497810 0 0 0 14 9 0 14 0 13 12 0 0 0 0 0 0 5 0 0 1
1535558198 0 0 0 14 9 0 14 0 13 12 0 0 0 0 0 0 5 0 0 1
1538784637 0 0 0 14 9 0 14 0 13 12 0 0 0 0 0 0 6 0 0 1
1539974013 0 0 0 15 9 0 14 0 13 12 0 0 0 0 0 0 6 0 0 1
1539995763 0 0 0 15 10 0 14 0 13 12 0 0 0 0 0 0 6 0 0 1
1540076042 0 0 0 15 11 0 14 0 13 12 0 0 0 0 0 0 6 0 0 1
1540077302 0 0 0 15 12 0 14 0 13 12 0 0 0 0 0 0 6 0 0 1
1540078449 0 0 0 15 13 0 14 0 13 12 0 0 0 0 0 0 6 0 0 1
1540196721 0 1 0 15 13 0 14 0 13 12 0 0 0 0 0 0 6 0 0 1
1540204621 0 2 0 15 13 0 14 0 13 12 0 0 0 0 0 0 6 0 0 1
1540213443 0 3 0 15 13 0 14 0 13 12 0 0 0 0 0 0 6 0 0 1
1540320499 0 4 0 15 13 0 14 0 13 12 0 0 0 0 0 0 6 0 0 1
1540359192 0 5 0 15 13 0 14 0 13 12 0 0 0 0 0 0 6 0 0 1
1540428358 0 5 0 15 13 0 15 0 13 12 0 0 0 0 0 0 6 0 0 1
1540570855 0 5 0 15 13 0 15 0 13 12 0 0 0 0 0 0 6 0 0 1
1541730168 0 5 0 15 14 0 15 0 13 12 0 0 0 0 0 0 6 0 0 1
1541788718 0 5 0 16 14 0 15 0 13 12 0 0 0 0 0 0 6 0 0 1
1541802519 0 5 0 17 14 0 15 0 13 12 0 0 0 0 0 0 6 0 0 1
1541806043 0 5 0 18 14 0 15 0 13 12 0 0 0 0 0 0 6 0 0 1
1542044925 0 5 0 19 14 0 15 0 13 12 0 0 0 0 0 0 6 0 0 1
1542133639 0 5 0 20 14 0 15 0 13 12 0 0 0 0 0 0 6 0 0 1
1542135087 0 5 0 21 14 0 15 0 13 12 0 0 0 0 0 0 6 0 0 1
1542138989 0 5 0 22 14 0 15 0 13 12 0 0 0 0 0 0 6 0 0 1
1542386396 0 5 0 23 14 0 15 0 13 12 0 0 0 0 0 0 6 0 0 1
1542915744 0 5 0 23 14 0 15 0 13 12 0 0 0 0 0 0 6 1 0 1
1543170886 0 5 0 24 14 0 15 0 13 12 0 0 0 0 0 0 6 1 0 1
1543177088 0 5 0 25 14 0 15 0 13 12 0 0 0 0 0 0 6 1 0 1
1543325085 0 6 0 25 14 0 15 0 13 12 0 0 0 0 0 0 6 1 0 1
1543501472 0 6 0 25 14 0 15 0 13 12 0 0 0 0 0 0 6 2 0 1
1544481851 0 6 0 25 15 0 15 0 13 12 0 0 0 0 0 0 6 2 0 1
1544493402 0 6 0 25 16 0 15 0 13 12 0 0 0 0 0 0 6 2 0 1
1544527194 0 6 0 25 16 0 15 0 13 12 0 0 0 0 0 0 6 2 0 1
1544541171 0 6 0 26 16 0 15 0 13 12 0 0 0 0 0 0 6 2 0 1
1545268878 0 6 0 26 17 0 15 0 13 12 0 0 0 0 0 0 6 2 0 1
1546279399 0 6 0 26 17 0 15 0 13 12 0 0 0 0 0 0 6 2 0 1
1546626088 0 6 0 26 17 0 15 0 13 12 0 0 0 0 0 0 6 2 0 1
1546629385 0 6 0 26 17 0 15 0 13 12 0 0 0 0 0 0 6 3 0 1
1546631656 0 6 0 26 17 0 15 0 13 12 0 0 0 0 0 0 6 3 0 1
1546632866 0 6 0 26 17 0 15 0 13 12 0 0 0 0 0 0 6 3 1 1
1547098113 0 6 0 26 18 0 15 0 13 12 0 0 0 0 0 0 6 3 1 1
1548943798 0 6 0 26 18 0 15 0 13 12 0 0 0 0 0 0 6 3 1 1
1549379057 0 6 0 26 19 0 15 0 13 12 0 0 0 0 0 0 6 3 1 1
1549418385 0 6 0 26 20 0 15 0 13 12 0 0 0 0 0 0 6 3 1 1
1549874808 0 6 0 26 20 0 15 0 13 12 0 0 0 0 0 0 6 3 1 1
1549894026 0 6 0 26 20 0 15 0 13 12 0 0 0 0 0 0 6 3 1 1
1549972751 0 6 0 26 20 0 15 0 13 12 0 0 0 0 0 0 6 3 1 2
1550065406 0 7 0 26 20 0 15 0 13 12 0 0 0 0 0 0 6 3 1 2
1550731048 0 7 0 27 20 0 15 0 13 12 0 0 0 0 0 0 6 3 1 2
1551193186 0 7 0 27 20 0 15 0 13 12 0 0 0 0 0 0 6 3 1 2
1551815430 0 7 0 27 20 0 15 0 13 12 0 0 0 0 0 0 6 3 1 2
1553179600 0 7 0 27 20 0 15 0 13 12 0 0 0 0 0 0 6 3 1 2
1553789585 0 7 0 27 20 0 15 0 13 12 0 0 0 0 0 0 6 3 1 2
1554133306 0 7 0 27 21 0 15 0 13 12 0 0 0 0 0 0 6 3 1 2
1554133331 0 7 0 27 22 0 15 0 13 12 0 0 0 0 0 0 6 3 1 2
1554512977 0 7 0 27 22 0 15 0 13 12 0 0 0 0 0 0 6 3 2 2
1556029025 0 7 0 27 22 0 15 0 13 12 0 0 0 0 0 0 6 3 2 3
1556047443 0 7 0 27 23 0 15 0 13 12 0 0 0 0 0 0 6 3 2 3
1556047463 0 7 0 27 23 0 15 0 13 12 0 0 0 0 0 0 6 3 2 3
1557167838 0 7 0 27 23 0 15 0 13 12 0 0 0 0 0 0 6 3 2 3
1557414930 0 7 0 27 23 0 15 0 13 12 0 0 0 0 0 0 6 3 2 3
1557825544 0 8 0 27 23 0 15 0 13 12 0 0 0 0 0 0 6 3 2 3
1557907281 0 8 0 27 23 0 15 0 13 12 0 0 0 0 0 0 6 3 2 3
1558538332 0 8 0 27 23 0 15 0 13 12 0 0 0 0 0 0 6 3 2 3
1559680906 0 8 0 27 23 0 15 0 13 12 0 0 0 0 0 0 6 4 2 3
1561386720 0 8 0 27 23 0 15 0 13 12 0 0 0 0 0 0 6 4 2 3
1562589488 0 8 0 27 23 0 15 0 13 12 0 0 0 0 0 0 6 4 2 3
1563543898 0 8 0 27 23 0 15 0 13 12 0 0 0 0 0 0 6 4 2 3
1563543940 0 8 0 27 23 0 15 0 13 12 0 0 0 0 0 0 6 4 2 3
1563903577 0 8 0 27 23 0 15 0 13 12 0 0 0 0 0 0 6 4 2 3
1565099484 0 8 0 27 23 0 15 0 13 12 0 0 0 0 0 0 6 5 2 3
1565598263 0 8 0 27 23 0 15 0 13 12 0 0 0 0 0 0 6 5 2 3
1567200611 0 8 0 27 23 0 15 0 13 12 0 0 0 0 0 0 6 5 2 3
1569581705 0 9 0 27 23 0 15 0 13 12 0 0 0 0 0 0 6 5 2 3
1570521461 0 9 0 27 23 0 15 0 13 12 0 0 0 0 0 0 6 6 2 3
1572342844 0 9 0 27 23 0 15 0 13 12 0 0 0 0 0 0 6 6 2 3
1572543265 0 9 0 27 23 0 15 0 13 12 0 0 0 0 0 0 6 6 2 3
1572598693 0 10 0 27 23 0 15 0 13 12 0 0 0 0 0 0 6 6 2 3
1572619417 0 11 0 27 23 0 15 0 13 12 0 0 0 0 0 0 6 6 2 3
1572822938 0 12 0 27 23 0 15 0 13 12 0 0 0 0 0 0 6 6 2 3
1572850299 0 12 0 27 23 0 15 0 13 12 0 0 0 0 0 0 6 6 2 3
1573070577 0 13 0 27 23 0 15 0 13 12 0 0 0 0 0 0 6 6 2 3
1573070847 0 14 0 27 23 0 15 0 13 12 0 0 0 0 0 0 6 6 2 3
1574458482 0 14 0 27 23 0 15 0 13 12 0 0 0 0 0 0 6 6 2 3
1574458843 0 14 0 27 23 0 15 0 13 12 0 0 0 0 0 0 6 6 2 4
1574459029 0 14 0 27 23 0 15 0 13 12 0 0 0 0 0 0 6 6 2 4
1576505067 0 14 0 27 23 0 15 0 13 12 0 0 0 0 0 0 6 6 2 4
1578947611 0 14 0 27 23 0 15 0 13 12 0 0 0 0 0 0 6 6 3 4
1580288346 0 14 0 27 23 0 15 0 13 12 0 0 0 0 0 0 6 6 4 4
1580288397 0 14 0 27 23 0 15 0 13 12 0 0 0 0 0 0 6 6 4 4
1582163464 0 14 0 27 23 0 15 0 13 12 0 0 0 0 0 0 6 6 4 4
1582591377 0 14 0 27 23 0 15 0 13 12 0 0 0 0 0 0 6 6 4 4
1583282282 0 14 0 27 23 0 15 0 13 12 0 0 0 0 0 0 6 6 4 4
1583716579 0 14 0 27 23 0 15 0 13 12 0 0 0 0 0 0 6 6 4 4
1586649349 0 14 0 27 23 0 15 0 13 12 0 0 1 0 0 0 6 6 4 4
1586983234 0 14 0 27 23 0 15 0 13 12 0 0 1 0 0 0 6 6 4 4
1587376735 0 14 0 27 23 0 15 0 13 12 0 0 1 0 0 0 6 6 4 4
1587416230 0 14 0 27 23 0 15 0 13 12 0 0 1 0 0 0 6 6 4 4
1587474932 0 14 0 27 23 0 15 0 13 12 0 0 2 0 0 0 6 6 4 4
1587509810 0 14 0 27 23 0 15 0 13 12 0 0 2 0 0 0 6 6 4 4
1587509958 0 14 0 27 23 0 15 0 13 12 0 0 2 0 0 0 6 6 4 4
1587545850 0 14 0 27 23 0 15 0 13 12 0 0 3 0 0 0 6 6 4 4
1588582026 0 14 0 27 23 0 15 0 13 12 0 0 3 0 0 0 6 6 4 4
1589272390 0 14 0 27 23 0 15 0 13 12 0 0 3 0 0 0 6 6 4 4
1589461335 0 14 0 27 23 0 15 0 13 12 0 0 3 0 0 0 6 6 4 4
1589811165 0 14 0 27 23 0 15 0 13 12 0 0 4 0 0 0 6 6 4 4
1589815959 0 14 0 27 23 0 15 0 13 12 0 0 5 0 0 0 6 6 4 4
1590802386 0 14 0 27 23 0 15 0 13 12 0 0 5 0 0 0 6 6 4 4
1591096066 0 14 1 27 23 0 15 0 13 12 0 0 5 0 0 0 6 6 4 4
1591345868 0 14 1 27 23 0 15 0 13 12 0 0 5 0 0 0 6 6 4 4
1591369309 0 14 1 28 23 0 15 0 13 12 0 0 5 0 0 0 6 6 4 4
1591497724 0 14 1 28 23 0 15 0 13 12 0 0 5 0 0 0 6 6 4 4
1591892333 0 14 2 28 23 0 15 0 13 12 0 0 5 0 0 0 6 6 4 4
1591897554 0 14 3 28 23 0 15 0 13 12 0 0 5 0 0 0 6 6 4 4
1591908458 0 14 3 28 23 0 15 0 13 12 0 0 6 0 0 0 6 6 4 4
1591953852 0 14 4 28 23 0 15 0 13 12 0 0 6 0 0 0 6 6 4 4
1591953951 0 14 5 28 23 0 15 0 13 12 0 0 6 0 0 0 6 6 4 4
1592089732 0 14 5 28 23 0 15 0 13 12 0 0 6 0 0 0 6 6 4 4
1592091876 0 14 5 28 23 0 15 0 13 12 0 0 6 0 0 0 6 6 4 4
1592207706 0 14 5 28 23 0 15 0 13 12 0 0 6 0 0 0 6 6 4 4
1592297158 0 14 5 28 23 0 15 0 13 12 0 0 6 0 0 0 6 6 4 4
1592297823 0 14 5 28 23 0 15 0 13 12 0 0 6 0 0 0 6 6 4 4
1592400515 0 14 5 28 23 0 15 0 13 12 0 0 6 0 0 0 6 6 4 4
1592405264 0 14 5 28 23 0 15 0 13 12 0 0 6 0 0 0 6 6 4 4
1592485514 0 14 6 28 23 0 15 0 13 12 0 0 6 0 0 0 6 6 4 4
1592498619 0 14 7 28 23 0 15 0 13 12 0 0 6 0 0 0 6 6 4 4
1592554433 0 14 8 28 23 0 15 0 13 12 0 0 6 0 0 0 6 6 4 4
1592816692 0 14 8 29 23 0 15 0 13 12 0 0 6 0 0 0 6 6 4 4
1592899031 0 14 8 29 23 0 15 0 13 12 0 0 6 0 0 0 6 6 4 4
1592899138 0 14 8 29 23 0 15 0 13 12 0 0 6 0 0 0 6 6 4 4
1593170972 0 14 9 29 23 0 15 0 13 12 0 0 6 0 0 0 6 6 4 4
1593177252 0 14 10 29 23 0 15 0 13 12 0 0 6 0 0 0 6 6 4 4
1593429573 0 14 10 29 23 0 15 0 13 12 0 1 6 0 0 0 6 6 4 4
1593455863 0 14 10 29 23 0 15 0 13 12 0 2 6 0 0 0 6 6 4 4
1593455895 0 14 10 29 23 0 15 0 13 12 0 3 6 0 0 0 6 6 4 4
1593511523 0 14 10 30 23 0 15 0 13 12 0 3 6 0 0 0 6 6 4 4
1593531996 0 14 10 31 23 0 15 0 13 12 0 3 6 0 0 0 6 6 4 4
1593532362 0 14 10 32 23 0 15 0 13 12 0 3 6 0 0 0 6 6 4 4
1593540027 0 14 10 32 23 0 15 0 13 12 0 4 6 0 0 0 6 6 4 4
1593592942 0 14 10 32 23 0 15 0 13 12 0 4 6 0 0 0 6 6 5 4
1593592974 0 14 10 32 23 0 15 0 13 12 0 5 6 0 0 0 6 6 5 4
1593611340 0 14 10 32 23 0 15 0 13 12 0 6 6 0 0 0 6 6 5 4
1593763621 0 14 10 32 23 0 15 0 13 12 0 6 6 0 0 0 6 6 5 4
1593798220 0 14 10 33 23 0 15 0 13 12 0 6 6 0 0 0 6 6 5 4
1594069268 0 14 10 33 23 0 15 0 13 12 0 6 6 0 0 0 6 6 5 4
1594109961 0 14 10 33 23 0 15 0 13 12 0 6 6 0 0 0 6 6 5 4
1594990017 0 14 10 33 23 0 15 0 13 12 0 6 6 0 0 0 6 7 5 4
1595233104 0 14 10 33 23 0 15 0 13 12 0 6 6 0 0 0 6 7 6 4
1595233221 0 14 10 33 23 0 15 0 13 12 0 6 6 0 0 0 6 7 6 4
1595333211 0 14 10 33 23 0 15 0 13 12 0 7 6 0 0 0 6 7 6 4
1595437342 0 14 10 33 23 0 15 0 13 12 0 8 6 0 0 0 6 7 6 4
1595532933 0 14 10 33 23 0 15 0 13 12 0 8 6 0 0 0 6 7 7 4
1595784596 0 14 10 33 23 0 15 0 13 12 0 9 6 0 0 0 6 7 7 4
1595837591 0 14 10 33 23 0 15 0 13 12 0 10 6 0 0 0 6 7 7 4
1599249043 0 14 10 33 23 0 15 0 13 12 0 10 7 0 0 0 6 7 7 4
1599417161 0 14 10 33 23 0 15 0 13 12 0 10 7 0 0 0 6 7 7 4
1599675079 1 14 10 33 23 0 15 0 13 12 0 10 7 0 0 0 6 7 7 4
1599678901 2 14 10 33 23 0 15 0 13 12 0 10 7 0 0 0 6 7 7 4
1600356032 2 14 11 33 23 0 15 0 13 12 0 10 7 0 0 0 6 7 7 4
1600850142 2 14 11 33 23 0 15 0 13 12 0 10 7 0 0 0 6 7 7 4
1600951114 3 14 11 33 23 0 15 0 13 12 0 10 7 0 0 0 6 7 7 4
1600955529 4 14 11 33 23 0 15 0 13 12 0 10 7 0 0 0 6 7 7 4
1601053416 5 14 11 33 23 0 15 0 13 12 0 10 7 0 0 0 6 7 7 4
1601407343 6 14 11 33 23 0 15 0 13 12 0 10 7 0 0 0 6 7 7 4
1601648103 7 14 11 33 23 0 15 0 13 12 0 10 7 0 0 0 6 7 7 4
1602229774 7 14 12 33 23 0 15 0 13 12 0 10 7 0 0 0 6 7 7 4
1602516852 7 14 12 33 23 1 15 0 13 12 0 10 7 0 0 0 6 7 7 4
1602557869 8 14 12 33 23 1 15 0 13 12 0 10 7 0 0 0 6 7 7 4
1602628553 9 14 12 33 23 1 15 0 13 12 0 10 7 0 0 0 6 7 7 4
1602701277 9 14 12 33 23 2 15 0 13 12 0 10 7 0 0 0 6 7 7 4
1602701684 10 14 12 33 23 2 15 0 13 12 0 10 7 0 0 0 6 7 7 4
1602772618 10 14 12 33 23 3 15 0 13 12 0 10 7 0 0 0 6 7 7 4
1602772668 10 14 12 33 23 4 15 0 13 12 0 10 7 0 0 0 6 7 7 4
1602777270 10 14 12 33 23 4 15 0 13 12 0 10 7 0 0 0 6 7 7 4
1602777376 10 14 12 33 23 4 15 0 13 12 0 10 7 0 0 0 6 7 7 4
1602778743 11 14 12 33 23 4 15 0 13 12 0 10 7 0 0 0 6 7 7 4
1602778989 12 14 12 33 23 4 15 0 13 12 0 10 7 0 0 0 6 7 7 4
1602779416 13 14 12 33 23 4 15 0 13 12 0 10 7 0 0 0 6 7 7 4
1602779953 14 14 12 33 23 4 15 0 13 12 0 10 7 0 0 0 6 7 7 4
1602782479 14 14 13 33 23 4 15 0 13 12 0 10 7 0 0 0 6 7 7 4
1602796701 15 14 13 33 23 4 15 0 13 12 0 10 7 0 0 0 6 7 7 4
1602797102 16 14 13 33 23 4 15 0 13 12 0 10 7 0 0 0 6 7 7 4
1602799662 17 14 13 33 23 4 15 0 13 12 0 10 7 0 0 0 6 7 7 4
1602805391 18 14 13 33 23 4 15 0 13 12 0 10 7 0 0 0 6 7 7 4
1602841169 18 14 13 33 23 5 15 0 13 12 0 10 7 0 0 0 6 7 7 4
1602842683 18 14 13 33 23 6 15 0 13 12 0 10 7 0 0 0 6 7 7 4
1602843307 18 14 13 33 23 7 15 0 13 12 0 10 7 0 0 0 6 7 7 4
1602863296 19 14 13 33 23 7 15 0 13 12 0 10 7 0 0 0 6 7 7 4
1602869347 20 14 13 33 23 7 15 0 13 12 0 10 7 0 0 0 6 7 7 4
1602972762 20 14 13 33 23 7 15 0 13 12 0 10 7 1 0 0 6 7 7 4
1603047710 21 14 13 33 23 7 15 0 13 12 0 10 7 1 0 0 6 7 7 4
1603078757 22 14 13 33 23 7 15 0 13 12 0 10 7 1 0 0 6 7 7 4
1603293745 23 14 13 33 23 7 15 0 13 12 0 10 7 1 0 0 6 7 7 4
1603460503 23 14 13 33 23 7 15 0 13 12 0 10 7 1 0 0 6 7 7 4
1603465138 23 14 13 33 23 8 15 0 13 12 0 10 7 1 0 0 6 7 7 4
1603562869 23 14 13 33 23 8 15 0 13 12 0 10 7 1 0 0 6 7 7 4
1603701993 23 14 13 33 23 8 15 0 13 12 0 10 7 1 0 0 6 7 7 4
1604422877 23 14 13 33 23 8 15 0 13 12 0 10 7 1 0 0 6 7 7 4
1604490964 24 14 13 33 23 8 15 0 13 12 0 10 7 1 0 0 6 7 7 4
1604564709 24 14 13 33 23 9 15 0 13 12 0 10 7 1 0 0 6 7 7 4
1604567507 24 14 13 33 23 9 15 0 13 12 0 10 7 1 0 0 6 7 7 4
1604604048 24 14 13 33 23 9 15 0 13 12 0 10 7 2 0 0 6 7 7 4
1604933383 24 14 13 33 23 9 15 0 13 12 0 10 7 2 0 0 6 7 7 4
1604958274 25 14 13 33 23 9 15 0 13 12 0 10 7 2 0 0 6 7 7 4
1605018467 25 14 13 33 23 9 15 0 13 12 0 10 7 2 0 0 6 7 7 4
1605040978 25 14 13 33 23 9 15 0 13 12 0 10 7 2 0 0 6 7 7 4
1605057223 25 14 13 33 23 9 15 0 13 12 0 10 7 3 0 0 6 7 7 4
1605097051 25 14 13 33 23 9 15 0 13 12 0 10 8 3 0 0 6 7 7 4
1605097511 25 14 13 33 23 9 15 0 13 12 0 10 8 4 0 0 6 7 7 4
1605117079 25 14 13 33 23 9 15 0 13 12 0 10 9 4 0 0 6 7 7 4
1605287990 25 14 13 33 23 10 15 0 13 12 0 10 9 4 0 0 6 7 7 4
1605354574 25 14 13 33 23 11 15 0 13 12 0 10 9 4 0 0 6 7 7 4
1605932704 25 14 13 33 23 11 15 0 13 12 0 10 9 5 0 0 6 7 7 4
1606164339 26 14 13 33 23 11 15 0 13 12 0 10 9 5 0 0 6 7 7 4
1606333563 26 14 13 33 23 11 15 1 13 12 0 10 9 5 0 0 6 7 7 4
1606926969 27 14 13 33 23 11 15 1 13 12 0 10 9 5 0 0 6 7 7 4
1606985779 27 14 13 33 23 11 15 1 13 12 0 10 9 5 0 0 6 7 7 4
1607028176 27 14 13 33 23 11 15 2 13 12 0 10 9 5 0 0 6 7 7 4
1607069121 27 14 13 33 23 11 15 2 13 12 0 10 9 6 0 0 6 7 7 4
1607071786 28 14 13 33 23 11 15 2 13 12 0 10 9 6 0 0 6 7 7 4
1607207842 28 14 13 33 23 11 15 3 13 12 0 10 9 6 0 0 6 7 7 4
1607385977 28 14 13 33 23 12 15 3 13 12 0 10 9 6 0 0 6 7 7 4
1607428383 28 14 13 33 23 13 15 3 13 12 0 10 9 6 0 0 6 7 7 4
1607445177 28 14 14 33 23 13 15 3 13 12 0 10 9 6 0 0 6 7 7 4
1607770150 28 14 14 33 23 14 15 3 13 12 0 10 9 6 0 0 6 7 7 4
1607803502 28 14 14 33 23 14 15 3 13 12 0 10 9 6 0 0 6 7 7 4
1607977316 28 14 14 33 23 14 15 3 13 12 0 10 9 6 0 0 6 7 7 4
1608027113 28 14 14 33 23 14 15 4 13 12 0 10 9 6 0 0 6 7 7 4
1608652724 29 14 14 33 23 14 15 4 13 12 0 10 9 6 0 0 6 7 7 4
1609372214 30 14 14 33 23 14 15 4 13 12 0 10 9 6 0 0 6 7 7 4
1609372830 31 14 14 33 23 14 15 4 13 12 0 10 9 6 0 0 6 7 7 4
1609532003 32 14 14 33 23 14 15 4 13 12 0 10 9 6 0 0 6 7 7 4
1610453109 32 14 14 33 23 14 15 4 13 12 0 10 9 6 0 0 6 7 7 4
1610578154 33 14 14 33 23 14 15 4 13 12 0 10 9 6 0 0 6 7 7 4
1610582730 33 14 14 33 23 15 15 4 13 12 0 10 9 6 0 0 6 7 7 4
1610728135 33 14 14 33 23 15 15 4 13 12 0 10 9 6 0 0 6 7 7 4
1610970792 34 14 14 33 23 15 15 4 13 12 0 10 9 6 0 0 6 7 7 4
1611237917 35 14 14 33 23 15 15 4 13 12 0 10 9 6 0 0 6 7 7 4
1611240128 36 14 14 33 23 15 15 4 13 12 0 10 9 6 0 0 6 7 7 4
1611263838 37 14 14 33 23 15 15 4 13 12 0 10 9 6 0 0 6 7 7 4
1611271765 38 14 14 33 23 15 15 4 13 12 0 10 9 6 0 0 6 7 7 4
1611359207 38 14 14 33 23 15 15 4 13 12 0 10 9 6 0 0 6 7 7 4
1611681605 38 14 14 33 23 15 15 4 13 12 0 10 9 6 0 0 6 7 7 4
1611743405 39 14 14 33 23 15 15 4 13 12 0 10 9 6 0 0 6 7 7 4
1611768252 40 14 14 33 23 15 15 4 13 12 0 10 9 6 0 0 6 7 7 4
1611801121 41 14 14 33 23 15 15 4 13 12 0 10 9 6 0 0 6 7 7 4
1611876276 41 15 14 33 23 15 15 4 13 12 0 10 9 6 0 0 6 7 7 4
1612036315 41 15 14 33 23 15 15 4 13 12 0 11 9 6 0 0 6 7 7 4
1612188613 41 16 14 33 23 15 15 4 13 12 0 11 9 6 0 0 6 7 7 4
1612270770 41 17 14 33 23 15 15 4 13 12 0 11 9 6 0 0 6 7 7 4
1612297254 42 17 14 33 23 15 15 4 13 12 0 11 9 6 0 0 6 7 7 4
1612339908 42 18 14 33 23 15 15 4 13 12 0 11 9 6 0 0 6 7 7 4
1612380838 42 19 14 33 23 15 15 4 13 12 0 11 9 6 0 0 6 7 7 4
1612434913 43 19 14 33 23 15 15 4 13 12 0 11 9 6 0 0 6 7 7 4
1612508915 43 20 14 33 23 15 15 4 13 12 0 11 9 6 0 0 6 7 7 4
1612862297 44 20 14 33 23 15 15 4 13 12 0 11 9 6 0 0 6 7 7 4
1612867504 44 21 14 33 23 15 15 4 13 12 0 11 9 6 0 0 6 7 7 4
1612879015 44 22 14 33 23 15 15 4 13 12 0 11 9 6 0 0 6 7 7 4
1612879215 44 23 14 33 23 15 15 4 13 12 0 11 9 6 0 0 6 7 7 4
1613155189 45 23 14 33 23 15 15 4 13 12 0 11 9 6 0 0 6 7 7 4
1613160163 45 23 14 33 23 15 15 4 13 12 0 11 9 7 0 0 6 7 7 4
1613485215 45 23 14 33 23 15 15 5 13 12 0 11 9 7 0 0 6 7 7 4
1613486300 45 23 15 33 23 15 15 5 13 12 0 11 9 7 0 0 6 7 7 4
1613488543 46 23 15 33 23 15 15 5 13 12 0 11 9 7 0 0 6 7 7 4
1613591986 47 23 15 33 23 15 15 5 13 12 0 11 9 7 0 0 6 7 7 4
1613664826 47 23 16 33 23 15 15 5 13 12 0 11 9 7 0 0 6 7 7 4
1613723850 47 24 16 33 23 15 15 5 13 12 0 11 9 7 0 0 6 7 7 4
1613835157 48 24 16 33 23 15 15 5 13 12 0 11 9 7 0 0 6 7 7 4
1613927124 48 24 16 33 23 15 15 5 13 12 0 11 9 7 0 0 6 7 7 4
1614088487 48 25 16 33 23 15 15 5 13 12 0 11 9 7 0 0 6 7 7 4
1614172451 48 26 16 33 23 15 15 5 13 12 0 11 9 7 0 0 6 7 7 4
1614174547 48 26 16 33 23 15 15 5 13 12 0 11 9 7 0 0 6 7 7 4
1614237928 48 26 16 33 23 15 15 5 13 12 0 11 9 7 0 0 6 7 7 4
1614261268 48 26 17 33 23 15 15 5 13 12 0 11 9 7 0 0 6 7 7 4
1614261584 49 26 17 33 23 15 15 5 13 12 0 11 9 7 0 0 6 7 7 4
1614262195 49 27 17 33 23 15 15 5 13 12 0 11 9 7 0 0 6 7 7 4
1614272069 49 28 17 33 23 15 15 5 13 12 0 11 9 7 0 0 6 7 7 4
1614326011 49 29 17 33 23 15 15 5 13 12 0 11 9 7 0 0 6 7 7 4
1614714502 49 29 17 33 23 15 15 5 13 12 0 11 9 7 0 0 6 7 7 4
1614770435 49 30 17 33 23 15 15 5 13 12 0 11 9 7 0 0 6 7 7 4
1614812737 49 30 17 33 23 15 15 5 13 12 0 11 9 7 0 0 6 7 7 4
1615291884 49 30 17 33 23 15 15 5 13 12 0 11 9 7 0 0 6 7 7 4
1615298587 49 31 17 33 23 15 15 5 13 12 0 11 9 7 0 0 6 7 7 4
1615321516 49 31 17 33 23 15 15 5 13 12 0 11 9 7 0 0 6 7 7 4
1615460080 49 32 17 33 23 15 15 5 13 12 0 11 9 7 0 0 6 7 7 4
1615556138 49 33 17 33 23 15 15 5 13 12 0 11 9 7 0 0 6 7 7 4
1615811136 49 33 17 33 23 15 15 5 13 12 0 11 9 8 0 0 6 7 7 4
1616105605 49 33 17 33 23 15 15 5 13 12 0 11 9 8 0 0 7 7 7 4
1616412509 49 33 18 33 23 15 15 5 13 12 0 11 9 8 0 0 7 7 7 4
1616432213 49 33 19 33 23 15 15 5 13 12 0 11 9 8 0 0 7 7 7 4
1616435395 50 33 19 33 23 15 15 5 13 12 0 11 9 8 0 0 7 7 7 4
1616668688 50 33 20 33 23 15 15 5 13 12 0 11 9 8 0 0 7 7 7 4
1616702925 50 33 20 33 23 15 15 5 13 12 0 11 9 9 0 0 7 7 7 4
1616711553 50 33 21 33 23 15 15 5 13 12 0 11 9 9 0 0 7 7 7 4
1617029905 51 33 21 33 23 15 15 5 13 12 0 11 9 9 0 0 7 7 7 4
1617101053 52 33 21 33 23 15 15 5 13 12 0 11 9 9 0 0 7 7 7 4
1617114748 52 33 22 33 23 15 15 5 13 12 0 11 9 9 0 0 7 7 7 4
1617137465 53 33 22 33 23 15 15 5 13 12 0 11 9 9 0 0 7 7 7 4
1617143906 53 33 22 33 23 15 15 5 13 12 0 11 10 9 0 0 7 7 7 4
1617178398 53 33 22 33 23 15 15 5 13 12 0 11 10 9 0 0 7 7 7 4
1617181246 53 33 22 33 23 15 15 5 13 12 0 11 10 9 0 0 7 7 7 4
1617183147 53 33 22 33 23 15 15 5 13 12 0 11 10 9 0 0 7 7 7 4
1617192104 53 33 22 33 23 15 15 5 13 12 0 11 10 9 0 0 7 7 7 4
1617267281 53 33 22 33 23 15 15 5 13 12 0 11 11 9 0 0 7 7 7 4
1617341942 53 33 22 33 23 15 15 5 13 12 0 11 11 9 1 0 7 7 7 4
1617380943 53 33 22 33 23 15 15 5 13 12 0 11 11 9 2 0 7 7 7 4
1617790269 53 33 23 33 23 15 15 5 13 12 0 11 11 9 2 0 7 7 7 4
1617810391 54 33 23 33 23 15 15 5 13 12 0 11 11 9 2 0 7 7 7 4
1617810758 54 33 24 33 23 15 15 5 13 12 0 11 11 9 2 0 7 7 7 4
1617811014 55 33 24 33 23 15 15 5 13 12 0 11 11 9 2 0 7 7 7 4
1617815503 56 33 24 33 23 15 15 5 13 12 0 11 11 9 2 0 7 7 7 4
1617817941 57 33 24 33 23 15 15 5 13 12 0 11 11 9 2 0 7 7 7 4
1617823598 57 33 24 33 23 15 15 5 13 12 0 11 11 9 2 0 7 7 7 4
1617873624 57 33 24 33 23 15 15 5 13 12 0 11 11 9 2 0 7 7 7 4
1617897225 58 33 24 33 23 15 15 5 13 12 0 11 11 9 2 0 7 7 7 4
1617900391 58 33 25 33 23 15 15 5 13 12 0 11 11 9 2 0 7 7 7 4
1617980793 59 33 25 33 23 15 15 5 13 12 0 11 11 9 2 0 7 7 7 4
1617982148 60 33 25 33 23 15 15 5 13 12 0 11 11 9 2 0 7 7 7 4
1618238472 61 33 25 33 23 15 15 5 13 12 0 11 11 9 2 0 7 7 7 4
1618844147 62 33 25 33 23 15 15 5 13 12 0 11 11 9 2 0 7 7 7 4
1618848456 62 33 26 33 23 15 15 5 13 12 0 11 11 9 2 0 7 7 7 4
1618923372 62 33 27 33 23 15 15 5 13 12 0 11 11 9 2 0 7 7 7 4
1618930845 63 33 27 33 23 15 15 5 13 12 0 11 11 9 2 0 7 7 7 4
1618932859 64 33 27 33 23 15 15 5 13 12 0 11 11 9 2 0 7 7 7 4
1619009551 64 33 28 33 23 15 15 5 13 12 0 11 11 9 2 0 7 7 7 4
1619191087 65 33 28 33 23 15 15 5 13 12 0 11 11 9 2 0 7 7 7 4
1619534370 66 33 28 33 23 15 15 5 13 12 0 11 11 9 2 0 7 7 7 4
1619536522 67 33 28 33 23 15 15 5 13 12 0 11 11 9 2 0 7 7 7 4
1619543718 68 33 28 33 23 15 15 5 13 12 0 11 11 9 2 0 7 7 7 4
1619619504 68 33 29 33 23 15 15 5 13 12 0 11 11 9 2 0 7 7 7 4
1619698942 68 33 30 33 23 15 15 5 13 12 0 11 11 9 2 0 7 7 7 4
1620127256 68 34 30 33 23 15 15 5 13 12 0 11 11 9 2 0 7 7 7 4
1620136100 69 34 30 33 23 15 15 5 13 12 0 11 11 9 2 0 7 7 7 4
1620227407 70 34 30 33 23 15 15 5 13 12 0 11 11 9 2 0 7 7 7 4
1620232515 70 34 30 33 23 15 15 5 13 12 0 11 11 9 2 0 7 7 7 4
1620309199 71 34 30 33 23 15 15 5 13 12 0 11 11 9 2 0 7 7 7 4
1620309497 72 34 30 33 23 15 15 5 13 12 0 11 11 9 2 0 7 7 7 4
1620309754 73 34 30 33 23 15 15 5 13 12 0 11 11 9 2 0 7 7 7 4
1620310046 74 34 30 33 23 15 15 5 13 12 0 11 11 9 2 0 7 7 7 4
1620312186 74 34 31 33 23 15 15 5 13 12 0 11 11 9 2 0 7 7 7 4
1620312648 74 34 32 33 23 15 15 5 13 12 0 11 11 9 2 0 7 7 7 4
1620324192 74 34 32 33 23 15 15 5 13 12 0 11 11 10 2 0 7 7 7 4
1620331170 75 34 32 33 23 15 15 5 13 12 0 11 11 10 2 0 7 7 7 4
1620639885 75 35 32 33 23 15 15 5 13 12 0 11 11 10 2 0 7 7 7 4
1620656383 75 35 33 33 23 15 15 5 13 12 0 11 11 10 2 0 7 7 7 4
1620657778 75 35 34 33 23 15 15 5 13 12 0 11 11 10 2 0 7 7 7 4
1620661128 75 35 35 33 23 15 15 5 13 12 0 11 11 10 2 0 7 7 7 4
1620665796 75 35 36 33 23 15 15 5 13 12 0 11 11 10 2 0 7 7 7 4
1620733285 75 35 37 33 23 15 15 5 13 12 0 11 11 10 2 0 7 7 7 4
1620745963 75 35 38 33 23 15 15 5 13 12 0 11 11 10 2 0 7 7 7 4
1620746967 75 35 39 33 23 15 15 5 13 12 0 11 11 10 2 0 7 7 7 4
1620800925 75 36 39 33 23 15 15 5 13 12 0 11 11 10 2 0 7 7 7 4
1620912807 75 37 39 33 23 15 15 5 13 12 0 11 11 10 2 0 7 7 7 4
1620913412 76 37 39 33 23 15 15 5 13 12 0 11 11 10 2 0 7 7 7 4
1621267980 76 37 39 33 23 15 15 5 13 12 0 11 11 10 2 0 7 7 7 4
1621271682 77 37 39 33 23 15 15 5 13 12 0 11 11 10 2 0 7 7 7 4
1621326626 77 37 39 33 23 15 15 5 13 12 0 11 11 10 2 0 7 7 7 4
1621348524 77 37 39 33 23 15 15 5 13 12 0 11 11 10 2 0 7 7 7 4
1621440204 78 37 39 33 23 15 15 5 13 12 0 11 11 10 2 0 7 7 7 4
1621491806 78 37 39 33 23 15 15 5 13 12 0 11 11 10 2 0 7 7 7 4
1621506310 78 38 39 33 23 15 15 5 13 12 0 11 11 10 2 0 7 7 7 4
1621627031 79 38 39 33 23 15 15 5 13 12 0 11 11 10 2 0 7 7 7 4
1622143034 79 39 39 33 23 15 15 5 13 12 0 11 11 10 2 0 7 7 7 4
1622147843 79 40 39 33 23 15 15 5 13 12 0 11 11 10 2 0 7 7 7 4
1622316888 79 40 39 33 23 15 15 5 13 12 0 11 11 10 2 0 7 7 7 4
1622362171 79 40 39 33 23 15 15 5 13 12 0 11 11 10 2 0 7 7 7 4
1622578578 79 41 39 33 23 15 15 5 13 12 0 11 11 10 2 0 7 7 7 4
1622582338 80 41 39 33 23 15 15 5 13 12 0 11 11 10 2 0 7 7 7 4
1622616767 80 42 39 33 23 15 15 5 13 12 0 11 11 10 2 0 7 7 7 4
1622617766 80 43 39 33 23 15 15 5 13 12 0 11 11 10 2 0 7 7 7 4
1622641132 81 43 39 33 23 15 15 5 13 12 0 11 11 10 2 0 7 7 7 4
1622661764 81 44 39 33 23 15 15 5 13 12 0 11 11 10 2 0 7 7 7 4
1622664870 81 45 39 33 23 15 15 5 13 12 0 11 11 10 2 0 7 7 7 4
1623232956 81 46 39 33 23 15 15 5 13 12 0 11 11 10 2 0 7 7 7 4
1623712886 81 46 39 33 23 15 15 5 13 12 0 11 11 10 2 0 7 7 7 4
1624049244 82 46 39 33 23 15 15 5 13 12 0 11 11 10 2 0 7 7 7 4
1624270744 83 46 39 33 23 15 15 5 13 12 0 11 11 10 2 0 7 7 7 4
1624280045 83 47 39 33 23 15 15 5 13 12 0 11 11 10 2 0 7 7 7 4
1624406153 83 47 39 33 23 15 15 5 13 12 0 11 11 10 3 0 7 7 7 4
1624523451 83 48 39 33 23 15 15 5 13 12 0 11 11 10 3 0 7 7 7 4
1624548398 84 48 39 33 23 15 15 5 13 12 0 11 11 10 3 0 7 7 7 4
1624548852 85 48 39 33 23 15 15 5 13 12 0 11 11 10 3 0 7 7 7 4
1624549099 86 48 39 33 23 15 15 5 13 12 0 11 11 10 3 0 7 7 7 4
1624562917 86 48 39 33 23 15 15 5 13 12 0 11 11 10 4 0 7 7 7 4
1624660399 86 48 39 33 23 16 15 5 13 12 0 11 11 10 4 0 7 7 7 4
1624739008 86 48 39 33 23 16 15 5 13 12 0 11 11 10 5 0 7 7 7 4
1624817389 87 48 39 33 23 16 15 5 13 12 0 11 11 10 5 0 7 7 7 4
1624817707 88 48 39 33 23 16 15 5 13 12 0 11 11 10 5 0 7 7 7 4
1624819684 89 48 39 33 23 16 15 5 13 12 0 11 11 10 5 0 7 7 7 4
1624820337 90 48 39 33 23 16 15 5 13 12 0 11 11 10 5 0 7 7 7 4
1624866179 90 49 39 33 23 16 15 5 13 12 0 11 11 10 5 0 7 7 7 4
1624888062 91 49 39 33 23 16 15 5 13 12 0 11 11 10 5 0 7 7 7 4
1624888322 92 49 39 33 23 16 15 5 13 12 0 11 11 10 5 0 7 7 7 4
1624984241 93 49 39 33 23 16 15 5 13 12 0 11 11 10 5 0 7 7 7 4
1624992731 94 49 39 33 23 16 15 5 13 12 0 11 11 10 5 0 7 7 7 4
1624993881 95 49 39 33 23 16 15 5 13 12 0 11 11 10 5 0 7 7 7 4
1624995271 96 49 39 33 23 16 15 5 13 12 0 11 11 10 5 0 7 7 7 4
1624996579 97 49 39 33 23 16 15 5 13 12 0 11 11 10 5 0 7 7 7 4
1625096510 98 49 39 33 23 16 15 5 13 12 0 11 11 10 5 0 7 7 7 4
1625124371 98 49 39 33 23 16 15 5 13 12 0 11 11 10 5 0 7 7 7 5
1625128396 99 49 39 33 23 16 15 5 13 12 0 11 11 10 5 0 7 7 7 5
1625169389 100 49 39 33 23 16 15 5 13 12 0 11 11 10 5 0 7 7 7 5
1625169748 100 49 39 33 23 16 15 5 13 12 0 11 11 10 6 0 7 7 7 5
1625170768 101 49 39 33 23 16 15 5 13 12 0 11 11 10 6 0 7 7 7 5
1625171394 102 49 39 33 23 16 15 5 13 12 0 11 11 10 6 0 7 7 7 5
1625254483 102 49 39 33 23 16 15 6 13 12 0 11 11 10 6 0 7 7 7 5
1625403107 102 49 39 33 23 16 15 6 13 12 0 11 11 10 6 0 7 7 7 5
1625478333 102 50 39 33 23 16 15 6 13 12 0 11 11 10 6 0 7 7 7 5
1625597964 103 50 39 33 23 16 15 6 13 12 0 11 11 10 6 0 7 7 7 5
1625605237 104 50 39 33 23 16 15 6 13 12 0 11 11 10 6 0 7 7 7 5
1625797165 105 50 39 33 23 16 15 6 13 12 0 11 11 10 6 0 7 7 7 5
1625822473 105 50 39 33 23 16 15 6 13 12 0 11 11 10 6 0 7 7 7 5
1625919439 106 50 39 33 23 16 15 6 13 12 0 11 11 10 6 0 7 7 7 5
1625927789 107 50 39 33 23 16 15 6 13 12 0 11 11 10 6 0 7 7 7 5
1625934127 108 50 39 33 23 16 15 6 13 12 0 11 11 10 6 0 7 7 7 5
1626183563 108 50 39 33 23 16 15 6 13 12 0 11 11 10 6 0 7 7 7 5
1626306499 108 50 39 33 23 16 15 7 13 12 0 11 11 10 6 0 7 7 7 5
1626348873 109 50 39 33 23 16 15 7 13 12 0 11 11 10 6 0 7 7 7 5
1626350181 110 50 39 33 23 16 15 7 13 12 0 11 11 10 6 0 7 7 7 5
1626448355 111 50 39 33 23 16 15 7 13 12 0 11 11 10 6 0 7 7 7 5
1626771898 111 50 39 33 23 16 15 7 13 12 0 11 11 10 6 1 7 7 7 5
1626812825 112 50 39 33 23 16 15 7 13 12 0 11 11 10 6 1 7 7 7 5
1626815328 112 51 39 33 23 16 15 7 13 12 0 11 11 10 6 1 7 7 7 5
1626900228 112 51 39 33 23 16 15 7 13 12 0 11 11 10 6 1 7 7 7 5
1626934035 112 51 39 33 23 16 15 7 13 12 0 11 11 10 6 2 7 7 7 5
1626934742 112 51 39 33 23 16 15 7 13 12 0 11 11 10 6 2 7 7 7 5
1626948430 112 52 39 33 23 16 15 7 13 12 0 11 11 10 6 2 7 7 7 5
1626978759 113 52 39 33 23 16 15 7 13 12 0 11 11 10 6 2 7 7 7 5
1627042547 113 52 39 33 23 16 15 7 13 12 0 11 11 10 6 3 7 7 7 5
1627045910 113 52 39 33 23 16 15 7 13 12 0 11 11 10 6 4 7 7 7 5
1627076960 113 52 39 33 23 16 15 7 13 12 0 11 11 10 6 4 7 7 7 5
1627327594 114 52 39 33 23 16 15 7 13 12 0 11 11 10 6 4 7 7 7 5
1627395572 115 52 39 33 23 16 15 7 13 12 0 11 11 10 6 4 7 7 7 5
1627572816 116 52 39 33 23 16 15 7 13 12 0 11 11 10 6 4 7 7 7 5
1627644151 116 52 39 33 23 16 15 7 13 12 0 11 11 10 6 5 7 7 7 5
1627646468 116 52 39 33 23 16 15 7 13 12 0 11 11 10 6 6 7 7 7 5
1627651657 117 52 39 33 23 16 15 7 13 12 0 11 11 10 6 6 7 7 7 5
1627652092 118 52 39 33 23 16 15 7 13 12 0 11 11 10 6 6 7 7 7 5
1627996204 119 52 39 33 23 16 15 7 13 12 0 11 11 10 6 6 7 7 7 5
1627996761 120 52 39 33 23 16 15 7 13 12 0 11 11 10 6 6 7 7 7 5
1628009010 120 52 39 33 23 16 15 7 13 12 0 11 11 10 6 6 7 7 7 5
1628032532 121 52 39 33 23 16 15 7 13 12 0 11 11 10 6 6 7 7 7 5
1628598830 122 52 39 33 23 16 15 7 13 12 0 11 11 10 6 6 7 7 7 5
1628750688 123 52 39 33 23 16 15 7 13 12 0 11 11 10 6 6 7 7 7 5
1628752435 123 53 39 33 23 16 15 7 13 12 0 11 11 10 6 6 7 7 7 5
1628786447 124 53 39 33 23 16 15 7 13 12 0 11 11 10 6 6 7 7 7 5
1628786837 125 53 39 33 23 16 15 7 13 12 0 11 11 10 6 6 7 7 7 5
1628788185 126 53 39 33 23 16 15 7 13 12 0 11 11 10 6 6 7 7 7 5
1628801291 127 53 39 33 23 16 15 7 13 12 0 11 11 10 6 6 7 7 7 5
1629142119 127 53 39 33 23 16 15 7 13 12 0 11 11 10 6 6 7 7 7 5
1629144474 128 53 39 33 23 16 15 7 13 12 0 11 11 10 6 6 7 7 7 5
1629289167 129 53 39 33 23 16 15 7 13 12 0 11 11 10 6 6 7 7 7 5
1629291315 130 53 39 33 23 16 15 7 13 12 0 11 11 10 6 6 7 7 7 5
1629293118 131 53 39 33 23 16 15 7 13 12 0 11 11 10 6 6 7 7 7 5
1629293916 132 53 39 33 23 16 15 7 13 12 0 11 11 10 6 6 7 7 7 5
1629384171 133 53 39 33 23 16 15 7 13 12 0 11 11 10 6 6 7 7 7 5
1629389979 134 53 39 33 23 16 15 7 13 12 0 11 11 10 6 6 7 7 7 5
1629495879 134 53 39 33 23 16 15 7 13 12 0 11 11 10 6 6 7 7 7 5
1629764445 134 53 39 33 23 16 15 7 13 12 0 11 11 10 6 6 7 7 7 5
1629824770 134 53 40 33 23 16 15 7 13 12 0 11 11 10 6 6 7 7 7 5
1629825637 135 53 40 33 23 16 15 7 13 12 0 11 11 10 6 6 7 7 7 5
1629836371 136 53 40 33 23 16 15 7 13 12 0 11 11 10 6 6 7 7 7 5
1629837431 137 53 40 33 23 16 15 7 13 12 0 11 11 10 6 6 7 7 7 5
1629896127 137 53 40 33 23 16 15 7 13 12 0 11 11 10 6 6 7 7 7 5
1629898076 138 53 40 33 23 16 15 7 13 12 0 11 11 10 6 6 7 7 7 5
1629911152 138 53 40 33 23 16 15 8 13 12 0 11 11 10 6 6 7 7 7 5
1630070220 139 53 40 33 23 16 15 8 13 12 0 11 11 10 6 6 7 7 7 5
1630418737 140 53 40 33 23 16 15 8 13 12 0 11 11 10 6 6 7 7 7 5
1630422321 141 53 40 33 23 16 15 8 13 12 0 11 11 10 6 6 7 7 7 5
1630428393 141 53 40 33 23 16 15 8 13 12 0 11 11 10 7 6 7 7 7 5
1630503272 142 53 40 33 23 16 15 8 13 12 0 11 11 10 7 6 7 7 7 5
1630542492 142 53 40 33 23 16 15 9 13 12 0 11 11 10 7 6 7 7 7 5
1630548577 142 53 40 33 23 16 15 10 13 12 0 11 11 10 7 6 7 7 7 5
1630946401 142 53 40 33 23 16 15 10 13 12 0 11 11 10 7 6 7 7 7 5
1631106705 143 53 40 33 23 16 15 10 13 12 0 11 11 10 7 6 7 7 7 5
1631113955 144 53 40 33 23 16 15 10 13 12 0 11 11 10 7 6 7 7 7 5
1631183376 144 54 40 33 23 16 15 10 13 12 0 11 11 10 7 6 7 7 7 5
1631224180 145 54 40 33 23 16 15 10 13 12 0 11 11 10 7 6 7 7 7 5
1631261234 145 55 40 33 23 16 15 10 13 12 0 11 11 10 7 6 7 7 7 5
1631297370 145 55 41 33 23 16 15 10 13 12 0 11 11 10 7 6 7 7 7 5
1631332451 146 55 41 33 23 16 15 10 13 12 0 11 11 10 7 6 7 7 7 5
1631526316 146 55 41 33 23 16 15 10 13 12 0 11 11 10 7 6 7 7 7 6
1631544666 146 56 41 33 23 16 15 10 13 12 0 11 11 10 7 6 7 7 7 6
1631633767 146 56 41 33 23 16 15 10 13 12 0 11 11 10 7 6 7 7 7 6
1631638899 147 56 41 33 23 16 15 10 13 12 0 11 11 10 7 6 7 7 7 6
1631639614 148 56 41 33 23 16 15 10 13 12 0 11 11 10 7 6 7 7 7 6
1631786130 148 56 41 33 23 16 15 11 13 12 0 11 11 10 7 6 7 7 7 6
1632144496 149 56 41 33 23 16 15 11 13 12 0 11 11 10 7 6 7 7 7 6
1632232101 150 56 41 33 23 16 15 11 13 12 0 11 11 10 7 6 7 7 7 6
1632902649 150 56 41 33 23 16 15 11 13 12 0 11 11 10 7 6 7 7 7 6
1633035086 150 57 41 33 23 16 15 11 13 12 0 11 11 10 7 6 7 7 7 6
1633534754 150 57 41 33 23 16 15 11 13 12 0 11 11 10 7 7 7 7 7 6
1633698630 151 57 41 33 23 16 15 11 13 12 0 11 11 10 7 7 7 7 7 6
1633961578 152 57 41 33 23 16 15 11 13 12 0 11 11 10 7 7 7 7 7 6
1633978422 152 57 42 33 23 16 15 11 13 12 0 11 11 10 7 7 7 7 7 6
1634044552 153 57 42 33 23 16 15 11 13 12 0 11 11 10 7 7 7 7 7 6
1634047254 153 57 42 33 23 16 15 11 13 12 1 11 11 10 7 7 7 7 7 6
1634123269 153 58 42 33 23 16 15 11 13 12 1 11 11 10 7 7 7 7 7 6
1634206555 153 58 43 33 23 16 15 11 13 12 1 11 11 10 7 7 7 7 7 6
1634215110 153 58 43 33 23 16 15 11 13 12 2 11 11 10 7 7 7 7 7 6
1634220457 153 58 44 33 23 16 15 11 13 12 2 11 11 10 7 7 7 7 7 6
1634288675 153 59 44 33 23 16 15 11 13 12 2 11 11 10 7 7 7 7 7 6
1634295992 153 59 44 33 23 16 15 11 13 12 3 11 11 10 7 7 7 7 7 6
1634414406 153 59 44 33 23 16 15 11 13 12 3 11 11 10 8 7 7 7 7 6
1634640910 153 59 45 33 23 16 15 11 13 12 3 11 11 10 8 7 7 7 7 6
1634915909 154 59 45 33 23 16 15 11 13 12 3 11 11 10 8 7 7 7 7 6
1634935603 154 59 45 33 23 16 15 11 13 12 3 11 11 10 8 7 7 7 7 6
1634967955 154 60 45 33 23 16 15 11 13 12 3 11 11 10 8 7 7 7 7 6
1634968276 154 61 45 33 23 16 15 11 13 12 3 11 11 10 8 7 7 7 7 6
1634968691 154 62 45 33 23 16 15 11 13 12 3 11 11 10 8 7 7 7 7 6
1634969096 154 63 45 33 23 16 15 11 13 12 3 11 11 10 8 7 7 7 7 6
1634970095 154 64 45 33 23 16 15 11 13 12 3 11 11 10 8 7 7 7 7 6
1634970749 154 65 45 33 23 16 15 11 13 12 3 11 11 10 8 7 7 7 7 6
1635156263 154 66 45 33 23 16 15 11 13 12 3 11 11 10 8 7 7 7 7 6
1635322697 154 67 45 33 23 16 15 11 13 12 3 11 11 10 8 7 7 7 7 6
1635502799 154 67 45 33 23 16 15 11 13 12 4 11 11 10 8 7 7 7 7 6
1635520118 154 67 45 33 23 16 15 11 13 12 5 11 11 10 8 7 7 7 7 6
1635536920 154 67 45 33 23 16 15 11 13 12 5 11 11 10 8 7 7 7 7 6
1635761083 154 67 46 33 23 16 15 11 13 12 5 11 11 10 8 7 7 7 7 6
1635770540 154 68 46 33 23 16 15 11 13 12 5 11 11 10 8 7 7 7 7 6
1636037740 155 68 46 33 23 16 15 11 13 12 5 11 11 10 8 7 7 7 7 6
1636382182 156 68 46 33 23 16 15 11 13 12 5 11 11 10 8 7 7 7 7 6
1636388043 157 68 46 33 23 16 15 11 13 12 5 11 11 10 8 7 7 7 7 6
1636394570 158 68 46 33 23 16 15 11 13 12 5 11 11 10 8 7 7 7 7 6
1636726004 159 68 46 33 23 16 15 11 13 12 5 11 11 10 8 7 7 7 7 6
1636926485 160 68 46 33 23 16 15 11 13 12 5 11 11 10 8 7 7 7 7 6
1636999642 161 68 46 33 23 16 15 11 13 12 5 11 11 10 8 7 7 7 7 6
1637180326 161 68 46 33 23 16 15 11 13 12 5 11 11 10 8 7 7 7 7 6
1637182220 162 68 46 33 23 16 15 11 13 12 5 11 11 10 8 7 7 7 7 6
1637182551 163 68 46 33 23 16 15 11 13 12 5 11 11 10 8 7 7 7 7 6
1637280375 163 68 46 33 23 16 15 12 13 12 5 11 11 10 8 7 7 7 7 6
1637282918 163 68 46 33 23 17 15 12 13 12 5 11 11 10 8 7 7 7 7 6
1637320301 163 68 46 33 23 17 15 13 13 12 5 11 11 10 8 7 7 7 7 6
1637592216 164 68 46 33 23 17 15 13 13 12 5 11 11 10 8 7 7 7 7 6
1637603129 164 68 47 33 23 17 15 13 13 12 5 11 11 10 8 7 7 7 7 6
1637689083 164 68 47 33 23 17 15 13 13 12 5 11 11 10 8 7 7 7 7 6
1637872781 164 68 47 33 23 17 15 13 13 12 5 11 11 10 8 7 7 7 7 6
1637873387 164 68 47 33 23 17 15 13 13 12 5 11 11 10 8 7 7 7 7 6
1637917703 164 69 47 33 23 17 15 13 13 12 5 11 11 10 8 7 7 7 7 6
1637918310 164 70 47 33 23 17 15 13 13 12 5 11 11 10 8 7 7 7 7 6
1637919538 164 70 47 33 23 17 15 13 13 12 5 11 11 10 8 7 7 7 7 6
1637941813 164 71 47 33 23 17 15 13 13 12 5 11 11 10 8 7 7 7 7 6
1637950187 164 71 47 33 23 17 15 13 13 12 5 11 11 10 8 7 7 7 7 6
1638032049 164 72 47 33 23 17 15 13 13 12 5 11 11 10 8 7 7 7 7 6
1638199088 164 72 47 33 23 17 15 13 13 12 5 11 11 10 8 7 7 7 7 6
1638366435 164 72 47 33 23 17 15 13 13 12 6 11 11 10 8 7 7 7 7 6
1638375374 164 72 47 33 23 17 15 13 13 12 6 11 11 10 8 7 7 7 7 6
1638450509 164 72 47 33 23 17 15 13 13 12 6 11 11 10 8 8 7 7 7 6
1638450957 164 72 47 33 23 17 15 13 13 12 7 11 11 10 8 8 7 7 7 6
1638451306 164 72 47 33 23 17 15 13 13 12 8 11 11 10 8 8 7 7 7 6
1638805052 165 72 47 33 23 17 15 13 13 12 8 11 11 10 8 8 7 7 7 6
1638812940 165 72 47 33 23 17 15 13 13 12 9 11 11 10 8 8 7 7 7 6
1638813670 165 72 47 33 23 17 15 13 13 12 9 11 11 10 8 8 7 7 7 6
1638814263 165 72 47 33 23 17 15 13 13 12 10 11 11 10 8 8 7 7 7 6
1639073900 165 72 47 33 23 17 15 13 13 12 11 11 11 10 8 8 7 7 7 6
