1434630482 0 0 0 0 0 0 0 0 689 0 0 0 0 0 0 0 0 0 0 0
1437986447 0 0 0 0 0 0 0 0 812 0 0 0 0 0 0 0 0 0 0 0
1437989013 0 0 0 0 0 0 0 0 841 0 0 0 0 0 0 0 0 0 0 0
1438256826 0 0 0 0 0 0 0 0 907 0 0 0 0 0 0 0 0 0 0 0
1439908449 0 0 0 0 0 0 0 0 907 0 0 0 0 0 0 0 0 0 0 0
1440414475 0 0 0 0 0 0 0 0 907 0 0 0 0 0 0 0 0 0 0 0
1440504449 0 0 0 0 0 0 0 0 961 0 0 0 0 0 0 0 0 0 0 0
1441181531 0 0 0 0 0 0 0 0 985 0 0 0 0 0 0 0 0 0 0 0
1441270746 0 0 0 6 0 0 0 0 985 0 0 0 0 0 0 0 0 0 0 0
1441393664 0 0 0 6 0 0 0 0 985 0 0 0 0 0 0 0 0 0 0 5
1443086664 0 0 0 6 0 0 0 0 1369 0 0 0 0 0 0 0 0 0 0 5
1443189415 0 0 0 8 0 0 0 0 1369 0 0 0 0 0 0 0 0 0 0 5
1444047692 0 0 0 8 0 0 0 0 2196 0 0 0 0 0 0 0 0 0 0 5
1445598082 0 0 0 8 0 0 0 0 2245 0 0 0 0 0 0 0 0 0 0 5
1446000056 0 0 0 8 0 0 0 0 2246 0 0 0 0 0 0 0 0 0 0 5
1448384486 0 0 0 8 0 0 0 0 2281 0 0 0 0 0 0 0 0 0 0 5
1449062044 0 0 0 8 0 0 0 0 2281 0 0 0 0 0 0 0 0 0 0 5
1449069369 0 0 0 8 0 0 0 0 2306 0 0 0 0 0 0 0 0 0 0 5
1453838179 0 0 0 8 0 0 0 0 2306 0 0 0 0 0 0 0 0 0 0 5
1454322534 0 0 0 11 0 0 0 0 2306 0 0 0 0 0 0 0 0 0 0 5
1454574463 0 0 0 11 0 0 0 0 2319 0 0 0 0 0 0 0 0 0 0 5
1455025641 0 0 0 20 0 0 0 0 2319 0 0 0 0 0 0 0 0 0 0 5
1455286675 0 0 0 84 0 0 0 0 2319 0 0 0 0 0 0 0 0 0 0 5
1455742651 0 0 0 84 0 0 0 0 2319 0 0 0 0 0 0 0 0 0 0 5
1455747240 0 0 0 84 0 0 0 0 2319 0 0 0 0 0 0 0 0 0 0 5
1457047164 0 0 0 84 0 0 0 0 2319 0 0 0 0 0 0 0 0 0 0 5
1457116815 0 0 0 84 0 0 0 0 2319 0 0 0 0 0 0 0 0 0 0 5
1458174636 0 0 0 84 0 0 0 0 2319 0 0 0 0 0 0 0 0 0 0 5
1458304929 0 0 0 84 0 0 0 0 2319 0 0 0 0 0 0 0 0 0 0 5
1462179469 0 0 0 88 0 0 0 0 2319 0 0 0 0 0 0 0 0 0 0 5
1462781022 0 0 0 88 0 0 0 0 2319 0 0 0 0 0 0 0 0 0 0 5
1462877796 0 0 0 88 0 0 0 0 2319 4 0 0 0 0 0 0 0 0 0 5
1462904878 0 0 0 92 0 0 0 0 2319 4 0 0 0 0 0 0 0 0 0 5
1464839485 0 0 0 92 0 0 0 0 2319 4 0 0 0 0 0 0 0 0 0 5
1465341316 0 0 0 92 0 0 0 0 2319 10 0 0 0 0 0 0 0 0 0 5
1467313637 0 0 0 92 0 0 0 0 2319 10 0 0 0 0 0 0 0 0 0 5
1468900981 0 0 0 92 0 0 0 0 2319 10 0 0 0 0 0 0 0 0 0 5
1469060510 0 0 0 92 0 0 0 0 2319 10 0 0 0 0 0 0 0 0 0 5
1469480321 0 0 0 92 0 0 0 0 2319 10 0 0 0 0 0 0 0 0 0 5
1472662278 0 0 0 96 0 0 0 0 2319 10 0 0 0 0 0 0 0 0 0 5
1472975560 0 0 0 100 0 0 0 0 2319 10 0 0 0 0 0 0 0 0 0 5
1472976048 0 0 0 100 0 0 0 0 2319 17 0 0 0 0 0 0 0 0 0 5
1478555064 0 0 0 100 0 0 0 0 2319 17 0 0 0 0 0 0 0 0 0 5
1481813762 0 0 0 100 0 0 0 0 2319 17 0 0 0 0 0 0 345 0 0 5
1486571527 0 0 0 100 0 0 0 0 2319 17 0 0 0 0 0 0 345 0 0 5
1486752161 0 0 0 100 0 0 0 0 2319 1795 0 0 0 0 0 0 345 0 0 5
1486980809 0 0 0 100 0 0 0 0 2319 1825 0 0 0 0 0 0 345 0 0 5
1487282219 0 0 0 100 0 0 0 0 2319 1828 0 0 0 0 0 0 345 0 0 5
1487284475 0 0 0 100 0 0 0 0 2319 1848 0 0 0 0 0 0 345 0 0 5
1487284546 0 0 0 100 0 0 0 0 2319 1851 0 0 0 0 0 0 345 0 0 5
1487633023 0 0 0 100 0 0 0 0 2319 1865 0 0 0 0 0 0 345 0 0 5
1487633344 0 0 0 100 0 0 0 0 2319 2363 0 0 0 0 0 0 345 0 0 5
1487633691 0 0 0 100 0 0 0 0 2319 2370 0 0 0 0 0 0 345 0 0 5
1488190454 0 0 0 100 0 0 0 0 2319 2376 0 0 0 0 0 0 345 0 0 5
1490871082 0 0 0 100 0 0 0 0 2319 2376 0 0 0 0 0 0 348 0 0 5
1490871372 0 0 0 100 0 0 0 0 2319 2376 0 0 0 0 0 0 348 0 0 5
1493369838 0 0 0 100 0 0 0 0 2319 2376 0 0 0 0 0 0 447 0 0 5
1502118276 0 0 0 100 0 0 0 0 2319 2376 0 0 0 0 0 0 447 0 0 5
1502120206 0 0 0 100 0 0 0 0 2319 2376 0 0 0 0 0 0 447 0 0 5
1506520384 0 0 0 100 0 0 0 0 2319 2376 0 0 0 0 0 0 772 0 0 5
1509991142 0 0 0 100 0 0 0 0 2319 2376 0 0 0 0 0 0 772 0 0 5
1511438825 0 0 0 100 0 0 0 0 2319 2376 0 0 0 0 0 0 772 0 0 5
1511958157 0 0 0 100 0 0 0 0 2319 2376 0 0 0 0 0 0 772 0 0 5
1513437612 0 0 0 100 0 0 0 0 2319 2376 0 0 0 0 0 0 772 0 0 5
1513437692 0 0 0 100 0 0 0 0 2319 2376 0 0 0 0 0 0 772 0 0 5
1513533991 0 0 0 100 0 0 0 0 2319 2376 0 0 0 0 0 0 772 0 0 5
1517004718 0 0 0 100 0 0 0 0 2319 2376 0 0 0 0 0 0 774 0 0 5
1517529826 0 0 0 100 88 0 0 0 2319 2376 0 0 0 0 0 0 774 0 0 5
1518458473 0 0 0 100 88 0 13 0 2319 2376 0 0 0 0 0 0 774 0 0 5
1518556205 0 0 0 100 92 0 13 0 2319 2376 0 0 0 0 0 0 774 0 0 5
1518556620 0 0 0 100 92 0 15 0 2319 2376 0 0 0 0 0 0 774 0 0 5
1519397137 0 0 0 100 92 0 15 0 2319 2376 0 0 0 0 0 0 774 0 0 5
1519679438 0 0 0 100 92 0 103 0 2319 2376 0 0 0 0 0 0 774 0 0 5
1519879339 0 0 0 100 92 0 104 0 2319 2376 0 0 0 0 0 0 774 0 0 5
1520393947 0 0 0 100 126 0 104 0 2319 2376 0 0 0 0 0 0 774 0 0 5
1520483062 0 0 0 100 126 0 216 0 2319 2376 0 0 0 0 0 0 774 0 0 5
1520484506 0 0 0 100 126 0 374 0 2319 2376 0 0 0 0 0 0 774 0 0 5
1520898293 0 0 0 100 126 0 375 0 2319 2376 0 0 0 0 0 0 774 0 0 5
1521566928 0 0 0 100 126 0 375 0 2319 2376 0 0 0 0 0 0 774 0 0 5
1522273850 0 0 0 100 126 0 381 0 2319 2376 0 0 0 0 0 0 774 0 0 5
1523516317 0 0 0 100 126 0 381 0 2319 2376 0 0 0 0 0 0 774 0 0 5
1527046697 0 0 0 100 126 0 381 0 2319 2376 0 0 0 0 0 0 774 0 0 5
1527099711 0 0 0 100 374 0 381 0 2319 2376 0 0 0 0 0 0 774 0 0 5
1527435906 0 0 0 105 374 0 381 0 2319 2376 0 0 0 0 0 0 774 0 0 5
1527695883 0 0 0 152 374 0 381 0 2319 2376 0 0 0 0 0 0 774 0 0 5
1527888658 0 0 0 188 374 0 381 0 2319 2376 0 0 0 0 0 0 774 0 0 5
1528330874 0 0 0 189 374 0 381 0 2319 2376 0 0 0 0 0 0 774 0 0 5
1528743949 0 0 0 195 374 0 381 0 2319 2376 0 0 0 0 0 0 774 0 0 5
1528847259 0 0 0 195 374 0 381 0 2319 2376 0 0 0 0 0 0 774 0 0 5
1529416707 0 0 0 195 374 0 381 0 2319 2376 0 0 0 0 0 0 774 0 0 5
1531440136 0 0 0 195 374 0 496 0 2319 2376 0 0 0 0 0 0 774 0 0 5
1531869121 0 0 0 195 374 0 695 0 2319 2376 0 0 0 0 0 0 774 0 0 5
1531877583 0 0 0 195 374 0 1447 0 2319 2376 0 0 0 0 0 0 774 0 0 5
1532122068 0 0 0 195 374 0 1859 0 2319 2376 0 0 0 0 0 0 774 0 0 5
1533768754 0 0 0 195 374 0 1859 0 2319 2376 0 0 0 0 0 0 774 0 0 5
1533798088 0 0 0 195 374 0 1866 0 2319 2376 0 0 0 0 0 0 774 0 0 5
1533858094 0 0 0 195 389 0 1866 0 2319 2376 0 0 0 0 0 0 774 0 0 5
1534522729 0 0 0 195 389 0 1868 0 2319 2376 0 0 0 0 0 0 774 0 0 5
1534821796 0 0 0 195 676 0 1868 0 2319 2376 0 0 0 0 0 0 774 0 0 5
1535211049 0 0 0 195 998 0 1868 0 2319 2376 0 0 0 0 0 0 774 0 0 5
1535420180 0 0 0 195 2064 0 1868 0 2319 2376 0 0 0 0 0 0 774 0 0 5
1535497810 0 0 0 195 2067 0 1868 0 2319 2376 0 0 0 0 0 0 774 0 0 5
1535558198 0 0 0 195 2067 0 1868 0 2319 2376 0 0 0 0 0 0 774 0 0 5
1538784637 0 0 0 195 2067 0 1868 0 2319 2376 0 0 0 0 0 0 778 0 0 5
1539974013 0 0 0 198 2067 0 1868 0 2319 2376 0 0 0 0 0 0 778 0 0 5
1539995763 0 0 0 198 2248 0 1868 0 2319 2376 0 0 0 0 0 0 778 0 0 5
1540076042 0 0 0 198 2287 0 1868 0 2319 2376 0 0 0 0 0 0 778 0 0 5
1540077302 0 0 0 198 2288 0 1868 0 2319 2376 0 0 0 0 0 0 778 0 0 5
1540078449 0 0 0 198 2322 0 1868 0 2319 2376 0 0 0 0 0 0 778 0 0 5
1540196721 0 72 0 198 2322 0 1868 0 2319 2376 0 0 0 0 0 0 778 0 0 5
1540204621 0 72 0 198 2322 0 1868 0 2319 2376 0 0 0 0 0 0 778 0 0 5
1540213443 0 72 0 198 2322 0 1868 0 2319 2376 0 0 0 0 0 0 778 0 0 5
1540320499 0 76 0 198 2322 0 1868 0 2319 2376 0 0 0 0 0 0 778 0 0 5
1540359192 0 78 0 198 2322 0 1868 0 2319 2376 0 0 0 0 0 0 778 0 0 5
1540428358 0 78 0 198 2322 0 2054 0 2319 2376 0 0 0 0 0 0 778 0 0 5
1540570855 0 78 0 198 2322 0 2054 0 2319 2376 0 0 0 0 0 0 778 0 0 5
1541730168 0 78 0 198 2708 0 2054 0 2319 2376 0 0 0 0 0 0 778 0 0 5
1541788718 0 78 0 202 2708 0 2054 0 2319 2376 0 0 0 0 0 0 778 0 0 5
1541802519 0 78 0 205 2708 0 2054 0 2319 2376 0 0 0 0 0 0 778 0 0 5
1541806043 0 78 0 309 2708 0 2054 0 2319 2376 0 0 0 0 0 0 778 0 0 5
1542044925 0 78 0 429 2708 0 2054 0 2319 2376 0 0 0 0 0 0 778 0 0 5
1542133639 0 78 0 6843 2708 0 2054 0 2319 2376 0 0 0 0 0 0 778 0 0 5
1542135087 0 78 0 6866 2708 0 2054 0 2319 2376 0 0 0 0 0 0 778 0 0 5
1542138989 0 78 0 6879 2708 0 2054 0 2319 2376 0 0 0 0 0 0 778 0 0 5
1542386396 0 78 0 6880 2708 0 2054 0 2319 2376 0 0 0 0 0 0 778 0 0 5
1542915744 0 78 0 6880 2708 0 2054 0 2319 2376 0 0 0 0 0 0 778 61 0 5
1543170886 0 78 0 6886 2708 0 2054 0 2319 2376 0 0 0 0 0 0 778 61 0 5
1543177088 0 78 0 6994 2708 0 2054 0 2319 2376 0 0 0 0 0 0 778 61 0 5
1543325085 0 82 0 6994 2708 0 2054 0 2319 2376 0 0 0 0 0 0 778 61 0 5
1543501472 0 82 0 6994 2708 0 2054 0 2319 2376 0 0 0 0 0 0 778 79 0 5
1544481851 0 82 0 6994 2768 0 2054 0 2319 2376 0 0 0 0 0 0 778 79 0 5
1544493402 0 82 0 6994 2856 0 2054 0 2319 2376 0 0 0 0 0 0 778 79 0 5
1544527194 0 82 0 6994 2856 0 2054 0 2319 2376 0 0 0 0 0 0 778 79 0 5
1544541171 0 82 0 7027 2856 0 2054 0 2319 2376 0 0 0 0 0 0 778 79 0 5
1545268878 0 82 0 7027 4759 0 2054 0 2319 2376 0 0 0 0 0 0 778 79 0 5
1546279399 0 82 0 7027 4759 0 2054 0 2319 2376 0 0 0 0 0 0 778 79 0 5
1546626088 0 82 0 7027 4759 0 2054 0 2319 2376 0 0 0 0 0 0 778 79 0 5
1546629385 0 82 0 7027 4759 0 2054 0 2319 2376 0 0 0 0 0 0 778 80 0 5
1546631656 0 82 0 7027 4759 0 2054 0 2319 2376 0 0 0 0 0 0 778 80 0 5
1546632866 0 82 0 7027 4759 0 2054 0 2319 2376 0 0 0 0 0 0 778 80 43 5
1547098113 0 82 0 7027 4769 0 2054 0 2319 2376 0 0 0 0 0 0 778 80 43 5
1548943798 0 82 0 7027 4769 0 2054 0 2319 2376 0 0 0 0 0 0 778 80 43 5
1549379057 0 82 0 7027 4772 0 2054 0 2319 2376 0 0 0 0 0 0 778 80 43 5
1549418385 0 82 0 7027 7999 0 2054 0 2319 2376 0 0 0 0 0 0 778 80 43 5
1549874808 0 82 0 7027 7999 0 2054 0 2319 2376 0 0 0 0 0 0 778 80 43 5
1549894026 0 82 0 7027 7999 0 2054 0 2319 2376 0 0 0 0 0 0 778 80 43 5
1549972751 0 82 0 7027 7999 0 2054 0 2319 2376 0 0 0 0 0 0 778 80 43 49
1550065406 0 86 0 7027 7999 0 2054 0 2319 2376 0 0 0 0 0 0 778 80 43 49
1550731048 0 86 0 7030 7999 0 2054 0 2319 2376 0 0 0 0 0 0 778 80 43 49
1551193186 0 86 0 7030 7999 0 2054 0 2319 2376 0 0 0 0 0 0 778 80 43 49
1551815430 0 86 0 7030 7999 0 2054 0 2319 2376 0 0 0 0 0 0 778 80 43 49
1553179600 0 86 0 7030 7999 0 2054 0 2319 2376 0 0 0 0 0 0 778 80 43 49
1553789585 0 86 0 7030 7999 0 2054 0 2319 2376 0 0 0 0 0 0 778 80 43 49
1554133306 0 86 0 7030 8002 0 2054 0 2319 2376 0 0 0 0 0 0 778 80 43 49
1554133331 0 86 0 7030 8049 0 2054 0 2319 2376 0 0 0 0 0 0 778 80 43 49
1554512977 0 86 0 7030 8049 0 2054 0 2319 2376 0 0 0 0 0 0 778 80 216 49
1556029025 0 86 0 7030 8049 0 2054 0 2319 2376 0 0 0 0 0 0 778 80 216 49
1556047443 0 86 0 7030 8071 0 2054 0 2319 2376 0 0 0 0 0 0 778 80 216 49
1556047463 0 86 0 7030 8071 0 2054 0 2319 2376 0 0 0 0 0 0 778 80 216 49
1557167838 0 86 0 7030 8071 0 2054 0 2319 2376 0 0 0 0 0 0 778 80 216 49
1557414930 0 86 0 7030 8071 0 2054 0 2319 2376 0 0 0 0 0 0 778 80 216 49
1557825544 0 93 0 7030 8071 0 2054 0 2319 2376 0 0 0 0 0 0 778 80 216 49
1557907281 0 93 0 7030 8071 0 2054 0 2319 2376 0 0 0 0 0 0 778 80 216 49
1558538332 0 93 0 7030 8071 0 2054 0 2319 2376 0 0 0 0 0 0 778 80 216 49
1559680906 0 93 0 7030 8071 0 2054 0 2319 2376 0 0 0 0 0 0 778 88 216 49
1561386720 0 93 0 7030 8071 0 2054 0 2319 2376 0 0 0 0 0 0 778 88 216 49
1562589488 0 93 0 7030 8071 0 2054 0 2319 2376 0 0 0 0 0 0 778 88 216 49
1563543898 0 93 0 7030 8071 0 2054 0 2319 2376 0 0 0 0 0 0 778 88 216 49
1563543940 0 93 0 7030 8071 0 2054 0 2319 2376 0 0 0 0 0 0 778 88 216 49
1563903577 0 93 0 7030 8071 0 2054 0 2319 2376 0 0 0 0 0 0 778 88 216 49
1565099484 0 93 0 7030 8071 0 2054 0 2319 2376 0 0 0 0 0 0 778 101 216 49
1565598263 0 93 0 7030 8071 0 2054 0 2319 2376 0 0 0 0 0 0 778 101 216 49
1567200611 0 93 0 7030 8071 0 2054 0 2319 2376 0 0 0 0 0 0 778 101 216 49
1569581705 0 105 0 7030 8071 0 2054 0 2319 2376 0 0 0 0 0 0 778 101 216 49
1570521461 0 105 0 7030 8071 0 2054 0 2319 2376 0 0 0 0 0 0 778 111 216 49
1572342844 0 105 0 7030 8071 0 2054 0 2319 2376 0 0 0 0 0 0 778 111 216 49
1572543265 0 105 0 7030 8071 0 2054 0 2319 2376 0 0 0 0 0 0 778 111 216 49
1572598693 0 108 0 7030 8071 0 2054 0 2319 2376 0 0 0 0 0 0 778 111 216 49
1572619417 0 122 0 7030 8071 0 2054 0 2319 2376 0 0 0 0 0 0 778 111 216 49
1572822938 0 4511 0 7030 8071 0 2054 0 2319 2376 0 0 0 0 0 0 778 111 216 49
1572850299 0 4511 0 7030 8071 0 2054 0 2319 2376 0 0 0 0 0 0 778 111 216 49
1573070577 0 4572 0 7030 8071 0 2054 0 2319 2376 0 0 0 0 0 0 778 111 216 49
1573070847 0 4595 0 7030 8071 0 2054 0 2319 2376 0 0 0 0 0 0 778 111 216 49
1574458482 0 4595 0 7030 8071 0 2054 0 2319 2376 0 0 0 0 0 0 778 111 216 49
1574458843 0 4595 0 7030 8071 0 2054 0 2319 2376 0 0 0 0 0 0 778 111 216 59
1574459029 0 4595 0 7030 8071 0 2054 0 2319 2376 0 0 0 0 0 0 778 111 216 59
1576505067 0 4595 0 7030 8071 0 2054 0 2319 2376 0 0 0 0 0 0 778 111 216 59
1578947611 0 4595 0 7030 8071 0 2054 0 2319 2376 0 0 0 0 0 0 778 111 2174 59
1580288346 0 4595 0 7030 8071 0 2054 0 2319 2376 0 0 0 0 0 0 778 111 2325 59
1580288397 0 4595 0 7030 8071 0 2054 0 2319 2376 0 0 0 0 0 0 778 111 2325 59
1582163464 0 4595 0 7030 8071 0 2054 0 2319 2376 0 0 0 0 0 0 778 111 2325 59
1582591377 0 4595 0 7030 8071 0 2054 0 2319 2376 0 0 0 0 0 0 778 111 2325 59
1583282282 0 4595 0 7030 8071 0 2054 0 2319 2376 0 0 0 0 0 0 778 111 2325 59
1583716579 0 4595 0 7030 8071 0 2054 0 2319 2376 0 0 0 0 0 0 778 111 2325 59
1586649349 0 4595 0 7030 8071 0 2054 0 2319 2376 0 0 41 0 0 0 778 111 2325 59
1586983234 0 4595 0 7030 8071 0 2054 0 2319 2376 0 0 41 0 0 0 778 111 2325 59
1587376735 0 4595 0 7030 8071 0 2054 0 2319 2376 0 0 41 0 0 0 778 111 2325 59
1587416230 0 4595 0 7030 8071 0 2054 0 2319 2376 0 0 41 0 0 0 778 111 2325 59
1587474932 0 4595 0 7030 8071 0 2054 0 2319 2376 0 0 81 0 0 0 778 111 2325 59
1587509810 0 4595 0 7030 8071 0 2054 0 2319 2376 0 0 81 0 0 0 778 111 2325 59
1587509958 0 4595 0 7030 8071 0 2054 0 2319 2376 0 0 81 0 0 0 778 111 2325 59
1587545850 0 4595 0 7030 8071 0 2054 0 2319 2376 0 0 2438 0 0 0 778 111 2325 59
1588582026 0 4595 0 7030 8071 0 2054 0 2319 2376 0 0 2438 0 0 0 778 111 2325 59
1589272390 0 4595 0 7030 8071 0 2054 0 2319 2376 0 0 2438 0 0 0 778 111 2325 59
1589461335 0 4595 0 7030 8071 0 2054 0 2319 2376 0 0 2438 0 0 0 778 111 2325 59
1589811165 0 4595 0 7030 8071 0 2054 0 2319 2376 0 0 2457 0 0 0 778 111 2325 59
1589815959 0 4595 0 7030 8071 0 2054 0 2319 2376 0 0 2458 0 0 0 778 111 2325 59
1590802386 0 4595 0 7030 8071 0 2054 0 2319 2376 0 0 2458 0 0 0 778 111 2325 59
1591096066 0 4595 54 7030 8071 0 2054 0 2319 2376 0 0 2458 0 0 0 778 111 2325 59
1591345868 0 4595 54 7030 8071 0 2054 0 2319 2376 0 0 2458 0 0 0 778 111 2325 59
1591369309 0 4595 54 7545 8071 0 2054 0 2319 2376 0 0 2458 0 0 0 778 111 2325 59
1591497724 0 4595 54 7545 8071 0 2054 0 2319 2376 0 0 2458 0 0 0 778 111 2325 59
1591892333 0 4595 56 7545 8071 0 2054 0 2319 2376 0 0 2458 0 0 0 778 111 2325 59
1591897554 0 4595 58 7545 8071 0 2054 0 2319 2376 0 0 2458 0 0 0 778 111 2325 59
1591908458 0 4595 58 7545 8071 0 2054 0 2319 2376 0 0 2467 0 0 0 778 111 2325 59
1591953852 0 4595 72 7545 8071 0 2054 0 2319 2376 0 0 2467 0 0 0 778 111 2325 59
1591953951 0 4595 139 7545 8071 0 2054 0 2319 2376 0 0 2467 0 0 0 778 111 2325 59
1592089732 0 4595 139 7545 8071 0 2054 0 2319 2376 0 0 2467 0 0 0 778 111 2325 59
1592091876 0 4595 139 7545 8071 0 2054 0 2319 2376 0 0 2467 0 0 0 778 111 2325 59
1592207706 0 4595 139 7545 8071 0 2054 0 2319 2376 0 0 2467 0 0 0 778 111 2325 59
1592297158 0 4595 139 7545 8071 0 2054 0 2319 2376 0 0 2467 0 0 0 778 111 2325 59
1592297823 0 4595 139 7545 8071 0 2054 0 2319 2376 0 0 2467 0 0 0 778 111 2325 59
1592400515 0 4595 139 7545 8071 0 2054 0 2319 2376 0 0 2467 0 0 0 778 111 2325 59
1592405264 0 4595 139 7545 8071 0 2054 0 2319 2376 0 0 2467 0 0 0 778 111 2325 59
1592485514 0 4595 151 7545 8071 0 2054 0 2319 2376 0 0 2467 0 0 0 778 111 2325 59
1592498619 0 4595 190 7545 8071 0 2054 0 2319 2376 0 0 2467 0 0 0 778 111 2325 59
1592554433 0 4595 536 7545 8071 0 2054 0 2319 2376 0 0 2467 0 0 0 778 111 2325 59
1592816692 0 4595 536 7547 8071 0 2054 0 2319 2376 0 0 2467 0 0 0 778 111 2325 59
1592899031 0 4595 536 7547 8071 0 2054 0 2319 2376 0 0 2467 0 0 0 778 111 2325 59
1592899138 0 4595 536 7547 8071 0 2054 0 2319 2376 0 0 2467 0 0 0 778 111 2325 59
1593170972 0 4595 566 7547 8071 0 2054 0 2319 2376 0 0 2467 0 0 0 778 111 2325 59
1593177252 0 4595 594 7547 8071 0 2054 0 2319 2376 0 0 2467 0 0 0 778 111 2325 59
1593429573 0 4595 594 7547 8071 0 2054 0 2319 2376 0 28 2467 0 0 0 778 111 2325 59
1593455863 0 4595 594 7547 8071 0 2054 0 2319 2376 0 276 2467 0 0 0 778 111 2325 59
1593455895 0 4595 594 7547 8071 0 2054 0 2319 2376 0 346 2467 0 0 0 778 111 2325 59
1593511523 0 4595 594 9618 8071 0 2054 0 2319 2376 0 346 2467 0 0 0 778 111 2325 59
1593531996 0 4595 594 9637 8071 0 2054 0 2319 2376 0 346 2467 0 0 0 778 111 2325 59
1593532362 0 4595 594 9662 8071 0 2054 0 2319 2376 0 346 2467 0 0 0 778 111 2325 59
1593540027 0 4595 594 9662 8071 0 2054 0 2319 2376 0 933 2467 0 0 0 778 111 2325 59
1593592942 0 4595 594 9662 8071 0 2054 0 2319 2376 0 933 2467 0 0 0 778 111 2456 59
1593592974 0 4595 594 9662 8071 0 2054 0 2319 2376 0 996 2467 0 0 0 778 111 2456 59
1593611340 0 4595 594 9662 8071 0 2054 0 2319 2376 0 1083 2467 0 0 0 778 111 2456 59
1593763621 0 4595 594 9662 8071 0 2054 0 2319 2376 0 1083 2467 0 0 0 778 111 2456 59
1593798220 0 4595 594 9683 8071 0 2054 0 2319 2376 0 1083 2467 0 0 0 778 111 2456 59
1594069268 0 4595 594 9683 8071 0 2054 0 2319 2376 0 1083 2467 0 0 0 778 111 2456 59
1594109961 0 4595 594 9683 8071 0 2054 0 2319 2376 0 1083 2467 0 0 0 778 111 2456 59
1594990017 0 4595 594 9683 8071 0 2054 0 2319 2376 0 1083 2467 0 0 0 778 114 2456 59
1595233104 0 4595 594 9683 8071 0 2054 0 2319 2376 0 1083 2467 0 0 0 778 114 2456 59
1595233221 0 4595 594 9683 8071 0 2054 0 2319 2376 0 1083 2467 0 0 0 778 114 2456 59
1595333211 0 4595 594 9683 8071 0 2054 0 2319 2376 0 1131 2467 0 0 0 778 114 2456 59
1595437342 0 4595 594 9683 8071 0 2054 0 2319 2376 0 12474 2467 0 0 0 778 114 2456 59
1595532933 0 4595 594 9683 8071 0 2054 0 2319 2376 0 12474 2467 0 0 0 778 114 2480 59
1595784596 0 4595 594 9683 8071 0 2054 0 2319 2376 0 12513 2467 0 0 0 778 114 2480 59
1595837591 0 4595 594 9683 8071 0 2054 0 2319 2376 0 12526 2467 0 0 0 778 114 2480 59
1599249043 0 4595 594 9683 8071 0 2054 0 2319 2376 0 12526 2544 0 0 0 778 114 2480 59
1599417161 0 4595 594 9683 8071 0 2054 0 2319 2376 0 12526 2544 0 0 0 778 114 2480 59
1599675079 75 4595 594 9683 8071 0 2054 0 2319 2376 0 12526 2544 0 0 0 778 114 2480 59
1599678901 584 4595 594 9683 8071 0 2054 0 2319 2376 0 12526 2544 0 0 0 778 114 2480 59
1600356032 584 4595 595 9683 8071 0 2054 0 2319 2376 0 12526 2544 0 0 0 778 114 2480 59
1600850142 584 4595 595 9683 8071 0 2054 0 2319 2376 0 12526 2544 0 0 0 778 114 2480 59
1600951114 639 4595 595 9683 8071 0 2054 0 2319 2376 0 12526 2544 0 0 0 778 114 2480 59
1600955529 648 4595 595 9683 8071 0 2054 0 2319 2376 0 12526 2544 0 0 0 778 114 2480 59
1601053416 648 4595 595 9683 8071 0 2054 0 2319 2376 0 12526 2544 0 0 0 778 114 2480 59
1601407343 1214 4595 595 9683 8071 0 2054 0 2319 2376 0 12526 2544 0 0 0 778 114 2480 59
1601648103 1297 4595 595 9683 8071 0 2054 0 2319 2376 0 12526 2544 0 0 0 778 114 2480 59
1602229774 1297 4595 691 9683 8071 0 2054 0 2319 2376 0 12526 2544 0 0 0 778 114 2480 59
1602516852 1297 4595 691 9683 8071 3 2054 0 2319 2376 0 12526 2544 0 0 0 778 114 2480 59
1602557869 1428 4595 691 9683 8071 3 2054 0 2319 2376 0 12526 2544 0 0 0 778 114 2480 59
1602628553 1624 4595 691 9683 8071 3 2054 0 2319 2376 0 12526 2544 0 0 0 778 114 2480 59
1602701277 1624 4595 691 9683 8071 4 2054 0 2319 2376 0 12526 2544 0 0 0 778 114 2480 59
1602701684 2991 4595 691 9683 8071 4 2054 0 2319 2376 0 12526 2544 0 0 0 778 114 2480 59
1602772618 2991 4595 691 9683 8071 27 2054 0 2319 2376 0 12526 2544 0 0 0 778 114 2480 59
1602772668 2991 4595 691 9683 8071 28 2054 0 2319 2376 0 12526 2544 0 0 0 778 114 2480 59
1602777270 2991 4595 691 9683 8071 28 2054 0 2319 2376 0 12526 2544 0 0 0 778 114 2480 59
1602777376 2991 4595 691 9683 8071 28 2054 0 2319 2376 0 12526 2544 0 0 0 778 114 2480 59
1602778743 4927 4595 691 9683 8071 28 2054 0 2319 2376 0 12526 2544 0 0 0 778 114 2480 59
1602778989 7917 4595 691 9683 8071 28 2054 0 2319 2376 0 12526 2544 0 0 0 778 114 2480 59
1602779416 18041 4595 691 9683 8071 28 2054 0 2319 2376 0 12526 2544 0 0 0 778 114 2480 59
1602779953 18051 4595 691 9683 8071 28 2054 0 2319 2376 0 12526 2544 0 0 0 778 114 2480 59
1602782479 18051 4595 729 9683 8071 28 2054 0 2319 2376 0 12526 2544 0 0 0 778 114 2480 59
1602796701 18088 4595 729 9683 8071 28 2054 0 2319 2376 0 12526 2544 0 0 0 778 114 2480 59
1602797102 18136 4595 729 9683 8071 28 2054 0 2319 2376 0 12526 2544 0 0 0 778 114 2480 59
1602799662 18137 4595 729 9683 8071 28 2054 0 2319 2376 0 12526 2544 0 0 0 778 114 2480 59
1602805391 18143 4595 729 9683 8071 28 2054 0 2319 2376 0 12526 2544 0 0 0 778 114 2480 59
1602841169 18143 4595 729 9683 8071 34 2054 0 2319 2376 0 12526 2544 0 0 0 778 114 2480 59
1602842683 18143 4595 729 9683 8071 38 2054 0 2319 2376 0 12526 2544 0 0 0 778 114 2480 59
1602843307 18143 4595 729 9683 8071 40 2054 0 2319 2376 0 12526 2544 0 0 0 778 114 2480 59
1602863296 18242 4595 729 9683 8071 40 2054 0 2319 2376 0 12526 2544 0 0 0 778 114 2480 59
1602869347 18255 4595 729 9683 8071 40 2054 0 2319 2376 0 12526 2544 0 0 0 778 114 2480 59
1602972762 18255 4595 729 9683 8071 40 2054 0 2319 2376 0 12526 2544 140 0 0 778 114 2480 59
1603047710 19852 4595 729 9683 8071 40 2054 0 2319 2376 0 12526 2544 140 0 0 778 114 2480 59
1603078757 20148 4595 729 9683 8071 40 2054 0 2319 2376 0 12526 2544 140 0 0 778 114 2480 59
1603293745 20178 4595 729 9683 8071 40 2054 0 2319 2376 0 12526 2544 140 0 0 778 114 2480 59
1603460503 20178 4595 729 9683 8071 40 2054 0 2319 2376 0 12526 2544 140 0 0 778 114 2480 59
1603465138 20178 4595 729 9683 8071 90 2054 0 2319 2376 0 12526 2544 140 0 0 778 114 2480 59
1603562869 20178 4595 729 9683 8071 90 2054 0 2319 2376 0 12526 2544 140 0 0 778 114 2480 59
1603701993 20178 4595 729 9683 8071 90 2054 0 2319 2376 0 12526 2544 140 0 0 778 114 2480 59
1604422877 20178 4595 729 9683 8071 90 2054 0 2319 2376 0 12526 2544 140 0 0 778 114 2480 59
1604490964 20191 4595 729 9683 8071 90 2054 0 2319 2376 0 12526 2544 140 0 0 778 114 2480 59
1604564709 20191 4595 729 9683 8071 276 2054 0 2319 2376 0 12526 2544 140 0 0 778 114 2480 59
1604567507 20191 4595 729 9683 8071 276 2054 0 2319 2376 0 12526 2544 140 0 0 778 114 2480 59
1604604048 20191 4595 729 9683 8071 276 2054 0 2319 2376 0 12526 2544 218 0 0 778 114 2480 59
1604933383 20191 4595 729 9683 8071 276 2054 0 2319 2376 0 12526 2544 218 0 0 778 114 2480 59
1604958274 20346 4595 729 9683 8071 276 2054 0 2319 2376 0 12526 2544 218 0 0 778 114 2480 59
1605018467 20346 4595 729 9683 8071 276 2054 0 2319 2376 0 12526 2544 218 0 0 778 114 2480 59
1605040978 20346 4595 729 9683 8071 276 2054 0 2319 2376 0 12526 2544 218 0 0 778 114 2480 59
1605057223 20346 4595 729 9683 8071 276 2054 0 2319 2376 0 12526 2544 255 0 0 778 114 2480 59
1605097051 20346 4595 729 9683 8071 276 2054 0 2319 2376 0 12526 2545 255 0 0 778 114 2480 59
1605097511 20346 4595 729 9683 8071 276 2054 0 2319 2376 0 12526 2545 262 0 0 778 114 2480 59
1605117079 20346 4595 729 9683 8071 276 2054 0 2319 2376 0 12526 2551 262 0 0 778 114 2480 59
1605287990 20346 4595 729 9683 8071 419 2054 0 2319 2376 0 12526 2551 262 0 0 778 114 2480 59
1605354574 20346 4595 729 9683 8071 423 2054 0 2319 2376 0 12526 2551 262 0 0 778 114 2480 59
1605932704 20346 4595 729 9683 8071 423 2054 0 2319 2376 0 12526 2551 322 0 0 778 114 2480 59
1606164339 20347 4595 729 9683 8071 423 2054 0 2319 2376 0 12526 2551 322 0 0 778 114 2480 59
1606333563 20347 4595 729 9683 8071 423 2054 10 2319 2376 0 12526 2551 322 0 0 778 114 2480 59
1606926969 20358 4595 729 9683 8071 423 2054 10 2319 2376 0 12526 2551 322 0 0 778 114 2480 59
1606985779 20358 4595 729 9683 8071 423 2054 10 2319 2376 0 12526 2551 322 0 0 778 114 2480 59
1607028176 20358 4595 729 9683 8071 423 2054 121 2319 2376 0 12526 2551 322 0 0 778 114 2480 59
1607069121 20358 4595 729 9683 8071 423 2054 121 2319 2376 0 12526 2551 364 0 0 778 114 2480 59
1607071786 20373 4595 729 9683 8071 423 2054 121 2319 2376 0 12526 2551 364 0 0 778 114 2480 59
1607207842 20373 4595 729 9683 8071 423 2054 139 2319 2376 0 12526 2551 364 0 0 778 114 2480 59
1607385977 20373 4595 729 9683 8071 444 2054 139 2319 2376 0 12526 2551 364 0 0 778 114 2480 59
1607428383 20373 4595 729 9683 8071 498 2054 139 2319 2376 0 12526 2551 364 0 0 778 114 2480 59
1607445177 20373 4595 757 9683 8071 498 2054 139 2319 2376 0 12526 2551 364 0 0 778 114 2480 59
1607770150 20373 4595 757 9683 8071 548 2054 139 2319 2376 0 12526 2551 364 0 0 778 114 2480 59
1607803502 20373 4595 757 9683 8071 548 2054 139 2319 2376 0 12526 2551 364 0 0 778 114 2480 59
1607977316 20373 4595 757 9683 8071 548 2054 139 2319 2376 0 12526 2551 364 0 0 778 114 2480 59
1608027113 20373 4595 757 9683 8071 548 2054 170 2319 2376 0 12526 2551 364 0 0 778 114 2480 59
1608652724 20537 4595 757 9683 8071 548 2054 170 2319 2376 0 12526 2551 364 0 0 778 114 2480 59
1609372214 20544 4595 757 9683 8071 548 2054 170 2319 2376 0 12526 2551 364 0 0 778 114 2480 59
1609372830 26474 4595 757 9683 8071 548 2054 170 2319 2376 0 12526 2551 364 0 0 778 114 2480 59
1609532003 26631 4595 757 9683 8071 548 2054 170 2319 2376 0 12526 2551 364 0 0 778 114 2480 59
1610453109 26631 4595 757 9683 8071 548 2054 170 2319 2376 0 12526 2551 364 0 0 778 114 2480 59
1610578154 26760 4595 757 9683 8071 548 2054 170 2319 2376 0 12526 2551 364 0 0 778 114 2480 59
1610582730 26760 4595 757 9683 8071 565 2054 170 2319 2376 0 12526 2551 364 0 0 778 114 2480 59
1610728135 26760 4595 757 9683 8071 565 2054 170 2319 2376 0 12526 2551 364 0 0 778 114 2480 59
1610970792 26835 4595 757 9683 8071 565 2054 170 2319 2376 0 12526 2551 364 0 0 778 114 2480 59
1611237917 26907 4595 757 9683 8071 565 2054 170 2319 2376 0 12526 2551 364 0 0 778 114 2480 59
1611240128 27013 4595 757 9683 8071 565 2054 170 2319 2376 0 12526 2551 364 0 0 778 114 2480 59
1611263838 27150 4595 757 9683 8071 565 2054 170 2319 2376 0 12526 2551 364 0 0 778 114 2480 59
1611271765 27654 4595 757 9683 8071 565 2054 170 2319 2376 0 12526 2551 364 0 0 778 114 2480 59
1611359207 27654 4595 757 9683 8071 565 2054 170 2319 2376 0 12526 2551 364 0 0 778 114 2480 59
1611681605 27654 4595 757 9683 8071 565 2054 170 2319 2376 0 12526 2551 364 0 0 778 114 2480 59
1611743405 28872 4595 757 9683 8071 565 2054 170 2319 2376 0 12526 2551 364 0 0 778 114 2480 59
1611768252 28885 4595 757 9683 8071 565 2054 170 2319 2376 0 12526 2551 364 0 0 778 114 2480 59
1611801121 28892 4595 757 9683 8071 565 2054 170 2319 2376 0 12526 2551 364 0 0 778 114 2480 59
1611876276 28892 4597 757 9683 8071 565 2054 170 2319 2376 0 12526 2551 364 0 0 778 114 2480 59
1612036315 28892 4597 757 9683 8071 565 2054 170 2319 2376 0 12529 2551 364 0 0 778 114 2480 59
1612188613 28892 4601 757 9683 8071 565 2054 170 2319 2376 0 12529 2551 364 0 0 778 114 2480 59
1612270770 28892 4873 757 9683 8071 565 2054 170 2319 2376 0 12529 2551 364 0 0 778 114 2480 59
1612297254 28986 4873 757 9683 8071 565 2054 170 2319 2376 0 12529 2551 364 0 0 778 114 2480 59
1612339908 28986 4999 757 9683 8071 565 2054 170 2319 2376 0 12529 2551 364 0 0 778 114 2480 59
1612380838 28986 5063 757 9683 8071 565 2054 170 2319 2376 0 12529 2551 364 0 0 778 114 2480 59
1612434913 29017 5063 757 9683 8071 565 2054 170 2319 2376 0 12529 2551 364 0 0 778 114 2480 59
1612508915 29017 5345 757 9683 8071 565 2054 170 2319 2376 0 12529 2551 364 0 0 778 114 2480 59
1612862297 29036 5345 757 9683 8071 565 2054 170 2319 2376 0 12529 2551 364 0 0 778 114 2480 59
1612867504 29036 5405 757 9683 8071 565 2054 170 2319 2376 0 12529 2551 364 0 0 778 114 2480 59
1612879015 29036 5407 757 9683 8071 565 2054 170 2319 2376 0 12529 2551 364 0 0 778 114 2480 59
1612879215 29036 5415 757 9683 8071 565 2054 170 2319 2376 0 12529 2551 364 0 0 778 114 2480 59
1613155189 29319 5415 757 9683 8071 565 2054 170 2319 2376 0 12529 2551 364 0 0 778 114 2480 59
1613160163 29319 5415 757 9683 8071 565 2054 170 2319 2376 0 12529 2551 405 0 0 778 114 2480 59
1613485215 29319 5415 757 9683 8071 565 2054 3451 2319 2376 0 12529 2551 405 0 0 778 114 2480 59
1613486300 29319 5415 759 9683 8071 565 2054 3451 2319 2376 0 12529 2551 405 0 0 778 114 2480 59
1613488543 29351 5415 759 9683 8071 565 2054 3451 2319 2376 0 12529 2551 405 0 0 778 114 2480 59
1613591986 29363 5415 759 9683 8071 565 2054 3451 2319 2376 0 12529 2551 405 0 0 778 114 2480 59
1613664826 29363 5415 898 9683 8071 565 2054 3451 2319 2376 0 12529 2551 405 0 0 778 114 2480 59
1613723850 29363 6519 898 9683 8071 565 2054 3451 2319 2376 0 12529 2551 405 0 0 778 114 2480 59
1613835157 29370 6519 898 9683 8071 565 2054 3451 2319 2376 0 12529 2551 405 0 0 778 114 2480 59
1613927124 29370 6519 898 9683 8071 565 2054 3451 2319 2376 0 12529 2551 405 0 0 778 114 2480 59
1614088487 29370 6577 898 9683 8071 565 2054 3451 2319 2376 0 12529 2551 405 0 0 778 114 2480 59
1614172451 29370 6583 898 9683 8071 565 2054 3451 2319 2376 0 12529 2551 405 0 0 778 114 2480 59
1614174547 29370 6583 898 9683 8071 565 2054 3451 2319 2376 0 12529 2551 405 0 0 778 114 2480 59
1614237928 29370 6583 898 9683 8071 565 2054 3451 2319 2376 0 12529 2551 405 0 0 778 114 2480 59
1614261268 29370 6583 922 9683 8071 565 2054 3451 2319 2376 0 12529 2551 405 0 0 778 114 2480 59
1614261584 29376 6583 922 9683 8071 565 2054 3451 2319 2376 0 12529 2551 405 0 0 778 114 2480 59
1614262195 29376 6743 922 9683 8071 565 2054 3451 2319 2376 0 12529 2551 405 0 0 778 114 2480 59
1614272069 29376 6755 922 9683 8071 565 2054 3451 2319 2376 0 12529 2551 405 0 0 778 114 2480 59
1614326011 29376 6778 922 9683 8071 565 2054 3451 2319 2376 0 12529 2551 405 0 0 778 114 2480 59
1614714502 29376 6778 922 9683 8071 565 2054 3451 2319 2376 0 12529 2551 405 0 0 778 114 2480 59
1614770435 29376 6864 922 9683 8071 565 2054 3451 2319 2376 0 12529 2551 405 0 0 778 114 2480 59
1614812737 29376 6864 922 9683 8071 565 2054 3451 2319 2376 0 12529 2551 405 0 0 778 114 2480 59
1615291884 29376 6864 922 9683 8071 565 2054 3451 2319 2376 0 12529 2551 405 0 0 778 114 2480 59
1615298587 29376 6873 922 9683 8071 565 2054 3451 2319 2376 0 12529 2551 405 0 0 778 114 2480 59
1615321516 29376 6873 922 9683 8071 565 2054 3451 2319 2376 0 12529 2551 405 0 0 778 114 2480 59
1615460080 29376 6910 922 9683 8071 565 2054 3451 2319 2376 0 12529 2551 405 0 0 778 114 2480 59
1615556138 29376 6939 922 9683 8071 565 2054 3451 2319 2376 0 12529 2551 405 0 0 778 114 2480 59
1615811136 29376 6939 922 9683 8071 565 2054 3451 2319 2376 0 12529 2551 417 0 0 778 114 2480 59
1616105605 29376 6939 922 9683 8071 565 2054 3451 2319 2376 0 12529 2551 417 0 0 782 114 2480 59
1616412509 29376 6939 931 9683 8071 565 2054 3451 2319 2376 0 12529 2551 417 0 0 782 114 2480 59
1616432213 29376 6939 2002 9683 8071 565 2054 3451 2319 2376 0 12529 2551 417 0 0 782 114 2480 59
1616435395 29471 6939 2002 9683 8071 565 2054 3451 2319 2376 0 12529 2551 417 0 0 782 114 2480 59
1616668688 29471 6939 11639 9683 8071 565 2054 3451 2319 2376 0 12529 2551 417 0 0 782 114 2480 59
1616702925 29471 6939 11639 9683 8071 565 2054 3451 2319 2376 0 12529 2551 461 0 0 782 114 2480 59
1616711553 29471 6939 11640 9683 8071 565 2054 3451 2319 2376 0 12529 2551 461 0 0 782 114 2480 59
1617029905 29509 6939 11640 9683 8071 565 2054 3451 2319 2376 0 12529 2551 461 0 0 782 114 2480 59
1617101053 29685 6939 11640 9683 8071 565 2054 3451 2319 2376 0 12529 2551 461 0 0 782 114 2480 59
1617114748 29685 6939 11717 9683 8071 565 2054 3451 2319 2376 0 12529 2551 461 0 0 782 114 2480 59
1617137465 29702 6939 11717 9683 8071 565 2054 3451 2319 2376 0 12529 2551 461 0 0 782 114 2480 59
1617143906 29702 6939 11717 9683 8071 565 2054 3451 2319 2376 0 12529 2580 461 0 0 782 114 2480 59
1617178398 29702 6939 11717 9683 8071 565 2054 3451 2319 2376 0 12529 2580 461 0 0 782 114 2480 59
1617181246 29702 6939 11717 9683 8071 565 2054 3451 2319 2376 0 12529 2580 461 0 0 782 114 2480 59
1617183147 29702 6939 11717 9683 8071 565 2054 3451 2319 2376 0 12529 2580 461 0 0 782 114 2480 59
1617192104 29702 6939 11717 9683 8071 565 2054 3451 2319 2376 0 12529 2580 461 0 0 782 114 2480 59
1617267281 29702 6939 11717 9683 8071 565 2054 3451 2319 2376 0 12529 2583 461 0 0 782 114 2480 59
1617341942 29702 6939 11717 9683 8071 565 2054 3451 2319 2376 0 12529 2583 461 28 0 782 114 2480 59
1617380943 29702 6939 11717 9683 8071 565 2054 3451 2319 2376 0 12529 2583 461 36 0 782 114 2480 59
1617790269 29702 6939 12399 9683 8071 565 2054 3451 2319 2376 0 12529 2583 461 36 0 782 114 2480 59
1617810391 30099 6939 12399 9683 8071 565 2054 3451 2319 2376 0 12529 2583 461 36 0 782 114 2480 59
1617810758 30099 6939 12406 9683 8071 565 2054 3451 2319 2376 0 12529 2583 461 36 0 782 114 2480 59
1617811014 30261 6939 12406 9683 8071 565 2054 3451 2319 2376 0 12529 2583 461 36 0 782 114 2480 59
1617815503 31025 6939 12406 9683 8071 565 2054 3451 2319 2376 0 12529 2583 461 36 0 782 114 2480 59
1617817941 31030 6939 12406 9683 8071 565 2054 3451 2319 2376 0 12529 2583 461 36 0 782 114 2480 59
1617823598 31030 6939 12406 9683 8071 565 2054 3451 2319 2376 0 12529 2583 461 36 0 782 114 2480 59
1617873624 31030 6939 12406 9683 8071 565 2054 3451 2319 2376 0 12529 2583 461 36 0 782 114 2480 59
1617897225 31032 6939 12406 9683 8071 565 2054 3451 2319 2376 0 12529 2583 461 36 0 782 114 2480 59
1617900391 31032 6939 12408 9683 8071 565 2054 3451 2319 2376 0 12529 2583 461 36 0 782 114 2480 59
1617980793 31099 6939 12408 9683 8071 565 2054 3451 2319 2376 0 12529 2583 461 36 0 782 114 2480 59
1617982148 31184 6939 12408 9683 8071 565 2054 3451 2319 2376 0 12529 2583 461 36 0 782 114 2480 59
1618238472 31452 6939 12408 9683 8071 565 2054 3451 2319 2376 0 12529 2583 461 36 0 782 114 2480 59
1618844147 32433 6939 12408 9683 8071 565 2054 3451 2319 2376 0 12529 2583 461 36 0 782 114 2480 59
1618848456 32433 6939 12429 9683 8071 565 2054 3451 2319 2376 0 12529 2583 461 36 0 782 114 2480 59
1618923372 32433 6939 12432 9683 8071 565 2054 3451 2319 2376 0 12529 2583 461 36 0 782 114 2480 59
1618930845 32438 6939 12432 9683 8071 565 2054 3451 2319 2376 0 12529 2583 461 36 0 782 114 2480 59
1618932859 32854 6939 12432 9683 8071 565 2054 3451 2319 2376 0 12529 2583 461 36 0 782 114 2480 59
1619009551 32854 6939 12432 9683 8071 565 2054 3451 2319 2376 0 12529 2583 461 36 0 782 114 2480 59
1619191087 33333 6939 12432 9683 8071 565 2054 3451 2319 2376 0 12529 2583 461 36 0 782 114 2480 59
1619534370 33505 6939 12432 9683 8071 565 2054 3451 2319 2376 0 12529 2583 461 36 0 782 114 2480 59
1619536522 33722 6939 12432 9683 8071 565 2054 3451 2319 2376 0 12529 2583 461 36 0 782 114 2480 59
1619543718 34064 6939 12432 9683 8071 565 2054 3451 2319 2376 0 12529 2583 461 36 0 782 114 2480 59
1619619504 34064 6939 12436 9683 8071 565 2054 3451 2319 2376 0 12529 2583 461 36 0 782 114 2480 59
1619698942 34064 6939 12453 9683 8071 565 2054 3451 2319 2376 0 12529 2583 461 36 0 782 114 2480 59
1620127256 34064 6940 12453 9683 8071 565 2054 3451 2319 2376 0 12529 2583 461 36 0 782 114 2480 59
1620136100 34144 6940 12453 9683 8071 565 2054 3451 2319 2376 0 12529 2583 461 36 0 782 114 2480 59
1620227407 34335 6940 12453 9683 8071 565 2054 3451 2319 2376 0 12529 2583 461 36 0 782 114 2480 59
1620232515 34335 6940 12453 9683 8071 565 2054 3451 2319 2376 0 12529 2583 461 36 0 782 114 2480 59
1620309199 34489 6940 12453 9683 8071 565 2054 3451 2319 2376 0 12529 2583 461 36 0 782 114 2480 59
1620309497 34496 6940 12453 9683 8071 565 2054 3451 2319 2376 0 12529 2583 461 36 0 782 114 2480 59
1620309754 34499 6940 12453 9683 8071 565 2054 3451 2319 2376 0 12529 2583 461 36 0 782 114 2480 59
1620310046 34605 6940 12453 9683 8071 565 2054 3451 2319 2376 0 12529 2583 461 36 0 782 114 2480 59
1620312186 34605 6940 12507 9683 8071 565 2054 3451 2319 2376 0 12529 2583 461 36 0 782 114 2480 59
1620312648 34605 6940 12520 9683 8071 565 2054 3451 2319 2376 0 12529 2583 461 36 0 782 114 2480 59
1620324192 34605 6940 12520 9683 8071 565 2054 3451 2319 2376 0 12529 2583 502 36 0 782 114 2480 59
1620331170 34618 6940 12520 9683 8071 565 2054 3451 2319 2376 0 12529 2583 502 36 0 782 114 2480 59
1620639885 34618 7312 12520 9683 8071 565 2054 3451 2319 2376 0 12529 2583 502 36 0 782 114 2480 59
1620656383 34618 7312 12522 9683 8071 565 2054 3451 2319 2376 0 12529 2583 502 36 0 782 114 2480 59
1620657778 34618 7312 12630 9683 8071 565 2054 3451 2319 2376 0 12529 2583 502 36 0 782 114 2480 59
1620661128 34618 7312 12635 9683 8071 565 2054 3451 2319 2376 0 12529 2583 502 36 0 782 114 2480 59
1620665796 34618 7312 12674 9683 8071 565 2054 3451 2319 2376 0 12529 2583 502 36 0 782 114 2480 59
1620733285 34618 7312 12719 9683 8071 565 2054 3451 2319 2376 0 12529 2583 502 36 0 782 114 2480 59
1620745963 34618 7312 12721 9683 8071 565 2054 3451 2319 2376 0 12529 2583 502 36 0 782 114 2480 59
1620746967 34618 7312 12731 9683 8071 565 2054 3451 2319 2376 0 12529 2583 502 36 0 782 114 2480 59
1620800925 34618 7337 12731 9683 8071 565 2054 3451 2319 2376 0 12529 2583 502 36 0 782 114 2480 59
1620912807 34618 7380 12731 9683 8071 565 2054 3451 2319 2376 0 12529 2583 502 36 0 782 114 2480 59
1620913412 34661 7380 12731 9683 8071 565 2054 3451 2319 2376 0 12529 2583 502 36 0 782 114 2480 59
1621267980 34661 7380 12731 9683 8071 565 2054 3451 2319 2376 0 12529 2583 502 36 0 782 114 2480 59
1621271682 35724 7380 12731 9683 8071 565 2054 3451 2319 2376 0 12529 2583 502 36 0 782 114 2480 59
1621326626 35724 7380 12731 9683 8071 565 2054 3451 2319 2376 0 12529 2583 502 36 0 782 114 2480 59
1621348524 35724 7380 12731 9683 8071 565 2054 3451 2319 2376 0 12529 2583 502 36 0 782 114 2480 59
1621440204 35733 7380 12731 9683 8071 565 2054 3451 2319 2376 0 12529 2583 502 36 0 782 114 2480 59
1621491806 35733 7380 12731 9683 8071 565 2054 3451 2319 2376 0 12529 2583 502 36 0 782 114 2480 59
1621506310 35733 7709 12731 9683 8071 565 2054 3451 2319 2376 0 12529 2583 502 36 0 782 114 2480 59
1621627031 35749 7709 12731 9683 8071 565 2054 3451 2319 2376 0 12529 2583 502 36 0 782 114 2480 59
1622143034 35749 7723 12731 9683 8071 565 2054 3451 2319 2376 0 12529 2583 502 36 0 782 114 2480 59
1622147843 35749 7802 12731 9683 8071 565 2054 3451 2319 2376 0 12529 2583 502 36 0 782 114 2480 59
1622316888 35749 7802 12731 9683 8071 565 2054 3451 2319 2376 0 12529 2583 502 36 0 782 114 2480 59
1622362171 35749 7802 12731 9683 8071 565 2054 3451 2319 2376 0 12529 2583 502 36 0 782 114 2480 59
1622578578 35749 7942 12731 9683 8071 565 2054 3451 2319 2376 0 12529 2583 502 36 0 782 114 2480 59
1622582338 35813 7942 12731 9683 8071 565 2054 3451 2319 2376 0 12529 2583 502 36 0 782 114 2480 59
1622616767 35813 7957 12731 9683 8071 565 2054 3451 2319 2376 0 12529 2583 502 36 0 782 114 2480 59
1622617766 35813 8045 12731 9683 8071 565 2054 3451 2319 2376 0 12529 2583 502 36 0 782 114 2480 59
1622641132 35821 8045 12731 9683 8071 565 2054 3451 2319 2376 0 12529 2583 502 36 0 782 114 2480 59
1622661764 35821 8046 12731 9683 8071 565 2054 3451 2319 2376 0 12529 2583 502 36 0 782 114 2480 59
1622664870 35821 8047 12731 9683 8071 565 2054 3451 2319 2376 0 12529 2583 502 36 0 782 114 2480 59
1623232956 35821 8128 12731 9683 8071 565 2054 3451 2319 2376 0 12529 2583 502 36 0 782 114 2480 59
1623712886 35821 8128 12731 9683 8071 565 2054 3451 2319 2376 0 12529 2583 502 36 0 782 114 2480 59
1624049244 35899 8128 12731 9683 8071 565 2054 3451 2319 2376 0 12529 2583 502 36 0 782 114 2480 59
1624270744 35916 8128 12731 9683 8071 565 2054 3451 2319 2376 0 12529 2583 502 36 0 782 114 2480 59
1624280045 35916 8128 12731 9683 8071 565 2054 3451 2319 2376 0 12529 2583 502 36 0 782 114 2480 59
1624406153 35916 8128 12731 9683 8071 565 2054 3451 2319 2376 0 12529 2583 502 42 0 782 114 2480 59
1624523451 35916 8324 12731 9683 8071 565 2054 3451 2319 2376 0 12529 2583 502 42 0 782 114 2480 59
1624548398 35916 8324 12731 9683 8071 565 2054 3451 2319 2376 0 12529 2583 502 42 0 782 114 2480 59
1624548852 35921 8324 12731 9683 8071 565 2054 3451 2319 2376 0 12529 2583 502 42 0 782 114 2480 59
1624549099 36053 8324 12731 9683 8071 565 2054 3451 2319 2376 0 12529 2583 502 42 0 782 114 2480 59
1624562917 36053 8324 12731 9683 8071 565 2054 3451 2319 2376 0 12529 2583 502 44 0 782 114 2480 59
1624660399 36053 8324 12731 9683 8071 666 2054 3451 2319 2376 0 12529 2583 502 44 0 782 114 2480 59
1624739008 36053 8324 12731 9683 8071 666 2054 3451 2319 2376 0 12529 2583 502 48 0 782 114 2480 59
1624817389 36062 8324 12731 9683 8071 666 2054 3451 2319 2376 0 12529 2583 502 48 0 782 114 2480 59
1624817707 36081 8324 12731 9683 8071 666 2054 3451 2319 2376 0 12529 2583 502 48 0 782 114 2480 59
1624819684 36146 8324 12731 9683 8071 666 2054 3451 2319 2376 0 12529 2583 502 48 0 782 114 2480 59
1624820337 36147 8324 12731 9683 8071 666 2054 3451 2319 2376 0 12529 2583 502 48 0 782 114 2480 59
1624866179 36147 8347 12731 9683 8071 666 2054 3451 2319 2376 0 12529 2583 502 48 0 782 114 2480 59
1624888062 36288 8347 12731 9683 8071 666 2054 3451 2319 2376 0 12529 2583 502 48 0 782 114 2480 59
1624888322 36857 8347 12731 9683 8071 666 2054 3451 2319 2376 0 12529 2583 502 48 0 782 114 2480 59
1624984241 37333 8347 12731 9683 8071 666 2054 3451 2319 2376 0 12529 2583 502 48 0 782 114 2480 59
1624992731 37469 8347 12731 9683 8071 666 2054 3451 2319 2376 0 12529 2583 502 48 0 782 114 2480 59
1624993881 37507 8347 12731 9683 8071 666 2054 3451 2319 2376 0 12529 2583 502 48 0 782 114 2480 59
1624995271 37510 8347 12731 9683 8071 666 2054 3451 2319 2376 0 12529 2583 502 48 0 782 114 2480 59
1624996579 37516 8347 12731 9683 8071 666 2054 3451 2319 2376 0 12529 2583 502 48 0 782 114 2480 59
1625096510 37535 8347 12731 9683 8071 666 2054 3451 2319 2376 0 12529 2583 502 48 0 782 114 2480 59
1625124371 37535 8347 12731 9683 8071 666 2054 3451 2319 2376 0 12529 2583 502 48 0 782 114 2480 59
1625128396 37555 8347 12731 9683 8071 666 2054 3451 2319 2376 0 12529 2583 502 48 0 782 114 2480 59
1625169389 37709 8347 12731 9683 8071 666 2054 3451 2319 2376 0 12529 2583 502 48 0 782 114 2480 59
1625169748 37709 8347 12731 9683 8071 666 2054 3451 2319 2376 0 12529 2583 502 203 0 782 114 2480 59
1625170768 37889 8347 12731 9683 8071 666 2054 3451 2319 2376 0 12529 2583 502 203 0 782 114 2480 59
1625171394 37895 8347 12731 9683 8071 666 2054 3451 2319 2376 0 12529 2583 502 203 0 782 114 2480 59
1625254483 37895 8347 12731 9683 8071 666 2054 3493 2319 2376 0 12529 2583 502 203 0 782 114 2480 59
1625403107 37895 8347 12731 9683 8071 666 2054 3493 2319 2376 0 12529 2583 502 203 0 782 114 2480 59
1625478333 37895 8349 12731 9683 8071 666 2054 3493 2319 2376 0 12529 2583 502 203 0 782 114 2480 59
1625597964 37917 8349 12731 9683 8071 666 2054 3493 2319 2376 0 12529 2583 502 203 0 782 114 2480 59
1625605237 38009 8349 12731 9683 8071 666 2054 3493 2319 2376 0 12529 2583 502 203 0 782 114 2480 59
1625797165 38029 8349 12731 9683 8071 666 2054 3493 2319 2376 0 12529 2583 502 203 0 782 114 2480 59
1625822473 38029 8349 12731 9683 8071 666 2054 3493 2319 2376 0 12529 2583 502 203 0 782 114 2480 59
1625919439 38261 8349 12731 9683 8071 666 2054 3493 2319 2376 0 12529 2583 502 203 0 782 114 2480 59
1625927789 38349 8349 12731 9683 8071 666 2054 3493 2319 2376 0 12529 2583 502 203 0 782 114 2480 59
1625934127 38431 8349 12731 9683 8071 666 2054 3493 2319 2376 0 12529 2583 502 203 0 782 114 2480 59
1626183563 38431 8349 12731 9683 8071 666 2054 3493 2319 2376 0 12529 2583 502 203 0 782 114 2480 59
1626306499 38431 8349 12731 9683 8071 666 2054 3548 2319 2376 0 12529 2583 502 203 0 782 114 2480 59
1626348873 38630 8349 12731 9683 8071 666 2054 3548 2319 2376 0 12529 2583 502 203 0 782 114 2480 59
1626350181 38640 8349 12731 9683 8071 666 2054 3548 2319 2376 0 12529 2583 502 203 0 782 114 2480 59
1626448355 38647 8349 12731 9683 8071 666 2054 3548 2319 2376 0 12529 2583 502 203 0 782 114 2480 59
1626771898 38647 8349 12731 9683 8071 666 2054 3548 2319 2376 0 12529 2583 502 203 96 782 114 2480 59
1626812825 38796 8349 12731 9683 8071 666 2054 3548 2319 2376 0 12529 2583 502 203 96 782 114 2480 59
1626815328 38796 8405 12731 9683 8071 666 2054 3548 2319 2376 0 12529 2583 502 203 96 782 114 2480 59
1626900228 38796 8405 12731 9683 8071 666 2054 3548 2319 2376 0 12529 2583 502 203 96 782 114 2480 59
1626934035 38796 8405 12731 9683 8071 666 2054 3548 2319 2376 0 12529 2583 502 203 133 782 114 2480 59
1626934742 38796 8405 12731 9683 8071 666 2054 3548 2319 2376 0 12529 2583 502 203 133 782 114 2480 59
1626948430 38796 8571 12731 9683 8071 666 2054 3548 2319 2376 0 12529 2583 502 203 133 782 114 2480 59
1626978759 38915 8571 12731 9683 8071 666 2054 3548 2319 2376 0 12529 2583 502 203 133 782 114 2480 59
1627042547 38915 8571 12731 9683 8071 666 2054 3548 2319 2376 0 12529 2583 502 203 205 782 114 2480 59
1627045910 38915 8571 12731 9683 8071 666 2054 3548 2319 2376 0 12529 2583 502 203 221 782 114 2480 59
1627076960 38915 8571 12731 9683 8071 666 2054 3548 2319 2376 0 12529 2583 502 203 221 782 114 2480 59
1627327594 38916 8571 12731 9683 8071 666 2054 3548 2319 2376 0 12529 2583 502 203 221 782 114 2480 59
1627395572 38975 8571 12731 9683 8071 666 2054 3548 2319 2376 0 12529 2583 502 203 221 782 114 2480 59
1627572816 38984 8571 12731 9683 8071 666 2054 3548 2319 2376 0 12529 2583 502 203 221 782 114 2480 59
1627644151 38984 8571 12731 9683 8071 666 2054 3548 2319 2376 0 12529 2583 502 203 298 782 114 2480 59
1627646468 38984 8571 12731 9683 8071 666 2054 3548 2319 2376 0 12529 2583 502 203 299 782 114 2480 59
1627651657 39052 8571 12731 9683 8071 666 2054 3548 2319 2376 0 12529 2583 502 203 299 782 114 2480 59
1627652092 39097 8571 12731 9683 8071 666 2054 3548 2319 2376 0 12529 2583 502 203 299 782 114 2480 59
1627996204 39157 8571 12731 9683 8071 666 2054 3548 2319 2376 0 12529 2583 502 203 299 782 114 2480 59
1627996761 39370 8571 12731 9683 8071 666 2054 3548 2319 2376 0 12529 2583 502 203 299 782 114 2480 59
1628009010 39370 8571 12731 9683 8071 666 2054 3548 2319 2376 0 12529 2583 502 203 299 782 114 2480 59
1628032532 39371 8571 12731 9683 8071 666 2054 3548 2319 2376 0 12529 2583 502 203 299 782 114 2480 59
1628598830 39502 8571 12731 9683 8071 666 2054 3548 2319 2376 0 12529 2583 502 203 299 782 114 2480 59
1628750688 39507 8571 12731 9683 8071 666 2054 3548 2319 2376 0 12529 2583 502 203 299 782 114 2480 59
1628752435 39507 8680 12731 9683 8071 666 2054 3548 2319 2376 0 12529 2583 502 203 299 782 114 2480 59
1628786447 39714 8680 12731 9683 8071 666 2054 3548 2319 2376 0 12529 2583 502 203 299 782 114 2480 59
1628786837 39714 8680 12731 9683 8071 666 2054 3548 2319 2376 0 12529 2583 502 203 299 782 114 2480 59
1628788185 39746 8680 12731 9683 8071 666 2054 3548 2319 2376 0 12529 2583 502 203 299 782 114 2480 59
1628801291 39809 8680 12731 9683 8071 666 2054 3548 2319 2376 0 12529 2583 502 203 299 782 114 2480 59
1629142119 39809 8680 12731 9683 8071 666 2054 3548 2319 2376 0 12529 2583 502 203 299 782 114 2480 59
1629144474 39981 8680 12731 9683 8071 666 2054 3548 2319 2376 0 12529 2583 502 203 299 782 114 2480 59
1629289167 40130 8680 12731 9683 8071 666 2054 3548 2319 2376 0 12529 2583 502 203 299 782 114 2480 59
1629291315 40240 8680 12731 9683 8071 666 2054 3548 2319 2376 0 12529 2583 502 203 299 782 114 2480 59
1629293118 40892 8680 12731 9683 8071 666 2054 3548 2319 2376 0 12529 2583 502 203 299 782 114 2480 59
1629293916 41084 8680 12731 9683 8071 666 2054 3548 2319 2376 0 12529 2583 502 203 299 782 114 2480 59
1629384171 41114 8680 12731 9683 8071 666 2054 3548 2319 2376 0 12529 2583 502 203 299 782 114 2480 59
1629389979 44883 8680 12731 9683 8071 666 2054 3548 2319 2376 0 12529 2583 502 203 299 782 114 2480 59
1629495879 44883 8680 12731 9683 8071 666 2054 3548 2319 2376 0 12529 2583 502 203 299 782 114 2480 59
1629764445 44883 8680 12731 9683 8071 666 2054 3548 2319 2376 0 12529 2583 502 203 299 782 114 2480 59
1629824770 44883 8680 12744 9683 8071 666 2054 3548 2319 2376 0 12529 2583 502 203 299 782 114 2480 59
1629825637 44888 8680 12744 9683 8071 666 2054 3548 2319 2376 0 12529 2583 502 203 299 782 114 2480 59
1629836371 44906 8680 12744 9683 8071 666 2054 3548 2319 2376 0 12529 2583 502 203 299 782 114 2480 59
1629837431 45068 8680 12744 9683 8071 666 2054 3548 2319 2376 0 12529 2583 502 203 299 782 114 2480 59
1629896127 45068 8680 12744 9683 8071 666 2054 3548 2319 2376 0 12529 2583 502 203 299 782 114 2480 59
1629898076 45071 8680 12744 9683 8071 666 2054 3548 2319 2376 0 12529 2583 502 203 299 782 114 2480 59
1629911152 45071 8680 12744 9683 8071 666 2054 3610 2319 2376 0 12529 2583 502 203 299 782 114 2480 59
1630070220 45276 8680 12744 9683 8071 666 2054 3610 2319 2376 0 12529 2583 502 203 299 782 114 2480 59
1630418737 45307 8680 12744 9683 8071 666 2054 3610 2319 2376 0 12529 2583 502 203 299 782 114 2480 59
1630422321 45319 8680 12744 9683 8071 666 2054 3610 2319 2376 0 12529 2583 502 203 299 782 114 2480 59
1630428393 45319 8680 12744 9683 8071 666 2054 3610 2319 2376 0 12529 2583 502 215 299 782 114 2480 59
1630503272 45321 8680 12744 9683 8071 666 2054 3610 2319 2376 0 12529 2583 502 215 299 782 114 2480 59
1630542492 45321 8680 12744 9683 8071 666 2054 3813 2319 2376 0 12529 2583 502 215 299 782 114 2480 59
1630548577 45321 8680 12744 9683 8071 666 2054 3854 2319 2376 0 12529 2583 502 215 299 782 114 2480 59
1630946401 45321 8680 12744 9683 8071 666 2054 3854 2319 2376 0 12529 2583 502 215 299 782 114 2480 59
1631106705 52058 8680 12744 9683 8071 666 2054 3854 2319 2376 0 12529 2583 502 215 299 782 114 2480 59
1631113955 52242 8680 12744 9683 8071 666 2054 3854 2319 2376 0 12529 2583 502 215 299 782 114 2480 59
1631183376 52242 8681 12744 9683 8071 666 2054 3854 2319 2376 0 12529 2583 502 215 299 782 114 2480 59
1631224180 52368 8681 12744 9683 8071 666 2054 3854 2319 2376 0 12529 2583 502 215 299 782 114 2480 59
1631261234 52368 8681 12744 9683 8071 666 2054 3854 2319 2376 0 12529 2583 502 215 299 782 114 2480 59
1631297370 52368 8681 14052 9683 8071 666 2054 3854 2319 2376 0 12529 2583 502 215 299 782 114 2480 59
1631332451 52368 8681 14052 9683 8071 666 2054 3854 2319 2376 0 12529 2583 502 215 299 782 114 2480 59
1631526316 52368 8681 14052 9683 8071 666 2054 3854 2319 2376 0 12529 2583 502 215 299 782 114 2480 74
1631544666 52368 8737 14052 9683 8071 666 2054 3854 2319 2376 0 12529 2583 502 215 299 782 114 2480 74
1631633767 52368 8737 14052 9683 8071 666 2054 3854 2319 2376 0 12529 2583 502 215 299 782 114 2480 74
1631638899 52368 8737 14052 9683 8071 666 2054 3854 2319 2376 0 12529 2583 502 215 299 782 114 2480 74
1631639614 52382 8737 14052 9683 8071 666 2054 3854 2319 2376 0 12529 2583 502 215 299 782 114 2480 74
1631786130 52382 8737 14052 9683 8071 666 2054 3858 2319 2376 0 12529 2583 502 215 299 782 114 2480 74
1632144496 52383 8737 14052 9683 8071 666 2054 3858 2319 2376 0 12529 2583 502 215 299 782 114 2480 74
1632232101 52391 8737 14052 9683 8071 666 2054 3858 2319 2376 0 12529 2583 502 215 299 782 114 2480 74
1632902649 52391 8737 14052 9683 8071 666 2054 3858 2319 2376 0 12529 2583 502 215 299 782 114 2480 74
1633035086 52391 8830 14052 9683 8071 666 2054 3858 2319 2376 0 12529 2583 502 215 299 782 114 2480 74
1633534754 52391 8830 14052 9683 8071 666 2054 3858 2319 2376 0 12529 2583 502 215 522 782 114 2480 74
1633698630 52396 8830 14052 9683 8071 666 2054 3858 2319 2376 0 12529 2583 502 215 522 782 114 2480 74
1633961578 52434 8830 14052 9683 8071 666 2054 3858 2319 2376 0 12529 2583 502 215 522 782 114 2480 74
1633978422 52434 8830 14326 9683 8071 666 2054 3858 2319 2376 0 12529 2583 502 215 522 782 114 2480 74
1634044552 52465 8830 14326 9683 8071 666 2054 3858 2319 2376 0 12529 2583 502 215 522 782 114 2480 74
1634047254 52465 8830 14326 9683 8071 666 2054 3858 2319 2376 174 12529 2583 502 215 522 782 114 2480 74
1634123269 52465 8906 14326 9683 8071 666 2054 3858 2319 2376 174 12529 2583 502 215 522 782 114 2480 74
1634206555 52465 8906 14329 9683 8071 666 2054 3858 2319 2376 174 12529 2583 502 215 522 782 114 2480 74
1634215110 52465 8906 14329 9683 8071 666 2054 3858 2319 2376 376 12529 2583 502 215 522 782 114 2480 74
1634220457 52465 8906 14334 9683 8071 666 2054 3858 2319 2376 376 12529 2583 502 215 522 782 114 2480 74
1634288675 52465 8943 14334 9683 8071 666 2054 3858 2319 2376 376 12529 2583 502 215 522 782 114 2480 74
1634295992 52465 8943 14334 9683 8071 666 2054 3858 2319 2376 377 12529 2583 502 215 522 782 114 2480 74
1634414406 52465 8943 14334 9683 8071 666 2054 3858 2319 2376 377 12529 2583 502 293 522 782 114 2480 74
1634640910 52465 8943 14364 9683 8071 666 2054 3858 2319 2376 377 12529 2583 502 293 522 782 114 2480 74
1634915909 52466 8943 14364 9683 8071 666 2054 3858 2319 2376 377 12529 2583 502 293 522 782 114 2480 74
1634935603 52466 8943 14364 9683 8071 666 2054 3858 2319 2376 377 12529 2583 502 293 522 782 114 2480 74
1634967955 52466 8965 14364 9683 8071 666 2054 3858 2319 2376 377 12529 2583 502 293 522 782 114 2480 74
1634968276 52466 9152 14364 9683 8071 666 2054 3858 2319 2376 377 12529 2583 502 293 522 782 114 2480 74
1634968691 52466 9758 14364 9683 8071 666 2054 3858 2319 2376 377 12529 2583 502 293 522 782 114 2480 74
1634969096 52466 9864 14364 9683 8071 666 2054 3858 2319 2376 377 12529 2583 502 293 522 782 114 2480 74
1634970095 52466 9926 14364 9683 8071 666 2054 3858 2319 2376 377 12529 2583 502 293 522 782 114 2480 74
1634970749 52466 10038 14364 9683 8071 666 2054 3858 2319 2376 377 12529 2583 502 293 522 782 114 2480 74
1635156263 52466 10046 14364 9683 8071 666 2054 3858 2319 2376 377 12529 2583 502 293 522 782 114 2480 74
1635322697 52466 10047 14364 9683 8071 666 2054 3858 2319 2376 377 12529 2583 502 293 522 782 114 2480 74
1635502799 52466 10047 14364 9683 8071 666 2054 3858 2319 2376 379 12529 2583 502 293 522 782 114 2480 74
1635520118 52466 10047 14364 9683 8071 666 2054 3858 2319 2376 520 12529 2583 502 293 522 782 114 2480 74
1635536920 52466 10047 14364 9683 8071 666 2054 3858 2319 2376 520 12529 2583 502 293 522 782 114 2480 74
1635761083 52466 10047 14392 9683 8071 666 2054 3858 2319 2376 520 12529 2583 502 293 522 782 114 2480 74
1635770540 52466 10048 14392 9683 8071 666 2054 3858 2319 2376 520 12529 2583 502 293 522 782 114 2480 74
1636037740 52468 10048 14392 9683 8071 666 2054 3858 2319 2376 520 12529 2583 502 293 522 782 114 2480 74
1636382182 52594 10048 14392 9683 8071 666 2054 3858 2319 2376 520 12529 2583 502 293 522 782 114 2480 74
1636388043 53012 10048 14392 9683 8071 666 2054 3858 2319 2376 520 12529 2583 502 293 522 782 114 2480 74
1636394570 53642 10048 14392 9683 8071 666 2054 3858 2319 2376 520 12529 2583 502 293 522 782 114 2480 74
1636726004 53643 10048 14392 9683 8071 666 2054 3858 2319 2376 520 12529 2583 502 293 522 782 114 2480 74
1636926485 53780 10048 14392 9683 8071 666 2054 3858 2319 2376 520 12529 2583 502 293 522 782 114 2480 74
1636999642 54340 10048 14392 9683 8071 666 2054 3858 2319 2376 520 12529 2583 502 293 522 782 114 2480 74
1637180326 54340 10048 14392 9683 8071 666 2054 3858 2319 2376 520 12529 2583 502 293 522 782 114 2480 74
1637182220 57006 10048 14392 9683 8071 666 2054 3858 2319 2376 520 12529 2583 502 293 522 782 114 2480 74
1637182551 57011 10048 14392 9683 8071 666 2054 3858 2319 2376 520 12529 2583 502 293 522 782 114 2480 74
1637280375 57011 10048 14392 9683 8071 666 2054 3902 2319 2376 520 12529 2583 502 293 522 782 114 2480 74
1637282918 57011 10048 14392 9683 8071 728 2054 3902 2319 2376 520 12529 2583 502 293 522 782 114 2480 74
1637320301 57011 10048 14392 9683 8071 728 2054 3906 2319 2376 520 12529 2583 502 293 522 782 114 2480 74
1637592216 57032 10048 14392 9683 8071 728 2054 3906 2319 2376 520 12529 2583 502 293 522 782 114 2480 74
1637603129 57032 10048 14405 9683 8071 728 2054 3906 2319 2376 520 12529 2583 502 293 522 782 114 2480 74
1637689083 57032 10048 14405 9683 8071 728 2054 3906 2319 2376 520 12529 2583 502 293 522 782 114 2480 74
1637872781 57032 10048 14405 9683 8071 728 2054 3906 2319 2376 520 12529 2583 502 293 522 782 114 2480 74
1637873387 57032 10048 14405 9683 8071 728 2054 3906 2319 2376 520 12529 2583 502 293 522 782 114 2480 74
1637917703 57032 10050 14405 9683 8071 728 2054 3906 2319 2376 520 12529 2583 502 293 522 782 114 2480 74
1637918310 57032 10053 14405 9683 8071 728 2054 3906 2319 2376 520 12529 2583 502 293 522 782 114 2480 74
1637919538 57032 10053 14405 9683 8071 728 2054 3906 2319 2376 520 12529 2583 502 293 522 782 114 2480 74
1637941813 57032 10081 14405 9683 8071 728 2054 3906 2319 2376 520 12529 2583 502 293 522 782 114 2480 74
1637950187 57032 10081 14405 9683 8071 728 2054 3906 2319 2376 520 12529 2583 502 293 522 782 114 2480 74
1638032049 57032 10143 14405 9683 8071 728 2054 3906 2319 2376 520 12529 2583 502 293 522 782 114 2480 74
1638199088 57032 10143 14405 9683 8071 728 2054 3906 2319 2376 520 12529 2583 502 293 522 782 114 2480 74
1638366435 57032 10143 14405 9683 8071 728 2054 3906 2319 2376 526 12529 2583 502 293 522 782 114 2480 74
1638375374 57032 10143 14405 9683 8071 728 2054 3906 2319 2376 526 12529 2583 502 293 522 782 114 2480 74
1638450509 57032 10143 14405 9683 8071 728 2054 3906 2319 2376 526 12529 2583 502 293 575 782 114 2480 74
1638450957 57032 10143 14405 9683 8071 728 2054 3906 2319 2376 631 12529 2583 502 293 575 782 114 2480 74
1638451306 57032 10143 14405 9683 8071 728 2054 3906 2319 2376 709 12529 2583 502 293 575 782 114 2480 74
1638805052 57158 10143 14405 9683 8071 728 2054 3906 2319 2376 709 12529 2583 502 293 575 782 114 2480 74
1638812940 57158 10143 14405 9683 8071 728 2054 3906 2319 2376 893 12529 2583 502 293 575 782 114 2480 74
1638813670 57158 10143 14405 9683 8071 728 2054 3906 2319 2376 893 12529 2583 502 293 575 782 114 2480 74
1638814263 57158 10143 14405 9683 8071 728 2054 3906 2319 2376 1026 12529 2583 502 293 575 782 114 2480 74
1639073900 57158 10143 14405 9683 8071 728 2054 3906 2319 2376 1026 12529 2583 502 293 575 782 114 2480 74
