1519650599 122
1525327518 148
1525335682 166
1525338763 291
1525344067 291
1525349625 365
1525349659 422
1525355716 455
1525359241 490
1525399904 512
1525400710 510
1525416373 533
1525416669 734
1525417407 792
1525418295 862
1525419422 855
1525419704 860
1525444587 1129
1525445867 1132
1525472334 1159
1525475052 1274
1525475123 1278
1525478873 1595
1525484455 1630
1525780248 1916
1572608468 1631
1572681985 1631
1572682341 1734
1572701416 1857
1572853473 1986
1572866846 2002
1572952263 2015
1573032509 2034
1573036596 2040
1573036635 2052
1573086117 2074
1573173871 2074
1574122302 2110
1574196012 2110
1574205413 2186
1574214503 2187
1574276715 2187
1574277068 2208
1574277159 2210
1574709392 2301
1574734870 2412
1574735053 2417
1574735239 2427
1574739987 2415
1574740149 2511
1574740278 2506
1574804003 2480
1575212935 2480
1575264323 2727
1575307216 2738
1575600923 2782
1575940768 2975
1576001208 2965
1576001905 3090
1576103010 3092
1576266847 3093
1576275831 3051
1576468738 3163
1576524146 3105
1576544311 3137
1576601937 3439
1576606150 3872
1576745238 3851
1576748325 3981
1576876071 4323
1577055081 4467
1577077002 4697
1577078822 4697
1577774866 4702
1578099076 5387
1579213290 5429
1582804151 5429
1582849833 5433
1582965546 5818
1583028228 5953
1583054810 5961
1583055238 6292
1583194067 6329
1583194583 6329
1583356933 6329
1583962730 6331
1583962870 6331
1594785827 6331
1594787003 6333
1594788275 6334
1594791169 6335
1596581725 6619
1596599503 6737
1596606275 6738
1597040156 6746
1597040450 6743
1597040910 6741
1601680780 6743
1605910701 6741
1616527439 6741
1619209589 6755
1619209772 6755
1619209813 6757
1625696891 6759
1625697630 6761
1625704639 6754
1625710322 32735
1625710430 32729
1625710901 33304
1625710971 33304
1625711082 33302
1625711193 33296
1625711241 32460
1625867571 32627
1625867744 32626
1625867830 32631
1625867882 32657
1625879607 32671
1625884163 39730
1635023849 39735
1635025355 39735
1636408843 39784
1636409279 39784
1636410043 39784
1636500363 39817
1636500549 40231
1636500612 40231
1636580154 40234
1646300187 40239
1646300472 40239
1646300541 40239
1651264197 40239
1651264604 40239
1664385632 40255
1666191304 40250
1667857662 40255
1679251731 40256
