1444408246 0 0 0 0 0 0 0 0 0 0 0 1 0 0 0 0 0 0 0 0
1444416646 0 0 0 0 0 0 0 0 0 0 0 2 0 0 0 0 0 0 0 0
1444738509 0 0 0 0 0 0 0 0 0 0 0 2 0 0 0 0 0 0 0 0
1445347221 0 0 0 0 0 0 0 0 0 0 0 3 0 0 0 0 0 0 0 0
1445525787 0 0 0 0 0 0 0 0 0 0 0 3 0 0 0 0 0 0 0 0
1445598082 0 0 0 0 0 0 0 0 0 0 0 3 0 0 0 0 0 0 0 0
1445971138 0 0 0 0 0 0 0 0 0 0 0 4 0 0 0 0 0 0 0 0
1446539417 0 0 0 0 0 0 0 0 0 0 0 4 0 0 0 0 0 0 0 0
1447689774 0 0 0 0 0 0 0 0 0 0 0 5 0 0 0 0 0 0 0 0
1447767056 0 0 0 0 0 0 0 0 0 0 0 5 0 0 0 0 1 0 0 0
1447774168 0 0 0 0 0 0 0 0 0 0 0 5 0 0 0 0 2 0 0 0
1447858155 0 0 0 0 0 0 0 0 0 0 0 5 0 0 0 0 2 0 0 0
1448966947 0 0 0 0 0 0 0 0 0 0 0 5 0 0 0 0 2 0 0 0
1448975415 0 0 0 0 0 0 0 0 0 0 0 5 0 0 0 0 2 0 0 0
1448994513 0 0 0 0 0 0 0 0 0 0 0 5 0 0 0 0 2 0 0 0
1449002117 0 0 0 0 0 0 0 0 0 0 0 6 0 0 0 0 2 0 0 0
1449094613 0 0 0 0 0 0 0 0 0 0 0 6 0 0 0 0 2 0 0 0
1449235538 0 0 0 0 0 0 0 0 0 0 0 6 0 0 0 0 2 0 0 0
1449304063 0 0 0 0 0 0 0 0 0 0 0 6 0 0 0 0 2 0 0 0
1450105116 0 0 0 0 0 0 0 0 0 0 0 6 0 0 0 0 2 0 0 0
1450789181 0 0 0 0 0 0 0 0 0 0 0 7 0 0 0 0 2 0 0 0
1452516700 0 0 0 0 0 0 0 0 0 0 0 7 0 0 0 0 2 0 0 0
1453290211 0 0 0 0 0 0 0 0 0 0 0 8 0 0 0 0 2 0 0 0
1453838179 0 0 0 0 0 0 0 0 0 0 0 8 0 0 0 0 2 0 0 1
1454322534 0 0 0 0 0 0 0 0 0 0 0 8 0 0 0 0 3 0 0 1
1455025641 0 0 0 0 0 0 0 0 0 0 0 8 0 0 0 0 4 0 0 1
1455286675 0 0 0 0 0 0 0 0 0 0 0 8 0 0 0 0 5 0 0 1
1456317798 0 0 0 0 0 0 0 0 0 0 0 9 0 0 0 0 5 0 0 1
1456531866 0 0 0 0 0 0 0 0 0 0 0 9 0 0 0 0 5 0 0 1
1457118176 0 0 0 0 0 0 0 0 0 0 0 9 0 0 0 0 5 0 0 2
1457547900 0 0 0 0 0 0 0 0 0 0 0 9 0 0 0 0 5 0 0 3
1458138132 0 0 0 0 0 0 0 0 0 0 0 9 0 0 0 0 5 0 0 3
1458175397 0 0 0 0 0 0 0 0 0 0 0 9 0 0 0 0 5 0 0 4
1458207934 0 0 0 0 0 0 0 0 0 0 0 9 0 0 0 0 6 0 0 4
1458580839 0 0 0 0 0 0 0 0 0 0 0 9 0 0 0 0 6 0 0 5
1458582727 0 0 0 0 0 0 0 0 0 0 0 9 0 0 0 0 7 0 0 5
1460965769 0 0 0 1 0 0 0 0 0 0 0 9 0 0 0 0 7 0 0 5
1461053385 0 0 0 2 0 0 0 0 0 0 0 9 0 0 0 0 7 0 0 5
1461778809 0 0 0 2 0 0 0 0 0 0 0 9 0 0 0 0 7 0 0 6
1462548761 0 0 0 2 0 0 0 0 0 0 0 9 0 0 0 0 7 0 0 6
1463133339 0 0 0 2 0 0 0 0 0 0 0 9 0 0 0 0 7 0 0 6
1463651822 0 0 0 2 0 0 0 0 0 0 0 9 0 0 0 0 7 0 0 6
1464101768 0 0 0 3 0 0 0 0 0 0 0 9 0 0 0 0 7 0 0 6
1464164321 0 0 0 4 0 0 0 0 0 0 0 9 0 0 0 0 7 0 0 6
1464350962 0 0 0 4 0 0 0 0 0 0 0 9 0 0 0 0 7 0 0 6
1464616489 0 0 0 5 0 0 0 0 0 0 0 9 0 0 0 0 7 0 0 6
1465200858 0 0 0 6 0 0 0 0 0 0 0 9 0 0 0 0 7 0 0 6
1465201018 0 0 0 7 0 0 0 0 0 0 0 9 0 0 0 0 7 0 0 6
1465201105 0 0 0 8 0 0 0 0 0 0 0 9 0 0 0 0 7 0 0 6
1465809170 0 0 0 9 0 0 0 0 0 0 0 9 0 0 0 0 7 0 0 6
1465809183 0 0 0 10 0 0 0 0 0 0 0 9 0 0 0 0 7 0 0 6
1466604289 0 0 0 11 0 0 0 0 0 0 0 9 0 0 0 0 7 0 0 6
1466677185 0 0 0 12 0 0 0 0 0 0 0 9 0 0 0 0 7 0 0 6
1466689351 0 0 1 12 0 0 0 0 0 0 0 9 0 0 0 0 7 0 0 6
1466726545 0 0 1 13 0 0 0 0 0 0 0 9 0 0 0 0 7 0 0 6
1466778131 0 0 2 13 0 0 0 0 0 0 0 9 0 0 0 0 7 0 0 6
1467867292 0 0 2 14 0 0 0 0 0 0 0 9 0 0 0 0 7 0 0 6
1467899503 0 0 3 14 0 0 0 0 0 0 0 9 0 0 0 0 7 0 0 6
1468793610 0 0 3 14 0 0 0 0 0 0 0 9 0 0 0 0 7 0 0 6
1468871267 0 0 4 14 0 0 0 0 0 0 0 9 0 0 0 0 7 0 0 6
1468901615 0 0 4 14 0 0 0 0 1 0 0 9 0 0 0 0 7 0 0 6
1468938015 0 0 4 14 0 0 0 0 1 0 0 9 0 0 0 0 7 0 0 6
1468938061 0 0 4 15 0 0 0 0 1 0 0 9 0 0 0 0 7 0 0 6
1470859917 0 0 4 16 0 0 0 0 1 0 0 9 0 0 0 0 7 0 0 6
1471361492 0 0 4 16 0 0 0 0 2 0 0 9 0 0 0 0 7 0 0 6
1471381569 0 0 4 16 0 0 0 0 2 0 0 9 0 0 0 0 7 0 0 6
1471415021 0 0 4 17 0 0 0 0 2 0 0 9 0 0 0 0 7 0 0 6
1471479585 0 0 4 18 0 0 0 0 2 0 0 9 0 0 0 0 7 0 0 6
1471840767 0 0 4 19 0 0 0 0 2 0 0 9 0 0 0 0 7 0 0 6
1471917263 0 0 4 19 0 0 0 0 2 0 0 9 0 0 0 0 7 0 0 6
1471917370 0 0 4 20 0 0 0 0 2 0 0 9 0 0 0 0 7 0 0 6
1472009554 0 0 4 21 0 0 0 0 2 0 0 9 0 0 0 0 7 0 0 6
1472508919 0 0 4 22 0 0 0 0 2 0 0 9 0 0 0 0 7 0 0 6
1472508967 0 0 4 23 0 0 0 0 2 0 0 9 0 0 0 0 7 0 0 6
1472508987 0 0 4 24 0 0 0 0 2 0 0 9 0 0 0 0 7 0 0 6
1472509369 0 0 4 25 0 0 0 0 2 0 0 9 0 0 0 0 7 0 0 6
1472591830 0 0 4 26 0 0 0 0 2 0 0 9 0 0 0 0 7 0 0 6
1472593509 0 0 4 27 0 0 0 0 2 0 0 9 0 0 0 0 7 0 0 6
1473255640 0 0 4 27 0 0 0 0 2 0 0 9 0 0 0 0 7 0 0 6
1473292928 0 0 4 27 0 0 0 0 3 0 0 9 0 0 0 0 7 0 0 6
1473828443 0 0 4 27 0 0 0 0 3 0 0 9 0 0 0 0 7 0 0 6
1473858491 0 0 4 27 0 0 0 0 3 0 0 9 0 0 0 0 7 0 0 6
1473885513 0 0 4 27 0 0 0 0 3 0 0 9 0 0 0 0 7 0 0 6
1474003089 0 0 5 27 0 0 0 0 3 0 0 9 0 0 0 0 7 0 0 6
1474035918 0 0 5 28 0 0 0 0 3 0 0 9 0 0 0 0 7 0 0 6
1474037648 0 0 5 28 0 0 0 0 3 0 0 9 0 0 0 0 7 0 0 6
1474037700 0 0 5 29 0 0 0 0 3 0 0 9 0 0 0 0 7 0 0 6
1474057227 0 0 6 29 0 0 0 0 3 0 0 9 0 0 0 0 7 0 0 6
1474358519 0 0 6 30 0 0 0 0 3 0 0 9 0 0 0 0 7 0 0 6
1474395893 0 0 7 30 0 0 0 0 3 0 0 9 0 0 0 0 7 0 0 6
1474400941 0 0 7 30 0 0 0 0 3 0 0 9 0 0 0 0 7 0 0 6
1474432717 0 0 7 31 0 0 0 0 3 0 0 9 0 0 0 0 7 0 0 6
1474906650 0 0 7 31 0 0 0 0 3 0 0 9 0 0 0 0 7 0 0 6
1475243689 0 0 7 32 0 0 0 0 3 0 0 9 0 0 0 0 7 0 0 6
1475588255 0 0 8 32 0 0 0 0 3 0 0 9 0 0 0 0 7 0 0 6
1475591790 0 0 8 33 0 0 0 0 3 0 0 9 0 0 0 0 7 0 0 6
1475593481 0 0 8 34 0 0 0 0 3 0 0 9 0 0 0 0 7 0 0 6
1475764822 0 0 9 34 0 0 0 0 3 0 0 9 0 0 0 0 7 0 0 6
1476107283 0 0 9 34 0 0 0 0 4 0 0 9 0 0 0 0 7 0 0 6
1476279459 0 0 9 34 0 0 0 0 4 0 1 9 0 0 0 0 7 0 0 6
1476370627 0 0 10 34 0 0 0 0 4 0 1 9 0 0 0 0 7 0 0 6
1476370660 0 0 11 34 0 0 0 0 4 0 1 9 0 0 0 0 7 0 0 6
1476452882 0 0 12 34 0 0 0 0 4 0 1 9 0 0 0 0 7 0 0 6
1476452906 0 0 13 34 0 0 0 0 4 0 1 9 0 0 0 0 7 0 0 6
1476453029 0 0 14 34 0 0 0 0 4 0 1 9 0 0 0 0 7 0 0 6
1476454191 0 0 15 34 0 0 0 0 4 0 1 9 0 0 0 0 7 0 0 6
1476468429 0 0 15 34 0 0 0 0 4 0 1 9 0 0 0 0 7 0 0 6
1476470155 0 0 16 34 0 0 0 0 4 0 1 9 0 0 0 0 7 0 0 6
1476689930 0 0 16 34 0 0 0 0 4 0 1 9 0 0 0 0 7 0 0 6
1476706284 0 0 17 34 0 0 0 0 4 0 1 9 0 0 0 0 7 0 0 6
1476711681 0 0 17 37 0 0 0 0 4 0 1 9 0 0 0 0 7 0 0 6
1476888329 0 0 18 37 0 0 0 0 4 0 1 9 0 0 0 0 7 0 0 6
1476908837 0 0 19 37 0 0 0 0 4 0 1 9 0 0 0 0 7 0 0 6
1476917149 0 0 20 37 0 0 0 0 4 0 1 9 0 0 0 0 7 0 0 6
1476985570 0 0 21 37 0 0 0 0 4 0 1 9 0 0 0 0 7 0 0 6
1477022879 0 0 21 37 0 0 0 0 5 0 1 9 0 0 0 0 7 0 0 6
1477022967 0 0 22 37 0 0 0 0 5 0 1 9 0 0 0 0 7 0 0 6
1477274313 0 0 23 37 0 0 0 0 5 0 1 9 0 0 0 0 7 0 0 6
1477274433 0 0 23 37 0 0 0 1 5 0 1 9 0 0 0 0 7 0 0 6
1477316236 0 0 24 37 0 0 0 1 5 0 1 9 0 0 0 0 7 0 0 6
1477319940 0 0 24 37 0 0 0 2 5 0 1 9 0 0 0 0 7 0 0 6
1477321754 0 0 25 37 0 0 0 2 5 0 1 9 0 0 0 0 7 0 0 6
1477329951 0 0 26 37 0 0 0 2 5 0 1 9 0 0 0 0 7 0 0 6
1477582172 0 0 26 37 0 0 0 2 5 0 1 9 0 0 0 0 7 0 0 6
1477618349 0 0 26 37 0 0 0 3 5 0 1 9 0 0 0 0 7 0 0 6
1478722274 0 0 27 37 0 0 0 3 5 0 1 9 0 0 0 0 7 0 0 6
1478728486 0 0 27 37 0 0 0 3 5 0 2 9 0 0 0 0 7 0 0 6
1478804399 0 0 28 37 0 0 0 3 5 0 2 9 0 0 0 0 7 0 0 6
1478805042 0 0 29 37 0 0 0 3 5 0 2 9 0 0 0 0 7 0 0 6
1480018486 0 0 30 37 0 0 0 3 5 0 2 9 0 0 0 0 7 0 0 6
1480361160 0 0 30 37 0 0 0 3 5 0 2 9 0 0 0 0 7 0 0 6
1480434125 0 0 31 37 0 0 0 3 5 0 2 9 0 0 0 0 7 0 0 6
1480435238 0 0 32 37 0 0 0 3 5 0 2 9 0 0 0 0 7 0 0 6
1480445850 0 0 32 37 0 0 0 3 5 0 3 9 0 0 0 0 7 0 0 6
1480446266 0 0 33 37 0 0 0 3 5 0 3 9 0 0 0 0 7 0 0 6
1480706806 0 0 33 37 0 0 0 3 6 0 3 9 0 0 0 0 7 0 0 6
1481039702 0 0 33 37 0 0 0 3 7 0 3 9 0 0 0 0 7 0 0 6
1481064720 0 0 34 37 0 0 0 3 7 0 3 9 0 0 0 0 7 0 0 6
1481125141 0 0 34 37 0 0 0 3 7 0 3 9 0 0 0 0 7 0 0 6
1481143375 0 0 34 37 0 0 0 3 7 0 4 9 0 0 0 0 7 0 0 6
1481554553 0 0 34 37 0 0 0 4 7 0 4 9 0 0 0 0 7 0 0 6
1481640313 0 0 35 37 0 0 0 4 7 0 4 9 0 0 0 0 7 0 0 6
1481819621 0 0 35 37 0 0 0 4 7 0 4 9 0 0 0 0 7 0 0 6
1481819726 0 0 36 37 0 0 0 4 7 0 4 9 0 0 0 0 7 0 0 6
1481819860 0 0 36 37 0 0 0 5 7 0 4 9 0 0 0 0 7 0 0 6
1481828428 0 0 37 37 0 0 0 5 7 0 4 9 0 0 0 0 7 0 0 6
1482160297 0 0 37 37 0 0 0 5 7 0 4 9 0 0 0 0 7 0 0 6
1482249245 0 0 37 37 0 0 0 5 7 0 4 9 0 0 0 0 7 0 0 6
1482249268 0 0 37 37 0 0 0 5 7 0 4 9 0 0 0 0 7 0 0 6
1482251105 0 0 37 37 0 0 0 5 7 0 4 9 0 0 0 0 7 0 0 6
1482332659 0 0 37 37 0 0 0 5 7 0 4 9 0 0 0 0 7 0 0 6
1482853370 0 0 37 37 0 0 0 6 7 0 4 9 0 0 0 0 7 0 0 6
1483020301 0 0 37 37 0 0 0 6 7 0 5 9 0 0 0 0 7 0 0 6
1483972078 0 0 37 37 0 0 0 6 7 0 5 9 0 0 0 0 7 0 0 6
1483972103 0 0 37 37 0 0 0 6 7 0 6 9 0 0 0 0 7 0 0 6
1484580486 0 0 37 37 0 0 0 6 7 0 6 9 0 0 0 0 7 0 0 6
1484665683 0 0 38 37 0 0 0 6 7 0 6 9 0 0 0 0 7 0 0 6
1485360609 0 0 38 37 0 0 0 6 7 0 6 9 0 0 0 0 7 0 0 6
1485544930 0 0 38 37 0 0 0 6 8 0 6 9 0 0 0 0 7 0 0 6
1485877123 0 0 39 37 0 0 0 6 8 0 6 9 0 0 0 0 7 0 0 6
1485877156 0 0 40 37 0 0 0 6 8 0 6 9 0 0 0 0 7 0 0 6
1486136101 0 0 41 37 0 0 0 6 8 0 6 9 0 0 0 0 7 0 0 6
1486138309 0 0 41 37 0 0 0 7 8 0 6 9 0 0 0 0 7 0 0 6
1486138318 0 0 41 37 0 0 0 7 8 0 6 9 0 0 0 0 7 0 0 6
1486416369 0 0 41 37 0 0 0 7 8 0 6 9 0 0 0 0 7 0 0 6
1486998600 0 0 41 37 0 0 0 7 9 0 6 9 0 0 0 0 7 0 0 6
1487346050 0 0 41 37 0 0 0 7 10 0 6 9 0 0 0 0 7 0 0 6
1487779790 0 0 41 37 0 0 0 7 10 0 7 9 0 0 0 0 7 0 0 6
1487882156 1 0 41 37 0 0 0 7 10 0 7 9 0 0 0 0 7 0 0 6
1487949551 2 0 41 37 0 0 0 7 10 0 7 9 0 0 0 0 7 0 0 6
1487963275 2 0 41 37 0 0 0 7 10 0 7 9 0 0 0 0 7 0 0 6
1488212177 3 0 41 37 0 0 0 7 10 0 7 9 0 0 0 0 7 0 0 6
1488230137 4 0 41 37 0 0 0 7 10 0 7 9 0 0 0 0 7 0 0 6
1488399432 5 0 41 37 0 0 0 7 10 0 7 9 0 0 0 0 7 0 0 6
1488575275 6 0 41 37 0 0 0 7 10 0 7 9 0 0 0 0 7 0 0 6
1488579880 7 0 41 37 0 0 0 7 10 0 7 9 0 0 0 0 7 0 0 6
1488829411 8 0 41 37 0 0 0 7 10 0 7 9 0 0 0 0 7 0 0 6
1489001273 9 0 41 37 0 0 0 7 10 0 7 9 0 0 0 0 7 0 0 6
1489008224 10 0 41 37 0 0 0 7 10 0 7 9 0 0 0 0 7 0 0 6
1489088225 11 0 41 37 0 0 0 7 10 0 7 9 0 0 0 0 7 0 0 6
1489249229 12 0 41 37 0 0 0 7 10 0 7 9 0 0 0 0 7 0 0 6
1489249280 13 0 41 37 0 0 0 7 10 0 7 9 0 0 0 0 7 0 0 6
1489434992 14 0 41 37 0 0 0 7 10 0 7 9 0 0 0 0 7 0 0 6
1489521255 15 0 41 37 0 0 0 7 10 0 7 9 0 0 0 0 7 0 0 6
1489597013 16 0 41 37 0 0 0 7 10 0 7 9 0 0 0 0 7 0 0 6
1489767672 17 0 41 37 0 0 0 7 10 0 7 9 0 0 0 0 7 0 0 6
1490023060 18 0 41 37 0 0 0 7 10 0 7 9 0 0 0 0 7 0 0 6
1490027652 19 0 41 37 0 0 0 7 10 0 7 9 0 0 0 0 7 0 0 6
1490027663 20 0 41 37 0 0 0 7 10 0 7 9 0 0 0 0 7 0 0 6
1490122192 20 0 41 37 0 0 0 7 10 0 7 9 0 0 0 0 7 0 0 6
1490205285 21 0 41 37 0 0 0 7 10 0 7 9 0 0 0 0 7 0 0 6
1490292880 21 0 41 37 0 0 0 7 10 0 7 9 0 0 0 0 7 0 0 6
1490299767 22 0 41 37 0 0 0 7 10 0 7 9 0 0 0 0 7 0 0 6
1490815986 22 0 41 37 0 0 0 7 10 0 7 9 0 0 0 0 7 0 0 6
1490816061 22 0 41 37 0 0 0 7 10 0 7 9 0 0 0 0 7 0 0 6
1490816084 22 0 42 37 0 0 0 7 10 0 7 9 0 0 0 0 7 0 0 6
1490819413 23 0 42 37 0 0 0 7 10 0 7 9 0 0 0 0 7 0 0 6
1490886248 23 0 42 37 0 0 0 7 10 0 7 9 0 0 0 0 7 0 0 6
1490887708 24 0 42 37 0 0 0 7 10 0 7 9 0 0 0 0 7 0 0 6
1490890536 24 0 42 37 0 0 0 7 10 0 7 9 0 0 0 0 7 0 0 6
1490902155 25 0 42 37 0 0 0 7 10 0 7 9 0 0 0 0 7 0 0 6
1490970305 25 0 42 37 0 0 0 7 10 0 7 9 0 0 0 0 7 0 0 6
1490986294 26 0 42 37 0 0 0 7 10 0 7 9 0 0 0 0 7 0 0 6
1490990019 27 0 42 37 0 0 0 7 10 0 7 9 0 0 0 0 7 0 0 6
1491247221 27 0 42 37 0 0 0 7 10 0 7 9 0 0 0 0 7 0 0 6
1491247851 28 0 42 37 0 0 0 7 10 0 7 9 0 0 0 0 7 0 0 6
1491326283 29 0 42 37 0 0 0 7 10 0 7 9 0 0 0 0 7 0 0 6
1491329240 30 0 42 37 0 0 0 7 10 0 7 9 0 0 0 0 7 0 0 6
1491333288 31 0 42 37 0 0 0 7 10 0 7 9 0 0 0 0 7 0 0 6
1491405002 31 0 42 37 0 0 0 7 10 0 7 9 0 0 0 0 7 0 0 6
1491517685 32 0 42 37 0 0 0 7 10 0 7 9 0 0 0 0 7 0 0 6
1491587715 33 0 42 37 0 0 0 7 10 0 7 9 0 0 0 0 7 0 0 6
1491835384 34 0 42 37 0 0 0 7 10 0 7 9 0 0 0 0 7 0 0 6
1491841098 34 0 42 37 0 0 0 7 10 0 7 9 0 0 0 0 7 0 0 6
1491931918 35 0 42 37 0 0 0 7 10 0 7 9 0 0 0 0 7 0 0 6
1491931960 36 0 42 37 0 0 0 7 10 0 7 9 0 0 0 0 7 0 0 6
1491932174 37 0 42 37 0 0 0 7 10 0 7 9 0 0 0 0 7 0 0 6
1492007212 38 0 42 37 0 0 0 7 10 0 7 9 0 0 0 0 7 0 0 6
1492445337 38 0 43 37 0 0 0 7 10 0 7 9 0 0 0 0 7 0 0 6
1492454353 39 0 43 37 0 0 0 7 10 0 7 9 0 0 0 0 7 0 0 6
1492467624 40 0 43 37 0 0 0 7 10 0 7 9 0 0 0 0 7 0 0 6
1492533565 41 0 43 37 0 0 0 7 10 0 7 9 0 0 0 0 7 0 0 6
1492611737 42 0 43 37 0 0 0 7 10 0 7 9 0 0 0 0 7 0 0 6
1492635069 43 0 43 37 0 0 0 7 10 0 7 9 0 0 0 0 7 0 0 6
1492709806 44 0 43 37 0 0 0 7 10 0 7 9 0 0 0 0 7 0 0 6
1492790489 45 0 43 37 0 0 0 7 10 0 7 9 0 0 0 0 7 0 0 6
1493058259 46 0 43 37 0 0 0 7 10 0 7 9 0 0 0 0 7 0 0 6
1493136858 47 0 43 37 0 0 0 7 10 0 7 9 0 0 0 0 7 0 0 6
1493224965 47 1 43 37 0 0 0 7 10 0 7 9 0 0 0 0 7 0 0 6
1493240833 47 2 43 37 0 0 0 7 10 0 7 9 0 0 0 0 7 0 0 6
1493240856 47 3 43 37 0 0 0 7 10 0 7 9 0 0 0 0 7 0 0 6
1493325095 48 3 43 37 0 0 0 7 10 0 7 9 0 0 0 0 7 0 0 6
1493393088 48 4 43 37 0 0 0 7 10 0 7 9 0 0 0 0 7 0 0 6
1493645442 48 4 43 37 0 0 0 7 10 0 7 9 0 0 0 1 7 0 0 6
1493746964 48 4 44 37 0 0 0 7 10 0 7 9 0 0 0 1 7 0 0 6
1493761086 49 4 44 37 0 0 0 7 10 0 7 9 0 0 0 1 7 0 0 6
1493818355 49 4 44 37 0 0 0 7 10 0 7 9 0 0 0 1 7 0 0 6
1493839100 50 4 44 37 0 0 0 7 10 0 7 9 0 0 0 1 7 0 0 6
1493908968 50 5 44 37 0 0 0 7 10 0 7 9 0 0 0 1 7 0 0 6
1493928711 51 5 44 37 0 0 0 7 10 0 7 9 0 0 0 1 7 0 0 6
1493933254 51 6 44 37 0 0 0 7 10 0 7 9 0 0 0 1 7 0 0 6
1493933279 51 7 44 37 0 0 0 7 10 0 7 9 0 0 0 1 7 0 0 6
1493937527 51 8 44 37 0 0 0 7 10 0 7 9 0 0 0 1 7 0 0 6
1493943187 51 9 44 37 0 0 0 7 10 0 7 9 0 0 0 1 7 0 0 6
1494020608 52 9 44 37 0 0 0 7 10 0 7 9 0 0 0 1 7 0 0 6
1494269106 52 10 44 37 0 0 0 7 10 0 7 9 0 0 0 1 7 0 0 6
1494269225 52 11 44 37 0 0 0 7 10 0 7 9 0 0 0 1 7 0 0 6
1494347642 53 11 44 37 0 0 0 7 10 0 7 9 0 0 0 1 7 0 0 6
1494347676 54 11 44 37 0 0 0 7 10 0 7 9 0 0 0 1 7 0 0 6
1494365863 54 12 44 37 0 0 0 7 10 0 7 9 0 0 0 1 7 0 0 6
1494512636 54 13 44 37 0 0 0 7 10 0 7 9 0 0 0 1 7 0 0 6
1494525842 55 13 44 37 0 0 0 7 10 0 7 9 0 0 0 1 7 0 0 6
1494527972 56 13 44 37 0 0 0 7 10 0 7 9 0 0 0 1 7 0 0 6
1494527990 57 13 44 37 0 0 0 7 10 0 7 9 0 0 0 1 7 0 0 6
1494534993 57 14 44 37 0 0 0 7 10 0 7 9 0 0 0 1 7 0 0 6
1495299204 57 14 44 37 0 0 0 7 11 0 7 9 0 0 0 1 7 0 0 6
1495568443 57 14 44 37 0 0 0 7 11 0 7 9 0 0 0 1 7 0 0 6
1495574899 57 15 44 37 0 0 0 7 11 0 7 9 0 0 0 1 7 0 0 6
1495638412 57 15 44 37 0 0 0 7 11 0 7 9 0 0 0 1 7 0 0 6
1495642625 57 15 44 37 0 0 0 7 12 0 7 9 0 0 0 1 7 0 0 6
1495646357 57 15 44 37 0 0 0 7 12 0 7 9 0 0 0 1 7 0 0 6
1495652211 57 16 44 37 0 0 0 7 12 0 7 9 0 0 0 1 7 0 0 6
1495657025 57 17 44 37 0 0 0 7 12 0 7 9 0 0 0 1 7 0 0 6
1495661251 58 17 44 37 0 0 0 7 12 0 7 9 0 0 0 1 7 0 0 6
1495667766 58 18 44 37 0 0 0 7 12 0 7 9 0 0 0 1 7 0 0 6
1495732441 58 19 44 37 0 0 0 7 12 0 7 9 0 0 0 1 7 0 0 6
1495738441 58 20 44 37 0 0 0 7 12 0 7 9 0 0 0 1 7 0 0 6
1495739437 59 20 44 37 0 0 0 7 12 0 7 9 0 0 0 1 7 0 0 6
1495750532 60 20 44 37 0 0 0 7 12 0 7 9 0 0 0 1 7 0 0 6
1495825601 60 21 44 37 0 0 0 7 12 0 7 9 0 0 0 1 7 0 0 6
1495829128 60 22 44 37 0 0 0 7 12 0 7 9 0 0 0 1 7 0 0 6
1495833055 60 23 44 37 0 0 0 7 12 0 7 9 0 0 0 1 7 0 0 6
1495835658 60 24 44 37 0 0 0 7 12 0 7 9 0 0 0 1 7 0 0 6
1496154165 60 24 44 37 0 0 0 7 12 0 7 9 0 0 0 1 7 0 0 6
1496156679 60 24 44 37 0 0 0 7 12 0 7 9 0 0 0 1 7 0 0 6
1496176181 61 24 44 37 0 0 0 7 12 0 7 9 0 0 0 1 7 0 0 6
1496184562 61 25 44 37 0 0 0 7 12 0 7 9 0 0 0 1 7 0 0 6
1496242151 61 26 44 37 0 0 0 7 12 0 7 9 0 0 0 1 7 0 0 6
1496248162 62 26 44 37 0 0 0 7 12 0 7 9 0 0 0 1 7 0 0 6
1496261786 62 27 44 37 0 0 0 7 12 0 7 9 0 0 0 1 7 0 0 6
1496264287 62 28 44 37 0 0 0 7 12 0 7 9 0 0 0 1 7 0 0 6
1496330909 62 29 44 37 0 0 0 7 12 0 7 9 0 0 0 1 7 0 0 6
1496342089 62 30 44 37 0 0 0 7 12 0 7 9 0 0 0 1 7 0 0 6
1496344337 63 30 44 37 0 0 0 7 12 0 7 9 0 0 0 1 7 0 0 6
1496352569 63 31 44 37 0 0 0 7 12 0 7 9 0 0 0 1 7 0 0 6
1496357266 64 31 44 37 0 0 0 7 12 0 7 9 0 0 0 1 7 0 0 6
1496413713 65 31 44 37 0 0 0 7 12 0 7 9 0 0 0 1 7 0 0 6
1496423141 66 31 44 37 0 0 0 7 12 0 7 9 0 0 0 1 7 0 0 6
1496430893 66 32 44 37 0 0 0 7 12 0 7 9 0 0 0 1 7 0 0 6
1496672403 67 32 44 37 0 0 0 7 12 0 7 9 0 0 0 1 7 0 0 6
1496688699 68 32 44 37 0 0 0 7 12 0 7 9 0 0 0 1 7 0 0 6
1496692470 68 32 44 37 0 0 0 7 12 0 7 9 0 0 0 1 7 0 0 6
1496848197 69 32 44 37 0 0 0 7 12 0 7 9 0 0 0 1 7 0 0 6
1496852785 69 33 44 37 0 0 0 7 12 0 7 9 0 0 0 1 7 0 0 6
1496930020 70 33 44 37 0 0 0 7 12 0 7 9 0 0 0 1 7 0 0 6
1496933776 70 34 44 37 0 0 0 7 12 0 7 9 0 0 0 1 7 0 0 6
1496940599 71 34 44 37 0 0 0 7 12 0 7 9 0 0 0 1 7 0 0 6
1496942092 71 35 44 37 0 0 0 7 12 0 7 9 0 0 0 1 7 0 0 6
1496945649 72 35 44 37 0 0 0 7 12 0 7 9 0 0 0 1 7 0 0 6
1496951417 72 36 44 37 0 0 0 7 12 0 7 9 0 0 0 1 7 0 0 6
1496952852 73 36 44 37 0 0 0 7 12 0 7 9 0 0 0 1 7 0 0 6
1496952862 74 36 44 37 0 0 0 7 12 0 7 9 0 0 0 1 7 0 0 6
1497280127 74 37 44 37 0 0 0 7 12 0 7 9 0 0 0 1 7 0 0 6
1497284449 74 38 44 37 0 0 0 7 12 0 7 9 0 0 0 1 7 0 0 6
1497295816 74 39 44 37 0 0 0 7 12 0 7 9 0 0 0 1 7 0 0 6
1497298701 75 39 44 37 0 0 0 7 12 0 7 9 0 0 0 1 7 0 0 6
1497305076 76 39 44 37 0 0 0 7 12 0 7 9 0 0 0 1 7 0 0 6
1497363233 76 40 44 37 0 0 0 7 12 0 7 9 0 0 0 1 7 0 0 6
1497372745 77 40 44 37 0 0 0 7 12 0 7 9 0 0 0 1 7 0 0 6
1497468076 78 40 44 37 0 0 0 7 12 0 7 9 0 0 0 1 7 0 0 6
1497468091 79 40 44 37 0 0 0 7 12 0 7 9 0 0 0 1 7 0 0 6
1497547740 79 41 44 37 0 0 0 7 12 0 7 9 0 0 0 1 7 0 0 6
1497554986 79 42 44 37 0 0 0 7 12 0 7 9 0 0 0 1 7 0 0 6
1497567473 80 42 44 37 0 0 0 7 12 0 7 9 0 0 0 1 7 0 0 6
1497567483 81 42 44 37 0 0 0 7 12 0 7 9 0 0 0 1 7 0 0 6
1497633782 81 42 44 37 0 0 0 7 12 0 7 9 0 0 0 1 7 0 0 6
1497633834 81 43 44 37 0 0 0 7 12 0 7 9 0 0 0 1 7 0 0 6
1497892302 82 43 44 37 0 0 0 7 12 0 7 9 0 0 0 1 7 0 0 6
1497892321 83 43 44 37 0 0 0 7 12 0 7 9 0 0 0 1 7 0 0 6
1497897511 83 44 44 37 0 0 0 7 12 0 7 9 0 0 0 1 7 0 0 6
1497901611 84 44 44 37 0 0 0 7 12 0 7 9 0 0 0 1 7 0 0 6
1497911584 85 44 44 37 0 0 0 7 12 0 7 9 0 0 0 1 7 0 0 6
1497967018 85 45 44 37 0 0 0 7 12 0 7 9 0 0 0 1 7 0 0 6
1497981225 85 46 44 37 0 0 0 7 12 0 7 9 0 0 0 1 7 0 0 6
1497983973 85 46 44 37 0 0 0 7 12 0 7 9 0 0 0 1 7 0 0 6
1497998571 85 47 44 37 0 0 0 7 12 0 7 9 0 0 0 1 7 0 0 6
1498140485 86 47 44 37 0 0 0 7 12 0 7 9 0 0 0 1 7 0 0 6
1498152891 87 47 44 37 0 0 0 7 12 0 7 9 0 0 0 1 7 0 0 6
1498158885 87 48 44 37 0 0 0 7 12 0 7 9 0 0 0 1 7 0 0 6
1498163375 87 49 44 37 0 0 0 7 12 0 7 9 0 0 0 1 7 0 0 6
1498170565 87 50 44 37 0 0 0 7 12 0 7 9 0 0 0 1 7 0 0 6
1498223559 87 51 44 37 0 0 0 7 12 0 7 9 0 0 0 1 7 0 0 6
1498228155 87 52 44 37 0 0 0 7 12 0 7 9 0 0 0 1 7 0 0 6
1498246324 88 52 44 37 0 0 0 7 12 0 7 9 0 0 0 1 7 0 0 6
1498499845 89 52 44 37 0 0 0 7 12 0 7 9 0 0 0 1 7 0 0 6
1498501930 90 52 44 37 0 0 0 7 12 0 7 9 0 0 0 1 7 0 0 6
1498514980 90 53 44 37 0 0 0 7 12 0 7 9 0 0 0 1 7 0 0 6
1498574822 90 54 44 37 0 0 0 7 12 0 7 9 0 0 0 1 7 0 0 6
1498601555 90 55 44 37 0 0 0 7 12 0 7 9 0 0 0 1 7 0 0 6
1498606902 91 55 44 37 0 0 0 7 12 0 7 9 0 0 0 1 7 0 0 6
1498666787 92 55 44 37 0 0 0 7 12 0 7 9 0 0 0 1 7 0 0 6
1498670410 93 55 44 37 0 0 0 7 12 0 7 9 0 0 0 1 7 0 0 6
1498674287 94 55 44 37 0 0 0 7 12 0 7 9 0 0 0 1 7 0 0 6
1498680177 95 55 44 37 0 0 0 7 12 0 7 9 0 0 0 1 7 0 0 6
1498748499 96 55 44 37 0 0 0 7 12 0 7 9 0 0 0 1 7 0 0 6
1498748552 96 56 44 37 0 0 0 7 12 0 7 9 0 0 0 1 7 0 0 6
1498839733 96 56 44 37 0 0 0 7 12 0 7 9 0 0 0 1 7 0 0 6
1498860835 97 56 44 37 0 0 0 7 12 0 7 9 0 0 0 1 7 0 0 6
1499290558 97 56 44 37 0 0 0 7 12 0 7 9 0 0 0 1 7 1 0 6
1499290584 98 56 44 37 0 0 0 7 12 0 7 9 0 0 0 1 7 1 0 6
1499441079 99 56 44 37 0 0 0 7 12 0 7 9 0 0 0 1 7 1 0 6
1499441484 100 56 44 37 0 0 0 7 12 0 7 9 0 0 0 1 7 1 0 6
1499445235 101 56 44 37 0 0 0 7 12 0 7 9 0 0 0 1 7 1 0 6
1499725796 102 56 44 37 0 0 0 7 12 0 7 9 0 0 0 1 7 1 0 6
1499725811 103 56 44 37 0 0 0 7 12 0 7 9 0 0 0 1 7 1 0 6
1499955250 104 56 44 37 0 0 0 7 12 0 7 9 0 0 0 1 7 1 0 6
1500041007 104 56 44 37 0 0 0 7 12 0 7 9 0 0 0 1 7 2 0 6
1500042579 104 56 44 37 0 0 0 7 12 0 7 9 0 0 0 1 7 2 0 6
1500242314 104 56 44 37 0 0 0 7 12 0 7 9 0 0 0 1 7 2 0 6
1500300708 105 56 44 37 0 0 0 7 12 0 7 9 0 0 0 1 7 2 0 6
1500300872 106 56 44 37 0 0 0 7 12 0 7 9 0 0 0 1 7 2 0 6
1500541559 106 57 44 37 0 0 0 7 12 0 7 9 0 0 0 1 7 2 0 6
1500570507 107 57 44 37 0 0 0 7 12 0 7 9 0 0 0 1 7 2 0 6
1500570816 107 58 44 37 0 0 0 7 12 0 7 9 0 0 0 1 7 2 0 6
1500570865 107 59 44 37 0 0 0 7 12 0 7 9 0 0 0 1 7 2 0 6
1500576750 107 60 44 37 0 0 0 7 12 0 7 9 0 0 0 1 7 2 0 6
1500603543 107 61 44 37 0 0 0 7 12 0 7 9 0 0 0 1 7 2 0 6
1500603766 108 61 44 37 0 0 0 7 12 0 7 9 0 0 0 1 7 2 0 6
1500635127 108 62 44 37 0 0 0 7 12 0 7 9 0 0 0 1 7 2 0 6
1500635143 108 64 44 37 0 0 0 7 12 0 7 9 0 0 0 1 7 2 0 6
1500662390 109 64 44 37 0 0 0 7 12 0 7 9 0 0 0 1 7 2 0 6
1500676044 110 64 44 37 0 0 0 7 12 0 7 9 0 0 0 1 7 2 0 6
1501080495 111 64 44 37 0 0 0 7 12 0 7 9 0 0 0 1 7 2 0 6
1501080546 111 64 44 37 0 0 0 7 12 0 7 9 0 0 0 1 7 2 0 6
1501080561 111 64 44 37 0 0 0 7 12 0 7 9 0 0 0 1 7 2 0 6
1501170684 111 64 44 37 0 0 0 7 12 0 7 9 0 0 0 1 7 2 0 6
1501170728 112 64 44 37 0 0 0 7 12 0 7 9 0 0 0 1 7 2 0 6
1501197694 113 64 44 37 0 0 0 7 12 0 7 9 0 0 0 1 7 2 0 6
1501253850 114 64 44 37 0 0 0 7 12 0 7 9 0 0 0 1 7 2 0 6
1501256020 115 64 44 37 0 0 0 7 12 0 7 9 0 0 0 1 7 2 0 6
1501256039 115 64 44 37 0 0 0 7 12 0 7 9 0 0 0 1 7 2 0 6
1501274586 116 64 44 37 0 0 0 7 12 0 7 9 0 0 0 1 7 2 0 6
1501521726 116 64 44 37 0 0 0 7 12 0 7 9 0 0 0 1 7 2 0 6
1501531746 116 64 44 37 0 0 0 7 12 0 7 9 0 0 0 1 7 2 0 6
1501596825 117 64 44 37 0 0 0 7 12 0 7 9 0 0 0 1 7 2 0 6
1501596898 118 64 44 37 0 0 0 7 12 0 7 9 0 0 0 1 7 2 0 6
1501597729 118 64 44 37 0 0 0 7 12 0 7 9 0 0 0 1 7 2 0 6
1501601783 119 64 44 37 0 0 0 7 12 0 7 9 0 0 0 1 7 2 0 6
1501622146 120 64 44 37 0 0 0 7 12 0 7 9 0 0 0 1 7 2 0 6
1501682866 121 64 44 37 0 0 0 7 12 0 7 9 0 0 0 1 7 2 0 6
1501686385 122 64 44 37 0 0 0 7 12 0 7 9 0 0 0 1 7 2 0 6
1501694445 122 64 44 37 0 0 0 7 12 0 7 9 0 0 0 1 7 2 0 6
1501696631 122 65 44 37 0 0 0 7 12 0 7 9 0 0 0 1 7 2 0 6
1501773486 123 65 44 37 0 0 0 7 12 0 7 9 0 0 0 1 7 2 0 6
1501773507 124 65 44 37 0 0 0 7 12 0 7 9 0 0 0 1 7 2 0 6
1501781419 125 65 44 37 0 0 0 7 12 0 7 9 0 0 0 1 7 2 0 6
1501791219 126 65 44 37 0 0 0 7 12 0 7 9 0 0 0 1 7 2 0 6
1501791681 127 65 44 37 0 0 0 7 12 0 7 9 0 0 0 1 7 2 0 6
1501792252 127 66 44 37 0 0 0 7 12 0 7 9 0 0 0 1 7 2 0 6
1502202716 128 66 44 37 0 0 0 7 12 0 7 9 0 0 0 1 7 2 0 6
1502221193 129 66 44 37 0 0 0 7 12 0 7 9 0 0 0 1 7 2 0 6
1502292475 130 66 44 37 0 0 0 7 12 0 7 9 0 0 0 1 7 2 0 6
1502318392 130 66 44 37 0 0 0 7 12 0 7 9 0 0 0 1 7 2 0 6
1502318427 131 66 44 37 0 0 0 7 12 0 7 9 0 0 0 1 7 2 0 6
1502376759 131 67 44 37 0 0 0 7 12 0 7 9 0 0 0 1 7 2 0 6
1502391258 131 68 44 37 0 0 0 7 12 0 7 9 0 0 0 1 7 2 0 6
1502408619 131 69 44 37 0 0 0 7 12 0 7 9 0 0 0 1 7 2 0 6
1502474040 131 70 44 37 0 0 0 7 12 0 7 9 0 0 0 1 7 2 0 6
1502476170 132 70 44 37 0 0 0 7 12 0 7 9 0 0 0 1 7 2 0 6
1502479395 132 71 44 37 0 0 0 7 12 0 7 9 0 0 0 1 7 2 0 6
1502721004 132 72 44 37 0 0 0 7 12 0 7 9 0 0 0 1 7 2 0 6
1502723368 132 73 44 37 0 0 0 7 12 0 7 9 0 0 0 1 7 2 0 6
1502725002 133 73 44 37 0 0 0 7 12 0 7 9 0 0 0 1 7 2 0 6
1502740896 134 73 44 37 0 0 0 7 12 0 7 9 0 0 0 1 7 2 0 6
1502830642 135 73 44 37 0 0 0 7 12 0 7 9 0 0 0 1 7 2 0 6
1502893815 136 73 44 37 0 0 0 7 12 0 7 9 0 0 0 1 7 2 0 6
1502901840 137 73 44 37 0 0 0 7 12 0 7 9 0 0 0 1 7 2 0 6
1502908105 138 73 44 37 0 0 0 7 12 0 7 9 0 0 0 1 7 2 0 6
1502920805 138 74 44 37 0 0 0 7 12 0 7 9 0 0 0 1 7 2 0 6
1502921573 139 74 44 37 0 0 0 7 12 0 7 9 0 0 0 1 7 2 0 6
1502987735 140 74 44 37 0 0 0 7 12 0 7 9 0 0 0 1 7 2 0 6
1503001791 140 75 44 37 0 0 0 7 12 0 7 9 0 0 0 1 7 2 0 6
1503072813 141 75 44 37 0 0 0 7 12 0 7 9 0 0 0 1 7 2 0 6
1503089690 142 75 44 37 0 0 0 7 12 0 7 9 0 0 0 1 7 2 0 6
1503330776 142 76 44 37 0 0 0 7 12 0 7 9 0 0 0 1 7 2 0 6
1503330808 142 76 44 37 0 0 0 7 12 0 7 9 0 0 0 1 7 2 0 6
1503330825 143 76 44 37 0 0 0 7 12 0 7 9 0 0 0 1 7 2 0 6
1503937327 143 77 44 37 0 0 0 7 12 0 7 9 0 0 0 1 7 2 0 6
1503937556 143 78 44 37 0 0 0 7 12 0 7 9 0 0 0 1 7 2 0 6
1503938786 143 79 44 37 0 0 0 7 12 0 7 9 0 0 0 1 7 2 0 6
1503942228 144 79 44 37 0 0 0 7 12 0 7 9 0 0 0 1 7 2 0 6
1503952328 144 80 44 37 0 0 0 7 12 0 7 9 0 0 0 1 7 2 0 6
1503952395 144 81 44 37 0 0 0 7 12 0 7 9 0 0 0 1 7 2 0 6
1503961539 144 82 44 37 0 0 0 7 12 0 7 9 0 0 0 1 7 2 0 6
1503979543 144 83 44 37 0 0 0 7 12 0 7 9 0 0 0 1 7 2 0 6
1504018922 145 83 44 37 0 0 0 7 12 0 7 9 0 0 0 1 7 2 0 6
1504019339 145 84 44 37 0 0 0 7 12 0 7 9 0 0 0 1 7 2 0 6
1504019351 145 85 44 37 0 0 0 7 12 0 7 9 0 0 0 1 7 2 0 6
1504023529 145 86 44 37 0 0 0 7 12 0 7 9 0 0 0 1 7 2 0 6
1504034982 146 86 44 37 0 0 0 7 12 0 7 9 0 0 0 1 7 2 0 6
1504038042 146 86 44 37 0 0 0 7 12 0 7 9 0 0 0 1 7 2 0 6
1504038063 146 86 44 37 0 0 0 7 12 0 7 9 0 0 0 1 7 2 0 6
1504038202 146 87 44 37 0 0 0 7 12 0 7 9 0 0 0 1 7 2 0 6
1504038213 146 88 44 37 0 0 0 7 12 0 7 9 0 0 0 1 7 2 0 6
1504063918 146 89 44 37 0 0 0 7 12 0 7 9 0 0 0 1 7 2 0 6
1504100998 147 89 44 37 0 0 0 7 12 0 7 9 0 0 0 1 7 2 0 6
1504102811 147 90 44 37 0 0 0 7 12 0 7 9 0 0 0 1 7 2 0 6
1504202290 147 90 44 37 0 0 0 7 12 0 7 9 0 0 0 1 7 2 0 6
1504210101 147 91 44 37 0 0 0 7 12 0 7 9 0 0 0 1 7 2 0 6
1504212370 148 91 44 37 0 0 0 7 12 0 7 9 0 0 0 1 7 2 0 6
1504214133 148 91 44 37 0 0 0 7 12 0 7 9 0 0 0 1 7 2 0 6
1504214300 148 92 44 37 0 0 0 7 12 0 7 9 0 0 0 1 7 2 0 6
1504237258 148 93 44 37 0 0 0 7 12 0 7 9 0 0 0 1 7 2 0 6
1504275811 148 94 44 37 0 0 0 7 12 0 7 9 0 0 0 1 7 2 0 6
1504286580 149 94 44 37 0 0 0 7 12 0 7 9 0 0 0 1 7 2 0 6
1504315852 149 95 44 37 0 0 0 7 12 0 7 9 0 0 0 1 7 2 0 6
1504620598 149 96 44 37 0 0 0 7 12 0 7 9 0 0 0 1 7 2 0 6
1504644451 150 96 44 37 0 0 0 7 12 0 7 9 0 0 0 1 7 2 0 6
1504706880 150 97 44 37 0 0 0 7 12 0 7 9 0 0 0 1 7 2 0 6
1504800699 150 98 44 37 0 0 0 7 12 0 7 9 0 0 0 1 7 2 0 6
1504800714 150 99 44 37 0 0 0 7 12 0 7 9 0 0 0 1 7 2 0 6
1504801026 151 99 44 37 0 0 0 7 12 0 7 9 0 0 0 1 7 2 0 6
1504840989 151 100 44 37 0 0 0 7 12 0 7 9 0 0 0 1 7 2 0 6
1504841334 151 101 44 37 0 0 0 7 12 0 7 9 0 0 0 1 7 2 0 6
1504882115 152 101 44 37 0 0 0 7 12 0 7 9 0 0 0 1 7 2 0 6
1505148873 152 102 44 37 0 0 0 7 12 0 7 9 0 0 0 1 7 2 0 6
1505148891 152 103 44 37 0 0 0 7 12 0 7 9 0 0 0 1 7 2 0 6
1505225676 153 103 44 37 0 0 0 7 12 0 7 9 0 0 0 1 7 2 0 6
1505240742 154 103 44 37 0 0 0 7 12 0 7 9 0 0 0 1 7 2 0 6
1505313106 155 103 44 37 0 0 0 7 12 0 7 9 0 0 0 1 7 2 0 6
1505324844 155 104 44 37 0 0 0 7 12 0 7 9 0 0 0 1 7 2 0 6
1505332958 155 105 44 37 0 0 0 7 12 0 7 9 0 0 0 1 7 2 0 6
1505340957 155 106 44 37 0 0 0 7 12 0 7 9 0 0 0 1 7 2 0 6
1505340973 155 107 44 37 0 0 0 7 12 0 7 9 0 0 0 1 7 2 0 6
1505527345 155 108 44 37 0 0 0 7 12 0 7 9 0 0 0 1 7 2 0 6
1505759741 156 108 44 37 0 0 0 7 12 0 7 9 0 0 0 1 7 2 0 6
1505828238 157 108 44 37 0 0 0 7 12 0 7 9 0 0 0 1 7 2 0 6
1505855357 157 109 44 37 0 0 0 7 12 0 7 9 0 0 0 1 7 2 0 6
1505939337 157 110 44 37 0 0 0 7 12 0 7 9 0 0 0 1 7 2 0 6
1505939354 157 111 44 37 0 0 0 7 12 0 7 9 0 0 0 1 7 2 0 6
1506004028 158 111 44 37 0 0 0 7 12 0 7 9 0 0 0 1 7 2 0 6
1506004064 159 111 44 37 0 0 0 7 12 0 7 9 0 0 0 1 7 2 0 6
1506015538 159 112 44 37 0 0 0 7 12 0 7 9 0 0 0 1 7 2 0 6
1506102030 159 113 44 37 0 0 0 7 12 0 7 9 0 0 0 1 7 2 0 6
1506102046 159 114 44 37 0 0 0 7 12 0 7 9 0 0 0 1 7 2 0 6
1506351412 159 115 44 37 0 0 0 7 12 0 7 9 0 0 0 1 7 2 0 6
1506362427 159 116 44 37 0 0 0 7 12 0 7 9 0 0 0 1 7 2 0 6
1506545135 159 117 44 37 0 0 0 7 12 0 7 9 0 0 0 1 7 2 0 6
1506545160 159 118 44 37 0 0 0 7 12 0 7 9 0 0 0 1 7 2 0 6
1506545253 159 118 44 37 0 0 0 7 12 0 7 9 0 0 0 1 7 2 0 6
1506610405 159 118 44 37 0 0 0 7 12 0 7 9 0 0 0 1 7 2 0 6
1506618833 159 119 44 37 0 0 0 7 12 0 7 9 0 0 0 1 7 2 0 6
1506623453 159 120 44 37 0 0 0 7 12 0 7 9 0 0 0 1 7 2 0 6
1506711102 159 121 44 37 0 0 0 7 12 0 7 9 0 0 0 1 7 2 0 6
1506717943 160 121 44 37 0 0 0 7 12 0 7 9 0 0 0 1 7 2 0 6
1506721132 161 121 44 37 0 0 0 7 12 0 7 9 0 0 0 1 7 2 0 6
1507041974 161 122 44 37 0 0 0 7 12 0 7 9 0 0 0 1 7 2 0 6
1507063852 161 123 44 37 0 0 0 7 12 0 7 9 0 0 0 1 7 2 0 6
1507063869 161 124 44 37 0 0 0 7 12 0 7 9 0 0 0 1 7 2 0 6
1507141552 161 125 44 37 0 0 0 7 12 0 7 9 0 0 0 1 7 2 0 6
1507145394 161 126 44 37 0 0 0 7 12 0 7 9 0 0 0 1 7 2 0 6
1507158803 161 127 44 37 0 0 0 7 12 0 7 9 0 0 0 1 7 2 0 6
1507208747 161 128 44 37 0 0 0 7 12 0 7 9 0 0 0 1 7 2 0 6
1507212890 161 129 44 37 0 0 0 7 12 0 7 9 0 0 0 1 7 2 0 6
1507217076 161 130 44 37 0 0 0 7 12 0 7 9 0 0 0 1 7 2 0 6
1507217223 161 130 44 37 0 0 0 7 12 0 7 9 0 0 0 1 7 2 0 6
1507240303 162 130 44 37 0 0 0 7 12 0 7 9 0 0 0 1 7 2 0 6
1507576305 163 130 44 37 0 0 0 7 12 0 7 9 0 0 0 1 7 2 0 6
1507648066 163 130 44 37 0 0 0 7 12 0 7 9 0 0 0 1 7 2 0 6
1507731272 164 130 44 37 0 0 0 7 12 0 7 9 0 0 0 1 7 2 0 6
1507735562 164 130 44 37 0 0 0 7 12 0 7 9 0 0 0 1 7 2 0 6
1507829538 164 130 44 37 0 0 0 7 12 0 7 9 0 0 0 1 7 2 0 6
1507832276 165 130 44 37 0 0 0 7 12 0 7 9 0 0 0 1 7 2 0 6
1507835846 165 131 44 37 0 0 0 7 12 0 7 9 0 0 0 1 7 2 0 6
1507835872 166 131 44 37 0 0 0 7 12 0 7 9 0 0 0 1 7 2 0 6
1507845893 167 131 44 37 0 0 0 7 12 0 7 9 0 0 0 1 7 2 0 6
1507845905 167 131 44 37 0 0 0 7 12 0 7 9 0 0 0 1 7 3 0 6
1507920653 167 132 44 37 0 0 0 7 12 0 7 9 0 0 0 1 7 3 0 6
1507921951 168 132 44 37 0 0 0 7 12 0 7 9 0 0 0 1 7 3 0 6
1507927026 168 133 44 37 0 0 0 7 12 0 7 9 0 0 0 1 7 3 0 6
1508175194 168 134 44 37 0 0 0 7 12 0 7 9 0 0 0 1 7 3 0 6
1508178157 169 134 44 37 0 0 0 7 12 0 7 9 0 0 0 1 7 3 0 6
1508182998 169 135 44 37 0 0 0 7 12 0 7 9 0 0 0 1 7 3 0 6
1508183015 169 136 44 37 0 0 0 7 12 0 7 9 0 0 0 1 7 3 0 6
1508183917 170 136 44 37 0 0 0 7 12 0 7 9 0 0 0 1 7 3 0 6
1508183945 171 136 44 37 0 0 0 7 12 0 7 9 0 0 0 1 7 3 0 6
1508184460 172 136 44 37 0 0 0 7 12 0 7 9 0 0 0 1 7 3 0 6
1508248404 172 137 44 37 0 0 0 7 12 0 7 9 0 0 0 1 7 3 0 6
1508250180 172 137 44 37 0 0 0 7 12 0 7 9 0 0 0 1 7 3 0 6
1508250211 173 137 44 37 0 0 0 7 12 0 7 9 0 0 0 1 7 3 0 6
1508252496 173 138 44 37 0 0 0 7 12 0 7 9 0 0 0 1 7 3 0 6
1508256883 173 139 44 37 0 0 0 7 12 0 7 9 0 0 0 1 7 3 0 6
1508270375 173 140 44 37 0 0 0 7 12 0 7 9 0 0 0 1 7 3 0 6
1508332538 173 141 44 37 0 0 0 7 12 0 7 9 0 0 0 1 7 3 0 6
1508332564 173 142 44 37 0 0 0 7 12 0 7 9 0 0 0 1 7 3 0 6
1508332583 173 143 44 37 0 0 0 7 12 0 7 9 0 0 0 1 7 3 0 6
1508336697 173 144 44 37 0 0 0 7 12 0 7 9 0 0 0 1 7 3 0 6
1508349138 173 145 44 37 0 0 0 7 12 0 7 9 0 0 0 1 7 3 0 6
1508358026 173 145 44 37 0 0 0 7 12 0 7 9 0 0 0 1 7 3 0 6
1508359668 173 146 44 37 0 0 0 7 12 0 7 9 0 0 0 1 7 3 0 6
1508505336 173 147 44 37 0 0 0 7 12 0 7 9 0 0 0 1 7 3 0 6
1508770334 174 147 44 37 0 0 0 7 12 0 7 9 0 0 0 1 7 3 0 6
1508861675 174 148 44 37 0 0 0 7 12 0 7 9 0 0 0 1 7 3 0 6
1508869521 174 149 44 37 0 0 0 7 12 0 7 9 0 0 0 1 7 3 0 6
1508953972 175 149 44 37 0 0 0 7 12 0 7 9 0 0 0 1 7 3 0 6
1508970362 175 150 44 37 0 0 0 7 12 0 7 9 0 0 0 1 7 3 0 6
1508976551 175 151 44 37 0 0 0 7 12 0 7 9 0 0 0 1 7 3 0 6
1509026315 175 151 44 37 0 0 0 8 12 0 7 9 0 0 0 1 7 3 0 6
1509026426 175 151 44 37 0 0 0 8 13 0 7 9 0 0 0 1 7 3 0 6
1509120698 175 152 44 37 0 0 0 8 13 0 7 9 0 0 0 1 7 3 0 6
1509134608 175 153 44 37 0 0 0 8 13 0 7 9 0 0 0 1 7 3 0 6
1509546269 176 153 44 37 0 0 0 8 13 0 7 9 0 0 0 1 7 3 0 6
1509546938 176 154 44 37 0 0 0 8 13 0 7 9 0 0 0 1 7 3 0 6
1509594759 176 155 44 37 0 0 0 8 13 0 7 9 0 0 0 1 7 3 0 6
1509631556 177 155 44 37 0 0 0 8 13 0 7 9 0 0 0 1 7 3 0 6
1509633712 177 155 44 37 0 0 0 8 13 0 7 9 0 0 0 2 7 3 0 6
1509634046 177 156 44 37 0 0 0 8 13 0 7 9 0 0 0 2 7 3 0 6
1509649136 177 157 44 37 0 0 0 8 13 0 7 9 0 0 0 2 7 3 0 6
1509721121 178 157 44 37 0 0 0 8 13 0 7 9 0 0 0 2 7 3 0 6
1509721270 178 158 44 37 0 0 0 8 13 0 7 9 0 0 0 2 7 3 0 6
1509731904 179 158 44 37 0 0 0 8 13 0 7 9 0 0 0 2 7 3 0 6
1510196563 179 159 44 37 0 0 0 8 13 0 7 9 0 0 0 2 7 3 0 6
1510196722 179 160 44 37 0 0 0 8 13 0 7 9 0 0 0 2 7 3 0 6
1510250466 180 160 44 37 0 0 0 8 13 0 7 9 0 0 0 2 7 3 0 6
1510250723 180 160 44 37 0 0 0 8 13 0 7 9 0 0 0 3 7 3 0 6
1510251003 181 160 44 37 0 0 0 8 13 0 7 9 0 0 0 3 7 3 0 6
1510254803 182 160 44 37 0 0 0 8 13 0 7 9 0 0 0 3 7 3 0 6
1510254820 182 160 44 37 0 0 0 8 13 0 7 9 0 0 0 3 7 3 0 6
1510594886 183 160 44 37 0 0 0 8 13 0 7 9 0 0 0 3 7 3 0 6
1510595439 183 161 44 37 0 0 0 8 13 0 7 9 0 0 0 3 7 3 0 6
1510616349 184 161 44 37 0 0 0 8 13 0 7 9 0 0 0 3 7 3 0 6
1510622698 184 162 44 37 0 0 0 8 13 0 7 9 0 0 0 3 7 3 0 6
1510672599 185 162 44 37 0 0 0 8 13 0 7 9 0 0 0 3 7 3 0 6
1510672619 186 162 44 37 0 0 0 8 13 0 7 9 0 0 0 3 7 3 0 6
1510672634 187 162 44 37 0 0 0 8 13 0 7 9 0 0 0 3 7 3 0 6
1510785125 187 163 44 37 0 0 0 8 13 0 7 9 0 0 0 3 7 3 0 6
1510799902 188 163 44 37 0 0 0 8 13 0 7 9 0 0 0 3 7 3 0 6
1510850412 188 164 44 37 0 0 0 8 13 0 7 9 0 0 0 3 7 3 0 6
1510867555 189 164 44 37 0 0 0 8 13 0 7 9 0 0 0 3 7 3 0 6
1510950813 189 165 44 37 0 0 0 8 13 0 7 9 0 0 0 3 7 3 0 6
1510950835 189 166 44 37 0 0 0 8 13 0 7 9 0 0 0 3 7 3 0 6
1511207496 190 166 44 37 0 0 0 8 13 0 7 9 0 0 0 3 7 3 0 6
1511211016 190 167 44 37 0 0 0 8 13 0 7 9 0 0 0 3 7 3 0 6
1511223734 190 168 44 37 0 0 0 8 13 0 7 9 0 0 0 3 7 3 0 6
1511223755 191 168 44 37 0 0 0 8 13 0 7 9 0 0 0 3 7 3 0 6
1511277786 192 168 44 37 0 0 0 8 13 0 7 9 0 0 0 3 7 3 0 6
1511281410 192 169 44 37 0 0 0 8 13 0 7 9 0 0 0 3 7 3 0 6
1511281421 192 170 44 37 0 0 0 8 13 0 7 9 0 0 0 3 7 3 0 6
1511295326 193 170 44 37 0 0 0 8 13 0 7 9 0 0 0 3 7 3 0 6
1511305048 194 170 44 37 0 0 0 8 13 0 7 9 0 0 0 3 7 3 0 6
1511305294 195 170 44 37 0 0 0 8 13 0 7 9 0 0 0 3 7 3 0 6
1511372304 195 171 44 37 0 0 0 8 13 0 7 9 0 0 0 3 7 3 0 6
1511372327 195 172 44 37 0 0 0 8 13 0 7 9 0 0 0 3 7 3 0 6
1511381624 195 173 44 37 0 0 0 8 13 0 7 9 0 0 0 3 7 3 0 6
1511392103 195 174 44 37 0 0 0 8 13 0 7 9 0 0 0 3 7 3 0 6
1511404100 195 175 44 37 0 0 0 8 13 0 7 9 0 0 0 3 7 3 0 6
1511404154 195 176 44 37 0 0 0 8 13 0 7 9 0 0 0 3 7 3 0 6
1511799106 195 176 44 37 0 0 0 8 13 0 7 9 0 0 0 3 7 3 0 6
1511806274 196 176 44 37 0 0 0 8 13 0 7 9 0 0 0 3 7 3 0 6
1511806342 196 176 44 37 0 0 0 8 13 0 7 9 0 0 0 3 7 3 0 6
1511807519 196 177 44 37 0 0 0 8 13 0 7 9 0 0 0 3 7 3 0 6
1511809072 196 178 44 37 0 0 0 8 13 0 7 9 0 0 0 3 7 3 0 6
1511825528 196 179 44 37 0 0 0 8 13 0 7 9 0 0 0 3 7 3 0 6
1511882321 197 179 44 37 0 0 0 8 13 0 7 9 0 0 0 3 7 3 0 6
1511909626 197 179 44 37 0 0 0 8 13 0 7 9 0 0 0 3 7 3 0 6
1511930333 197 180 44 37 0 0 0 8 13 0 7 9 0 0 0 3 7 3 0 6
1511968599 197 181 44 37 0 0 0 8 13 0 7 9 0 0 0 3 7 3 0 6
1511968620 197 182 44 37 0 0 0 8 13 0 7 9 0 0 0 3 7 3 0 6
1511971339 198 182 44 37 0 0 0 8 13 0 7 9 0 0 0 3 7 3 0 6
1511971917 198 182 44 37 0 0 0 8 13 0 7 9 0 0 0 3 7 3 0 6
1511971964 198 182 44 37 0 0 0 8 13 0 7 9 0 0 0 3 7 3 0 6
1511977609 199 182 44 37 0 0 0 8 13 0 7 9 0 0 0 3 7 3 0 6
1512002370 200 182 44 37 0 0 0 8 13 0 7 9 0 0 0 3 7 3 0 6
1512017952 200 183 44 37 0 0 0 8 13 0 7 9 0 0 0 3 7 3 0 6
1512057921 200 184 44 37 0 0 0 8 13 0 7 9 0 0 0 3 7 3 0 6
1512067409 200 185 44 37 0 0 0 8 13 0 7 9 0 0 0 3 7 3 0 6
1512145006 201 185 44 37 0 0 0 8 13 0 7 9 0 0 0 3 7 3 0 6
1512145412 201 186 44 37 0 0 0 8 13 0 7 9 0 0 0 3 7 3 0 6
1512402757 201 187 44 37 0 0 0 8 13 0 7 9 0 0 0 3 7 3 0 6
1512404412 201 187 44 37 0 0 0 8 13 0 7 9 0 0 0 3 7 3 0 6
1512408892 201 188 44 37 0 0 0 8 13 0 7 9 0 0 0 3 7 3 0 6
1512417358 202 188 44 37 0 0 0 8 13 0 7 9 0 0 0 3 7 3 0 6
1512418930 203 188 44 37 0 0 0 8 13 0 7 9 0 0 0 3 7 3 0 6
1512419660 203 189 44 37 0 0 0 8 13 0 7 9 0 0 0 3 7 3 0 6
1512520185 203 190 44 37 0 0 0 8 13 0 7 9 0 0 0 3 7 3 0 6
1512572156 203 191 44 37 0 0 0 8 13 0 7 9 0 0 0 3 7 3 0 6
1512572852 204 191 44 37 0 0 0 8 13 0 7 9 0 0 0 3 7 3 0 6
1512589841 205 191 44 37 0 0 0 8 13 0 7 9 0 0 0 3 7 3 0 6
1512594837 206 191 44 37 0 0 0 8 13 0 7 9 0 0 0 3 7 3 0 6
1512595550 207 191 44 37 0 0 0 8 13 0 7 9 0 0 0 3 7 3 0 6
1512683011 208 191 44 37 0 0 0 8 13 0 7 9 0 0 0 3 7 3 0 6
1512687665 208 192 44 37 0 0 0 8 13 0 7 9 0 0 0 3 7 3 0 6
1512748466 208 193 44 37 0 0 0 8 13 0 7 9 0 0 0 3 7 3 0 6
1512749823 208 193 44 37 0 0 0 8 13 0 7 9 0 0 0 3 7 3 0 6
1513006259 209 193 44 37 0 0 0 8 13 0 7 9 0 0 0 3 7 3 0 6
1513016751 210 193 44 37 0 0 0 8 13 0 7 9 0 0 0 3 7 3 0 6
1513118630 211 193 44 37 0 0 0 8 13 0 7 9 0 0 0 3 7 3 0 6
1513118660 212 193 44 37 0 0 0 8 13 0 7 9 0 0 0 3 7 3 0 6
1513119590 212 193 44 37 0 0 0 8 13 0 7 9 0 0 0 3 7 3 0 6
1513187120 213 193 44 37 0 0 0 8 13 0 7 9 0 0 0 3 7 3 0 6
1513187143 213 194 44 37 0 0 0 8 13 0 7 9 0 0 0 3 7 3 0 6
1513187263 214 194 44 37 0 0 0 8 13 0 7 9 0 0 0 3 7 3 0 6
1513190603 215 194 44 37 0 0 0 8 13 0 7 9 0 0 0 3 7 3 0 6
1513226348 215 195 44 37 0 0 0 8 13 0 7 9 0 0 0 3 7 3 0 6
1513293719 216 195 44 37 0 0 0 8 13 0 7 9 0 0 0 3 7 3 0 6
1513361788 216 196 44 37 0 0 0 8 13 0 7 9 0 0 0 3 7 3 0 6
1513363150 217 196 44 37 0 0 0 8 13 0 7 9 0 0 0 3 7 3 0 6
1513613495 217 197 44 37 0 0 0 8 13 0 7 9 0 0 0 3 7 3 0 6
1513632471 218 197 44 37 0 0 0 8 13 0 7 9 0 0 0 3 7 3 0 6
1513634574 218 198 44 37 0 0 0 8 13 0 7 9 0 0 0 3 7 3 0 6
1513636599 218 199 44 37 0 0 0 8 13 0 7 9 0 0 0 3 7 3 0 6
1513700665 219 199 44 37 0 0 0 8 13 0 7 9 0 0 0 3 7 3 0 6
1513700813 220 199 44 37 0 0 0 8 13 0 7 9 0 0 0 3 7 3 0 6
1513712293 220 200 44 37 0 0 0 8 13 0 7 9 0 0 0 3 7 3 0 6
1513727089 220 201 44 37 0 0 0 8 13 0 7 9 0 0 0 3 7 3 0 6
1513800431 220 202 44 37 0 0 0 8 13 0 7 9 0 0 0 3 7 3 0 6
1513805848 220 203 44 37 0 0 0 8 13 0 7 9 0 0 0 3 7 3 0 6
1513808905 220 204 44 37 0 0 0 8 13 0 7 9 0 0 0 3 7 3 0 6
1513819398 220 205 44 37 0 0 0 8 13 0 7 9 0 0 0 3 7 3 0 6
1513877554 220 205 44 37 0 0 0 8 13 0 7 9 0 0 0 3 7 3 1 6
1513883045 220 206 44 37 0 0 0 8 13 0 7 9 0 0 0 3 7 3 1 6
1513956546 221 206 44 37 0 0 0 8 13 0 7 9 0 0 0 3 7 3 1 6
1513965329 221 207 44 37 0 0 0 8 13 0 7 9 0 0 0 3 7 3 1 6
1513965369 221 207 44 37 0 0 0 8 13 0 7 9 0 0 0 3 7 3 1 6
1513977074 221 208 44 37 0 0 0 8 13 0 7 9 0 0 0 3 7 3 1 6
1513978964 222 208 44 37 0 0 0 8 13 0 7 9 0 0 0 3 7 3 1 6
1513979489 223 208 44 37 0 0 0 8 13 0 7 9 0 0 0 3 7 3 1 6
1513987169 223 209 44 37 0 0 0 8 13 0 7 9 0 0 0 3 7 3 1 6
1514044031 223 210 44 37 0 0 0 8 13 0 7 9 0 0 0 3 7 3 1 6
1514399407 224 210 44 37 0 0 0 8 13 0 7 9 0 0 0 3 7 3 1 6
1514495996 225 210 44 37 0 0 0 8 13 0 7 9 0 0 0 3 7 3 1 6
1514919942 225 211 44 37 0 0 0 8 13 0 7 9 0 0 0 3 7 3 1 6
1514920002 225 211 44 37 0 0 0 8 13 0 7 9 0 0 0 3 7 3 1 6
1514920028 225 211 44 37 0 0 0 8 13 0 7 9 0 0 0 3 7 3 1 6
1514922421 226 211 44 37 0 0 0 8 13 0 7 9 0 0 0 3 7 3 1 6
1514927515 227 211 44 37 0 0 0 8 13 0 7 9 0 0 0 3 7 3 1 6
1514941225 227 212 44 37 0 0 0 8 13 0 7 9 0 0 0 3 7 3 1 6
1515014681 227 213 44 37 0 0 0 8 13 0 7 9 0 0 0 3 7 3 1 6
1515014694 227 214 44 37 0 0 0 8 13 0 7 9 0 0 0 3 7 3 1 6
1515020285 227 215 44 37 0 0 0 8 13 0 7 9 0 0 0 3 7 3 1 6
1515020308 227 216 44 37 0 0 0 8 13 0 7 9 0 0 0 3 7 3 1 6
1515092612 227 217 44 37 0 0 0 8 13 0 7 9 0 0 0 3 7 3 1 6
1515092707 227 218 44 37 0 0 0 8 13 0 7 9 0 0 0 3 7 3 1 6
1515104039 227 219 44 37 0 0 0 8 13 0 7 9 0 0 0 3 7 3 1 6
1515106932 227 220 44 37 0 0 0 8 13 0 7 9 0 0 0 3 7 3 1 6
1515171165 227 221 44 37 0 0 0 8 13 0 7 9 0 0 0 3 7 3 1 6
1515178038 227 221 44 37 0 0 0 8 13 0 7 9 0 0 0 3 7 3 1 6
1515507798 228 221 44 37 0 0 0 8 13 0 7 9 0 0 0 3 7 3 1 6
1515520756 228 221 44 37 0 0 0 8 13 0 7 9 0 0 0 3 7 3 2 6
1515565277 228 221 44 37 0 0 0 8 13 0 7 9 0 0 0 3 7 3 2 6
1515597815 228 221 44 37 0 0 0 8 13 0 7 9 0 0 0 3 7 3 2 6
1515611301 229 221 44 37 0 0 0 8 13 0 7 9 0 0 0 3 7 3 2 6
1515698404 229 222 44 37 0 0 0 8 13 0 7 9 0 0 0 3 7 3 2 6
1515711968 229 223 44 37 0 0 0 8 13 0 7 9 0 0 0 3 7 3 2 6
1515771300 229 223 44 37 0 0 0 8 13 0 7 9 0 0 0 3 7 3 2 6
1515771415 229 224 44 37 0 0 0 8 13 0 7 9 0 0 0 3 7 3 2 6
1515771956 230 224 44 37 0 0 0 8 13 0 7 9 0 0 0 3 7 3 2 6
1516113736 231 224 44 37 0 0 0 8 13 0 7 9 0 0 0 3 7 3 2 6
1516113896 231 224 44 37 0 0 0 8 13 0 7 9 0 0 0 3 7 3 2 6
1516223102 231 225 44 37 0 0 0 8 13 0 7 9 0 0 0 3 7 3 2 6
1516244232 231 226 44 37 0 0 0 8 13 0 7 9 0 0 0 3 7 3 2 6
1516288923 231 227 44 37 0 0 0 8 13 0 7 9 0 0 0 3 7 3 2 6
1516289037 231 228 44 37 0 0 0 8 13 0 7 9 0 0 0 3 7 3 2 6
1516304617 231 228 44 37 0 0 0 8 13 0 7 9 0 0 0 3 7 3 2 6
1516318172 232 228 44 37 0 0 0 8 13 0 7 9 0 0 0 3 7 3 2 6
1516642836 232 229 44 37 0 0 0 8 13 0 7 9 0 0 0 3 7 3 2 6
1516642855 232 230 44 37 0 0 0 8 13 0 7 9 0 0 0 3 7 3 2 6
1516643065 233 230 44 37 0 0 0 8 13 0 7 9 0 0 0 3 7 3 2 6
1516760359 233 231 44 37 0 0 0 8 13 0 7 9 0 0 0 3 7 3 2 6
1516811013 233 232 44 37 0 0 0 8 13 0 7 9 0 0 0 3 7 3 2 6
1516811046 234 232 44 37 0 0 0 8 13 0 7 9 0 0 0 3 7 3 2 6
1516835496 234 232 44 37 0 0 0 8 13 0 7 9 0 0 0 3 7 3 2 6
1516893613 234 233 44 37 0 0 0 8 13 0 7 9 0 0 0 3 7 3 2 6
1516994565 234 234 44 37 0 0 0 8 13 0 7 9 0 0 0 3 7 3 2 6
1517236932 234 234 44 37 0 0 0 8 13 0 7 9 0 0 0 3 7 3 2 6
1517243373 234 235 44 37 0 0 0 8 13 0 7 9 0 0 0 3 7 3 2 6
1517243426 234 236 44 37 0 0 0 8 13 0 7 9 0 0 0 3 7 3 2 6
1517252299 234 237 44 37 0 0 0 8 13 0 7 9 0 0 0 3 7 3 2 6
1517261043 234 238 44 37 0 0 0 8 13 0 7 9 0 0 0 3 7 3 2 6
1517328860 234 238 44 37 0 0 0 9 13 0 7 9 0 0 0 3 7 3 2 6
1517334374 234 238 44 37 0 0 0 9 13 0 7 9 0 0 0 3 7 3 2 6
1517413336 235 238 44 37 0 0 0 9 13 0 7 9 0 0 0 3 7 3 2 6
1517432951 236 238 44 37 0 0 0 9 13 0 7 9 0 0 0 3 7 3 2 6
1517586315 236 239 44 37 0 0 0 9 13 0 7 9 0 0 0 3 7 3 2 6
1517847288 236 239 44 37 0 0 0 9 13 0 7 9 0 0 0 3 7 3 2 6
1517863991 237 239 44 37 0 0 0 9 13 0 7 9 0 0 0 3 7 3 2 6
1517869195 237 240 44 37 0 0 0 9 13 0 7 9 0 0 0 3 7 3 2 6
1518028031 237 240 44 37 0 0 0 9 13 0 7 9 0 0 0 3 7 3 2 6
1518030675 238 240 44 37 0 0 0 9 13 0 7 9 0 0 0 3 7 3 2 6
1518045418 238 241 44 37 0 0 0 9 13 0 7 9 0 0 0 3 7 3 2 6
1518124287 239 241 44 37 0 0 0 9 13 0 7 9 0 0 0 3 7 3 2 6
1518202132 240 241 44 37 0 0 0 9 13 0 7 9 0 0 0 3 7 3 2 6
1518468236 241 241 44 37 0 0 0 9 13 0 7 9 0 0 0 3 7 3 2 6
1518468265 242 241 44 37 0 0 0 9 13 0 7 9 0 0 0 3 7 3 2 6
1518630241 243 241 44 37 0 0 0 9 13 0 7 9 0 0 0 3 7 3 2 6
1518630265 244 241 44 37 0 0 0 9 13 0 7 9 0 0 0 3 7 3 2 6
1518636300 244 241 44 37 0 0 0 9 13 0 7 9 0 0 0 3 7 3 2 6
1518645363 245 241 44 37 0 0 0 9 13 0 7 9 0 0 0 3 7 3 2 6
1518716215 245 241 44 37 0 0 0 9 13 0 7 9 0 0 0 3 7 3 2 6
1518801928 245 241 44 37 0 0 0 9 13 0 7 9 0 0 0 3 7 3 2 6
1518815862 246 241 44 37 0 0 0 9 13 0 7 9 0 0 0 3 7 3 2 6
1519157457 247 241 44 37 0 0 0 9 13 0 7 9 0 0 0 3 7 3 2 6
1519157472 248 241 44 37 0 0 0 9 13 0 7 9 0 0 0 3 7 3 2 6
1519250120 249 241 44 37 0 0 0 9 13 0 7 9 0 0 0 3 7 3 2 6
1519312702 250 241 44 37 0 0 0 9 13 0 7 9 0 0 0 3 7 3 2 6
1519326404 251 241 44 37 0 0 0 9 13 0 7 9 0 0 0 3 7 3 2 6
1519337207 252 241 44 37 0 0 0 9 13 0 7 9 0 0 0 3 7 3 2 6
1519392701 252 241 44 37 0 0 0 9 13 0 7 9 0 0 0 3 7 3 2 6
1519427569 253 241 44 37 0 0 0 9 13 0 7 9 0 0 0 3 7 3 2 6
1519427586 254 241 44 37 0 0 0 9 13 0 7 9 0 0 0 3 7 3 2 6
1519431889 255 241 44 37 0 0 0 9 13 0 7 9 0 0 0 3 7 3 2 6
1519677016 256 241 44 37 0 0 0 9 13 0 7 9 0 0 0 3 7 3 2 6
1519677861 257 241 44 37 0 0 0 9 13 0 7 9 0 0 0 3 7 3 2 6
1519833520 257 241 44 37 1 0 0 9 13 0 7 9 0 0 0 3 7 3 2 6
1519843478 258 241 44 37 1 0 0 9 13 0 7 9 0 0 0 3 7 3 2 6
1519916532 258 241 44 37 1 0 0 9 13 0 7 9 0 0 0 3 7 3 2 6
1520002265 258 241 44 37 1 0 0 9 13 0 7 9 0 0 0 3 7 3 2 6
1520015368 259 241 44 37 1 0 0 9 13 0 7 9 0 0 0 3 7 3 2 6
1520291211 259 241 44 37 2 0 0 9 13 0 7 9 0 0 0 3 7 3 2 6
1520434574 260 241 44 37 2 0 0 9 13 0 7 9 0 0 0 3 7 3 2 6
1520540110 260 241 44 37 2 0 0 9 13 0 8 9 0 0 0 3 7 3 2 6
1520970208 260 241 44 37 2 0 0 9 13 0 8 9 0 0 0 3 7 3 2 6
1521147825 261 241 44 37 2 0 0 9 13 0 8 9 0 0 0 3 7 3 2 6
1521223758 261 241 44 37 2 0 0 9 13 0 8 9 0 0 0 3 7 3 3 6
1521227973 261 241 44 37 2 0 0 9 13 0 8 9 0 0 0 3 7 4 3 6
1521481596 261 241 44 37 2 0 0 9 13 0 8 9 0 0 0 3 7 4 3 6
1521482858 261 241 44 37 3 0 0 9 13 0 8 9 0 0 0 3 7 4 3 6
1521643317 262 241 44 37 3 0 0 9 13 0 8 9 0 0 0 3 7 4 3 6
1521643359 263 241 44 37 3 0 0 9 13 0 8 9 0 0 0 3 7 4 3 6
1521844493 264 241 44 37 3 0 0 9 13 0 8 9 0 0 0 3 7 4 3 6
1521844531 265 241 44 37 3 0 0 9 13 0 8 9 0 0 0 3 7 4 3 6
1521844559 266 241 44 37 3 0 0 9 13 0 8 9 0 0 0 3 7 4 3 6
1521844585 267 241 44 37 3 0 0 9 13 0 8 9 0 0 0 3 7 4 3 6
1521847017 268 241 44 37 3 0 0 9 13 0 8 9 0 0 0 3 7 4 3 6
1522092187 268 241 44 37 3 0 0 9 13 0 8 9 0 0 0 3 7 4 3 6
1522182769 269 241 44 37 3 0 0 9 13 0 8 9 0 0 0 3 7 4 3 6
1522269329 270 241 44 37 3 0 0 9 13 0 8 9 0 0 0 3 7 4 3 6
1522334465 270 241 44 37 3 0 0 10 13 0 8 9 0 0 0 3 7 4 3 6
1522334494 271 241 44 37 3 0 0 10 13 0 8 9 0 0 0 3 7 4 3 6
1522354809 272 241 44 37 3 0 0 10 13 0 8 9 0 0 0 3 7 4 3 6
1522357422 273 241 44 37 3 0 0 10 13 0 8 9 0 0 0 3 7 4 3 6
1522428330 274 241 44 37 3 0 0 10 13 0 8 9 0 0 0 3 7 4 3 6
1522428341 275 241 44 37 3 0 0 10 13 0 8 9 0 0 0 3 7 4 3 6
1522699696 276 241 44 37 3 0 0 10 13 0 8 9 0 0 0 3 7 4 3 6
1522768960 276 241 44 37 3 0 0 10 13 0 8 9 0 0 0 3 7 5 3 6
1522768978 277 241 44 37 3 0 0 10 13 0 8 9 0 0 0 3 7 5 3 6
1522792700 278 241 44 37 3 0 0 10 13 0 8 9 0 0 0 3 7 5 3 6
1522792734 279 241 44 37 3 0 0 10 13 0 8 9 0 0 0 3 7 5 3 6
1522792750 280 241 44 37 3 0 0 10 13 0 8 9 0 0 0 3 7 5 3 6
1522854940 281 241 44 37 3 0 0 10 13 0 8 9 0 0 0 3 7 5 3 6
1522871513 282 241 44 37 3 0 0 10 13 0 8 9 0 0 0 3 7 5 3 6
1523888894 283 241 44 37 3 0 0 10 13 0 8 9 0 0 0 3 7 5 3 6
1523888928 284 241 44 37 3 0 0 10 13 0 8 9 0 0 0 3 7 5 3 6
1523975335 284 241 44 37 3 0 0 10 13 0 8 9 0 0 0 3 7 5 3 6
1523976476 285 241 44 37 3 0 0 10 13 0 8 9 0 0 0 3 7 5 3 6
1524070227 285 241 44 37 4 0 0 10 13 0 8 9 0 0 0 3 7 5 3 6
1524072754 285 241 44 37 5 0 0 10 13 0 8 9 0 0 0 3 7 5 3 6
1524086848 286 241 44 37 5 0 0 10 13 0 8 9 0 0 0 3 7 5 3 6
1524086983 287 241 44 37 5 0 0 10 13 0 8 9 0 0 0 3 7 5 3 6
1524092542 287 241 44 37 6 0 0 10 13 0 8 9 0 0 0 3 7 5 3 6
1524163100 288 241 44 37 6 0 0 10 13 0 8 9 0 0 0 3 7 5 3 6
1524246884 289 241 44 37 6 0 0 10 13 0 8 9 0 0 0 3 7 5 3 6
1524675315 289 241 44 37 7 0 0 10 13 0 8 9 0 0 0 3 7 5 3 6
1524756156 290 241 44 37 7 0 0 10 13 0 8 9 0 0 0 3 7 5 3 6
1525099509 290 241 44 37 7 0 0 10 13 0 8 9 0 0 0 3 7 5 3 6
1525115399 291 241 44 37 7 0 0 10 13 0 8 9 0 0 0 3 7 5 3 6
1525116475 292 241 44 37 7 0 0 10 13 0 8 9 0 0 0 3 7 5 3 6
1525118849 293 241 44 37 7 0 0 10 13 0 8 9 0 0 0 3 7 5 3 6
1525121004 294 241 44 37 7 0 0 10 13 0 8 9 0 0 0 3 7 5 3 6
1525273513 295 241 44 37 7 0 0 10 13 0 8 9 0 0 0 3 7 5 3 6
1525273611 296 241 44 37 7 0 0 10 13 0 8 9 0 0 0 3 7 5 3 6
1525273667 297 241 44 37 7 0 0 10 13 0 8 9 0 0 0 3 7 5 3 6
1525296149 298 241 44 37 7 0 0 10 13 0 8 9 0 0 0 3 7 5 3 6
1525298115 299 241 44 37 7 0 0 10 13 0 8 9 0 0 0 3 7 5 3 6
1525309817 300 241 44 37 7 0 0 10 13 0 8 9 0 0 0 3 7 5 3 6
1525705253 301 241 44 37 7 0 0 10 13 0 8 9 0 0 0 3 7 5 3 6
1525705338 302 241 44 37 7 0 0 10 13 0 8 9 0 0 0 3 7 5 3 6
1525798561 303 241 44 37 7 0 0 10 13 0 8 9 0 0 0 3 7 5 3 6
1525805002 304 241 44 37 7 0 0 10 13 0 8 9 0 0 0 3 7 5 3 6
1525808624 305 241 44 37 7 0 0 10 13 0 8 9 0 0 0 3 7 5 3 6
1525883242 305 241 44 37 7 0 0 10 13 0 8 9 0 0 0 3 7 5 3 6
1525982164 306 241 44 37 7 0 0 10 13 0 8 9 0 0 0 3 7 5 3 6
1526050039 306 241 44 37 7 0 0 10 13 0 8 9 0 0 0 3 7 5 3 6
1526316619 307 241 44 37 7 0 0 10 13 0 8 9 0 0 0 3 7 5 3 6
1527099715 308 241 44 37 7 0 0 10 13 0 8 9 0 0 0 3 7 5 3 6
1527110265 309 241 44 37 7 0 0 10 13 0 8 9 0 0 0 3 7 5 3 6
1527111137 310 241 44 37 7 0 0 10 13 0 8 9 0 0 0 3 7 5 3 6
1527259021 311 241 44 37 7 0 0 10 13 0 8 9 0 0 0 3 7 5 3 6
1527260453 312 241 44 37 7 0 0 10 13 0 8 9 0 0 0 3 7 5 3 6
1527264512 313 241 44 37 7 0 0 10 13 0 8 9 0 0 0 3 7 5 3 6
1527775742 314 241 44 37 7 0 0 10 13 0 8 9 0 0 0 3 7 5 3 6
1527876193 315 241 44 37 7 0 0 10 13 0 8 9 0 0 0 3 7 5 3 6
1528219090 315 241 44 37 7 0 0 10 13 0 8 9 0 0 0 3 7 5 3 6
1528727573 316 241 44 37 7 0 0 10 13 0 8 9 0 0 0 3 7 5 3 6
1528814447 317 241 44 37 7 0 0 10 13 0 8 9 0 0 0 3 7 5 3 6
1528814480 318 241 44 37 7 0 0 10 13 0 8 9 0 0 0 3 7 5 3 6
1528829512 319 241 44 37 7 0 0 10 13 0 8 9 0 0 0 3 7 5 3 6
1528921195 319 241 44 37 7 0 0 10 13 1 8 9 0 0 0 3 7 5 3 6
1529331967 319 241 44 37 7 0 0 10 13 1 8 9 0 0 0 3 7 5 3 6
1529418878 319 241 44 37 7 0 0 10 13 2 8 9 0 0 0 3 7 5 3 6
1529426038 319 241 44 37 7 0 0 10 13 2 8 9 0 0 0 3 7 5 3 6
1529426088 319 241 44 37 7 0 0 10 13 2 8 9 0 0 0 3 7 5 3 6
1529434326 320 241 44 37 7 0 0 10 13 2 8 9 0 0 0 3 7 5 3 6
1529434354 321 241 44 37 7 0 0 10 13 2 8 9 0 0 0 3 7 5 3 6
1529434369 322 241 44 37 7 0 0 10 13 2 8 9 0 0 0 3 7 5 3 6
1529680545 322 241 44 37 7 0 0 10 13 3 8 9 0 0 0 3 7 5 3 6
1529937098 322 241 44 37 8 0 0 10 13 3 8 9 0 0 0 3 7 5 3 6
1529954061 322 241 44 37 8 0 0 10 13 4 8 9 0 0 0 3 7 5 3 6
1530109640 322 241 44 37 9 0 0 10 13 4 8 9 0 0 0 3 7 5 3 6
1530109656 323 241 44 37 9 0 0 10 13 4 8 9 0 0 0 3 7 5 3 6
1530289257 323 241 44 37 9 0 0 10 13 4 8 9 0 0 0 3 7 5 3 6
1530289298 323 241 44 37 9 0 0 10 13 4 8 9 0 0 0 3 7 5 3 6
1530631572 324 241 44 37 9 0 0 10 13 4 8 9 0 0 0 3 7 5 3 6
1530636543 324 241 44 37 9 0 0 10 13 5 8 9 0 0 0 3 7 5 3 6
1530638040 324 241 44 37 9 0 0 10 13 5 8 9 0 0 0 3 7 5 4 6
1530639271 325 241 44 37 9 0 0 10 13 5 8 9 0 0 0 3 7 5 4 6
1530722627 326 241 44 37 9 0 0 10 13 5 8 9 0 0 0 3 7 5 4 6
1530722643 327 241 44 37 9 0 0 10 13 5 8 9 0 0 0 3 7 5 4 6
1531157548 327 241 44 37 9 0 0 10 13 5 8 9 0 0 0 3 7 5 4 6
1531243471 328 241 44 37 9 0 0 10 13 5 8 9 0 0 0 3 7 5 4 6
1531434442 329 241 44 37 9 0 0 10 13 5 8 9 0 0 0 3 7 5 4 6
1531519231 330 241 44 37 9 0 0 10 13 5 8 9 0 0 0 3 7 5 4 6
1531773557 330 241 44 37 9 0 0 10 13 6 8 9 0 0 0 3 7 5 4 6
1532124416 331 241 44 37 9 0 0 10 13 6 8 9 0 0 0 3 7 5 4 6
1532442703 332 241 44 37 9 0 0 10 13 6 8 9 0 0 0 3 7 5 4 6
1532626974 333 241 44 37 9 0 0 10 13 6 8 9 0 0 0 3 7 5 4 6
1532627306 333 241 44 37 9 0 0 10 13 6 8 9 0 0 0 3 7 5 4 6
1532630076 333 241 44 37 9 0 0 10 13 6 8 9 0 0 1 3 7 5 4 6
1532632744 334 241 44 37 9 0 0 10 13 6 8 9 0 0 1 3 7 5 4 6
1532714312 335 241 44 37 9 0 0 10 13 6 8 9 0 0 1 3 7 5 4 6
1532714355 336 241 44 37 9 0 0 10 13 6 8 9 0 0 1 3 7 5 4 6
1532718314 337 241 44 37 9 0 0 10 13 6 8 9 0 0 1 3 7 5 4 6
1533072093 337 241 44 37 9 0 0 10 13 6 8 9 0 0 2 3 7 5 4 6
1533072108 338 241 44 37 9 0 0 10 13 6 8 9 0 0 2 3 7 5 4 6
1533136911 338 241 44 37 9 0 0 10 13 6 8 9 0 0 3 3 7 5 4 6
1533136925 338 241 44 37 9 0 0 10 13 6 8 9 0 0 4 3 7 5 4 6
1533161892 338 241 44 37 9 0 0 10 13 6 8 9 0 0 5 3 7 5 4 6
1533165201 339 241 44 37 9 0 0 10 13 6 8 9 0 0 5 3 7 5 4 6
1533237888 340 241 44 37 9 0 0 10 13 6 8 9 0 0 5 3 7 5 4 6
1533324499 340 241 44 37 9 0 0 10 13 6 8 9 0 0 5 3 7 5 4 6
1533568717 340 241 44 37 9 0 0 10 13 6 8 9 0 0 6 3 7 5 4 6
1533568782 341 241 44 37 9 0 0 10 13 6 8 9 0 0 6 3 7 5 4 6
1533576590 341 241 44 37 9 0 0 10 13 6 8 9 0 0 7 3 7 5 4 6
1533579873 342 241 44 37 9 0 0 10 13 6 8 9 0 0 7 3 7 5 4 6
1533593600 343 241 44 37 9 0 0 10 13 6 8 9 0 0 7 3 7 5 4 6
1533669766 344 241 44 37 9 0 0 10 13 6 8 9 0 0 7 3 7 5 4 6
1533683847 345 241 44 37 9 0 0 10 13 6 8 9 0 0 7 3 7 5 4 6
1533747686 346 241 44 37 9 0 0 10 13 6 8 9 0 0 7 3 7 5 4 6
1533764363 346 241 44 37 9 0 0 10 13 6 8 9 0 0 7 3 7 5 4 6
1533773725 346 241 44 37 9 0 0 10 13 6 8 9 0 0 7 3 7 5 4 6
1533928351 347 241 44 37 9 0 0 10 13 6 8 9 0 0 7 3 7 5 4 6
1533928373 348 241 44 37 9 0 0 10 13 6 8 9 0 0 7 3 7 5 4 6
1533937046 349 241 44 37 9 0 0 10 13 6 8 9 0 0 7 3 7 5 4 6
1534178597 350 241 44 37 9 0 0 10 13 6 8 9 0 0 7 3 7 5 4 6
1534181306 351 241 44 37 9 0 0 10 13 6 8 9 0 0 7 3 7 5 4 6
1534183556 352 241 44 37 9 0 0 10 13 6 8 9 0 0 7 3 7 5 4 6
1534186461 353 241 44 37 9 0 0 10 13 6 8 9 0 0 7 3 7 5 4 6
1534187968 354 241 44 37 9 0 0 10 13 6 8 9 0 0 7 3 7 5 4 6
1534198405 355 241 44 37 9 0 0 10 13 6 8 9 0 0 7 3 7 5 4 6
1534342417 356 241 44 37 9 0 0 10 13 6 8 9 0 0 7 3 7 5 4 6
1534346531 356 241 44 37 9 0 0 10 13 6 8 9 0 0 7 3 7 5 4 6
1534354410 357 241 44 37 9 0 0 10 13 6 8 9 0 0 7 3 7 5 4 6
1534366293 357 241 44 37 9 0 0 10 13 6 8 9 0 0 7 3 7 5 4 6
1534428852 357 241 44 37 9 0 0 10 13 6 8 9 0 0 7 3 7 5 4 6
1534448606 358 241 44 37 9 0 0 10 13 6 8 9 0 0 7 3 7 5 4 6
1534449902 359 241 44 37 9 0 0 10 13 6 8 9 0 0 7 3 7 5 4 6
1534450418 360 241 44 37 9 0 0 10 13 6 8 9 0 0 7 3 7 5 4 6
1534451366 361 241 44 37 9 0 0 10 13 6 8 9 0 0 7 3 7 5 4 6
1534773219 361 241 44 37 9 0 0 10 13 6 8 9 0 0 7 3 7 5 4 6
1535136410 361 241 44 37 10 0 0 10 13 6 8 9 0 0 7 3 7 5 4 6
1535136535 362 241 44 37 10 0 0 10 13 6 8 9 0 0 7 3 7 5 4 6
1535137128 363 241 44 37 10 0 0 10 13 6 8 9 0 0 7 3 7 5 4 6
1535141675 364 241 44 37 10 0 0 10 13 6 8 9 0 0 7 3 7 5 4 6
1535141690 364 241 44 37 10 0 0 10 13 6 8 9 0 0 7 3 7 5 5 6
1535222387 365 241 44 37 10 0 0 10 13 6 8 9 0 0 7 3 7 5 5 6
1535228204 366 241 44 37 10 0 0 10 13 6 8 9 0 0 7 3 7 5 5 6
1535587768 367 241 44 37 10 0 0 10 13 6 8 9 0 0 7 3 7 5 5 6
1535587842 368 241 44 37 10 0 0 10 13 6 8 9 0 0 7 3 7 5 5 6
1535604940 369 241 44 37 10 0 0 10 13 6 8 9 0 0 7 3 7 5 5 6
1536086958 369 241 44 37 10 0 0 10 13 6 8 9 0 0 7 3 7 5 5 6
1536087027 370 241 44 37 10 0 0 10 13 6 8 9 0 0 7 3 7 5 5 6
1536165506 371 241 44 37 10 0 0 10 13 6 8 9 0 0 7 3 7 5 5 6
1536171398 371 241 44 37 11 0 0 10 13 6 8 9 0 0 7 3 7 5 5 6
1536180468 372 241 44 37 11 0 0 10 13 6 8 9 0 0 7 3 7 5 5 6
1536185071 373 241 44 37 11 0 0 10 13 6 8 9 0 0 7 3 7 5 5 6
1536357944 374 241 44 37 11 0 0 10 13 6 8 9 0 0 7 3 7 5 5 6
1537283755 374 241 44 37 11 0 0 10 13 6 8 9 0 0 7 3 7 5 5 6
1537301403 375 241 44 37 11 0 0 10 13 6 8 9 0 0 7 3 7 5 5 6
1537366845 376 241 44 37 11 0 0 10 13 6 8 9 0 0 7 3 7 5 5 6
1537464163 377 241 44 37 11 0 0 10 13 6 8 9 0 0 7 3 7 5 5 6
1537912022 377 241 44 37 12 0 0 10 13 6 8 9 0 0 7 3 7 5 5 6
1537912046 377 241 44 37 13 0 0 10 13 6 8 9 0 0 7 3 7 5 5 6
1537979325 377 241 44 37 13 0 0 10 13 6 8 9 0 0 7 3 7 5 5 6
1538068115 378 241 44 37 13 0 0 10 13 6 8 9 0 0 7 3 7 5 5 6
1538146135 378 241 44 37 13 0 0 10 13 6 8 9 0 0 7 3 7 5 5 6
1538154731 379 241 44 37 13 0 0 10 13 6 8 9 0 0 7 3 7 5 5 6
1538159511 380 241 44 37 13 0 0 10 13 6 8 9 0 0 7 3 7 5 5 6
1538415396 381 241 44 37 13 0 0 10 13 6 8 9 0 0 7 3 7 5 5 6
1538418058 381 241 44 37 13 0 0 10 13 6 8 9 0 0 7 3 7 5 5 6
1538418730 382 241 44 37 13 0 0 10 13 6 8 9 0 0 7 3 7 5 5 6
1538514168 383 241 44 37 13 0 0 10 13 6 8 9 0 0 7 3 7 5 5 6
1538517801 384 241 44 37 13 0 0 10 13 6 8 9 0 0 7 3 7 5 5 6
1538517811 385 241 44 37 13 0 0 10 13 6 8 9 0 0 7 3 7 5 5 6
1538583465 385 241 44 37 13 0 0 10 13 6 8 9 0 0 7 3 7 5 5 6
1538598667 386 241 44 37 13 0 0 10 13 6 8 9 0 0 7 3 7 5 5 6
1538749239 387 241 44 37 13 0 0 10 13 6 8 9 0 0 7 3 7 5 5 6
1538754357 387 241 44 37 13 0 0 10 13 6 8 9 0 0 7 3 7 5 5 6
1539013286 387 241 44 37 13 0 0 10 13 6 8 9 0 0 7 3 7 5 5 6
1539015137 387 241 44 37 13 0 0 10 13 6 8 9 0 0 7 3 7 5 5 6
1539276199 388 241 44 37 13 0 0 10 13 6 8 9 0 0 7 3 7 5 5 6
1539366063 389 241 44 37 13 0 0 10 13 6 8 9 0 0 7 3 7 5 5 6
1539372305 389 241 44 37 13 0 0 10 13 6 8 9 0 0 7 3 7 5 5 6
1539375235 389 241 44 37 13 0 0 10 13 6 8 9 0 0 7 3 7 5 5 6
1539622548 390 241 44 37 13 0 0 10 13 6 8 9 0 0 7 3 7 5 5 6
1539639145 391 241 44 37 13 0 0 10 13 6 8 9 0 0 7 3 7 5 5 6
1539707638 392 241 44 37 13 0 0 10 13 6 8 9 0 0 7 3 7 5 5 6
1539725524 393 241 44 37 13 0 0 10 13 6 8 9 0 0 7 3 7 5 5 6
1539961631 394 241 44 37 13 0 0 10 13 6 8 9 0 0 7 3 7 5 5 6
1539961692 394 241 44 37 13 0 0 10 13 6 8 9 0 0 7 3 7 5 5 6
1540221910 395 241 44 37 13 0 0 10 13 6 8 9 0 0 7 3 7 5 5 6
1540232332 395 241 44 37 13 0 0 10 13 6 8 9 0 0 8 3 7 5 5 6
1540250195 396 241 44 37 13 0 0 10 13 6 8 9 0 0 8 3 7 5 5 6
1540307286 396 241 44 37 13 0 0 10 13 6 8 9 0 0 8 3 7 5 5 6
1540327041 397 241 44 37 13 0 0 10 13 6 8 9 0 0 8 3 7 5 5 6
1540327064 398 241 44 37 13 0 0 10 13 6 8 9 0 0 8 3 7 5 5 6
1540334489 398 241 44 37 13 0 0 10 13 6 8 9 0 0 8 3 7 5 5 6
1540405920 399 241 44 37 13 0 0 10 13 6 8 9 0 0 8 3 7 5 5 6
1540566044 399 241 44 37 13 0 0 10 13 6 8 9 0 0 8 3 7 5 5 6
1540570883 399 241 44 37 13 0 0 10 13 6 8 9 0 0 8 3 7 5 5 6
1540838907 400 241 44 37 13 0 0 10 13 6 8 9 0 0 8 3 7 5 5 6
1540923326 400 241 44 37 13 0 0 10 13 6 8 9 0 0 8 3 7 5 5 6
1541198028 400 241 44 37 13 0 0 10 13 6 8 9 0 0 8 3 7 5 5 6
1541432642 401 241 44 37 13 0 0 10 13 6 8 9 0 0 8 3 7 5 5 6
1541447604 402 241 44 37 13 0 0 10 13 6 8 9 0 0 8 3 7 5 5 6
1541458677 403 241 44 37 13 0 0 10 13 6 8 9 0 0 8 3 7 5 5 6
1541459248 404 241 44 37 13 0 0 10 13 6 8 9 0 0 8 3 7 5 5 6
1541518681 404 241 44 37 13 0 0 10 13 6 8 9 0 0 8 3 7 5 5 6
1541546189 405 241 44 37 13 0 0 10 13 6 8 9 0 0 8 3 7 5 5 6
1541628792 406 241 44 37 13 0 0 10 13 6 8 9 0 0 8 3 7 5 5 6
1541705197 406 241 44 37 13 0 0 10 13 6 8 9 0 0 8 3 7 5 5 6
1542740756 406 241 44 37 13 0 0 10 13 6 8 9 0 0 8 3 7 5 5 6
1542758346 407 241 44 37 13 0 0 10 13 6 8 9 0 0 8 3 7 5 5 6
1543269763 408 241 44 37 13 0 0 10 13 6 8 9 0 0 8 3 7 5 5 6
1543327173 408 241 44 37 13 0 0 10 13 6 8 9 0 0 8 3 7 5 5 6
1543334370 408 241 44 37 13 0 0 10 13 6 8 9 0 0 8 3 7 5 5 6
1543335590 408 241 44 37 13 0 0 10 13 6 8 9 0 0 8 3 7 5 5 6
1543343950 408 241 44 37 13 0 0 10 13 6 8 9 0 0 8 3 7 5 5 6
1543435663 408 241 44 37 13 0 0 10 13 6 8 9 0 0 8 3 7 5 5 6
1543440525 409 241 44 37 13 0 0 10 13 6 8 9 0 0 8 3 7 5 5 6
1543610332 410 241 44 37 13 0 0 10 13 6 8 9 0 0 8 3 7 5 5 6
1543945629 410 241 44 37 13 0 0 10 13 6 8 9 0 0 8 3 7 5 5 6
1544654562 411 241 44 37 13 0 0 10 13 6 8 9 0 0 8 3 7 5 5 6
1544747226 412 241 44 37 13 0 0 10 13 6 8 9 0 0 8 3 7 5 5 6
1544747383 413 241 44 37 13 0 0 10 13 6 8 9 0 0 8 3 7 5 5 6
1544822685 414 241 44 37 13 0 0 10 13 6 8 9 0 0 8 3 7 5 5 6
1544823783 414 241 44 37 13 0 0 10 13 6 8 9 0 0 8 3 7 5 5 6
1544891237 415 241 44 37 13 0 0 10 13 6 8 9 0 0 8 3 7 5 5 6
1544894620 416 241 44 37 13 0 0 10 13 6 8 9 0 0 8 3 7 5 5 6
1545156968 416 241 44 37 13 0 0 10 13 7 8 9 0 0 8 3 7 5 5 6
1545328744 417 241 44 37 13 0 0 10 13 7 8 9 0 0 8 3 7 5 5 6
1546443057 417 241 44 37 13 0 0 10 13 7 8 9 0 0 8 3 7 5 5 6
1546462248 417 241 44 37 13 0 0 11 13 7 8 9 0 0 8 3 7 5 5 6
1546472930 418 241 44 37 13 0 0 11 13 7 8 9 0 0 8 3 7 5 5 6
1546473010 419 241 44 37 13 0 0 11 13 7 8 9 0 0 8 3 7 5 5 6
1546536094 419 241 44 37 13 0 0 11 13 7 8 9 0 0 8 3 7 5 5 6
1546550741 420 241 44 37 13 0 0 11 13 7 8 9 0 0 8 3 7 5 5 6
1546555526 420 241 44 37 13 0 0 11 13 7 8 9 0 0 8 3 7 5 5 6
1546904943 421 241 44 37 13 0 0 11 13 7 8 9 0 0 8 3 7 5 5 6
1547165084 422 241 44 37 13 0 0 11 13 7 8 9 0 0 8 3 7 5 5 6
1547244890 422 241 44 37 13 0 0 11 13 7 8 9 0 0 8 3 7 5 5 6
1547245865 423 241 44 37 13 0 0 11 13 7 8 9 0 0 8 3 7 5 5 6
1547245901 424 241 44 37 13 0 0 11 13 7 8 9 0 0 8 3 7 5 5 6
1547245997 425 241 44 37 13 0 0 11 13 7 8 9 0 0 8 3 7 5 5 6
1547246034 426 241 44 37 13 0 0 11 13 7 8 9 0 0 8 3 7 5 5 6
1547246216 427 241 44 37 13 0 0 11 13 7 8 9 0 0 8 3 7 5 5 6
1547514645 428 241 44 37 13 0 0 11 13 7 8 9 0 0 8 3 7 5 5 6
1547752228 428 241 44 37 13 0 0 11 13 7 8 9 0 0 8 3 7 5 5 6
1547931712 429 241 44 37 13 0 0 11 13 7 8 9 0 0 8 3 7 5 5 6
1547934710 430 241 44 37 13 0 0 11 13 7 8 9 0 0 8 3 7 5 5 6
1547937610 431 241 44 37 13 0 0 11 13 7 8 9 0 0 8 3 7 5 5 6
1548088207 432 241 44 37 13 0 0 11 13 7 8 9 0 0 8 3 7 5 5 6
1548285679 433 241 44 37 13 0 0 11 13 7 8 9 0 0 8 3 7 5 5 6
1548290049 434 241 44 37 13 0 0 11 13 7 8 9 0 0 8 3 7 5 5 6
1548431992 434 241 44 37 13 0 0 11 13 7 8 9 0 0 8 3 7 5 5 6
1548631032 435 241 44 37 13 0 0 11 13 7 8 9 0 0 8 3 7 5 5 6
1548713536 436 241 44 37 13 0 0 11 13 7 8 9 0 0 8 3 7 5 5 6
1548713573 437 241 44 37 13 0 0 11 13 7 8 9 0 0 8 3 7 5 5 6
1548716705 437 241 44 37 13 0 0 11 13 7 8 9 0 0 8 3 7 5 5 6
1548716757 438 241 44 37 13 0 0 11 13 7 8 9 0 0 8 3 7 5 5 6
1548805211 439 241 44 37 13 0 0 11 13 7 8 9 0 0 8 3 7 5 5 6
1549220878 440 241 44 37 13 0 0 11 13 7 8 9 0 0 8 3 7 5 5 6
1549226012 441 241 44 37 13 0 0 11 13 7 8 9 0 0 8 3 7 5 5 6
1549311463 442 241 44 37 13 0 0 11 13 7 8 9 0 0 8 3 7 5 5 6
1549397091 442 241 44 37 13 0 0 11 13 7 8 9 0 0 8 3 7 5 5 6
1549400411 442 241 44 37 13 0 1 11 13 7 8 9 0 0 8 3 7 5 5 6
1549813551 443 241 44 37 13 0 1 11 13 7 8 9 0 0 8 3 7 5 5 6
1549813563 444 241 44 37 13 0 1 11 13 7 8 9 0 0 8 3 7 5 5 6
1549993368 445 241 44 37 13 0 1 11 13 7 8 9 0 0 8 3 7 5 5 6
1550596731 445 241 44 37 13 0 1 11 13 7 8 9 0 0 8 3 7 5 5 6
1550879947 446 241 44 37 13 0 1 11 13 7 8 9 0 0 8 3 7 5 5 6
1551136156 447 241 44 37 13 0 1 11 13 7 8 9 0 0 8 3 7 5 5 6
1551202848 448 241 44 37 13 0 1 11 13 7 8 9 0 0 8 3 7 5 5 6
1551208007 449 241 44 37 13 0 1 11 13 7 8 9 0 0 8 3 7 5 5 6
1551280185 449 241 44 37 13 0 1 11 13 7 8 9 0 0 8 3 7 5 5 6
1551289600 450 241 44 37 13 0 1 11 13 7 8 9 0 0 8 3 7 5 5 6
1551294059 451 241 44 37 13 0 1 11 13 7 8 9 0 0 8 3 7 5 5 6
1551642203 452 241 44 37 13 0 1 11 13 7 8 9 0 0 8 3 7 5 5 6
1551642215 453 241 44 37 13 0 1 11 13 7 8 9 0 0 8 3 7 5 5 6
1551729965 454 241 44 37 13 0 1 11 13 7 8 9 0 0 8 3 7 5 5 6
1551738482 455 241 44 37 13 0 1 11 13 7 8 9 0 0 8 3 7 5 5 6
1551822253 455 241 44 37 13 0 1 11 13 7 8 9 0 0 8 3 7 5 5 6
1551892291 456 241 44 37 13 0 1 11 13 7 8 9 0 0 8 3 7 5 5 6
1552315457 456 241 44 37 13 0 1 11 13 7 8 9 1 0 8 3 7 5 5 6
1552501809 457 241 44 37 13 0 1 11 13 7 8 9 1 0 8 3 7 5 5 6
1552603666 458 241 44 37 13 0 1 11 13 7 8 9 1 0 8 3 7 5 5 6
1552607063 459 241 44 37 13 0 1 11 13 7 8 9 1 0 8 3 7 5 5 6
1552687045 459 241 44 37 14 0 1 11 13 7 8 9 1 0 8 3 7 5 5 6
1553107702 460 241 44 37 14 0 1 11 13 7 8 9 1 0 8 3 7 5 5 6
1553527447 461 241 44 37 14 0 1 11 13 7 8 9 1 0 8 3 7 5 5 6
1553627613 462 241 44 37 14 0 1 11 13 7 8 9 1 0 8 3 7 5 5 6
1553712059 462 241 44 37 14 0 1 11 13 7 8 9 1 0 8 3 7 5 5 6
1553712096 462 241 44 37 14 0 1 11 13 7 8 9 1 0 8 3 7 6 5 6
1553812085 463 241 44 37 14 0 1 11 13 7 8 9 1 0 8 3 7 6 5 6
1554422313 463 241 44 37 14 0 1 11 13 7 8 9 1 0 8 3 7 6 5 6
1554506402 464 241 44 37 14 0 1 11 13 7 8 9 1 0 8 3 7 6 5 6
1554560325 465 241 44 37 14 0 1 11 13 7 8 9 1 0 8 3 7 6 5 6
1554560567 465 241 44 37 14 0 1 11 13 7 8 9 1 0 8 3 7 6 5 6
1554598939 466 241 44 37 14 0 1 11 13 7 8 9 1 0 8 3 7 6 5 6
1554852415 466 241 44 37 14 0 1 11 13 7 8 9 1 0 8 3 7 6 5 6
1555072021 467 241 44 37 14 0 1 11 13 7 8 9 1 0 8 3 7 6 5 6
1555083708 468 241 44 37 14 0 1 11 13 7 8 9 1 0 8 3 7 6 5 6
1555681993 468 241 44 37 14 0 1 11 13 7 8 9 1 0 8 3 7 6 5 6
1555682101 468 241 44 37 14 0 1 11 13 7 8 9 1 0 8 3 7 6 5 6
1555785913 469 241 44 37 14 0 1 11 13 7 8 9 1 0 8 3 7 6 5 6
1556046239 469 241 44 37 14 0 1 11 13 7 8 9 1 0 8 3 7 6 5 6
1556126337 469 241 44 37 15 0 1 11 13 7 8 9 1 0 8 3 7 6 5 6
1556130930 470 241 44 37 15 0 1 11 13 7 8 9 1 0 8 3 7 6 5 6
1556650548 470 241 44 37 15 0 1 11 13 7 8 9 1 0 8 3 7 6 5 6
1556910245 470 241 44 37 16 0 1 11 13 7 8 9 1 0 8 3 7 6 5 6
1557344898 471 241 44 37 16 0 1 11 13 7 8 9 1 0 8 3 7 6 5 6
1557349968 472 241 44 37 16 0 1 11 13 7 8 9 1 0 8 3 7 6 5 6
1557773861 472 241 44 37 16 0 1 11 13 7 8 9 1 0 8 3 7 6 5 6
1557859950 472 241 44 37 16 0 1 11 13 7 8 9 1 0 8 3 7 6 5 6
1557860118 472 241 44 37 16 0 1 11 13 7 8 9 1 0 8 3 7 6 5 6
1557949166 473 241 44 37 16 0 1 11 13 7 8 9 1 0 8 3 7 6 5 6
1558019245 474 241 44 37 16 0 1 11 13 7 8 9 1 0 8 3 7 6 5 6
1558019294 474 241 44 37 16 0 1 11 13 7 8 9 1 0 8 3 7 6 5 6
1558040278 475 241 44 37 16 0 1 11 13 7 8 9 1 0 8 3 7 6 5 6
1558281043 476 241 44 37 16 0 1 11 13 7 8 9 1 0 8 3 7 6 5 6
1558370152 476 241 44 37 16 0 1 11 13 7 8 9 1 0 8 3 7 6 5 6
1558385571 477 241 44 37 16 0 1 11 13 7 8 9 1 0 8 3 7 6 5 6
1558639010 477 241 44 37 16 0 1 11 13 7 8 9 1 0 8 3 7 6 5 6
1559160637 478 241 44 37 16 0 1 11 13 7 8 9 1 0 8 3 7 6 5 6
1559167661 478 241 44 37 16 0 1 11 13 7 8 9 1 0 8 3 7 6 5 6
1559598651 478 241 44 37 16 0 1 11 13 7 8 9 1 0 8 3 7 6 5 6
1559599122 479 241 44 37 16 0 1 11 13 7 8 9 1 0 8 3 7 6 5 6
1559832913 479 241 44 37 16 0 1 11 13 7 8 9 1 0 8 3 7 6 5 6
1560262277 479 241 44 37 16 0 1 11 13 7 8 9 1 0 8 3 7 6 5 6
1560298898 480 241 44 37 16 0 1 11 13 7 8 9 1 0 8 3 7 6 5 6
1560359826 481 241 44 37 16 0 1 11 13 7 8 9 1 0 8 3 7 6 5 6
1560371775 482 241 44 37 16 0 1 11 13 7 8 9 1 0 8 3 7 6 5 6
1560376367 483 241 44 37 16 0 1 11 13 7 8 9 1 0 8 3 7 6 5 6
1560458720 484 241 44 37 16 0 1 11 13 7 8 9 1 0 8 3 7 6 5 6
1560881025 485 241 44 37 16 0 1 11 13 7 8 9 1 0 8 3 7 6 5 6
1561303606 486 241 44 37 16 0 1 11 13 7 8 9 1 0 8 3 7 6 5 6
1561403022 486 241 44 37 16 0 1 11 13 7 8 9 1 0 8 3 7 6 5 6
1561414727 487 241 44 37 16 0 1 11 13 7 8 9 1 0 8 3 7 6 5 6
1561585577 488 241 44 37 16 0 1 11 13 7 8 9 1 0 8 3 7 6 5 6
1561736368 488 241 44 37 16 0 1 11 13 7 8 9 2 0 8 3 7 6 5 6
1561753935 489 241 44 37 16 0 1 11 13 7 8 9 2 0 8 3 7 6 5 6
1562181186 490 241 44 37 16 0 1 11 13 7 8 9 2 0 8 3 7 6 5 6
1562185791 491 241 44 37 16 0 1 11 13 7 8 9 2 0 8 3 7 6 5 6
1562187980 492 241 44 37 16 0 1 11 13 7 8 9 2 0 8 3 7 6 5 6
1562620477 493 241 44 37 16 0 1 11 13 7 8 9 2 0 8 3 7 6 5 6
1562680540 494 241 44 37 16 0 1 11 13 7 8 9 2 0 8 3 7 6 5 6
1562692427 495 241 44 37 16 0 1 11 13 7 8 9 2 0 8 3 7 6 5 6
1562789662 496 241 44 37 16 0 1 11 13 7 8 9 2 0 8 3 7 6 5 6
1562800394 497 241 44 37 16 0 1 11 13 7 8 9 2 0 8 3 7 6 5 6
1563025281 498 241 44 37 16 0 1 11 13 7 8 9 2 0 8 3 7 6 5 6
1563026188 498 241 44 37 16 0 1 11 13 8 8 9 2 0 8 3 7 6 5 6
1563027292 498 241 44 37 17 0 1 11 13 8 8 9 2 0 8 3 7 6 5 6
1563029450 498 241 44 37 17 0 1 11 13 9 8 9 2 0 8 3 7 6 5 6
1563031060 499 241 44 37 17 0 1 11 13 9 8 9 2 0 8 3 7 6 5 6
1563034026 500 241 44 37 17 0 1 11 13 9 8 9 2 0 8 3 7 6 5 6
1563034065 501 241 44 37 17 0 1 11 13 9 8 9 2 0 8 3 7 6 5 6
1563201327 502 241 44 37 17 0 1 11 13 9 8 9 2 0 8 3 7 6 5 6
1563302545 503 241 44 37 17 0 1 11 13 9 8 9 2 0 8 3 7 6 5 6
1563307384 504 241 44 37 17 0 1 11 13 9 8 9 2 0 8 3 7 6 5 6
1563317442 505 241 44 37 17 0 1 11 13 9 8 9 2 0 8 3 7 6 5 6
1563562635 506 241 44 37 17 0 1 11 13 9 8 9 2 0 8 3 7 6 5 6
1563564108 507 241 44 37 17 0 1 11 13 9 8 9 2 0 8 3 7 6 5 6
1564414740 507 241 44 37 17 1 1 11 13 9 8 9 2 0 8 3 7 6 5 6
1564426168 507 241 44 37 17 1 1 11 13 10 8 9 2 0 8 3 7 6 5 6
1564676369 507 241 44 37 17 1 1 11 13 10 8 9 2 0 8 3 7 6 5 6
1565098802 507 241 44 37 17 1 1 11 13 10 8 9 2 0 8 3 7 6 5 6
1565733544 508 241 44 37 17 1 1 11 13 10 8 9 2 0 8 3 7 6 5 6
1565733757 509 241 44 37 17 1 1 11 13 10 8 9 2 0 8 3 7 6 5 6
1565746406 510 241 44 37 17 1 1 11 13 10 8 9 2 0 8 3 7 6 5 6
1565790073 510 241 44 37 18 1 1 11 13 10 8 9 2 0 8 3 7 6 5 6
1565901665 511 241 44 37 18 1 1 11 13 10 8 9 2 0 8 3 7 6 5 6
1565903512 512 241 44 37 18 1 1 11 13 10 8 9 2 0 8 3 7 6 5 6
1565903755 513 241 44 37 18 1 1 11 13 10 8 9 2 0 8 3 7 6 5 6
1565908591 514 241 44 37 18 1 1 11 13 10 8 9 2 0 8 3 7 6 5 6
1565908623 514 241 44 37 19 1 1 11 13 10 8 9 2 0 8 3 7 6 5 6
1566571375 515 241 44 37 19 1 1 11 13 10 8 9 2 0 8 3 7 6 5 6
1566581106 516 241 44 37 19 1 1 11 13 10 8 9 2 0 8 3 7 6 5 6
1566582057 517 241 44 37 19 1 1 11 13 10 8 9 2 0 8 3 7 6 5 6
1567616517 517 242 44 37 19 1 1 11 13 10 8 9 2 0 8 3 7 6 5 6
1567625963 517 243 44 37 19 1 1 11 13 10 8 9 2 0 8 3 7 6 5 6
1568056317 517 243 44 37 19 1 1 11 13 10 8 9 2 0 8 3 7 6 5 6
1568135463 517 243 44 37 19 1 1 11 13 10 8 9 2 0 8 3 7 6 5 6
1568138726 517 243 44 37 19 1 1 11 13 10 8 9 3 0 8 3 7 6 5 6
1568401168 518 243 44 37 19 1 1 11 13 10 8 9 3 0 8 3 7 6 5 6
1568641242 519 243 44 37 19 1 1 11 13 10 8 9 3 0 8 3 7 6 5 6
1568827437 520 243 44 37 19 1 1 11 13 10 8 9 3 0 8 3 7 6 5 6
1569347504 521 243 44 37 19 1 1 11 13 10 8 9 3 0 8 3 7 6 5 6
1569448380 522 243 44 37 19 1 1 11 13 10 8 9 3 0 8 3 7 6 5 6
1569452180 523 243 44 37 19 1 1 11 13 10 8 9 3 0 8 3 7 6 5 6
1569453529 524 243 44 37 19 1 1 11 13 10 8 9 3 0 8 3 7 6 5 6
1570211205 524 243 44 37 19 1 1 11 13 11 8 9 3 0 8 3 7 6 5 6
1570211358 524 243 44 37 20 1 1 11 13 11 8 9 3 0 8 3 7 6 5 6
1570303769 525 243 44 37 20 1 1 11 13 11 8 9 3 0 8 3 7 6 5 6
1570311300 526 243 44 37 20 1 1 11 13 11 8 9 3 0 8 3 7 6 5 6
1570630949 527 243 44 37 20 1 1 11 13 11 8 9 3 0 8 3 7 6 5 6
1571082762 528 243 44 37 20 1 1 11 13 11 8 9 3 0 8 3 7 6 5 6
1571082965 529 243 44 37 20 1 1 11 13 11 8 9 3 0 8 3 7 6 5 6
1571083420 530 243 44 37 20 1 1 11 13 11 8 9 3 0 8 3 7 6 5 6
1571085186 531 243 44 37 20 1 1 11 13 11 8 9 3 0 8 3 7 6 5 6
1571087356 532 243 44 37 20 1 1 11 13 11 8 9 3 0 8 3 7 6 5 6
1571339502 533 243 44 37 20 1 1 11 13 11 8 9 3 0 8 3 7 6 5 6
1571364722 534 243 44 37 20 1 1 11 13 11 8 9 3 0 8 3 7 6 5 6
1571364996 535 243 44 37 20 1 1 11 13 11 8 9 3 0 8 3 7 6 5 6
1572287975 535 243 44 37 20 1 1 12 13 11 8 9 3 0 8 3 7 6 5 6
1572572085 536 243 44 37 20 1 1 12 13 11 8 9 3 0 8 3 7 6 5 6
1572572637 537 243 44 37 20 1 1 12 13 11 8 9 3 0 8 3 7 6 5 6
1572970291 537 243 44 37 20 1 1 13 13 11 8 9 3 0 8 3 7 6 5 6
1572994479 537 243 44 37 20 1 1 13 13 11 8 9 3 0 8 3 7 6 5 6
1573167740 538 243 44 37 20 1 1 13 13 11 8 9 3 0 8 3 7 6 5 6
1573170158 539 243 44 37 20 1 1 13 13 11 8 9 3 0 8 3 7 6 5 6
1573831777 539 243 44 37 20 1 1 13 13 11 8 9 3 0 8 4 7 6 5 6
1574094118 539 243 44 37 20 1 1 13 13 11 8 9 3 0 8 5 7 6 5 6
1574098630 539 243 44 37 20 1 1 13 13 11 8 9 3 0 8 6 7 6 5 6
1574191715 540 243 44 37 20 1 1 13 13 11 8 9 3 0 8 6 7 6 5 6
1574289071 541 243 44 37 20 1 1 13 13 11 8 9 3 0 8 6 7 6 5 6
1574370922 542 243 44 37 20 1 1 13 13 11 8 9 3 0 8 6 7 6 5 6
1574716073 543 243 44 37 20 1 1 13 13 11 8 9 3 0 8 6 7 6 5 6
1574813090 543 243 44 37 20 1 1 13 13 11 8 9 3 0 8 6 7 6 5 6
1574878562 544 243 44 37 20 1 1 13 13 11 8 9 3 0 8 6 7 6 5 6
1574879748 545 243 44 37 20 1 1 13 13 11 8 9 3 0 8 6 7 6 5 6
1574879774 546 243 44 37 20 1 1 13 13 11 8 9 3 0 8 6 7 6 5 6
1575301555 546 243 44 37 20 1 1 13 13 11 8 9 3 0 8 6 7 6 5 6
1575323447 546 243 44 37 20 1 1 13 13 11 8 9 3 0 8 6 7 6 5 6
1575323793 547 243 44 37 20 1 1 13 13 11 8 9 3 0 8 6 7 6 5 6
1575324530 548 243 44 37 20 1 1 13 13 11 8 9 3 0 8 6 7 6 5 6
1575327545 549 243 44 37 20 1 1 13 13 11 8 9 3 0 8 6 7 6 5 6
1575557266 550 243 44 37 20 1 1 13 13 11 8 9 3 0 8 6 7 6 5 6
1575563687 551 243 44 37 20 1 1 13 13 11 8 9 3 0 8 6 7 6 5 6
1575657135 552 243 44 37 20 1 1 13 13 11 8 9 3 0 8 6 7 6 5 6
1578164452 553 243 44 37 20 1 1 13 13 11 8 9 3 0 8 6 7 6 5 6
1578165156 554 243 44 37 20 1 1 13 13 11 8 9 3 0 8 6 7 6 5 6
1578338188 555 243 44 37 20 1 1 13 13 11 8 9 3 0 8 6 7 6 5 6
1578341115 556 243 44 37 20 1 1 13 13 11 8 9 3 0 8 6 7 6 5 6
1578345175 557 243 44 37 20 1 1 13 13 11 8 9 3 0 8 6 7 6 5 6
1578348943 557 243 44 37 20 1 1 13 13 11 8 9 3 0 8 6 7 6 5 6
1578348960 558 243 44 37 20 1 1 13 13 11 8 9 3 0 8 6 7 6 5 6
1578520489 559 243 44 37 20 1 1 13 13 11 8 9 3 0 8 6 7 6 5 6
1578522596 560 243 44 37 20 1 1 13 13 11 8 9 3 0 8 6 7 6 5 6
1578583190 560 243 44 37 20 1 1 13 13 11 8 9 3 0 8 6 7 6 5 6
1578607748 561 243 44 37 20 1 1 13 13 11 8 9 3 0 8 6 7 6 5 6
1578671474 562 243 44 37 20 1 1 13 13 11 8 9 3 0 8 6 7 6 5 6
1578673473 563 243 44 37 20 1 1 13 13 11 8 9 3 0 8 6 7 6 5 6
1578682013 563 243 44 37 20 1 1 13 13 11 8 9 3 0 8 6 7 6 5 6
1579819031 563 243 44 37 20 1 1 13 13 11 8 9 4 0 8 6 7 6 5 6
1580238367 564 243 44 37 20 1 1 13 13 11 8 9 4 0 8 6 7 6 5 6
1580240796 565 243 44 37 20 1 1 13 13 11 8 9 4 0 8 6 7 6 5 6
1580409302 565 243 44 37 20 1 1 13 13 11 8 9 4 0 8 6 7 6 5 6
1580755422 566 243 44 37 20 1 1 13 13 11 8 9 4 0 8 6 7 6 5 6
1580772906 566 243 44 37 20 1 1 13 13 11 8 9 5 0 8 6 7 6 5 6
1581011134 567 243 44 37 20 1 1 13 13 11 8 9 5 0 8 6 7 6 5 6
1581013824 568 243 44 37 20 1 1 13 13 11 8 9 5 0 8 6 7 6 5 6
1581360571 569 243 44 37 20 1 1 13 13 11 8 9 5 0 8 6 7 6 5 6
1581538230 569 243 44 37 20 2 1 13 13 11 8 9 5 0 8 6 7 6 5 6
1581606740 570 243 44 37 20 2 1 13 13 11 8 9 5 0 8 6 7 6 5 6
1581621779 571 243 44 37 20 2 1 13 13 11 8 9 5 0 8 6 7 6 5 6
1582211054 571 243 44 37 20 2 1 13 13 11 8 9 6 0 8 6 7 6 5 6
1582325521 572 243 44 37 20 2 1 13 13 11 8 9 6 0 8 6 7 6 5 6
1582326989 573 243 44 37 20 2 1 13 13 11 8 9 6 0 8 6 7 6 5 6
1582678210 574 243 44 37 20 2 1 13 13 11 8 9 6 0 8 6 7 6 5 6
1582729278 575 243 44 37 20 2 1 13 13 11 8 9 6 0 8 6 7 6 5 6
1582733349 576 243 44 37 20 2 1 13 13 11 8 9 6 0 8 6 7 6 5 6
1582750615 577 243 44 37 20 2 1 13 13 11 8 9 6 0 8 6 7 6 5 6
1582751253 578 243 44 37 20 2 1 13 13 11 8 9 6 0 8 6 7 6 5 6
1583170376 579 243 44 37 20 2 1 13 13 11 8 9 6 0 8 6 7 6 5 6
1583850675 580 243 44 37 20 2 1 13 13 11 8 9 6 0 8 6 7 6 5 6
1584371093 580 243 44 37 20 3 1 13 13 11 8 9 6 0 8 6 7 6 5 6
1584652382 581 243 44 37 20 3 1 13 13 11 8 9 6 0 8 6 7 6 5 6
1584653756 582 243 44 37 20 3 1 13 13 11 8 9 6 0 8 6 7 6 5 6
1584735532 583 243 44 37 20 3 1 13 13 11 8 9 6 0 8 6 7 6 5 6
1585069931 584 243 44 37 20 3 1 13 13 11 8 9 6 0 8 6 7 6 5 6
1585173660 585 243 44 37 20 3 1 13 13 11 8 9 6 0 8 6 7 6 5 6
1585606010 585 243 44 37 20 3 1 13 13 11 8 9 6 0 8 6 7 6 5 6
1585759985 586 243 44 37 20 3 1 13 13 11 8 9 6 0 8 6 7 6 5 6
1586184871 587 243 44 37 20 3 1 13 13 11 8 9 6 0 8 6 7 6 5 6
1586272508 588 243 44 37 20 3 1 13 13 11 8 9 6 0 8 6 7 6 5 6
1586434828 589 243 44 37 20 3 1 13 13 11 8 9 6 0 8 6 7 6 5 6
1586437930 590 243 44 37 20 3 1 13 13 11 8 9 6 0 8 6 7 6 5 6
1586879623 591 243 44 37 20 3 1 13 13 11 8 9 6 0 8 6 7 6 5 6
1586987589 591 243 44 37 20 4 1 13 13 11 8 9 6 0 8 6 7 6 5 6
1586989782 592 243 44 37 20 4 1 13 13 11 8 9 6 0 8 6 7 6 5 6
1587044636 592 243 44 37 20 4 1 13 13 11 8 9 6 0 8 6 7 6 5 6
1587155441 593 243 44 37 20 4 1 13 13 11 8 9 6 0 8 6 7 6 5 6
1587160128 594 243 44 37 20 4 1 13 13 11 8 9 6 0 8 6 7 6 5 6
1587161440 595 243 44 37 20 4 1 13 13 11 8 9 6 0 8 6 7 6 5 6
1587396170 596 243 44 37 20 4 1 13 13 11 8 9 6 0 8 6 7 6 5 6
1587424769 597 243 44 37 20 4 1 13 13 11 8 9 6 0 8 6 7 6 5 6
1587498968 598 243 44 37 20 4 1 13 13 11 8 9 6 0 8 6 7 6 5 6
1587565033 599 243 44 37 20 4 1 13 13 11 8 9 6 0 8 6 7 6 5 6
1587660797 600 243 44 37 20 4 1 13 13 11 8 9 6 0 8 6 7 6 5 6
1588000352 600 243 44 37 20 4 1 13 13 11 8 9 7 0 8 6 7 6 5 6
1588027906 600 243 44 37 20 4 1 13 13 11 8 9 7 0 8 6 7 6 5 6
1588184814 601 243 44 37 20 4 1 13 13 11 8 9 7 0 8 6 7 6 5 6
1588362336 601 243 44 37 20 5 1 13 13 11 8 9 7 0 8 6 7 6 5 6
1588362418 601 243 44 37 20 5 1 13 13 11 8 9 7 0 8 6 7 6 5 6
1588598057 601 243 44 37 20 5 1 13 13 11 8 9 7 0 8 6 7 6 5 6
1588602274 602 243 44 37 20 5 1 13 13 11 8 9 7 0 8 6 7 6 5 6
1588682856 602 243 44 37 20 5 1 13 13 11 8 9 7 0 8 6 7 6 5 6
1588712348 603 243 44 37 20 5 1 13 13 11 8 9 7 0 8 6 7 6 5 6
1588715450 604 243 44 37 20 5 1 13 13 11 8 9 7 0 8 6 7 6 5 6
1588874017 605 243 44 37 20 5 1 13 13 11 8 9 7 0 8 6 7 6 5 6
1588890604 606 243 44 37 20 5 1 13 13 11 8 9 7 0 8 6 7 6 5 6
1588959678 607 243 44 37 20 5 1 13 13 11 8 9 7 0 8 6 7 6 5 6
1588966237 608 243 44 37 20 5 1 13 13 11 8 9 7 0 8 6 7 6 5 6
1588966757 609 243 44 37 20 5 1 13 13 11 8 9 7 0 8 6 7 6 5 6
1588968113 610 243 44 37 20 5 1 13 13 11 8 9 7 0 8 6 7 6 5 6
1589295379 610 243 44 37 20 5 1 13 13 11 8 9 7 0 8 6 7 6 5 6
1589402144 611 243 44 37 20 5 1 13 13 11 8 9 7 0 8 6 7 6 5 6
1589402833 612 243 44 37 20 5 1 13 13 11 8 9 7 0 8 6 7 6 5 6
1589407232 613 243 44 37 20 5 1 13 13 11 8 9 7 0 8 6 7 6 5 6
1589407647 614 243 44 37 20 5 1 13 13 11 8 9 7 0 8 6 7 6 5 6
1589463994 615 243 44 37 20 5 1 13 13 11 8 9 7 0 8 6 7 6 5 6
1589548931 616 243 44 37 20 5 1 13 13 11 8 9 7 0 8 6 7 6 5 6
1589568684 617 243 44 37 20 5 1 13 13 11 8 9 7 0 8 6 7 6 5 6
1589578814 618 243 44 37 20 5 1 13 13 11 8 9 7 0 8 6 7 6 5 6
1589810957 618 243 44 37 20 6 1 13 13 11 8 9 7 0 8 6 7 6 5 6
1589899285 618 243 44 37 20 6 1 13 13 11 8 9 7 0 8 6 7 6 5 6
1589922540 619 243 44 37 20 6 1 13 13 11 8 9 7 0 8 6 7 6 5 6
1590530400 620 243 44 37 20 6 1 13 13 11 8 9 7 0 8 6 7 6 5 6
1590613844 621 243 44 37 20 6 1 13 13 11 8 9 7 0 8 6 7 6 5 6
1590674162 622 243 44 37 20 6 1 13 13 11 8 9 7 0 8 6 7 6 5 6
1590683882 623 243 44 37 20 6 1 13 13 11 8 9 7 0 8 6 7 6 5 6
1591056083 624 243 44 37 20 6 1 13 13 11 8 9 7 0 8 6 7 6 5 6
1591109971 625 243 44 37 20 6 1 13 13 11 8 9 7 0 8 6 7 6 5 6
1591116382 626 243 44 37 20 6 1 13 13 11 8 9 7 0 8 6 7 6 5 6
1591365116 626 243 44 37 20 7 1 13 13 11 8 9 7 0 8 6 7 6 5 6
1591385399 626 243 44 37 20 7 1 13 13 11 8 9 7 0 8 6 7 6 5 6
1591989447 627 243 44 37 20 7 1 13 13 11 8 9 7 0 8 6 7 6 5 6
1592513100 628 243 44 37 20 7 1 13 13 11 8 9 7 0 8 6 7 6 5 6
1592592869 629 243 44 37 20 7 1 13 13 11 8 9 7 0 8 6 7 6 5 6
1592924559 629 243 44 37 20 7 1 13 13 11 8 9 7 0 8 6 7 6 5 6
1594051780 630 243 44 37 20 7 1 13 13 11 8 9 7 0 8 6 7 6 5 6
1594155300 631 243 44 37 20 7 1 13 13 11 8 9 7 0 8 6 7 6 5 6
1594216491 632 243 44 37 20 7 1 13 13 11 8 9 7 0 8 6 7 6 5 6
1594240561 633 243 44 37 20 7 1 13 13 11 8 9 7 0 8 6 7 6 5 6
1594306390 633 243 44 37 20 7 1 13 13 11 8 9 7 0 8 6 7 6 5 6
1594308843 634 243 44 37 20 7 1 13 13 11 8 9 7 0 8 6 7 6 5 6
1594752220 635 243 44 37 20 7 1 13 13 11 8 9 7 0 8 6 7 6 5 6
1594756582 636 243 44 37 20 7 1 13 13 11 8 9 7 0 8 6 7 6 5 6
1594845692 636 243 44 37 20 7 1 13 13 11 8 9 7 0 8 6 7 6 5 6
1594995627 637 243 44 37 20 7 1 13 13 11 8 9 7 0 8 6 7 6 5 6
1594997013 638 243 44 37 20 7 1 13 13 11 8 9 7 0 8 6 7 6 5 6
1595455018 639 243 44 37 20 7 1 13 13 11 8 9 7 0 8 6 7 6 5 6
1595520129 640 243 44 37 20 7 1 13 13 11 8 9 7 0 8 6 7 6 5 6
1595523711 641 243 44 37 20 7 1 13 13 11 8 9 7 0 8 6 7 6 5 6
1596557478 641 243 44 37 20 8 1 13 13 11 8 9 7 0 8 6 7 6 5 6
1596557597 641 243 44 37 20 9 1 13 13 11 8 9 7 0 8 6 7 6 5 6
1596742281 642 243 44 37 20 9 1 13 13 11 8 9 7 0 8 6 7 6 5 6
1596744440 643 243 44 37 20 9 1 13 13 11 8 9 7 0 8 6 7 6 5 6
1597067727 643 243 44 37 20 9 1 13 13 11 8 9 7 0 8 6 7 6 5 6
1597238811 644 243 44 37 20 9 1 13 13 11 8 9 7 0 8 6 7 6 5 6
1597240973 645 243 44 37 20 9 1 13 13 11 8 9 7 0 8 6 7 6 5 6
1597249069 645 243 44 37 20 9 1 13 13 11 8 9 7 0 8 6 7 6 5 6
1597673139 645 243 44 37 20 9 1 13 13 11 8 9 7 0 8 6 7 6 5 6
1597692801 645 243 44 37 20 10 1 13 13 11 8 9 7 0 8 6 7 6 5 6
1597944496 645 243 44 37 20 10 1 13 13 11 8 9 7 0 8 6 7 6 5 6
1598046560 646 243 44 37 20 10 1 13 13 11 8 9 7 0 8 6 7 6 5 6
1598047386 647 243 44 37 20 10 1 13 13 11 8 9 7 0 8 6 7 6 5 6
1598377673 648 243 44 37 20 10 1 13 13 11 8 9 7 0 8 6 7 6 5 6
1598378399 649 243 44 37 20 10 1 13 13 11 8 9 7 0 8 6 7 6 5 6
1598460162 650 243 44 37 20 10 1 13 13 11 8 9 7 0 8 6 7 6 5 6
1598461382 651 243 44 37 20 10 1 13 13 11 8 9 7 0 8 6 7 6 5 6
1598462171 652 243 44 37 20 10 1 13 13 11 8 9 7 0 8 6 7 6 5 6
1598543100 653 243 44 37 20 10 1 13 13 11 8 9 7 0 8 6 7 6 5 6
1598557921 654 243 44 37 20 10 1 13 13 11 8 9 7 0 8 6 7 6 5 6
1598557948 655 243 44 37 20 10 1 13 13 11 8 9 7 0 8 6 7 6 5 6
1598559886 656 243 44 37 20 10 1 13 13 11 8 9 7 0 8 6 7 6 5 6
1598980855 657 243 44 37 20 10 1 13 13 11 8 9 7 0 8 6 7 6 5 6
1598982594 658 243 44 37 20 10 1 13 13 11 8 9 7 0 8 6 7 6 5 6
1599594040 658 243 44 37 20 10 1 13 13 11 8 9 7 0 8 6 7 6 5 6
1599684677 659 243 44 37 20 10 1 13 13 11 8 9 7 0 8 6 7 6 5 6
1599690205 660 243 44 37 20 10 1 13 13 11 8 9 7 0 8 6 7 6 5 6
1599747186 660 243 44 37 20 11 1 13 13 11 8 9 7 0 8 6 7 6 5 6
1599827964 660 243 44 37 20 11 1 13 13 11 8 9 7 0 8 6 7 6 5 6
1600091310 660 243 44 37 20 11 1 13 13 11 8 9 7 0 8 6 7 6 5 6
1600264229 660 243 44 37 20 11 1 13 13 11 8 9 7 0 8 6 7 6 5 6
1600722098 661 243 44 37 20 11 1 13 13 11 8 9 7 0 8 6 7 6 5 6
1600787153 661 243 44 37 20 12 1 13 13 11 8 9 7 0 8 6 7 6 5 6
1600796288 662 243 44 37 20 12 1 13 13 11 8 9 7 0 8 6 7 6 5 6
1600811313 663 243 44 37 20 12 1 13 13 11 8 9 7 0 8 6 7 6 5 6
1601489174 664 243 44 37 20 12 1 13 13 11 8 9 7 0 8 6 7 6 5 6
1601489179 665 243 44 37 20 12 1 13 13 11 8 9 7 0 8 6 7 6 5 6
1601674941 666 243 44 37 20 12 1 13 13 11 8 9 7 0 8 6 7 6 5 6
1602278740 667 243 44 37 20 12 1 13 13 11 8 9 7 0 8 6 7 6 5 6
1602278752 668 243 44 37 20 12 1 13 13 11 8 9 7 0 8 6 7 6 5 6
1602771109 669 243 44 37 20 12 1 13 13 11 8 9 7 0 8 6 7 6 5 6
1602772378 670 243 44 37 20 12 1 13 13 11 8 9 7 0 8 6 7 6 5 6
1603479031 670 243 44 37 20 12 1 13 13 11 8 9 7 0 8 7 7 6 5 6
1603485782 671 243 44 37 20 12 1 13 13 11 8 9 7 0 8 7 7 6 5 6
1603487571 671 243 44 37 20 12 1 13 13 11 8 9 7 0 8 7 7 6 5 6
1603744217 672 243 44 37 20 12 1 13 13 11 8 9 7 0 8 7 7 6 5 6
1603745009 672 243 44 37 21 12 1 13 13 11 8 9 7 0 8 7 7 6 5 6
1603978375 672 243 44 37 21 12 1 13 13 11 8 9 7 0 8 7 7 6 5 6
1604096775 672 243 44 37 21 12 1 13 13 11 8 9 7 0 8 7 7 6 5 6
1604947063 673 243 44 37 21 12 1 13 13 11 8 9 7 0 8 7 7 6 5 6
1604948093 674 243 44 37 21 12 1 13 13 11 8 9 7 0 8 7 7 6 5 6
1604954989 674 243 44 37 21 12 1 13 13 11 8 9 7 0 8 7 7 6 5 6
1604955092 674 243 44 37 21 12 1 13 13 11 8 9 7 0 8 7 7 6 5 6
1604955507 674 243 44 37 21 12 1 13 13 11 8 9 7 0 8 7 7 6 5 6
1605222172 675 243 44 37 21 12 1 13 13 11 8 9 7 0 8 7 7 6 5 6
1605222195 676 243 44 37 21 12 1 13 13 11 8 9 7 0 8 7 7 6 5 6
1605223707 677 243 44 37 21 12 1 13 13 11 8 9 7 0 8 7 7 6 5 6
1605624009 677 243 44 37 21 12 1 13 13 11 8 9 7 0 8 7 7 6 5 6
1605824843 678 243 44 37 21 12 1 13 13 11 8 9 7 0 8 7 7 6 5 6
1605826902 679 243 44 37 21 12 1 13 13 11 8 9 7 0 8 7 7 6 5 6
1605826967 680 243 44 37 21 12 1 13 13 11 8 9 7 0 8 7 7 6 5 6
1605827346 681 243 44 37 21 12 1 13 13 11 8 9 7 0 8 7 7 6 5 6
1605912886 682 243 44 37 21 12 1 13 13 11 8 9 7 0 8 7 7 6 5 6
1606836021 683 243 44 37 21 12 1 13 13 11 8 9 7 0 8 7 7 6 5 6
1606857643 684 243 44 37 21 12 1 13 13 11 8 9 7 0 8 7 7 6 5 6
1606920420 685 243 44 37 21 12 1 13 13 11 8 9 7 0 8 7 7 6 5 6
1606940045 686 243 44 37 21 12 1 13 13 11 8 9 7 0 8 7 7 6 5 6
1606940166 687 243 44 37 21 12 1 13 13 11 8 9 7 0 8 7 7 6 5 6
1606940837 688 243 44 37 21 12 1 13 13 11 8 9 7 0 8 7 7 6 5 6
1606942624 689 243 44 37 21 12 1 13 13 11 8 9 7 0 8 7 7 6 5 6
1607035807 690 243 44 37 21 12 1 13 13 11 8 9 7 0 8 7 7 6 5 6
1607105244 691 243 44 37 21 12 1 13 13 11 8 9 7 0 8 7 7 6 5 6
1607356921 691 243 44 37 21 12 2 13 13 11 8 9 7 0 8 7 7 6 5 6
1608592714 691 243 44 37 21 12 2 13 13 11 8 9 7 0 8 7 7 6 5 6
1608660508 692 243 44 37 21 12 2 13 13 11 8 9 7 0 8 7 7 6 5 6
1608661363 693 243 44 37 21 12 2 13 13 11 8 9 7 0 8 7 7 6 5 6
1608755708 694 243 44 37 21 12 2 13 13 11 8 9 7 0 8 7 7 6 5 6
1608759232 695 243 44 37 21 12 2 13 13 11 8 9 7 0 8 7 7 6 5 6
1610388596 695 243 44 37 21 12 2 13 13 11 9 9 7 0 8 7 7 6 5 6
1610408020 695 243 44 37 21 12 2 13 13 11 9 9 7 0 8 7 7 6 6 6
1610462390 695 243 44 37 21 12 2 13 13 11 9 9 7 0 8 7 7 6 6 6
1610744304 695 243 44 37 21 12 2 13 13 11 9 9 7 0 8 7 7 6 6 6
1611074078 695 243 44 37 21 12 2 13 13 11 9 9 7 0 8 7 7 6 6 6
1611099016 696 243 44 37 21 12 2 13 13 11 9 9 7 0 8 7 7 6 6 6
1611601183 696 243 44 37 21 12 2 13 13 11 9 9 7 0 8 7 7 6 6 6
1611601568 696 243 44 37 21 12 2 13 13 11 9 9 7 1 8 7 7 6 6 6
1611601995 696 243 44 37 21 12 2 13 13 11 9 9 7 1 8 7 7 6 6 6
1611780812 697 243 44 37 21 12 2 13 13 11 9 9 7 1 8 7 7 6 6 6
1611947478 698 243 44 37 21 12 2 13 13 11 9 9 7 1 8 7 7 6 6 6
1611953525 699 243 44 37 21 12 2 13 13 11 9 9 7 1 8 7 7 6 6 6
1612375141 699 243 44 37 21 12 2 13 13 11 9 9 7 1 8 7 7 6 6 6
1612486702 700 243 44 37 21 12 2 13 13 11 9 9 7 1 8 7 7 6 6 6
1613513523 701 243 44 37 21 12 2 13 13 11 9 9 7 1 8 7 7 6 6 6
1613517532 702 243 44 37 21 12 2 13 13 11 9 9 7 1 8 7 7 6 6 6
1614007403 702 243 44 37 21 12 2 13 13 11 9 9 7 2 8 7 7 6 6 6
1614019269 702 243 44 37 21 12 2 13 13 11 9 9 7 3 8 7 7 6 6 6
1614173765 703 243 44 37 21 12 2 13 13 11 9 9 7 3 8 7 7 6 6 6
1614969603 703 243 44 37 22 12 2 13 13 11 9 9 7 3 8 7 7 6 6 6
1614969671 703 243 44 37 23 12 2 13 13 11 9 9 7 3 8 7 7 6 6 6
1614972656 704 243 44 37 23 12 2 13 13 11 9 9 7 3 8 7 7 6 6 6
1615222156 704 243 44 37 23 12 2 13 13 11 9 9 7 4 8 7 7 6 6 6
1615222322 704 243 44 37 23 12 2 13 13 11 9 9 7 5 8 7 7 6 6 6
1615222367 704 243 44 37 23 12 2 13 13 11 9 9 7 6 8 7 7 6 6 6
1615222418 704 243 44 37 23 12 2 13 13 11 9 9 7 7 8 7 7 6 6 6
1615230382 705 243 44 37 23 12 2 13 13 11 9 9 7 7 8 7 7 6 6 6
1615231044 706 243 44 37 23 12 2 13 13 11 9 9 7 7 8 7 7 6 6 6
1615235959 707 243 44 37 23 12 2 13 13 11 9 9 7 7 8 7 7 6 6 6
1615475872 708 243 44 37 23 12 2 13 13 11 9 9 7 7 8 7 7 6 6 6
1615477860 709 243 44 37 23 12 2 13 13 11 9 9 7 7 8 7 7 6 6 6
1616006515 710 243 44 37 23 12 2 13 13 11 9 9 7 7 8 7 7 6 6 6
1616007169 711 243 44 37 23 12 2 13 13 11 9 9 7 7 8 7 7 6 6 6
1616079777 712 243 44 37 23 12 2 13 13 11 9 9 7 7 8 7 7 6 6 6
1617137925 712 243 44 37 23 12 2 13 13 11 9 9 7 7 8 7 7 6 6 6
1620430703 712 243 44 37 23 12 2 13 13 11 9 9 8 7 8 7 7 6 6 6
1621022772 712 243 44 37 23 12 2 13 13 11 9 9 8 7 8 7 7 6 6 6
1621024193 712 243 44 37 23 12 2 13 13 11 9 9 8 7 8 7 7 6 6 6
1621024700 712 243 44 37 23 12 2 13 13 11 9 9 8 7 8 7 7 6 6 6
1621260559 712 243 44 37 23 12 2 13 13 11 9 9 8 8 8 7 7 6 6 6
1622066411 713 243 44 37 23 12 2 13 13 11 9 9 8 8 8 7 7 6 6 6
1622067047 714 243 44 37 23 12 2 13 13 11 9 9 8 8 8 7 7 6 6 6
1622550520 714 243 44 37 23 12 2 13 13 11 9 9 8 8 8 7 7 6 6 6
1622550565 714 243 44 37 23 12 2 13 13 11 9 9 8 8 8 7 7 6 6 6
1622668320 714 243 44 37 23 12 2 13 13 11 9 9 8 8 8 7 7 6 6 6
1623081303 714 243 44 37 23 12 2 13 13 11 9 9 8 8 8 7 7 6 6 6
1623220846 714 243 44 37 23 12 2 13 13 11 9 9 8 8 8 7 7 6 6 6
1624906325 715 243 44 37 23 12 2 13 13 11 9 9 8 8 8 7 7 6 6 6
1624907965 715 243 44 37 24 12 2 13 13 11 9 9 8 8 8 7 7 6 6 6
1625079968 716 243 44 37 24 12 2 13 13 11 9 9 8 8 8 7 7 6 6 6
1625084453 717 243 44 37 24 12 2 13 13 11 9 9 8 8 8 7 7 6 6 6
1625174870 717 243 44 37 25 12 2 13 13 11 9 9 8 8 8 7 7 6 6 6
1625174941 717 243 44 37 25 12 2 13 13 11 9 9 8 8 8 7 7 6 6 6
1625175393 718 243 44 37 25 12 2 13 13 11 9 9 8 8 8 7 7 6 6 6
1625613705 719 243 44 37 25 12 2 13 13 11 9 9 8 8 8 7 7 6 6 6
1625698178 720 243 44 37 25 12 2 13 13 11 9 9 8 8 8 7 7 6 6 6
1625758266 720 243 44 37 25 12 2 13 13 11 9 9 8 8 8 7 7 6 6 6
1625865587 720 243 44 37 25 12 2 13 13 11 9 9 8 8 8 7 7 6 6 6
1628528456 720 243 44 37 25 12 2 13 13 11 9 9 8 8 8 7 7 6 6 6
1628608231 720 243 44 37 25 13 2 13 13 11 9 9 8 8 8 7 7 6 6 6
1629463448 720 243 44 37 25 13 2 13 13 11 9 9 8 8 8 7 7 6 6 6
1629552413 720 243 44 37 25 13 2 13 13 11 9 9 8 8 8 7 7 6 6 6
1629820589 721 243 44 37 25 13 2 13 13 11 9 9 8 8 8 7 7 6 6 6
1630191552 721 243 44 37 26 13 2 13 13 11 9 9 8 8 8 7 7 6 6 6
1631313893 721 243 44 37 26 13 2 13 13 11 9 9 8 8 8 7 7 6 6 6
1632326393 721 243 44 37 26 13 3 13 13 11 9 9 8 8 8 7 7 6 6 6
1632327630 721 243 44 37 26 13 3 13 13 11 9 9 8 8 8 7 7 6 6 6
1632408198 721 243 44 37 26 13 3 13 13 11 9 9 8 8 8 7 7 6 6 6
1632422339 721 243 44 37 26 13 3 13 13 11 9 9 8 8 8 7 7 6 6 6
1632423938 721 243 44 37 26 13 3 13 13 11 9 9 8 8 8 7 7 6 6 6
1632477161 721 243 44 37 26 14 3 13 13 11 9 9 8 8 8 7 7 6 6 6
1632490619 721 243 44 37 26 14 3 13 13 11 9 9 8 8 8 7 7 6 6 6
1632498172 721 243 44 37 26 14 3 13 13 11 9 9 8 8 8 7 7 6 6 6
1632932901 722 243 44 37 26 14 3 13 13 11 9 9 8 8 8 7 7 6 6 6
1632947685 723 243 44 37 26 14 3 13 13 11 9 9 8 8 8 7 7 6 6 6
1633466224 723 243 44 37 26 14 4 13 13 11 9 9 8 8 8 7 7 6 6 6
1633554067 723 243 44 37 26 14 5 13 13 11 9 9 8 8 8 7 7 6 6 6
1633554776 723 243 44 37 26 14 6 13 13 11 9 9 8 8 8 7 7 6 6 6
1633563720 723 243 44 37 26 14 7 13 13 11 9 9 8 8 8 7 7 6 6 6
1633564305 723 243 44 37 26 14 8 13 13 11 9 9 8 8 8 7 7 6 6 6
1633987429 723 243 44 37 26 14 9 13 13 11 9 9 8 8 8 7 7 6 6 6
1634309396 723 243 44 37 26 14 9 13 13 12 9 9 8 8 8 7 7 6 6 6
1634341967 723 243 44 37 26 14 9 13 13 12 9 9 8 8 8 8 7 6 6 6
1634421162 723 243 44 37 26 14 9 13 13 12 9 9 8 8 8 8 7 6 6 6
1634653006 723 243 44 37 26 14 9 13 13 12 9 9 8 8 8 8 7 6 6 6
1634694902 723 243 44 37 26 14 9 13 13 12 9 9 8 8 8 8 7 6 6 6
1635570760 723 243 44 37 26 14 9 13 13 12 9 9 8 8 8 8 7 6 6 6
1635726745 723 243 44 37 26 14 9 13 13 12 9 9 8 8 8 8 7 6 6 6
1636562924 723 243 44 37 26 14 10 13 13 12 9 9 8 8 8 8 7 6 6 6
1636743884 723 243 44 37 26 14 10 13 13 12 9 9 8 8 8 8 7 6 6 6
1638218325 723 243 44 37 26 14 10 13 13 12 9 9 8 8 8 8 7 6 6 6
1638285326 723 243 44 37 26 14 10 13 13 12 9 9 8 8 8 8 7 6 6 6
1638290290 723 243 44 37 26 14 10 13 13 12 9 9 8 8 8 8 7 6 6 6
1638290941 723 243 44 37 26 14 10 13 13 12 9 9 8 8 8 8 7 6 6 6
1638409555 723 243 44 37 27 14 10 13 13 12 9 9 8 8 8 8 7 6 6 6
1638804979 723 243 44 37 27 14 11 13 13 12 9 9 8 8 8 8 7 6 6 6
1638996278 723 243 44 37 27 14 12 13 13 12 9 9 8 8 8 8 7 6 6 6
1639024470 723 243 44 37 27 15 12 13 13 12 9 9 8 8 8 8 7 6 6 6
1639586775 723 243 44 37 27 15 12 13 13 12 9 9 8 8 8 8 7 6 6 6
1639667327 723 243 44 37 27 15 12 13 13 12 9 9 8 8 8 8 7 6 6 6
1640030046 723 243 44 37 27 15 13 13 13 12 9 9 8 8 8 8 7 6 6 6
1640710250 723 243 44 37 27 15 13 13 13 12 9 9 8 8 8 8 7 6 6 6
1640721636 723 243 44 37 27 15 13 13 13 12 9 9 8 8 8 8 7 6 6 6
