1444408246 549
1444416646 562
1444738509 562
1445347221 590
1445525787 600
1445598082 610
1445971138 610
1446539417 806
1447689774 806
1447767056 810
1447774168 813
1447858155 818
1448966947 851
1448975415 866
1448994513 868
1449002117 868
1449094613 867
1449235538 875
1449304063 874
1450105116 874
1450789181 868
1452516700 1057
1453290211 1059
1453838179 1059
1454322534 1059
1455025641 1059
1455286675 1061
1456317798 1122
1456531866 1123
1457118176 1452
1457547900 1557
1458138132 1557
1458207934 1557
1458582727 1560
1460965769 2412
1461053385 2432
1461778809 2432
1462548761 2432
1463133339 2432
1463651822 2531
1464101768 2597
1464164321 2597
1464350962 2634
1464616489 2695
1465200858 2694
1465201018 2696
1465201105 2719
1465809170 2721
1465809183 2795
1466604289 2801
1466689351 2801
1466778131 2804
1467899503 2819
1468871267 2821
1468901615 2821
1468938015 2947
1468938061 2947
1470859917 3864
1471361492 3864
1471381569 3875
1471415021 4238
1471479585 4470
1471840767 4672
1471917263 4760
1471917370 4755
1472009554 4953
1472508919 4972
1472508967 5023
1472508987 5023
1472509369 5059
1472591830 5066
1472593509 5087
1473255640 5106
1473292928 5106
1473828443 5119
1473858491 5121
1473885513 5125
1474003089 5125
1474035918 5382
1474037648 5436
1474037700 5446
1474057227 5448
1474358519 5448
1474395893 5493
1474400941 5494
1474432717 5494
1474906650 5541
1475243689 5548
1475588255 5673
1475591790 5673
1475593481 5673
1475764822 6083
1476107283 6083
1476279459 6085
1476323495 6569
1476323649 6630
1476370627 6086
1476370660 6086
1476452882 6417
1476452906 6417
1476453029 6407
1476454191 6440
1476468429 6502
1476470155 6502
1476689930 6558
1476706284 6584
1476711681 6574
1476888329 6630
1476908837 6656
1476917149 6653
1476985570 6671
1477022879 6671
1477022967 6729
1477274313 6731
1477274433 6881
1477316236 6731
1477319940 6735
1477321754 6885
1477329951 6890
1477582172 6892
1477618349 7292
1478722274 7468
1478728486 7483
1478804399 7490
1478805042 7559
1480018486 7560
1480361160 7854
1480434125 7847
1480435238 7868
1480445850 7965
1480446266 7965
1480706806 7965
1481039702 7969
1481064720 7970
1481125141 7989
1481143375 7991
1481554553 7991
1481640313 8025
1481819621 8050
1481819726 8050
1481819860 8050
1481828428 8110
1482160297 8110
1482249245 8181
1482249268 8192
1482251105 8241
1482332659 8240
1482853370 8240
1483020301 8282
1483972078 8291
1483972103 8285
1484580486 8285
1484665683 8285
1485360609 8345
1485544930 8345
1485877123 8345
1485877156 8345
1486136101 8344
1486138309 8363
1486138318 8363
1486416369 8363
1486998600 8363
1487346050 8363
1487779790 8488
1487882156 8488
1487949551 8498
1487963275 8499
1488212177 8506
1488230137 8576
1488399432 8597
1488575275 8603
1488579880 8603
1488829411 8656
1489001273 8901
1489008224 9004
1489088225 9006
1489249229 9130
1489249280 9149
1489434992 9221
1489521255 9245
1489597013 9336
1489767672 9490
1490023060 9511
1490027652 9506
1490027663 9516
1490122192 9679
1490205285 9740
1490292880 9819
1490299767 9831
1490815986 9835
1490816061 9834
1490816084 9839
1490819413 9818
1490886248 9819
1490887708 9819
1490890536 9819
1490902155 10032
1490970305 10032
1490986294 10079
1490990019 10199
1491247221 10296
1491247851 10328
1491326283 10328
1491329240 10367
1491333288 10373
1491405002 10373
1491517685 10375
1491587715 10382
1491835384 10386
1491841098 10386
1491931918 10389
1491931960 10332
1491932174 10454
1492007212 10458
1492445337 10494
1492454353 10586
1492467624 10671
1492533565 10869
1492611737 10898
1492635069 10969
1492709806 11008
1492790489 11060
1493058259 11280
1493136858 11313
1493224965 11306
1493240833 11307
1493240856 11307
1493325095 11452
1493393088 11471
1493645442 11713
1493746964 11713
1493761086 11711
1493818355 11717
1493839100 11721
1493908968 11588
1493928711 11600
1493933254 11644
1493933279 11644
1493937527 11641
1493943187 11653
1494020608 11656
1494269106 11658
1494269225 11647
1494347642 11666
1494347676 11783
1494365863 11867
1494512636 11876
1494525842 11915
1494527972 13448
1494527990 13497
1494534993 13584
1495299204 13582
1495568443 13590
1495574899 13689
1495638412 13691
1495642625 13695
1495646357 13854
1495652211 13886
1495657025 13917
1495661251 13984
1495667766 13975
1495732441 13971
1495738441 13985
1495739437 14052
1495750532 14052
1495825601 14224
1495829128 14225
1495833055 14225
1495835658 14303
1496154165 14299
1496156679 14305
1496176181 14890
1496184562 14968
1496242151 14993
1496248162 15006
1496261786 14998
1496264287 14994
1496330909 14993
1496342089 15040
1496344337 15093
1496352569 15120
1496357266 15124
1496413713 15135
1496423141 15392
1496430893 15392
1496672403 14974
1496688699 14974
1496692470 15055
1496848197 15110
1496852785 15102
1496930020 15338
1496933776 15334
1496940599 15357
1496942092 15354
1496945649 15512
1496951417 15396
1496952852 15433
1496952862 15439
1497280127 15415
1497284449 15413
1497295816 15422
1497298701 15450
1497305076 15451
1497363233 15597
1497372745 15599
1497468076 15505
1497468091 15523
1497547740 15416
1497554986 15311
1497567473 15358
1497567483 15401
1497633782 15431
1497633834 15382
1497892302 15453
1497892321 15564
1497897511 15475
1497901611 15659
1497911584 15670
1497967018 15671
1497981225 15708
1497983973 15708
1497998571 15713
1498140485 15608
1498152891 15648
1498158885 15877
1498163375 15879
1498170565 15835
1498223559 15823
1498228155 15800
1498246324 15933
1498499845 16008
1498501930 16008
1498514980 16010
1498574822 16013
1498601555 16094
1498606902 16297
1498666787 16323
1498670410 16364
1498674287 16364
1498680177 16366
1498748499 16371
1498748552 16375
1498839733 16375
1498860835 16394
1499290558 16401
1499290584 16521
1499441079 16564
1499441484 16620
1499445235 16655
1499725796 16881
1499725811 16877
1499955250 16876
1500041007 16899
1500042579 16909
1500242314 16903
1500300708 16907
1500300872 16907
1500541559 17053
1500570507 17056
1500570816 17040
1500570865 17177
1500576750 17201
1500596357 17481
1500603543 17203
1500603766 17239
1500635127 17410
1500635143 17390
1500662390 17528
1500676044 17528
1501080495 17529
1501080546 17527
1501080561 17534
1501170684 17534
1501170728 17535
1501197694 17534
1501253850 17534
1501256020 18175
1501256039 18174
1501274586 18175
1501521726 18175
1501531746 18230
1501596825 18230
1501596898 18299
1501597729 18304
1501601783 18617
1501622146 18652
1501682866 18695
1501686385 19054
1501694445 19061
1501696631 19099
1501773486 19105
1501773507 19072
1501781419 19088
1501791219 19283
1501791681 19416
1501792252 19366
1502202716 19538
1502221193 19567
1502292475 19795
1502318392 19802
1502318427 19802
1502376759 19826
1502391258 19814
1502408619 19803
1502474040 19786
1502476170 19983
1502479395 19962
1502721004 19991
1502723368 19992
1502725002 19992
1502740896 20159
1502830642 20444
1502893815 20452
1502901840 20452
1502908105 20446
1502920805 20595
1502921573 20610
1502987735 20663
1503001791 20749
1503072813 20782
1503089690 20931
1503330776 20846
1503330808 20846
1503330825 20893
1503937327 20896
1503937556 20927
1503938786 20968
1503942228 20968
1503952328 20978
1503952395 20993
1503961539 21003
1503979543 21006
1504018922 21006
1504019339 21014
1504019351 21046
1504023529 21056
1504034982 21060
1504038042 21062
1504038063 21065
1504038202 21081
1504038213 21428
1504063918 21555
1504100998 21523
1504102811 21523
1504202290 21523
1504210101 21546
1504212370 21643
1504214133 21658
1504214300 21663
1504237258 21669
1504275811 21697
1504286580 21929
1504315852 21937
1504620598 21944
1504644451 21944
1504706880 21916
1504800699 21925
1504800714 21911
1504801026 22005
1504840989 22263
1504841334 22253
1504882115 22381
1505148873 22411
1505148891 22418
1505225676 22438
1505240742 22435
1505313106 22437
1505324844 22441
1505332958 22450
1505340957 22470
1505340973 22415
1505527345 22420
1505759741 22403
1505828238 22288
1505855357 22562
1505939337 22670
1505939354 22776
1506004028 22986
1506004064 23115
1506015538 23120
1506102030 23137
1506102046 23582
1506351412 23763
1506362427 23759
1506545135 23798
1506545160 23999
1506545253 24014
1506610405 24014
1506618833 24019
1506623453 24157
1506711102 24157
1506717943 24366
1506721132 24347
1507041974 24377
1507063852 24971
1507063869 23436
1507141552 23436
1507145394 23471
1507158803 23482
1507208747 23593
1507212890 23608
1507217076 23617
1507217223 23658
1507240303 25120
1507576305 25121
1507648066 25129
1507731272 25150
1507735562 25168
1507829538 25168
1507832276 25192
1507835846 25114
1507835872 25129
1507845893 25120
1507845905 25122
1507920653 25147
1507921951 25588
1507927026 25602
1508175194 25617
1508178157 25618
1508182998 25640
1508183015 25645
1508183917 25684
1508183945 25654
1508184460 25744
1508248404 25771
1508250180 25772
1508250211 25796
1508252496 25797
1508256883 25863
1508270375 25940
1508332538 25941
1508332564 26056
1508332583 26057
1508336697 26067
1508349138 26060
1508358026 26061
1508359668 26062
1508505336 26043
1508770334 26075
1508861675 26076
1508869521 26057
1508953972 26059
1508970362 26109
1508976551 26187
1509026315 26200
1509026426 26201
1509120698 26304
1509134608 26358
1509546269 26490
1509546938 26472
1509594759 26488
1509631556 26514
1509633712 26564
1509634046 26532
1509649136 26279
1509721121 26734
1509721270 26787
1509731904 26786
1510196563 26788
1510196722 26788
1510250466 26792
1510250723 26805
1510251003 26835
1510254803 26835
1510254820 26844
1510594886 26853
1510595439 26886
1510616349 26936
1510622698 27004
1510672599 27005
1510672619 27091
1510672634 27136
1510785125 27661
1510799902 27659
1510850412 27695
1510867555 27741
1510950813 27779
1510950835 27778
1511207496 27742
1511211016 27752
1511223734 27747
1511223755 27653
1511277786 27654
1511281410 27653
1511281421 27620
1511295326 27753
1511305048 27763
1511305294 27767
1511372304 27746
1511372327 27746
1511381624 27891
1511392103 27885
1511404100 27891
1511404154 27924
1511799106 27928
1511806274 28449
1511806342 28451
1511807519 28478
1511809072 28534
1511825528 28534
1511882321 28529
1511909626 28535
1511930333 28566
1511968599 28652
1511968620 28694
1511971339 28711
1511971917 28715
1511971964 28715
1511977609 28732
1512002370 28728
1512017952 28731
1512057921 28733
1512067409 28721
1512145006 28289
1512145412 28227
1512402757 28159
1512404412 28167
1512408892 28368
1512417358 28371
1512418930 28340
1512419660 28446
1512520185 28461
1512572156 28565
1512572852 28967
1512589841 28990
1512594837 28994
1512595550 28994
1512683011 28992
1512687665 29168
1512748466 29168
1512749823 29171
1513006259 29212
1513016751 29245
1513118630 29245
1513118660 29237
1513119590 29255
1513187120 29332
1513187143 29338
1513187263 29338
1513190603 29338
1513226348 29385
1513293719 29420
1513361788 29476
1513363150 29509
1513613495 29514
1513632471 29521
1513634574 29520
1513636599 29529
1513700665 29530
1513700813 29566
1513712293 29557
1513727089 29612
1513800431 29616
1513805848 29608
1513808905 29610
1513819398 29619
1513877554 29629
1513883045 29785
1513956546 15909
1513965329 15956
1513965369 15956
1513977074 15957
1513978964 29833
1513979489 29833
1513987169 29872
1514044031 29885
1514399407 29916
1514495996 29917
1514919942 29925
1514920002 29917
1514920028 29955
1514922421 29955
1514927515 29628
1514941225 29633
1515014681 29651
1515014694 29652
1515020285 29650
1515020308 29648
1515092612 29712
1515092707 29705
1515104039 29708
1515106932 29708
1515171165 30160
1515178038 30160
1515507798 30194
1515520756 30198
1515565277 30199
1515597815 30553
1515611301 30552
1515698404 30586
1515711968 30615
1515771300 30615
1515771415 30639
1515771956 30639
1516113736 31156
1516113896 31156
1516223102 31184
1516244232 31184
1516288923 31404
1516289037 31569
1516304617 31569
1516318172 31572
1516642836 31660
1516642855 31655
1516643065 31663
1516760359 31647
1516811013 31781
1516811046 31794
1516835496 31813
1516893613 31784
1516994565 31945
1517236932 31945
1517243373 31971
1517243426 32046
1517252299 32061
1517261043 32064
1517328860 32063
1517334374 32070
1517413336 32143
1517432951 32146
1517586315 32069
1517847288 32069
1517863991 31839
1517869195 31839
1518028031 31839
1518030675 31839
1518045418 31799
1518124287 31838
1518202132 31841
1518468236 31841
1518468265 31876
1518630241 18323
1518630265 18323
1518636300 18323
1518645363 32577
1518716215 32576
1518801928 32884
1518815862 32899
1519157457 33848
1519157472 33861
1519250120 33857
1519312702 33856
1519326404 33859
1519337207 33861
1519392701 33878
1519427569 33878
1519427586 33892
1519431889 34122
1519677016 34122
1519677861 34122
1519833520 34191
1519843478 34243
1519916532 34280
1520002265 34290
1520015368 34290
1520291211 34298
1520434574 34676
1520540110 34750
1520970208 34743
1521147825 34743
1521223758 34783
1521227973 34810
1521481596 34907
1521482858 35274
1521643317 35352
1521643359 35358
1521844493 35433
1521844531 35460
1521844559 35462
1521844585 35491
1521847017 35492
1522092187 35491
1522182769 35491
1522269329 36090
1522334465 36091
1522334494 36201
1522354809 36227
1522357422 36227
1522428330 36241
1522428341 36240
1522699696 36260
1522768960 36414
1522768978 36421
1522792700 36460
1522792734 36474
1522792750 36574
1522854940 35097
1522871513 35098
1523888894 35102
1523888928 35105
1523975335 35105
1523976476 35104
1524070227 35202
1524072754 35389
1524086848 35411
1524086983 35456
1524092542 35456
1524163100 35586
1524246884 35684
1524675315 35902
1524756156 36076
1525099509 36077
1525115399 36091
1525116475 36202
1525118849 36216
1525121004 35774
1525273513 35910
1525273611 35993
1525273667 36019
1525296149 35917
1525298115 35936
1525309817 35936
1525705253 35933
1525705338 35937
1525798561 36455
1525805002 36455
1525808624 36458
1525883242 36460
1525982164 36460
1526050039 36462
1526316619 36450
1527099715 36484
1527110265 36484
1527111137 36639
1527259021 35853
1527260453 35856
1527264512 35856
1527775742 35879
1527876193 35897
1528219090 35898
1528727573 35924
1528814447 35989
1528814480 36398
1528829512 36397
1528921195 36405
1529331967 36495
1529418878 36493
1529426038 36495
1529426088 36511
1529434326 36506
1529434354 36561
1529434369 36596
1529680545 36598
1529937098 36605
1529954061 36608
1530109640 36639
1530109656 36678
1530289257 36691
1530289298 36693
1530631572 39922
1530636543 40134
1530638040 40176
1530639271 40188
1530722627 40912
1530722643 40912
1531157548 40912
1531243471 40911
1531434442 40930
1531519231 40965
1531773557 40954
1532124416 41397
1532442703 41430
1532626974 41428
1532627306 41430
1532630076 41429
1532632744 41429
1532714312 41582
1532714355 41632
1532718314 41653
1533072093 41651
1533072108 41672
1533136911 41670
1533136925 41662
1533161892 41680
1533165201 41901
1533237888 41982
1533324499 41985
1533568717 41985
1533568782 41992
1533576590 41964
1533579873 42062
1533593600 42062
1533669766 42092
1533683847 43559
1533747686 43557
1533764363 43582
1533773725 43583
1533928351 44093
1533928373 44137
1533937046 44121
1534178597 44179
1534181306 44199
1534183556 44346
1534186461 44381
1534187968 44480
1534198405 44462
1534342417 44321
1534346531 44361
1534354410 44367
1534366293 44367
1534428852 44368
1534448606 44371
1534449902 44371
1534450418 44369
1534451366 44369
1534773219 44369
1535136410 44375
1535136535 44376
1535137128 44651
1535141675 44478
1535141690 44478
1535222387 44507
1535228204 44511
1535587768 44511
1535587842 44512
1535604940 44700
1536086958 44696
1536087027 44697
1536165506 44702
1536171398 44745
1536180468 44745
1536185071 44746
1536357944 44746
1537283755 44752
1537301403 44779
1537366845 44812
1537464163 44812
1537912022 44812
1537912046 44814
1537979325 44824
1538068115 44837
1538146135 44837
1538154731 46984
1538159511 48138
1538415396 48234
1538418058 48338
1538418730 48364
1538514168 48348
1538517801 48348
1538517811 48348
1538583465 48361
1538598667 48364
1538749239 48365
1538754357 48370
1539013286 48471
1539015137 48471
1539276199 50714
1539366063 50746
1539372305 50751
1539375235 50755
1539622548 50788
1539639145 50788
1539707638 50968
1539725524 50969
1539961631 51098
1539961692 51098
1540221910 51110
1540232332 52328
1540250195 53304
1540307286 53304
1540327041 53397
1540327064 53394
1540334489 53410
1540405920 53412
1540566044 53468
1540570883 53468
1540838907 53556
1540923326 53559
1541198028 53566
1541432642 53592
1541447604 53603
1541458677 53688
1541459248 53688
1541518681 53686
1541546189 53832
1541628792 53855
1541705197 54143
1542740756 54143
1542758346 54163
1543269763 54237
1543327173 54237
1543334370 54260
1543335590 54261
1543343950 54275
1543435663 54275
1543440525 54275
1543610332 54273
1543945629 54273
1544654562 54281
1544747226 54307
1544747383 54307
1544822685 54357
1544823783 54364
1544891237 54390
1544894620 54390
1545156968 54416
1545328744 54414
1546443057 54414
1546462248 54413
1546472930 54753
1546473010 54915
1546536094 54921
1546550741 54999
1546555526 54999
1546904943 55015
1547165084 55036
1547244890 55153
1547245865 55139
1547245901 55247
1547245997 55254
1547246034 55260
1547246216 55261
1547514645 55261
1547752228 55300
1547931712 55300
1547934710 55300
1547937610 55310
1548088207 63411
1548285679 63437
1548290049 63438
1548431992 63670
1548631032 63700
1548713536 63700
1548713573 63717
1548716705 63779
1548716757 63779
1548805211 63776
1549220878 64042
1549226012 64069
1549311463 64073
1549397091 64073
1549400411 64080
1549813551 64164
1549813563 64166
1549993368 63995
1550596731 63995
1550879947 63989
1551136156 63824
1551202848 63837
1551208007 63838
1551280185 63849
1551289600 63849
1551294059 63852
1551642203 69666
1551642215 69666
1551729965 69374
1551738482 69374
1551822253 69382
1551892291 69458
1552315457 69452
1552501809 69489
1552603666 69515
1552607063 69516
1552687045 69527
1553107702 69649
1553527447 69653
1553627613 69653
1553712059 69684
1553712096 69684
1553812085 69833
1554422313 69834
1554506402 69857
1554560325 69854
1554560567 69860
1554598939 70232
1554852415 70397
1555072021 70452
1555083708 70456
1555681993 70501
1555682101 70502
1555785913 72029
1556046239 72029
1556126337 72034
1556130930 72033
1556650548 72034
1556910245 72036
1557344898 72062
1557349968 72062
1557773861 72224
1557859950 72224
1557860118 72225
1557949166 72231
1558019245 72231
1558019294 72251
1558040278 72247
1558281043 72247
1558370152 72400
1558385571 72466
1558639010 72466
1559160637 71036
1559167661 71036
1559598651 71036
1559599122 71213
1559832913 71212
1560262277 71212
1560298898 71238
1560359826 71245
1560371775 71246
1560376367 70962
1560458720 71271
1560881025 71268
1561303606 72069
1561403022 72090
1561414727 72163
1561585577 72155
1561736368 72198
1561753935 72195
1562181186 72198
1562185791 72293
1562187980 72375
1562620477 72379
1562680540 72405
1562692427 72424
1562789662 70557
1562800394 70580
1563025281 70688
1563026188 70688
1563027292 70699
1563029450 70782
1563031060 70833
1563034026 70836
1563034065 70862
1563201327 70863
1563302545 70861
1563307384 70908
1563317442 70921
1563562635 70915
1563564108 70914
1564414740 70915
1564426168 70933
1564676369 70932
1565098802 70933
1565733544 70959
1565733757 71065
1565746406 71057
1565790073 71061
1565901665 71074
1565903512 71076
1565903755 71074
1565908591 71079
1565908623 71091
1566571375 71089
1566581106 71098
1566582057 71091
1567616517 71104
1567625963 71105
1568056317 71105
1568135463 71093
1568138726 71101
1568401168 69861
1568641242 69856
1568827437 69883
1569347504 69909
1569448380 69922
1569452180 69935
1569453529 69935
1570211205 69952
1570211358 69955
1570303769 69966
1570311300 73063
1570630949 73063
1571082762 73063
1571082965 73063
1571083420 72948
1571085186 72944
1571087356 72944
1571339502 72970
1571364722 72996
1571364996 72996
1572287975 72981
1572572085 73007
1572572637 73007
1572970291 73073
1572994479 73076
1573167740 73076
1573170158 73171
1573831777 73174
1574094118 73194
1574098630 73216
1574191715 73273
1574289071 73284
1574370922 73457
1574716073 73456
1574813090 73456
1574878562 73499
1574879748 73536
1574879774 73489
1575301555 73489
1575323447 73497
1575323793 73606
1575324530 73561
1575327545 73140
1575557266 73166
1575563687 73166
1575657135 73181
1578164452 73081
1578165156 102939
1578338188 102967
1578341115 102994
1578345175 102996
1578348943 103034
1578348960 103049
1578520489 103121
1578522596 103133
1578583190 103134
1578607748 103160
1578671474 103160
1578673473 103159
1578682013 103164
1579819031 103165
1580238367 103191
1580240796 103191
1580409302 103182
1580755422 103182
1580772906 104274
1581011134 104118
1581013824 104113
1581360571 104116
1581538230 104860
1581606740 104886
1581621779 104891
1582211054 104902
1582325521 111092
1582326989 111091
1582678210 111104
1582729278 111104
1582733349 111101
1582750615 110883
1582751253 110888
1583170376 110640
1583850675 110641
1584371093 110663
1584652382 110689
1584653756 110685
1584735532 110685
1585069931 110692
1585173660 110719
1585606010 110758
1585759985 110758
1586184871 110758
1586272508 110788
1586434828 110814
1586437930 110812
1586879623 110812
1586987589 110790
1586989782 110790
1587044636 110806
1587155441 110292
1587160128 110659
1587161440 110659
1587396170 110661
1587424769 110755
1587498968 110744
1587565033 110768
1587660797 113256
1588000352 113300
1588027906 113300
1588184814 113306
1588362336 113310
1588362418 113310
1588598057 113311
1588602274 113335
1588682856 113335
1588712348 113571
1588715450 112996
1588874017 112996
1588890604 112580
1588959678 112919
1588966237 112967
1588966757 113071
1588968113 113077
1589295379 113100
1589402144 126081
1589402833 126081
1589407232 126083
1589407647 126083
1589463994 126084
1589548931 126110
1589568684 126189
1589578814 126190
1589810957 126246
1589899285 126424
1589922540 126725
1590530400 126763
1590613844 126764
1590674162 126769
1590683882 126770
1591056083 126796
1591109971 126794
1591116382 126830
1591365116 126831
1591385399 126832
1591989447 126832
1592513100 126976
1592592869 126993
1592924559 127009
1594051780 127062
1594155300 127058
1594216491 127058
1594240561 127069
1594306390 127134
1594308843 127165
1594752220 127191
1594756582 127191
1594845692 127196
1594995627 127222
1594997013 127221
1595455018 127539
1595520129 127543
1595523711 127543
1596557478 127663
1596557597 127664
1596742281 127690
1596744440 127689
1597067727 127689
1597238811 127702
1597240973 127702
1597249069 127702
1597673139 127696
1597692801 127914
1597944496 127957
1598046560 127958
1598047386 127957
1598377673 127957
1598378399 139757
1598460162 139755
1598461382 139757
1598462171 139859
1598543100 139868
1598557921 139908
1598557948 139908
1598559886 139909
1598980855 139935
1598982594 139935
1599594040 139939
1599684677 139965
1599690205 139965
1599747186 139959
1599827964 139961
1600091310 139961
1600264229 139966
1600722098 140029
1600787153 140031
1600796288 140030
1600811313 140031
1601489174 140029
1601489179 140040
1601674941 140040
1602278740 139899
1602278752 139899
1602771109 139925
1602772378 139925
1603479031 140442
1603485782 140447
1603487571 140447
1603744217 140447
1603745009 140495
1603978375 140495
1604096775 140556
1604947063 140582
1604948093 140580
1604954989 140598
1604955092 140598
1604955507 140598
1605222172 140611
1605222195 140637
1605223707 140637
1605624009 140714
1605824843 140301
1605826902 140248
1605826967 140248
1605827346 140248
1605912886 140280
1606836021 140309
1606857643 156572
1606920420 156576
1606940045 156633
1606940166 156633
1606940837 156633
1606942624 156619
1607035807 156619
1607105244 156708
1607356921 156732
1608592714 156740
1608660508 156740
1608661363 156757
1608755708 156758
1608759232 156761
1610388596 156756
1610408020 156764
1610462390 156764
1610744304 156764
1611074078 156770
1611099016 156769
1611601183 156769
1611601568 156778
1611601995 156769
1611780812 156771
1611947478 156771
1611953525 156771
1612375141 156780
1612486702 156778
1613513523 156778
1613517532 156780
1614007403 156786
1614019269 156792
1614173765 158221
1614969603 158246
1614969671 158385
1614972656 158404
1615222156 158446
1615222322 158469
1615222367 158470
1615222418 158491
1615230382 169475
1615231044 169475
1615235959 169478
1615475872 169504
1615477860 169504
1616006515 173170
1616007169 173170
1616079777 173173
1617137925 173173
1620430703 173198
1621022772 173244
1621024193 173316
1621024700 173372
1621260559 173373
1622066411 173373
1622067047 173373
1622550520 173378
1622550565 173493
1622668320 173603
1623081303 173607
1623220846 173611
1624906325 173605
1624907965 174764
1625079968 198337
1625084453 199502
1625174870 199578
1625174941 199579
1625175393 199579
1625613705 199579
1625698178 199578
1625758266 199578
1625865587 199578
1628528456 199579
1628608231 199601
1629463448 199602
1629552413 199603
1629820589 199603
1630191552 199866
1631313893 199831
1632326393 199833
1632327630 199852
1632408198 199900
1632422339 199525
1632423938 199538
1632477161 199529
1632490619 199529
1632498172 199672
1632932901 200139
1632947685 200225
1633466224 200225
1633554067 202117
1633554776 202117
1633563720 202117
1633564305 202122
1633987429 202122
1634309396 202127
1634341967 202143
1634421162 202217
1634653006 202218
1634694902 202219
1635570760 202348
1635726745 202350
1636562924 202421
1636743884 202421
1638218325 202477
1638285326 202498
1638290290 202614
1638290941 202726
1638409555 202686
1638804979 202684
1638996278 202688
1639024470 202747
1639586775 202766
1639667327 203966
1640030046 203966
1640710250 203928
1640721636 204479
