1636104541 998 0
1636104549 998 5
1636104709 998 5
1636105521 1006 5
1636111784 1074 5
1636112601 1078 5
1636113003 1079 5
1636113021 1089 5
1636113036 1089 5
1636221328 2840 5
1636221498 2841 5
1636223158 2845 5
1636223328 2854 5
1636223797 2861 5
1636223857 2866 5
1636223947 2867 5
1636224065 2868 5
1636224191 2869 5
1636224227 2870 5
1636540662 2874 5
1636891713 2875 5
1637408943 2964 5
1637409438 2966 5
1637420707 2973 5
1637420723 3000 5
1649583085 3031 5
1649583691 3034 5
1659003496 3038 5
1681551663 3043 5
1681553073 3064 5
