1524622667 0 0 0 0 0 0 0 0 0 0 0 0 0 0 0 0 0 1 0 0
1524765126 0 0 0 0 0 0 0 0 0 0 0 0 0 0 0 0 0 2 0 0
1532948169 1 0 0 0 0 0 0 0 0 0 0 0 0 0 0 0 0 2 0 0
1532955542 2 0 0 0 0 0 0 0 0 0 0 0 0 0 0 0 0 2 0 0
1533561629 3 0 0 0 0 0 0 0 0 0 0 0 0 0 0 0 0 2 0 0
1533561798 4 0 0 0 0 0 0 0 0 0 0 0 0 0 0 0 0 2 0 0
1533561886 5 0 0 0 0 0 0 0 0 0 0 0 0 0 0 0 0 2 0 0
1533739775 6 0 0 0 0 0 0 0 0 0 0 0 0 0 0 0 0 2 0 0
1533739790 7 0 0 0 0 0 0 0 0 0 0 0 0 0 0 0 0 2 0 0
1534154105 8 0 0 0 0 0 0 0 0 0 0 0 0 0 0 0 0 2 0 0
1534154374 9 0 0 0 0 0 0 0 0 0 0 0 0 0 0 0 0 2 0 0
1534157093 10 0 0 0 0 0 0 0 0 0 0 0 0 0 0 0 0 2 0 0
1534158570 11 0 0 0 0 0 0 0 0 0 0 0 0 0 0 0 0 2 0 0
1534163415 12 0 0 0 0 0 0 0 0 0 0 0 0 0 0 0 0 2 0 0
1534164324 13 0 0 0 0 0 0 0 0 0 0 0 0 0 0 0 0 2 0 0
1534164538 14 0 0 0 0 0 0 0 0 0 0 0 0 0 0 0 0 2 0 0
1534165345 15 0 0 0 0 0 0 0 0 0 0 0 0 0 0 0 0 2 0 0
1534166294 16 0 0 0 0 0 0 0 0 0 0 0 0 0 0 0 0 2 0 0
1534183299 17 0 0 0 0 0 0 0 0 0 0 0 0 0 0 0 0 2 0 0
1534254875 18 0 0 0 0 0 0 0 0 0 0 0 0 0 0 0 0 2 0 0
1534406032 19 0 0 0 0 0 0 0 0 0 0 0 0 0 0 0 0 2 0 0
1534420826 20 0 0 0 0 0 0 0 0 0 0 0 0 0 0 0 0 2 0 0
1534454521 21 0 0 0 0 0 0 0 0 0 0 0 0 0 0 0 0 2 0 0
1534520370 22 0 0 0 0 0 0 0 0 0 0 0 0 0 0 0 0 2 0 0
1534534047 23 0 0 0 0 0 0 0 0 0 0 0 0 0 0 0 0 2 0 0
1534538028 24 0 0 0 0 0 0 0 0 0 0 0 0 0 0 0 0 2 0 0
1534539892 25 0 0 0 0 0 0 0 0 0 0 0 0 0 0 0 0 2 0 0
1534773112 26 0 0 0 0 0 0 0 0 0 0 0 0 0 0 0 0 2 0 0
1534773395 27 0 0 0 0 0 0 0 0 0 0 0 0 0 0 0 0 2 0 0
1534773627 28 0 0 0 0 0 0 0 0 0 0 0 0 0 0 0 0 2 0 0
1534776384 29 0 0 0 0 0 0 0 0 0 0 0 0 0 0 0 0 2 0 0
1534777213 30 0 0 0 0 0 0 0 0 0 0 0 0 0 0 0 0 2 0 0
1534779575 31 0 0 0 0 0 0 0 0 0 0 0 0 0 0 0 0 2 0 0
1534783669 32 0 0 0 0 0 0 0 0 0 0 0 0 0 0 0 0 2 0 0
1534792965 33 0 0 0 0 0 0 0 0 0 0 0 0 0 0 0 0 2 0 0
1534794076 34 0 0 0 0 0 0 0 0 0 0 0 0 0 0 0 0 2 0 0
1534796682 35 0 0 0 0 0 0 0 0 0 0 0 0 0 0 0 0 2 0 0
1534797935 36 0 0 0 0 0 0 0 0 0 0 0 0 0 0 0 0 2 0 0
1534855532 37 0 0 0 0 0 0 0 0 0 0 0 0 0 0 0 0 2 0 0
1534856382 38 0 0 0 0 0 0 0 0 0 0 0 0 0 0 0 0 2 0 0
1534856652 39 0 0 0 0 0 0 0 0 0 0 0 0 0 0 0 0 2 0 0
1534925804 40 0 0 0 0 0 0 0 0 0 0 0 0 0 0 0 0 2 0 0
1534926176 41 0 0 0 0 0 0 0 0 0 0 0 0 0 0 0 0 2 0 0
1534941061 42 0 0 0 0 0 0 0 0 0 0 0 0 0 0 0 0 2 0 0
1534942287 43 0 0 0 0 0 0 0 0 0 0 0 0 0 0 0 0 2 0 0
1534943753 44 0 0 0 0 0 0 0 0 0 0 0 0 0 0 0 0 2 0 0
1534944676 45 0 0 0 0 0 0 0 0 0 0 0 0 0 0 0 0 2 0 0
1534946538 46 0 0 0 0 0 0 0 0 0 0 0 0 0 0 0 0 2 0 0
1534968397 47 0 0 0 0 0 0 0 0 0 0 0 0 0 0 0 0 2 0 0
1534969216 48 0 0 0 0 0 0 0 0 0 0 0 0 0 0 0 0 2 0 0
1534969829 49 0 0 0 0 0 0 0 0 0 0 0 0 0 0 0 0 2 0 0
1534971509 50 0 0 0 0 0 0 0 0 0 0 0 0 0 0 0 0 2 0 0
1535102914 51 0 0 0 0 0 0 0 0 0 0 0 0 0 0 0 0 2 0 0
1535374444 52 0 0 0 0 0 0 0 0 0 0 0 0 0 0 0 0 2 0 0
1535374576 53 0 0 0 0 0 0 0 0 0 0 0 0 0 0 0 0 2 0 0
1535374756 54 0 0 0 0 0 0 0 0 0 0 0 0 0 0 0 0 2 0 0
1535376446 55 0 0 0 0 0 0 0 0 0 0 0 0 0 0 0 0 2 0 0
1535449930 56 0 0 0 0 0 0 0 0 0 0 0 0 0 0 0 0 2 0 0
1535456180 57 0 0 0 0 0 0 0 0 0 0 0 0 0 0 0 0 2 0 0
1535627571 58 0 0 0 0 0 0 0 0 0 0 0 0 0 0 0 0 2 0 0
1535629812 59 0 0 0 0 0 0 0 0 0 0 0 0 0 0 0 0 2 0 0
1535643062 60 0 0 0 0 0 0 0 0 0 0 0 0 0 0 0 0 2 0 0
1535645324 61 0 0 0 0 0 0 0 0 0 0 0 0 0 0 0 0 2 0 0
1535646723 62 0 0 0 0 0 0 0 0 0 0 0 0 0 0 0 0 2 0 0
1535705438 63 0 0 0 0 0 0 0 0 0 0 0 0 0 0 0 0 2 0 0
1535705573 64 0 0 0 0 0 0 0 0 0 0 0 0 0 0 0 0 2 0 0
1535718196 65 0 0 0 0 0 0 0 0 0 0 0 0 0 0 0 0 2 0 0
1535739072 66 0 0 0 0 0 0 0 0 0 0 0 0 0 0 0 0 2 0 0
1536179081 66 0 0 0 0 1 0 0 0 0 0 0 0 0 0 0 0 2 0 0
1536571359 67 0 0 0 0 1 0 0 0 0 0 0 0 0 0 0 0 2 0 0
1536572083 68 0 0 0 0 1 0 0 0 0 0 0 0 0 0 0 0 2 0 0
1536573299 69 0 0 0 0 1 0 0 0 0 0 0 0 0 0 0 0 2 0 0
1536658993 70 0 0 0 0 1 0 0 0 0 0 0 0 0 0 0 0 2 0 0
1536664031 71 0 0 0 0 1 0 0 0 0 0 0 0 0 0 0 0 2 0 0
1536666925 72 0 0 0 0 1 0 0 0 0 0 0 0 0 0 0 0 2 0 0
1536758431 73 0 0 0 0 1 0 0 0 0 0 0 0 0 0 0 0 2 0 0
1536759432 74 0 0 0 0 1 0 0 0 0 0 0 0 0 0 0 0 2 0 0
1536759679 75 0 0 0 0 1 0 0 0 0 0 0 0 0 0 0 0 2 0 0
1536841547 76 0 0 0 0 1 0 0 0 0 0 0 0 0 0 0 0 2 0 0
1536842095 77 0 0 0 0 1 0 0 0 0 0 0 0 0 0 0 0 2 0 0
1536912265 78 0 0 0 0 1 0 0 0 0 0 0 0 0 0 0 0 2 0 0
1536912639 79 0 0 0 0 1 0 0 0 0 0 0 0 0 0 0 0 2 0 0
1536913118 80 0 0 0 0 1 0 0 0 0 0 0 0 0 0 0 0 2 0 0
1536913450 81 0 0 0 0 1 0 0 0 0 0 0 0 0 0 0 0 2 0 0
1536914438 82 0 0 0 0 1 0 0 0 0 0 0 0 0 0 0 0 2 0 0
1536916802 83 0 0 0 0 1 0 0 0 0 0 0 0 0 0 0 0 2 0 0
1536919013 84 0 0 0 0 1 0 0 0 0 0 0 0 0 0 0 0 2 0 0
1536921942 85 0 0 0 0 1 0 0 0 0 0 0 0 0 0 0 0 2 0 0
1536932220 86 0 0 0 0 1 0 0 0 0 0 0 0 0 0 0 0 2 0 0
1537186474 87 0 0 0 0 1 0 0 0 0 0 0 0 0 0 0 0 2 0 0
1537187255 88 0 0 0 0 1 0 0 0 0 0 0 0 0 0 0 0 2 0 0
1537269658 89 0 0 0 0 1 0 0 0 0 0 0 0 0 0 0 0 2 0 0
1537271073 90 0 0 0 0 1 0 0 0 0 0 0 0 0 0 0 0 2 0 0
1537467578 91 0 0 0 0 1 0 0 0 0 0 0 0 0 0 0 0 2 0 0
1537520222 92 0 0 0 0 1 0 0 0 0 0 0 0 0 0 0 0 2 0 0
1537523319 93 0 0 0 0 1 0 0 0 0 0 0 0 0 0 0 0 2 0 0
1537523784 94 0 0 0 0 1 0 0 0 0 0 0 0 0 0 0 0 2 0 0
1538476798 95 0 0 0 0 1 0 0 0 0 0 0 0 0 0 0 0 2 0 0
1538653230 96 0 0 0 0 1 0 0 0 0 0 0 0 0 0 0 0 2 0 0
1538654561 97 0 0 0 0 1 0 0 0 0 0 0 0 0 0 0 0 2 0 0
1538769894 98 0 0 0 0 1 0 0 0 0 0 0 0 0 0 0 0 2 0 0
1539602583 99 0 0 0 0 1 0 0 0 0 0 0 0 0 0 0 0 2 0 0
1539615652 100 0 0 0 0 1 0 0 0 0 0 0 0 0 0 0 0 2 0 0
1539615952 101 0 0 0 0 1 0 0 0 0 0 0 0 0 0 0 0 2 0 0
1539939040 102 0 0 0 0 1 0 0 0 0 0 0 0 0 0 0 0 2 0 0
1539967770 102 0 0 0 0 2 0 0 0 0 0 0 0 0 0 0 0 2 0 0
1540305565 103 0 0 0 0 2 0 0 0 0 0 0 0 0 0 0 0 2 0 0
1540306160 104 0 0 0 0 2 0 0 0 0 0 0 0 0 0 0 0 2 0 0
1540459484 104 0 0 0 0 3 0 0 0 0 0 0 0 0 0 0 0 2 0 0
1540459825 104 0 0 0 0 4 0 0 0 0 0 0 0 0 0 0 0 2 0 0
1540461238 105 0 0 0 0 4 0 0 0 0 0 0 0 0 0 0 0 2 0 0
1540463835 106 0 0 0 0 4 0 0 0 0 0 0 0 0 0 0 0 2 0 0
1540465002 107 0 0 0 0 4 0 0 0 0 0 0 0 0 0 0 0 2 0 0
1540477723 108 0 0 0 0 4 0 0 0 0 0 0 0 0 0 0 0 2 0 0
1542403804 108 0 0 0 0 5 0 0 0 0 0 0 0 0 0 0 0 2 0 0
1543309583 109 0 0 0 0 5 0 0 0 0 0 0 0 0 0 0 0 2 0 0
1543524927 110 0 0 0 0 5 0 0 0 0 0 0 0 0 0 0 0 2 0 0
1543832386 111 0 0 0 0 5 0 0 0 0 0 0 0 0 0 0 0 2 0 0
1543930379 112 0 0 0 0 5 0 0 0 0 0 0 0 0 0 0 0 2 0 0
1543935720 112 0 0 0 0 6 0 0 0 0 0 0 0 0 0 0 0 2 0 0
1543936110 113 0 0 0 0 6 0 0 0 0 0 0 0 0 0 0 0 2 0 0
1543945148 114 0 0 0 0 6 0 0 0 0 0 0 0 0 0 0 0 2 0 0
1543946061 115 0 0 0 0 6 0 0 0 0 0 0 0 0 0 0 0 2 0 0
1544017064 116 0 0 0 0 6 0 0 0 0 0 0 0 0 0 0 0 2 0 0
1544019183 117 0 0 0 0 6 0 0 0 0 0 0 0 0 0 0 0 2 0 0
1544027640 118 0 0 0 0 6 0 0 0 0 0 0 0 0 0 0 0 2 0 0
1544098852 119 0 0 0 0 6 0 0 0 0 0 0 0 0 0 0 0 2 0 0
1544116440 120 0 0 0 0 6 0 0 0 0 0 0 0 0 0 0 0 2 0 0
1544123473 121 0 0 0 0 6 0 0 0 0 0 0 0 0 0 0 0 2 0 0
1544177641 122 0 0 0 0 6 0 0 0 0 0 0 0 0 0 0 0 2 0 0
1544189441 123 0 0 0 0 6 0 0 0 0 0 0 0 0 0 0 0 2 0 0
1544956552 124 0 0 0 0 6 0 0 0 0 0 0 0 0 0 0 0 2 0 0
1544990243 125 0 0 0 0 6 0 0 0 0 0 0 0 0 0 0 0 2 0 0
1545307997 126 0 0 0 0 6 0 0 0 0 0 0 0 0 0 0 0 2 0 0
1545308872 127 0 0 0 0 6 0 0 0 0 0 0 0 0 0 0 0 2 0 0
1546437020 128 0 0 0 0 6 0 0 0 0 0 0 0 0 0 0 0 2 0 0
1546440458 129 0 0 0 0 6 0 0 0 0 0 0 0 0 0 0 0 2 0 0
1546507268 130 0 0 0 0 6 0 0 0 0 0 0 0 0 0 0 0 2 0 0
1546853487 131 0 0 0 0 6 0 0 0 0 0 0 0 0 0 0 0 2 0 0
1546946716 132 0 0 0 0 6 0 0 0 0 0 0 0 0 0 0 0 2 0 0
1546968082 133 0 0 0 0 6 0 0 0 0 0 0 0 0 0 0 0 2 0 0
1546968304 133 0 0 0 0 6 0 0 0 0 0 1 0 0 0 0 0 2 0 0
1547048516 134 0 0 0 0 6 0 0 0 0 0 1 0 0 0 0 0 2 0 0
1547124465 135 0 0 0 0 6 0 0 0 0 0 1 0 0 0 0 0 2 0 0
1547131887 136 0 0 0 0 6 0 0 0 0 0 1 0 0 0 0 0 2 0 0
1547831170 137 0 0 0 0 6 0 0 0 0 0 1 0 0 0 0 0 2 0 0
1547833417 138 0 0 0 0 6 0 0 0 0 0 1 0 0 0 0 0 2 0 0
1547915877 139 0 0 0 0 6 0 0 0 0 0 1 0 0 0 0 0 2 0 0
1548679016 140 0 0 0 0 6 0 0 0 0 0 1 0 0 0 0 0 2 0 0
1548709831 141 0 0 0 0 6 0 0 0 0 0 1 0 0 0 0 0 2 0 0
1548768091 142 0 0 0 0 6 0 0 0 0 0 1 0 0 0 0 0 2 0 0
1548769967 143 0 0 0 0 6 0 0 0 0 0 1 0 0 0 0 0 2 0 0
1548770129 144 0 0 0 0 6 0 0 0 0 0 1 0 0 0 0 0 2 0 0
1548852447 144 0 0 0 0 6 0 0 0 0 0 1 0 0 0 0 0 2 0 0
1548866977 145 0 0 0 0 6 0 0 0 0 0 1 0 0 0 0 0 2 0 0
1548919654 146 0 0 0 0 6 0 0 0 0 0 1 0 0 0 0 0 2 0 0
1548943888 147 0 0 0 0 6 0 0 0 0 0 1 0 0 0 0 0 2 0 0
1548945757 148 0 0 0 0 6 0 0 0 0 0 1 0 0 0 0 0 2 0 0
1549038813 148 0 0 0 0 6 0 0 0 1 0 1 0 0 0 0 0 2 0 0
1549039147 148 0 0 0 0 6 0 0 0 2 0 1 0 0 0 0 0 2 0 0
1549306424 149 0 0 0 0 6 0 0 0 2 0 1 0 0 0 0 0 2 0 0
1549307440 150 0 0 0 0 6 0 0 0 2 0 1 0 0 0 0 0 2 0 0
1549555883 151 0 0 0 0 6 0 0 0 2 0 1 0 0 0 0 0 2 0 0
1550134819 152 0 0 0 0 6 0 0 0 2 0 1 0 0 0 0 0 2 0 0
1550137844 152 0 0 0 0 7 0 0 0 2 0 1 0 0 0 0 0 2 0 0
1550138710 152 0 0 0 0 8 0 0 0 2 0 1 0 0 0 0 0 2 0 0
1550139527 153 0 0 0 0 8 0 0 0 2 0 1 0 0 0 0 0 2 0 0
1551962113 154 0 0 0 0 8 0 0 0 2 0 1 0 0 0 0 0 2 0 0
1551965120 155 0 0 0 0 8 0 0 0 2 0 1 0 0 0 0 0 2 0 0
1552318496 156 0 0 0 0 8 0 0 0 2 0 1 0 0 0 0 0 2 0 0
1552319439 157 0 0 0 0 8 0 0 0 2 0 1 0 0 0 0 0 2 0 0
1552401664 157 0 0 0 0 8 0 0 0 2 0 1 0 0 0 0 0 2 0 0
1553016905 157 0 0 0 0 8 1 0 0 2 0 1 0 0 0 0 0 2 0 0
1554377980 158 0 0 0 0 8 1 0 0 2 0 1 0 0 0 0 0 2 0 0
1556632226 158 0 0 0 0 8 1 0 0 2 0 1 0 0 0 1 0 2 0 0
1557131414 158 0 0 0 0 8 1 0 0 3 0 1 0 0 0 1 0 2 0 0
1557151487 159 0 0 0 0 8 1 0 0 3 0 1 0 0 0 1 0 2 0 0
1557153021 160 0 0 0 0 8 1 0 0 3 0 1 0 0 0 1 0 2 0 0
1557245956 161 0 0 0 0 8 1 0 0 3 0 1 0 0 0 1 0 2 0 0
1557390900 162 0 0 0 0 8 1 0 0 3 0 1 0 0 0 1 0 2 0 0
1557392171 162 0 0 0 0 8 2 0 0 3 0 1 0 0 0 1 0 2 0 0
1557403863 163 0 0 0 0 8 2 0 0 3 0 1 0 0 0 1 0 2 0 0
1557496161 164 0 0 0 0 8 2 0 0 3 0 1 0 0 0 1 0 2 0 0
1557496304 164 0 0 0 0 8 2 0 1 3 0 1 0 0 0 1 0 2 0 0
1557924193 164 0 0 0 0 8 2 0 2 3 0 1 0 0 0 1 0 2 0 0
1558086748 164 0 0 0 0 8 2 0 2 3 0 1 0 0 0 2 0 2 0 0
1559032318 164 0 0 0 0 8 2 0 3 3 0 1 0 0 0 2 0 2 0 0
1559033248 164 0 0 0 0 8 2 0 3 3 0 2 0 0 0 2 0 2 0 0
1559033713 164 0 0 0 0 8 2 0 4 3 0 2 0 0 0 2 0 2 0 0
1559639506 165 0 0 0 0 8 2 0 4 3 0 2 0 0 0 2 0 2 0 0
1559820346 165 0 0 0 0 8 2 0 4 3 0 2 1 0 0 2 0 2 0 0
1560952258 166 0 0 0 0 8 2 0 4 3 0 2 1 0 0 2 0 2 0 0
1561106401 166 0 0 0 0 8 2 0 4 3 0 2 1 0 0 2 0 2 0 0
1561480281 167 0 0 0 0 8 2 0 4 3 0 2 1 0 0 2 0 2 0 0
1561480705 167 0 0 0 0 8 2 0 4 3 0 2 1 0 0 2 0 2 0 0
1562774136 167 0 0 0 0 8 3 0 4 3 0 2 1 0 0 2 0 2 0 0
1562774724 168 0 0 0 0 8 3 0 4 3 0 2 1 0 0 2 0 2 0 0
1562777097 168 0 0 0 0 8 4 0 4 3 0 2 1 0 0 2 0 2 0 0
1562777689 168 0 0 0 0 8 4 0 4 3 0 2 1 1 0 2 0 2 0 0
1563364281 169 0 0 0 0 8 4 0 4 3 0 2 1 1 0 2 0 2 0 0
1563365103 170 0 0 0 0 8 4 0 4 3 0 2 1 1 0 2 0 2 0 0
1565094902 170 0 0 0 0 8 5 0 4 3 0 2 1 1 0 2 0 2 0 0
1565168152 170 0 0 0 0 8 5 0 4 3 0 2 1 2 0 2 0 2 0 0
1568046042 171 0 0 0 0 8 5 0 4 3 0 2 1 2 0 2 0 2 0 0
1568655821 172 0 0 0 0 8 5 0 4 3 0 2 1 2 0 2 0 2 0 0
1568745260 173 0 0 0 0 8 5 0 4 3 0 2 1 2 0 2 0 2 0 0
1569518901 174 0 0 0 0 8 5 0 4 3 0 2 1 2 0 2 0 2 0 0
1569580751 174 0 0 0 0 8 5 0 4 3 0 2 1 2 0 2 0 2 0 0
1570009777 175 0 0 0 0 8 5 0 4 3 0 2 1 2 0 2 0 2 0 0
1571823633 175 0 0 0 0 8 5 0 4 4 0 2 1 2 0 2 0 2 0 0
1571825836 176 0 0 0 0 8 5 0 4 4 0 2 1 2 0 2 0 2 0 0
1571839239 177 0 0 0 0 8 5 0 4 4 0 2 1 2 0 2 0 2 0 0
1571839594 178 0 0 0 0 8 5 0 4 4 0 2 1 2 0 2 0 2 0 0
1574171433 178 0 0 0 0 8 5 0 4 4 0 2 1 2 1 2 0 2 0 0
1574792034 178 0 0 0 0 8 5 0 4 4 0 2 1 2 1 2 0 2 0 0
1581540960 178 0 0 0 0 8 5 0 4 4 0 2 1 2 1 2 0 2 0 0
1581586002 179 0 0 0 0 8 5 0 4 4 0 2 1 2 1 2 0 2 0 0
1583420839 180 0 0 0 0 8 5 0 4 4 0 2 1 2 1 2 0 2 0 0
1587712581 181 0 0 0 0 8 5 0 4 4 0 2 1 2 1 2 0 2 0 0
1588233480 181 0 0 0 0 8 5 0 4 4 0 2 1 2 1 2 0 2 0 0
1588238268 182 0 0 0 0 8 5 0 4 4 0 2 1 2 1 2 0 2 0 0
1588238665 183 0 0 0 0 8 5 0 4 4 0 2 1 2 1 2 0 2 0 0
1588614645 183 0 0 0 0 8 5 0 4 4 0 3 1 2 1 2 0 2 0 0
1588876701 184 0 0 0 0 8 5 0 4 4 0 3 1 2 1 2 0 2 0 0
1588931020 185 0 0 0 0 8 5 0 4 4 0 3 1 2 1 2 0 2 0 0
1591635681 185 0 0 0 0 8 5 0 4 4 0 3 1 2 1 2 0 2 0 0
1591635929 185 0 0 0 0 8 5 0 4 4 0 3 1 2 1 2 0 2 0 0
1591645705 185 0 0 0 1 8 5 0 4 4 0 3 1 2 1 2 0 2 0 0
1591647198 185 0 0 0 2 8 5 0 4 4 0 3 1 2 1 2 0 2 0 0
1591717191 186 0 0 0 2 8 5 0 4 4 0 3 1 2 1 2 0 2 0 0
1594651263 186 0 0 0 2 8 5 0 4 4 0 3 1 2 1 2 0 2 0 0
1598013690 186 0 0 0 2 8 5 0 4 4 0 3 1 2 1 2 0 2 0 0
1599468506 186 0 0 0 3 8 5 0 4 4 0 3 1 2 1 2 0 2 0 0
1599808059 186 0 0 0 4 8 5 0 4 4 0 3 1 2 1 2 0 2 0 0
1603722361 186 0 0 0 4 8 5 0 4 4 0 3 1 2 1 2 0 2 0 0
1611325044 186 0 1 0 4 8 5 0 4 4 0 3 1 2 1 2 0 2 0 0
1611325549 186 1 1 0 4 8 5 0 4 4 0 3 1 2 1 2 0 2 0 0
1611325948 186 2 1 0 4 8 5 0 4 4 0 3 1 2 1 2 0 2 0 0
1611334505 186 2 1 0 4 8 5 0 4 4 0 3 1 2 1 2 0 2 0 0
1611343471 186 2 1 0 4 8 5 0 4 4 0 3 1 2 1 2 0 2 0 0
1611414497 186 2 1 0 5 8 5 0 4 4 0 3 1 2 1 2 0 2 0 0
1611433718 186 2 1 0 6 8 5 0 4 4 0 3 1 2 1 2 0 2 0 0
1611516076 186 3 1 0 6 8 5 0 4 4 0 3 1 2 1 2 0 2 0 0
1611518431 186 3 1 0 6 8 5 0 4 4 1 3 1 2 1 2 0 2 0 0
1611530599 186 4 1 0 6 8 5 0 4 4 1 3 1 2 1 2 0 2 0 0
1611570690 186 5 1 0 6 8 5 0 4 4 1 3 1 2 1 2 0 2 0 0
1611589484 186 6 1 0 6 8 5 0 4 4 1 3 1 2 1 2 0 2 0 0
1611590506 186 7 1 0 6 8 5 0 4 4 1 3 1 2 1 2 0 2 0 0
1611590692 186 8 1 0 6 8 5 0 4 4 1 3 1 2 1 2 0 2 0 0
1611601625 186 9 1 0 6 8 5 0 4 4 1 3 1 2 1 2 0 2 0 0
1611602055 186 9 1 0 6 8 5 0 4 4 1 3 1 2 1 2 0 2 0 0
1611605572 186 9 1 0 6 8 5 0 4 4 1 3 1 2 1 2 0 2 0 0
1611609532 186 10 1 0 6 8 5 0 4 4 1 3 1 2 1 2 0 2 0 0
1611610934 186 11 1 0 6 8 5 0 4 4 1 3 1 2 1 2 0 2 0 0
1611611969 186 12 1 0 6 8 5 0 4 4 1 3 1 2 1 2 0 2 0 0
1611612103 186 13 1 0 6 8 5 0 4 4 1 3 1 2 1 2 0 2 0 0
1611615725 186 13 1 0 6 8 5 0 4 4 1 3 1 2 1 2 0 2 0 0
1611680589 186 13 1 0 6 8 5 0 4 4 1 3 2 2 1 2 0 2 0 0
1612107783 186 13 1 0 6 8 5 0 4 4 1 3 2 2 1 2 0 2 0 0
1612296573 186 14 1 0 6 8 5 0 4 4 1 3 2 2 1 2 0 2 0 0
1612370845 186 14 1 0 7 8 5 0 4 4 1 3 2 2 1 2 0 2 0 0
1612383523 186 15 1 0 7 8 5 0 4 4 1 3 2 2 1 2 0 2 0 0
1612385663 186 15 2 0 7 8 5 0 4 4 1 3 2 2 1 2 0 2 0 0
1612439941 186 15 2 0 7 8 5 0 4 4 2 3 2 2 1 2 0 2 0 0
1612464122 186 16 2 0 7 8 5 0 4 4 2 3 2 2 1 2 0 2 0 0
1612480349 186 17 2 0 7 8 5 0 4 4 2 3 2 2 1 2 0 2 0 0
1612531747 186 17 2 0 8 8 5 0 4 4 2 3 2 2 1 2 0 2 0 0
1612904180 186 17 3 0 8 8 5 0 4 4 2 3 2 2 1 2 0 2 0 0
1612904649 186 17 4 0 8 8 5 0 4 4 2 3 2 2 1 2 0 2 0 0
1612925923 186 17 4 0 8 8 5 0 4 4 2 3 2 2 1 2 0 2 0 0
1612982021 186 18 4 0 8 8 5 0 4 4 2 3 2 2 1 2 0 2 0 0
1613171118 186 19 4 0 8 8 5 0 4 4 2 3 2 2 1 2 0 2 0 0
1613490118 186 20 4 0 8 8 5 0 4 4 2 3 2 2 1 2 0 2 0 0
1613491096 186 20 5 0 8 8 5 0 4 4 2 3 2 2 1 2 0 2 0 0
1613492005 186 21 5 0 8 8 5 0 4 4 2 3 2 2 1 2 0 2 0 0
1613505348 186 21 6 0 8 8 5 0 4 4 2 3 2 2 1 2 0 2 0 0
1613717471 186 22 6 0 8 8 5 0 4 4 2 3 2 2 1 2 0 2 0 0
1614025721 186 23 6 0 8 8 5 0 4 4 2 3 2 2 1 2 0 2 0 0
1614187472 186 23 6 1 8 8 5 0 4 4 2 3 2 2 1 2 0 2 0 0
1614199869 186 23 7 1 8 8 5 0 4 4 2 3 2 2 1 2 0 2 0 0
1614206736 186 23 8 1 8 8 5 0 4 4 2 3 2 2 1 2 0 2 0 0
1614370873 186 24 8 1 8 8 5 0 4 4 2 3 2 2 1 2 0 2 0 0
1614611660 186 25 8 1 8 8 5 0 4 4 2 3 2 2 1 2 0 2 0 0
1614613585 186 26 8 1 8 8 5 0 4 4 2 3 2 2 1 2 0 2 0 0
1614615756 186 27 8 1 8 8 5 0 4 4 2 3 2 2 1 2 0 2 0 0
1614627117 186 27 9 1 8 8 5 0 4 4 2 3 2 2 1 2 0 2 0 0
1614638485 186 27 10 1 8 8 5 0 4 4 2 3 2 2 1 2 0 2 0 0
1614640447 186 27 11 1 8 8 5 0 4 4 2 3 2 2 1 2 0 2 0 0
1614642992 186 27 12 1 8 8 5 0 4 4 2 3 2 2 1 2 0 2 0 0
1614643443 186 27 13 1 8 8 5 0 4 4 2 3 2 2 1 2 0 2 0 0
1614702751 186 27 14 1 8 8 5 0 4 4 2 3 2 2 1 2 0 2 0 0
1614794883 186 28 14 1 8 8 5 0 4 4 2 3 2 2 1 2 0 2 0 0
1615303270 186 28 15 1 8 8 5 0 4 4 2 3 2 2 1 2 0 2 0 0
1615315753 186 29 15 1 8 8 5 0 4 4 2 3 2 2 1 2 0 2 0 0
1615316101 186 30 15 1 8 8 5 0 4 4 2 3 2 2 1 2 0 2 0 0
1615325308 186 30 16 1 8 8 5 0 4 4 2 3 2 2 1 2 0 2 0 0
1615481556 186 31 16 1 8 8 5 0 4 4 2 3 2 2 1 2 0 2 0 0
1615482840 186 32 16 1 8 8 5 0 4 4 2 3 2 2 1 2 0 2 0 0
1615485249 186 33 16 1 8 8 5 0 4 4 2 3 2 2 1 2 0 2 0 0
1615568054 186 34 16 1 8 8 5 0 4 4 2 3 2 2 1 2 0 2 0 0
1615568893 186 35 16 1 8 8 5 0 4 4 2 3 2 2 1 2 0 2 0 0
1615646997 186 36 16 1 8 8 5 0 4 4 2 3 2 2 1 2 0 2 0 0
1615824046 186 37 16 1 8 8 5 0 4 4 2 3 2 2 1 2 0 2 0 0
1615827557 186 38 16 1 8 8 5 0 4 4 2 3 2 2 1 2 0 2 0 0
1615828679 186 39 16 1 8 8 5 0 4 4 2 3 2 2 1 2 0 2 0 0
1615829089 186 40 16 1 8 8 5 0 4 4 2 3 2 2 1 2 0 2 0 0
1615847136 186 40 17 1 8 8 5 0 4 4 2 3 2 2 1 2 0 2 0 0
1615906769 186 41 17 1 8 8 5 0 4 4 2 3 2 2 1 2 0 2 0 0
1615988564 186 42 17 1 8 8 5 0 4 4 2 3 2 2 1 2 0 2 0 0
1615995242 186 43 17 1 8 8 5 0 4 4 2 3 2 2 1 2 0 2 0 0
1615995928 186 44 17 1 8 8 5 0 4 4 2 3 2 2 1 2 0 2 0 0
1615998664 186 45 17 1 8 8 5 0 4 4 2 3 2 2 1 2 0 2 0 0
1616017825 186 45 18 1 8 8 5 0 4 4 2 3 2 2 1 2 0 2 0 0
1616081755 186 46 18 1 8 8 5 0 4 4 2 3 2 2 1 2 0 2 0 0
1616082096 186 47 18 1 8 8 5 0 4 4 2 3 2 2 1 2 0 2 0 0
1616271117 186 48 18 1 8 8 5 0 4 4 2 3 2 2 1 2 0 2 0 0
1616423105 186 49 18 1 8 8 5 0 4 4 2 3 2 2 1 2 0 2 0 0
1616426028 186 50 18 1 8 8 5 0 4 4 2 3 2 2 1 2 0 2 0 0
1616688072 186 50 18 1 8 8 5 0 4 4 3 3 2 2 1 2 0 2 0 0
1616787067 186 51 18 1 8 8 5 0 4 4 3 3 2 2 1 2 0 2 0 0
1616965275 186 51 19 1 8 8 5 0 4 4 3 3 2 2 1 2 0 2 0 0
1616971113 186 51 20 1 8 8 5 0 4 4 3 3 2 2 1 2 0 2 0 0
1616972675 186 51 21 1 8 8 5 0 4 4 3 3 2 2 1 2 0 2 0 0
1617064441 186 51 21 1 8 8 5 0 4 4 3 3 2 2 1 2 1 2 0 0
1617222187 186 52 21 1 8 8 5 0 4 4 3 3 2 2 1 2 1 2 0 0
1617230779 186 52 22 1 8 8 5 0 4 4 3 3 2 2 1 2 1 2 0 0
1617327936 186 53 22 1 8 8 5 0 4 4 3 3 2 2 1 2 1 2 0 0
1617917967 186 53 22 2 8 8 5 0 4 4 3 3 2 2 1 2 1 2 0 0
1617976816 186 53 23 2 8 8 5 0 4 4 3 3 2 2 1 2 1 2 0 0
1618241022 186 54 23 2 8 8 5 0 4 4 3 3 2 2 1 2 1 2 0 0
1618340986 186 55 23 2 8 8 5 0 4 4 3 3 2 2 1 2 1 2 0 0
1618530281 186 55 23 2 8 8 5 0 4 4 3 3 2 2 1 2 1 2 0 0
1618759910 186 56 23 2 8 8 5 0 4 4 3 3 2 2 1 2 1 2 0 0
1618842785 186 57 23 2 8 8 5 0 4 4 3 3 2 2 1 2 1 2 0 0
1618843076 186 58 23 2 8 8 5 0 4 4 3 3 2 2 1 2 1 2 0 0
1618844510 186 58 24 2 8 8 5 0 4 4 3 3 2 2 1 2 1 2 0 0
1619078386 186 58 24 2 8 8 5 0 4 4 3 3 2 2 1 2 1 2 0 0
1619197873 186 59 24 2 8 8 5 0 4 4 3 3 2 2 1 2 1 2 0 0
1619206902 186 60 24 2 8 8 5 0 4 4 3 3 2 2 1 2 1 2 0 0
1619798612 186 61 24 2 8 8 5 0 4 4 3 3 2 2 1 2 1 2 0 0
1619814383 186 62 24 2 8 8 5 0 4 4 3 3 2 2 1 2 1 2 0 0
1620246954 186 63 24 2 8 8 5 0 4 4 3 3 2 2 1 2 1 2 0 0
1620262045 186 63 25 2 8 8 5 0 4 4 3 3 2 2 1 2 1 2 0 0
1620401997 186 63 26 2 8 8 5 0 4 4 3 3 2 2 1 2 1 2 0 0
1620537505 186 64 26 2 8 8 5 0 4 4 3 3 2 2 1 2 1 2 0 0
1620537870 186 65 26 2 8 8 5 0 4 4 3 3 2 2 1 2 1 2 0 0
1620577074 186 65 27 2 8 8 5 0 4 4 3 3 2 2 1 2 1 2 0 0
1620598552 186 65 28 2 8 8 5 0 4 4 3 3 2 2 1 2 1 2 0 0
1620600297 186 65 29 2 8 8 5 0 4 4 3 3 2 2 1 2 1 2 0 0
1620832885 186 65 29 2 8 8 5 0 4 4 3 3 2 2 1 2 1 2 0 0
1620852199 186 66 29 2 8 8 5 0 4 4 3 3 2 2 1 2 1 2 0 0
1620853242 186 67 29 2 8 8 5 0 4 4 3 3 2 2 1 2 1 2 0 0
1620854205 186 68 29 2 8 8 5 0 4 4 3 3 2 2 1 2 1 2 0 0
1620915782 186 69 29 2 8 8 5 0 4 4 3 3 2 2 1 2 1 2 0 0
1621201984 186 70 29 2 8 8 5 0 4 4 3 3 2 2 1 2 1 2 0 0
1621352419 186 71 29 2 8 8 5 0 4 4 3 3 2 2 1 2 1 2 0 0
1621613219 186 72 29 2 8 8 5 0 4 4 3 3 2 2 1 2 1 2 0 0
1621622434 186 73 29 2 8 8 5 0 4 4 3 3 2 2 1 2 1 2 0 0
1622579616 186 73 29 2 8 8 5 0 4 4 3 3 2 2 1 2 1 2 0 1
1622581156 186 74 29 2 8 8 5 0 4 4 3 3 2 2 1 2 1 2 0 1
1622660336 186 75 29 2 8 8 5 0 4 4 3 3 2 2 1 2 1 2 0 1
1622662460 186 76 29 2 8 8 5 0 4 4 3 3 2 2 1 2 1 2 0 1
1622662765 186 76 29 2 8 8 5 0 4 4 3 3 2 2 1 2 1 2 0 1
1622752226 186 76 29 2 8 8 5 0 4 4 3 3 2 2 1 2 1 2 0 2
1622814652 186 77 29 2 8 8 5 0 4 4 3 3 2 2 1 2 1 2 0 2
1623082150 186 78 29 2 8 8 5 0 4 4 3 3 2 2 1 2 1 2 0 2
1623608489 186 79 29 2 8 8 5 0 4 4 3 3 2 2 1 2 1 2 0 2
1623682528 186 80 29 2 8 8 5 0 4 4 3 3 2 2 1 2 1 2 0 2
1623689989 186 81 29 2 8 8 5 0 4 4 3 3 2 2 1 2 1 2 0 2
1623777319 186 82 29 2 8 8 5 0 4 4 3 3 2 2 1 2 1 2 0 2
1623795008 186 83 29 2 8 8 5 0 4 4 3 3 2 2 1 2 1 2 0 2
1623843983 186 83 29 2 8 8 5 0 4 4 3 3 2 2 1 2 1 2 1 2
1623848955 186 84 29 2 8 8 5 0 4 4 3 3 2 2 1 2 1 2 1 2
1623851935 186 85 29 2 8 8 5 0 4 4 3 3 2 2 1 2 1 2 1 2
1623854146 186 86 29 2 8 8 5 0 4 4 3 3 2 2 1 2 1 2 1 2
1623880502 186 86 29 2 9 8 5 0 4 4 3 3 2 2 1 2 1 2 1 2
1624227943 186 87 29 2 9 8 5 0 4 4 3 3 2 2 1 2 1 2 1 2
1624228186 186 88 29 2 9 8 5 0 4 4 3 3 2 2 1 2 1 2 1 2
1624288491 186 89 29 2 9 8 5 0 4 4 3 3 2 2 1 2 1 2 1 2
1624289074 186 90 29 2 9 8 5 0 4 4 3 3 2 2 1 2 1 2 1 2
1624374878 186 91 29 2 9 8 5 0 4 4 3 3 2 2 1 2 1 2 1 2
1624377089 186 91 29 3 9 8 5 0 4 4 3 3 2 2 1 2 1 2 1 2
1624377955 186 92 29 3 9 8 5 0 4 4 3 3 2 2 1 2 1 2 1 2
1624392631 186 93 29 3 9 8 5 0 4 4 3 3 2 2 1 2 1 2 1 2
1624393079 186 94 29 3 9 8 5 0 4 4 3 3 2 2 1 2 1 2 1 2
1624393567 186 95 29 3 9 8 5 0 4 4 3 3 2 2 1 2 1 2 1 2
1624412654 186 96 29 3 9 8 5 0 4 4 3 3 2 2 1 2 1 2 1 2
1624462341 186 96 29 4 9 8 5 0 4 4 3 3 2 2 1 2 1 2 1 2
1624893726 186 97 29 4 9 8 5 0 4 4 3 3 2 2 1 2 1 2 1 2
1624902613 186 98 29 4 9 8 5 0 4 4 3 3 2 2 1 2 1 2 1 2
1624911197 186 98 30 4 9 8 5 0 4 4 3 3 2 2 1 2 1 2 1 2
1625108995 186 98 30 4 9 8 5 0 4 4 3 3 2 2 2 2 1 2 1 2
1625608680 186 98 31 4 9 8 5 0 4 4 3 3 2 2 2 2 1 2 1 2
1626099438 186 98 31 5 9 8 5 0 4 4 3 3 2 2 2 2 1 2 1 2
1626101026 186 99 31 5 9 8 5 0 4 4 3 3 2 2 2 2 1 2 1 2
1626280655 186 100 31 5 9 8 5 0 4 4 3 3 2 2 2 2 1 2 1 2
1626637606 186 101 31 5 9 8 5 0 4 4 3 3 2 2 2 2 1 2 1 2
1626685484 186 101 31 5 9 8 5 0 4 4 3 3 2 2 2 2 1 2 2 2
1626717541 186 102 31 5 9 8 5 0 4 4 3 3 2 2 2 2 1 2 2 2
1626720031 186 102 32 5 9 8 5 0 4 4 3 3 2 2 2 2 1 2 2 2
1626720226 186 103 32 5 9 8 5 0 4 4 3 3 2 2 2 2 1 2 2 2
1626723861 186 104 32 5 9 8 5 0 4 4 3 3 2 2 2 2 1 2 2 2
1626799349 186 104 32 6 9 8 5 0 4 4 3 3 2 2 2 2 1 2 2 2
1626799473 186 104 32 7 9 8 5 0 4 4 3 3 2 2 2 2 1 2 2 2
1626982225 186 104 32 8 9 8 5 0 4 4 3 3 2 2 2 2 1 2 2 2
1627482604 186 104 32 9 9 8 5 0 4 4 3 3 2 2 2 2 1 2 2 2
1627485183 186 104 32 10 9 8 5 0 4 4 3 3 2 2 2 2 1 2 2 2
1627487168 186 105 32 10 9 8 5 0 4 4 3 3 2 2 2 2 1 2 2 2
1627488048 186 106 32 10 9 8 5 0 4 4 3 3 2 2 2 2 1 2 2 2
1627489128 186 107 32 10 9 8 5 0 4 4 3 3 2 2 2 2 1 2 2 2
1627492373 186 107 33 10 9 8 5 0 4 4 3 3 2 2 2 2 1 2 2 2
1627564406 186 107 33 11 9 8 5 0 4 4 3 3 2 2 2 2 1 2 2 2
1627569052 186 108 33 11 9 8 5 0 4 4 3 3 2 2 2 2 1 2 2 2
1627569252 186 109 33 11 9 8 5 0 4 4 3 3 2 2 2 2 1 2 2 2
1627632546 186 110 33 11 9 8 5 0 4 4 3 3 2 2 2 2 1 2 2 2
1627655459 186 111 33 11 9 8 5 0 4 4 3 3 2 2 2 2 1 2 2 2
1627655721 186 112 33 11 9 8 5 0 4 4 3 3 2 2 2 2 1 2 2 2
1627996267 186 112 33 12 9 8 5 0 4 4 3 3 2 2 2 2 1 2 2 2
1628188820 186 112 33 13 9 8 5 0 4 4 3 3 2 2 2 2 1 2 2 2
1629205708 186 113 33 13 9 8 5 0 4 4 3 3 2 2 2 2 1 2 2 2
1629206391 186 113 33 14 9 8 5 0 4 4 3 3 2 2 2 2 1 2 2 2
1629208158 186 114 33 14 9 8 5 0 4 4 3 3 2 2 2 2 1 2 2 2
1629209112 186 115 33 14 9 8 5 0 4 4 3 3 2 2 2 2 1 2 2 2
1629278477 186 115 33 14 9 8 5 0 4 4 3 3 2 2 2 2 2 2 2 2
1629291617 186 115 33 15 9 8 5 0 4 4 3 3 2 2 2 2 2 2 2 2
1629292069 186 116 33 15 9 8 5 0 4 4 3 3 2 2 2 2 2 2 2 2
1629448390 186 116 33 15 9 8 6 0 4 4 3 3 2 2 2 2 2 2 2 2
1629532510 186 116 33 15 9 8 7 0 4 4 3 3 2 2 2 2 2 2 2 2
1630181761 186 116 34 15 9 8 7 0 4 4 3 3 2 2 2 2 2 2 2 2
1630936876 186 116 34 15 9 8 7 1 4 4 3 3 2 2 2 2 2 2 2 2
1631550084 186 117 34 15 9 8 7 1 4 4 3 3 2 2 2 2 2 2 2 2
1631550946 186 118 34 15 9 8 7 1 4 4 3 3 2 2 2 2 2 2 2 2
1632270940 186 118 34 15 9 8 8 1 4 4 3 3 2 2 2 2 2 2 2 2
1633044856 186 119 34 15 9 8 8 1 4 4 3 3 2 2 2 2 2 2 2 2
1633442830 186 119 34 15 9 8 8 2 4 4 3 3 2 2 2 2 2 2 2 2
1634585340 186 120 34 15 9 8 8 2 4 4 3 3 2 2 2 2 2 2 2 2
1634655113 186 120 34 15 9 8 8 2 4 4 4 3 2 2 2 2 2 2 2 2
1634658857 186 121 34 15 9 8 8 2 4 4 4 3 2 2 2 2 2 2 2 2
1634660100 186 122 34 15 9 8 8 2 4 4 4 3 2 2 2 2 2 2 2 2
1634660901 186 123 34 15 9 8 8 2 4 4 4 3 2 2 2 2 2 2 2 2
1637171485 186 124 34 15 9 8 8 2 4 4 4 3 2 2 2 2 2 2 2 2
1637278230 186 124 35 15 9 8 8 2 4 4 4 3 2 2 2 2 2 2 2 2
1637281660 186 124 36 15 9 8 8 2 4 4 4 3 2 2 2 2 2 2 2 2
1637283368 186 124 37 15 9 8 8 2 4 4 4 3 2 2 2 2 2 2 2 2
1637610808 186 124 37 16 9 8 8 2 4 4 4 3 2 2 2 2 2 2 2 2
1637796269 186 124 37 16 9 8 8 3 4 4 4 3 2 2 2 2 2 2 2 2
1638028374 186 124 37 16 9 8 8 4 4 4 4 3 2 2 2 2 2 2 2 2
1638183246 186 124 37 16 9 8 8 4 4 4 4 3 2 2 2 2 2 2 2 2
1638287933 186 124 37 16 9 8 8 5 4 4 4 3 2 2 2 2 2 2 2 2
1638548491 186 125 37 16 9 8 8 5 4 4 4 3 2 2 2 2 2 2 2 2
1638550409 186 126 37 16 9 8 8 5 4 4 4 3 2 2 2 2 2 2 2 2
1638551905 186 127 37 16 9 8 8 5 4 4 4 3 2 2 2 2 2 2 2 2
1638653387 186 127 37 16 9 8 8 5 4 4 4 3 2 2 2 2 2 2 2 2
1638834655 186 127 37 16 9 8 8 6 4 4 4 3 2 2 2 2 2 2 2 2
1639486112 186 128 37 16 9 8 8 6 4 4 4 3 2 2 2 2 2 2 2 2
1639783630 186 128 38 16 9 8 8 6 4 4 4 3 2 2 2 2 2 2 2 2
1639856612 186 128 39 16 9 8 8 6 4 4 4 3 2 2 2 2 2 2 2 2
1639949010 186 128 40 16 9 8 8 6 4 4 4 3 2 2 2 2 2 2 2 2
1640882251 186 129 40 16 9 8 8 6 4 4 4 3 2 2 2 2 2 2 2 2
1640884030 186 129 40 17 9 8 8 6 4 4 4 3 2 2 2 2 2 2 2 2
1641070117 186 129 41 17 9 8 8 6 4 4 4 3 2 2 2 2 2 2 2 2
1641071249 186 129 42 17 9 8 8 6 4 4 4 3 2 2 2 2 2 2 2 2
1641073562 186 129 43 17 9 8 8 6 4 4 4 3 2 2 2 2 2 2 2 2
1641141776 186 129 44 17 9 8 8 6 4 4 4 3 2 2 2 2 2 2 2 2
