1524622667 0 0 0 0 0 0 0 0 0 0 0 0 0 0 0 0 0 1 0 0
1524765126 0 0 0 0 0 0 0 0 0 0 0 0 0 0 0 0 0 637 0 0
1532948169 1172 0 0 0 0 0 0 0 0 0 0 0 0 0 0 0 0 637 0 0
1532955542 1255 0 0 0 0 0 0 0 0 0 0 0 0 0 0 0 0 637 0 0
1533561629 1259 0 0 0 0 0 0 0 0 0 0 0 0 0 0 0 0 637 0 0
1533561798 2686 0 0 0 0 0 0 0 0 0 0 0 0 0 0 0 0 637 0 0
1533561886 2790 0 0 0 0 0 0 0 0 0 0 0 0 0 0 0 0 637 0 0
1533739775 2792 0 0 0 0 0 0 0 0 0 0 0 0 0 0 0 0 637 0 0
1533739790 2819 0 0 0 0 0 0 0 0 0 0 0 0 0 0 0 0 637 0 0
1534154105 2820 0 0 0 0 0 0 0 0 0 0 0 0 0 0 0 0 637 0 0
1534154374 2821 0 0 0 0 0 0 0 0 0 0 0 0 0 0 0 0 637 0 0
1534157093 2856 0 0 0 0 0 0 0 0 0 0 0 0 0 0 0 0 637 0 0
1534158570 2859 0 0 0 0 0 0 0 0 0 0 0 0 0 0 0 0 637 0 0
1534163415 2866 0 0 0 0 0 0 0 0 0 0 0 0 0 0 0 0 637 0 0
1534164324 2884 0 0 0 0 0 0 0 0 0 0 0 0 0 0 0 0 637 0 0
1534164538 2887 0 0 0 0 0 0 0 0 0 0 0 0 0 0 0 0 637 0 0
1534165345 2903 0 0 0 0 0 0 0 0 0 0 0 0 0 0 0 0 637 0 0
1534166294 2930 0 0 0 0 0 0 0 0 0 0 0 0 0 0 0 0 637 0 0
1534183299 2968 0 0 0 0 0 0 0 0 0 0 0 0 0 0 0 0 637 0 0
1534254875 2973 0 0 0 0 0 0 0 0 0 0 0 0 0 0 0 0 637 0 0
1534406032 3003 0 0 0 0 0 0 0 0 0 0 0 0 0 0 0 0 637 0 0
1534420826 3005 0 0 0 0 0 0 0 0 0 0 0 0 0 0 0 0 637 0 0
1534454521 3006 0 0 0 0 0 0 0 0 0 0 0 0 0 0 0 0 637 0 0
1534520370 3008 0 0 0 0 0 0 0 0 0 0 0 0 0 0 0 0 637 0 0
1534534047 3008 0 0 0 0 0 0 0 0 0 0 0 0 0 0 0 0 637 0 0
1534538028 3011 0 0 0 0 0 0 0 0 0 0 0 0 0 0 0 0 637 0 0
1534539892 3031 0 0 0 0 0 0 0 0 0 0 0 0 0 0 0 0 637 0 0
1534773112 3033 0 0 0 0 0 0 0 0 0 0 0 0 0 0 0 0 637 0 0
1534773395 3041 0 0 0 0 0 0 0 0 0 0 0 0 0 0 0 0 637 0 0
1534773627 3042 0 0 0 0 0 0 0 0 0 0 0 0 0 0 0 0 637 0 0
1534776384 3046 0 0 0 0 0 0 0 0 0 0 0 0 0 0 0 0 637 0 0
1534777213 3056 0 0 0 0 0 0 0 0 0 0 0 0 0 0 0 0 637 0 0
1534779575 3066 0 0 0 0 0 0 0 0 0 0 0 0 0 0 0 0 637 0 0
1534783669 3127 0 0 0 0 0 0 0 0 0 0 0 0 0 0 0 0 637 0 0
1534792965 3219 0 0 0 0 0 0 0 0 0 0 0 0 0 0 0 0 637 0 0
1534794076 3309 0 0 0 0 0 0 0 0 0 0 0 0 0 0 0 0 637 0 0
1534796682 3381 0 0 0 0 0 0 0 0 0 0 0 0 0 0 0 0 637 0 0
1534797935 3414 0 0 0 0 0 0 0 0 0 0 0 0 0 0 0 0 637 0 0
1534855532 3415 0 0 0 0 0 0 0 0 0 0 0 0 0 0 0 0 637 0 0
1534856382 3458 0 0 0 0 0 0 0 0 0 0 0 0 0 0 0 0 637 0 0
1534856652 3485 0 0 0 0 0 0 0 0 0 0 0 0 0 0 0 0 637 0 0
1534925804 3499 0 0 0 0 0 0 0 0 0 0 0 0 0 0 0 0 637 0 0
1534926176 3567 0 0 0 0 0 0 0 0 0 0 0 0 0 0 0 0 637 0 0
1534941061 3733 0 0 0 0 0 0 0 0 0 0 0 0 0 0 0 0 637 0 0
1534942287 3734 0 0 0 0 0 0 0 0 0 0 0 0 0 0 0 0 637 0 0
1534943753 3738 0 0 0 0 0 0 0 0 0 0 0 0 0 0 0 0 637 0 0
1534944676 3741 0 0 0 0 0 0 0 0 0 0 0 0 0 0 0 0 637 0 0
1534946538 3742 0 0 0 0 0 0 0 0 0 0 0 0 0 0 0 0 637 0 0
1534968397 3911 0 0 0 0 0 0 0 0 0 0 0 0 0 0 0 0 637 0 0
1534969216 3912 0 0 0 0 0 0 0 0 0 0 0 0 0 0 0 0 637 0 0
1534969829 3991 0 0 0 0 0 0 0 0 0 0 0 0 0 0 0 0 637 0 0
1534971509 3995 0 0 0 0 0 0 0 0 0 0 0 0 0 0 0 0 637 0 0
1535102914 4041 0 0 0 0 0 0 0 0 0 0 0 0 0 0 0 0 637 0 0
1535374444 4080 0 0 0 0 0 0 0 0 0 0 0 0 0 0 0 0 637 0 0
1535374576 4396 0 0 0 0 0 0 0 0 0 0 0 0 0 0 0 0 637 0 0
1535374756 4397 0 0 0 0 0 0 0 0 0 0 0 0 0 0 0 0 637 0 0
1535376446 4397 0 0 0 0 0 0 0 0 0 0 0 0 0 0 0 0 637 0 0
1535449930 4398 0 0 0 0 0 0 0 0 0 0 0 0 0 0 0 0 637 0 0
1535456180 4495 0 0 0 0 0 0 0 0 0 0 0 0 0 0 0 0 637 0 0
1535627571 5244 0 0 0 0 0 0 0 0 0 0 0 0 0 0 0 0 637 0 0
1535629812 5253 0 0 0 0 0 0 0 0 0 0 0 0 0 0 0 0 637 0 0
1535643062 5359 0 0 0 0 0 0 0 0 0 0 0 0 0 0 0 0 637 0 0
1535645324 5364 0 0 0 0 0 0 0 0 0 0 0 0 0 0 0 0 637 0 0
1535646723 5414 0 0 0 0 0 0 0 0 0 0 0 0 0 0 0 0 637 0 0
1535705438 5430 0 0 0 0 0 0 0 0 0 0 0 0 0 0 0 0 637 0 0
1535705573 5443 0 0 0 0 0 0 0 0 0 0 0 0 0 0 0 0 637 0 0
1535718196 5550 0 0 0 0 0 0 0 0 0 0 0 0 0 0 0 0 637 0 0
1535739072 5556 0 0 0 0 0 0 0 0 0 0 0 0 0 0 0 0 637 0 0
1536179081 5556 0 0 0 0 127 0 0 0 0 0 0 0 0 0 0 0 637 0 0
1536571359 5560 0 0 0 0 127 0 0 0 0 0 0 0 0 0 0 0 637 0 0
1536572083 5564 0 0 0 0 127 0 0 0 0 0 0 0 0 0 0 0 637 0 0
1536573299 5573 0 0 0 0 127 0 0 0 0 0 0 0 0 0 0 0 637 0 0
1536658993 5727 0 0 0 0 127 0 0 0 0 0 0 0 0 0 0 0 637 0 0
1536664031 5777 0 0 0 0 127 0 0 0 0 0 0 0 0 0 0 0 637 0 0
1536666925 5783 0 0 0 0 127 0 0 0 0 0 0 0 0 0 0 0 637 0 0
1536758431 5883 0 0 0 0 127 0 0 0 0 0 0 0 0 0 0 0 637 0 0
1536759432 5883 0 0 0 0 127 0 0 0 0 0 0 0 0 0 0 0 637 0 0
1536759679 5887 0 0 0 0 127 0 0 0 0 0 0 0 0 0 0 0 637 0 0
1536841547 5888 0 0 0 0 127 0 0 0 0 0 0 0 0 0 0 0 637 0 0
1536842095 6041 0 0 0 0 127 0 0 0 0 0 0 0 0 0 0 0 637 0 0
1536912265 6042 0 0 0 0 127 0 0 0 0 0 0 0 0 0 0 0 637 0 0
1536912639 6056 0 0 0 0 127 0 0 0 0 0 0 0 0 0 0 0 637 0 0
1536913118 6115 0 0 0 0 127 0 0 0 0 0 0 0 0 0 0 0 637 0 0
1536913450 6116 0 0 0 0 127 0 0 0 0 0 0 0 0 0 0 0 637 0 0
1536914438 6120 0 0 0 0 127 0 0 0 0 0 0 0 0 0 0 0 637 0 0
1536916802 6128 0 0 0 0 127 0 0 0 0 0 0 0 0 0 0 0 637 0 0
1536919013 6130 0 0 0 0 127 0 0 0 0 0 0 0 0 0 0 0 637 0 0
1536921942 6137 0 0 0 0 127 0 0 0 0 0 0 0 0 0 0 0 637 0 0
1536932220 6147 0 0 0 0 127 0 0 0 0 0 0 0 0 0 0 0 637 0 0
1537186474 6203 0 0 0 0 127 0 0 0 0 0 0 0 0 0 0 0 637 0 0
1537187255 6271 0 0 0 0 127 0 0 0 0 0 0 0 0 0 0 0 637 0 0
1537269658 6835 0 0 0 0 127 0 0 0 0 0 0 0 0 0 0 0 637 0 0
1537271073 6856 0 0 0 0 127 0 0 0 0 0 0 0 0 0 0 0 637 0 0
1537467578 6924 0 0 0 0 127 0 0 0 0 0 0 0 0 0 0 0 637 0 0
1537520222 6935 0 0 0 0 127 0 0 0 0 0 0 0 0 0 0 0 637 0 0
1537523319 6940 0 0 0 0 127 0 0 0 0 0 0 0 0 0 0 0 637 0 0
1537523784 6944 0 0 0 0 127 0 0 0 0 0 0 0 0 0 0 0 637 0 0
1538476798 6946 0 0 0 0 127 0 0 0 0 0 0 0 0 0 0 0 637 0 0
1538653230 6947 0 0 0 0 127 0 0 0 0 0 0 0 0 0 0 0 637 0 0
1538654561 6948 0 0 0 0 127 0 0 0 0 0 0 0 0 0 0 0 637 0 0
1538769894 7078 0 0 0 0 127 0 0 0 0 0 0 0 0 0 0 0 637 0 0
1539602583 7093 0 0 0 0 127 0 0 0 0 0 0 0 0 0 0 0 637 0 0
1539615652 7129 0 0 0 0 127 0 0 0 0 0 0 0 0 0 0 0 637 0 0
1539615952 7131 0 0 0 0 127 0 0 0 0 0 0 0 0 0 0 0 637 0 0
1539939040 7137 0 0 0 0 127 0 0 0 0 0 0 0 0 0 0 0 637 0 0
1539967770 7137 0 0 0 0 130 0 0 0 0 0 0 0 0 0 0 0 637 0 0
1540305565 7144 0 0 0 0 130 0 0 0 0 0 0 0 0 0 0 0 637 0 0
1540306160 7254 0 0 0 0 130 0 0 0 0 0 0 0 0 0 0 0 637 0 0
1540459484 7254 0 0 0 0 137 0 0 0 0 0 0 0 0 0 0 0 637 0 0
1540459825 7254 0 0 0 0 139 0 0 0 0 0 0 0 0 0 0 0 637 0 0
1540461238 7331 0 0 0 0 139 0 0 0 0 0 0 0 0 0 0 0 637 0 0
1540463835 7340 0 0 0 0 139 0 0 0 0 0 0 0 0 0 0 0 637 0 0
1540465002 7344 0 0 0 0 139 0 0 0 0 0 0 0 0 0 0 0 637 0 0
1540477723 7464 0 0 0 0 139 0 0 0 0 0 0 0 0 0 0 0 637 0 0
1542403804 7464 0 0 0 0 145 0 0 0 0 0 0 0 0 0 0 0 637 0 0
1543309583 9477 0 0 0 0 145 0 0 0 0 0 0 0 0 0 0 0 637 0 0
1543524927 9483 0 0 0 0 145 0 0 0 0 0 0 0 0 0 0 0 637 0 0
1543832386 9484 0 0 0 0 145 0 0 0 0 0 0 0 0 0 0 0 637 0 0
1543930379 9522 0 0 0 0 145 0 0 0 0 0 0 0 0 0 0 0 637 0 0
1543935720 9522 0 0 0 0 146 0 0 0 0 0 0 0 0 0 0 0 637 0 0
1543936110 9553 0 0 0 0 146 0 0 0 0 0 0 0 0 0 0 0 637 0 0
1543945148 10577 0 0 0 0 146 0 0 0 0 0 0 0 0 0 0 0 637 0 0
1543946061 10594 0 0 0 0 146 0 0 0 0 0 0 0 0 0 0 0 637 0 0
1544017064 10595 0 0 0 0 146 0 0 0 0 0 0 0 0 0 0 0 637 0 0
1544019183 10596 0 0 0 0 146 0 0 0 0 0 0 0 0 0 0 0 637 0 0
1544027640 10598 0 0 0 0 146 0 0 0 0 0 0 0 0 0 0 0 637 0 0
1544098852 10612 0 0 0 0 146 0 0 0 0 0 0 0 0 0 0 0 637 0 0
1544116440 11454 0 0 0 0 146 0 0 0 0 0 0 0 0 0 0 0 637 0 0
1544123473 11496 0 0 0 0 146 0 0 0 0 0 0 0 0 0 0 0 637 0 0
1544177641 11497 0 0 0 0 146 0 0 0 0 0 0 0 0 0 0 0 637 0 0
1544189441 11567 0 0 0 0 146 0 0 0 0 0 0 0 0 0 0 0 637 0 0
1544956552 11599 0 0 0 0 146 0 0 0 0 0 0 0 0 0 0 0 637 0 0
1544990243 11599 0 0 0 0 146 0 0 0 0 0 0 0 0 0 0 0 637 0 0
1545307997 11601 0 0 0 0 146 0 0 0 0 0 0 0 0 0 0 0 637 0 0
1545308872 12629 0 0 0 0 146 0 0 0 0 0 0 0 0 0 0 0 637 0 0
1546437020 12629 0 0 0 0 146 0 0 0 0 0 0 0 0 0 0 0 637 0 0
1546440458 12630 0 0 0 0 146 0 0 0 0 0 0 0 0 0 0 0 637 0 0
1546507268 12630 0 0 0 0 146 0 0 0 0 0 0 0 0 0 0 0 637 0 0
1546853487 12722 0 0 0 0 146 0 0 0 0 0 0 0 0 0 0 0 637 0 0
1546946716 13129 0 0 0 0 146 0 0 0 0 0 0 0 0 0 0 0 637 0 0
1546968082 13136 0 0 0 0 146 0 0 0 0 0 0 0 0 0 0 0 637 0 0
1546968304 13136 0 0 0 0 146 0 0 0 0 0 4 0 0 0 0 0 637 0 0
1547048516 13136 0 0 0 0 146 0 0 0 0 0 4 0 0 0 0 0 637 0 0
1547124465 13149 0 0 0 0 146 0 0 0 0 0 4 0 0 0 0 0 637 0 0
1547131887 13156 0 0 0 0 146 0 0 0 0 0 4 0 0 0 0 0 637 0 0
1547831170 14637 0 0 0 0 146 0 0 0 0 0 4 0 0 0 0 0 637 0 0
1547833417 14650 0 0 0 0 146 0 0 0 0 0 4 0 0 0 0 0 637 0 0
1547915877 14654 0 0 0 0 146 0 0 0 0 0 4 0 0 0 0 0 637 0 0
1548679016 14660 0 0 0 0 146 0 0 0 0 0 4 0 0 0 0 0 637 0 0
1548709831 14679 0 0 0 0 146 0 0 0 0 0 4 0 0 0 0 0 637 0 0
1548768091 14712 0 0 0 0 146 0 0 0 0 0 4 0 0 0 0 0 637 0 0
1548769967 14724 0 0 0 0 146 0 0 0 0 0 4 0 0 0 0 0 637 0 0
1548770129 14732 0 0 0 0 146 0 0 0 0 0 4 0 0 0 0 0 637 0 0
1548852447 14732 0 0 0 0 146 0 0 0 0 0 4 0 0 0 0 0 637 0 0
1548866977 14732 0 0 0 0 146 0 0 0 0 0 4 0 0 0 0 0 637 0 0
1548919654 14885 0 0 0 0 146 0 0 0 0 0 4 0 0 0 0 0 637 0 0
1548943888 15185 0 0 0 0 146 0 0 0 0 0 4 0 0 0 0 0 637 0 0
1548945757 15188 0 0 0 0 146 0 0 0 0 0 4 0 0 0 0 0 637 0 0
1549038813 15188 0 0 0 0 146 0 0 0 77 0 4 0 0 0 0 0 637 0 0
1549039147 15188 0 0 0 0 146 0 0 0 106 0 4 0 0 0 0 0 637 0 0
1549306424 15279 0 0 0 0 146 0 0 0 106 0 4 0 0 0 0 0 637 0 0
1549307440 15310 0 0 0 0 146 0 0 0 106 0 4 0 0 0 0 0 637 0 0
1549555883 15324 0 0 0 0 146 0 0 0 106 0 4 0 0 0 0 0 637 0 0
1550134819 15710 0 0 0 0 146 0 0 0 106 0 4 0 0 0 0 0 637 0 0
1550137844 15710 0 0 0 0 146 0 0 0 106 0 4 0 0 0 0 0 637 0 0
1550138710 15710 0 0 0 0 150 0 0 0 106 0 4 0 0 0 0 0 637 0 0
1550139527 15714 0 0 0 0 150 0 0 0 106 0 4 0 0 0 0 0 637 0 0
1551962113 15725 0 0 0 0 150 0 0 0 106 0 4 0 0 0 0 0 637 0 0
1551965120 15738 0 0 0 0 150 0 0 0 106 0 4 0 0 0 0 0 637 0 0
1552318496 16751 0 0 0 0 150 0 0 0 106 0 4 0 0 0 0 0 637 0 0
1552319439 16863 0 0 0 0 150 0 0 0 106 0 4 0 0 0 0 0 637 0 0
1552401664 16863 0 0 0 0 150 0 0 0 106 0 4 0 0 0 0 0 637 0 0
1553016905 16863 0 0 0 0 150 0 0 0 106 0 4 0 0 0 0 0 637 0 0
1554377980 16865 0 0 0 0 150 0 0 0 106 0 4 0 0 0 0 0 637 0 0
1556632226 16865 0 0 0 0 150 0 0 0 106 0 4 0 0 0 35 0 637 0 0
1557131414 16865 0 0 0 0 150 0 0 0 107 0 4 0 0 0 35 0 637 0 0
1557151487 16991 0 0 0 0 150 0 0 0 107 0 4 0 0 0 35 0 637 0 0
1557153021 16995 0 0 0 0 150 0 0 0 107 0 4 0 0 0 35 0 637 0 0
1557245956 17044 0 0 0 0 150 0 0 0 107 0 4 0 0 0 35 0 637 0 0
1557390900 17322 0 0 0 0 150 0 0 0 107 0 4 0 0 0 35 0 637 0 0
1557392171 17322 0 0 0 0 150 1 0 0 107 0 4 0 0 0 35 0 637 0 0
1557403863 17328 0 0 0 0 150 1 0 0 107 0 4 0 0 0 35 0 637 0 0
1557496161 17332 0 0 0 0 150 1 0 0 107 0 4 0 0 0 35 0 637 0 0
1557496304 17332 0 0 0 0 150 1 0 5 107 0 4 0 0 0 35 0 637 0 0
1557924193 17332 0 0 0 0 150 1 0 12 107 0 4 0 0 0 35 0 637 0 0
1558086748 17332 0 0 0 0 150 1 0 12 107 0 4 0 0 0 88 0 637 0 0
1559032318 17332 0 0 0 0 150 1 0 45 107 0 4 0 0 0 88 0 637 0 0
1559033248 17332 0 0 0 0 150 1 0 45 107 0 5 0 0 0 88 0 637 0 0
1559033713 17332 0 0 0 0 150 1 0 48 107 0 5 0 0 0 88 0 637 0 0
1559639506 17339 0 0 0 0 150 1 0 48 107 0 5 0 0 0 88 0 637 0 0
1559820346 17339 0 0 0 0 150 1 0 48 107 0 5 2 0 0 88 0 637 0 0
1560952258 17383 0 0 0 0 150 1 0 48 107 0 5 2 0 0 88 0 637 0 0
1561106401 17383 0 0 0 0 150 1 0 48 107 0 5 2 0 0 88 0 637 0 0
1561480281 17463 0 0 0 0 150 1 0 48 107 0 5 2 0 0 88 0 637 0 0
1561480705 17463 0 0 0 0 150 1 0 48 107 0 5 2 0 0 88 0 637 0 0
1562774136 17463 0 0 0 0 150 2 0 48 107 0 5 2 0 0 88 0 637 0 0
1562774724 17665 0 0 0 0 150 2 0 48 107 0 5 2 0 0 88 0 637 0 0
1562777097 17665 0 0 0 0 150 22 0 48 107 0 5 2 0 0 88 0 637 0 0
1562777689 17665 0 0 0 0 150 22 0 48 107 0 5 2 1 0 88 0 637 0 0
1563364281 17744 0 0 0 0 150 22 0 48 107 0 5 2 1 0 88 0 637 0 0
1563365103 17755 0 0 0 0 150 22 0 48 107 0 5 2 1 0 88 0 637 0 0
1565094902 17755 0 0 0 0 150 28 0 48 107 0 5 2 1 0 88 0 637 0 0
1565168152 17755 0 0 0 0 150 28 0 48 107 0 5 2 5 0 88 0 637 0 0
1568046042 17776 0 0 0 0 150 28 0 48 107 0 5 2 5 0 88 0 637 0 0
1568655821 17777 0 0 0 0 150 28 0 48 107 0 5 2 5 0 88 0 637 0 0
1568745260 17867 0 0 0 0 150 28 0 48 107 0 5 2 5 0 88 0 637 0 0
1569518901 17868 0 0 0 0 150 28 0 48 107 0 5 2 5 0 88 0 637 0 0
1569580751 17868 0 0 0 0 150 28 0 48 107 0 5 2 5 0 88 0 637 0 0
1570009777 17872 0 0 0 0 150 28 0 48 107 0 5 2 5 0 88 0 637 0 0
1571823633 17872 0 0 0 0 150 28 0 48 109 0 5 2 5 0 88 0 637 0 0
1571825836 17911 0 0 0 0 150 28 0 48 109 0 5 2 5 0 88 0 637 0 0
1571839239 17920 0 0 0 0 150 28 0 48 109 0 5 2 5 0 88 0 637 0 0
1571839594 17924 0 0 0 0 150 28 0 48 109 0 5 2 5 0 88 0 637 0 0
1574171433 17924 0 0 0 0 150 28 0 48 109 0 5 2 5 60 88 0 637 0 0
1574792034 17924 0 0 0 0 150 28 0 48 109 0 5 2 5 60 88 0 637 0 0
1581540960 17924 0 0 0 0 150 28 0 48 109 0 5 2 5 60 88 0 637 0 0
1581586002 17926 0 0 0 0 150 28 0 48 109 0 5 2 5 60 88 0 637 0 0
1583420839 17931 0 0 0 0 150 28 0 48 109 0 5 2 5 60 88 0 637 0 0
1587712581 18046 0 0 0 0 150 28 0 48 109 0 5 2 5 60 88 0 637 0 0
1588233480 18046 0 0 0 0 150 28 0 48 109 0 5 2 5 60 88 0 637 0 0
1588238268 18183 0 0 0 0 150 28 0 48 109 0 5 2 5 60 88 0 637 0 0
1588238665 18314 0 0 0 0 150 28 0 48 109 0 5 2 5 60 88 0 637 0 0
1588614645 18314 0 0 0 0 150 28 0 48 109 0 286 2 5 60 88 0 637 0 0
1588876701 18314 0 0 0 0 150 28 0 48 109 0 286 2 5 60 88 0 637 0 0
1588931020 18560 0 0 0 0 150 28 0 48 109 0 286 2 5 60 88 0 637 0 0
1591635681 18560 0 0 0 0 150 28 0 48 109 0 286 2 5 60 88 0 637 0 0
1591635929 18560 0 0 0 0 150 28 0 48 109 0 286 2 5 60 88 0 637 0 0
1591645705 18560 0 0 0 3 150 28 0 48 109 0 286 2 5 60 88 0 637 0 0
1591647198 18560 0 0 0 6 150 28 0 48 109 0 286 2 5 60 88 0 637 0 0
1591717191 18562 0 0 0 6 150 28 0 48 109 0 286 2 5 60 88 0 637 0 0
1594651263 18562 0 0 0 6 150 28 0 48 109 0 286 2 5 60 88 0 637 0 0
1598013690 18562 0 0 0 6 150 28 0 48 109 0 286 2 5 60 88 0 637 0 0
1599468506 18562 0 0 0 157 150 28 0 48 109 0 286 2 5 60 88 0 637 0 0
1599808059 18562 0 0 0 166 150 28 0 48 109 0 286 2 5 60 88 0 637 0 0
1603722361 18562 0 0 0 166 150 28 0 48 109 0 286 2 5 60 88 0 637 0 0
1611325044 18562 0 19 0 166 150 28 0 48 109 0 286 2 5 60 88 0 637 0 0
1611325549 18562 545 19 0 166 150 28 0 48 109 0 286 2 5 60 88 0 637 0 0
1611325948 18562 939 19 0 166 150 28 0 48 109 0 286 2 5 60 88 0 637 0 0
1611334505 18562 939 19 0 166 150 28 0 48 109 0 286 2 5 60 88 0 637 0 0
1611343471 18562 939 19 0 166 150 28 0 48 109 0 286 2 5 60 88 0 637 0 0
1611414497 18562 939 19 0 170 150 28 0 48 109 0 286 2 5 60 88 0 637 0 0
1611433718 18562 939 19 0 179 150 28 0 48 109 0 286 2 5 60 88 0 637 0 0
1611516076 18562 947 19 0 179 150 28 0 48 109 0 286 2 5 60 88 0 637 0 0
1611518431 18562 947 19 0 179 150 28 0 48 109 1 286 2 5 60 88 0 637 0 0
1611530599 18562 1242 19 0 179 150 28 0 48 109 1 286 2 5 60 88 0 637 0 0
1611570690 18562 1255 19 0 179 150 28 0 48 109 1 286 2 5 60 88 0 637 0 0
1611589484 18562 1474 19 0 179 150 28 0 48 109 1 286 2 5 60 88 0 637 0 0
1611590506 18562 1511 19 0 179 150 28 0 48 109 1 286 2 5 60 88 0 637 0 0
1611590692 18562 1618 19 0 179 150 28 0 48 109 1 286 2 5 60 88 0 637 0 0
1611601625 18562 1736 19 0 179 150 28 0 48 109 1 286 2 5 60 88 0 637 0 0
1611602055 18562 1736 19 0 179 150 28 0 48 109 1 286 2 5 60 88 0 637 0 0
1611605572 18562 1736 19 0 179 150 28 0 48 109 1 286 2 5 60 88 0 637 0 0
1611609532 18562 1737 19 0 179 150 28 0 48 109 1 286 2 5 60 88 0 637 0 0
1611610934 18562 1755 19 0 179 150 28 0 48 109 1 286 2 5 60 88 0 637 0 0
1611611969 18562 1766 19 0 179 150 28 0 48 109 1 286 2 5 60 88 0 637 0 0
1611612103 18562 2031 19 0 179 150 28 0 48 109 1 286 2 5 60 88 0 637 0 0
1611615725 18562 2031 19 0 179 150 28 0 48 109 1 286 2 5 60 88 0 637 0 0
1611680589 18562 2031 19 0 179 150 28 0 48 109 1 286 10 5 60 88 0 637 0 0
1612107783 18562 2031 19 0 179 150 28 0 48 109 1 286 10 5 60 88 0 637 0 0
1612296573 18562 2470 19 0 179 150 28 0 48 109 1 286 10 5 60 88 0 637 0 0
1612370845 18562 2470 19 0 182 150 28 0 48 109 1 286 10 5 60 88 0 637 0 0
1612383523 18562 2528 19 0 182 150 28 0 48 109 1 286 10 5 60 88 0 637 0 0
1612385663 18562 2528 36 0 182 150 28 0 48 109 1 286 10 5 60 88 0 637 0 0
1612439941 18562 2528 36 0 182 150 28 0 48 109 46 286 10 5 60 88 0 637 0 0
1612464122 18562 2532 36 0 182 150 28 0 48 109 46 286 10 5 60 88 0 637 0 0
1612480349 18562 2536 36 0 182 150 28 0 48 109 46 286 10 5 60 88 0 637 0 0
1612531747 18562 2536 36 0 199 150 28 0 48 109 46 286 10 5 60 88 0 637 0 0
1612904180 18562 2536 83 0 199 150 28 0 48 109 46 286 10 5 60 88 0 637 0 0
1612904649 18562 2536 85 0 199 150 28 0 48 109 46 286 10 5 60 88 0 637 0 0
1612925923 18562 2536 85 0 199 150 28 0 48 109 46 286 10 5 60 88 0 637 0 0
1612982021 18562 2537 85 0 199 150 28 0 48 109 46 286 10 5 60 88 0 637 0 0
1613171118 18562 2540 85 0 199 150 28 0 48 109 46 286 10 5 60 88 0 637 0 0
1613490118 18562 4127 85 0 199 150 28 0 48 109 46 286 10 5 60 88 0 637 0 0
1613491096 18562 4127 88 0 199 150 28 0 48 109 46 286 10 5 60 88 0 637 0 0
1613492005 18562 4140 88 0 199 150 28 0 48 109 46 286 10 5 60 88 0 637 0 0
1613505348 18562 4140 106 0 199 150 28 0 48 109 46 286 10 5 60 88 0 637 0 0
1613717471 18562 4146 106 0 199 150 28 0 48 109 46 286 10 5 60 88 0 637 0 0
1614025721 18562 4206 106 0 199 150 28 0 48 109 46 286 10 5 60 88 0 637 0 0
1614187472 18562 4206 106 4 199 150 28 0 48 109 46 286 10 5 60 88 0 637 0 0
1614199869 18562 4206 213 4 199 150 28 0 48 109 46 286 10 5 60 88 0 637 0 0
1614206736 18562 4206 221 4 199 150 28 0 48 109 46 286 10 5 60 88 0 637 0 0
1614370873 18562 5160 221 4 199 150 28 0 48 109 46 286 10 5 60 88 0 637 0 0
1614611660 18562 5167 221 4 199 150 28 0 48 109 46 286 10 5 60 88 0 637 0 0
1614613585 18562 5607 221 4 199 150 28 0 48 109 46 286 10 5 60 88 0 637 0 0
1614615756 18562 5668 221 4 199 150 28 0 48 109 46 286 10 5 60 88 0 637 0 0
1614627117 18562 5668 241 4 199 150 28 0 48 109 46 286 10 5 60 88 0 637 0 0
1614638485 18562 5668 245 4 199 150 28 0 48 109 46 286 10 5 60 88 0 637 0 0
1614640447 18562 5668 246 4 199 150 28 0 48 109 46 286 10 5 60 88 0 637 0 0
1614642992 18562 5668 246 4 199 150 28 0 48 109 46 286 10 5 60 88 0 637 0 0
1614643443 18562 5668 246 4 199 150 28 0 48 109 46 286 10 5 60 88 0 637 0 0
1614702751 18562 5668 410 4 199 150 28 0 48 109 46 286 10 5 60 88 0 637 0 0
1614794883 18562 5748 410 4 199 150 28 0 48 109 46 286 10 5 60 88 0 637 0 0
1615303270 18562 5748 415 4 199 150 28 0 48 109 46 286 10 5 60 88 0 637 0 0
1615315753 18562 5821 415 4 199 150 28 0 48 109 46 286 10 5 60 88 0 637 0 0
1615316101 18562 5921 415 4 199 150 28 0 48 109 46 286 10 5 60 88 0 637 0 0
1615325308 18562 5921 509 4 199 150 28 0 48 109 46 286 10 5 60 88 0 637 0 0
1615481556 18562 6392 509 4 199 150 28 0 48 109 46 286 10 5 60 88 0 637 0 0
1615482840 18562 6573 509 4 199 150 28 0 48 109 46 286 10 5 60 88 0 637 0 0
1615485249 18562 6588 509 4 199 150 28 0 48 109 46 286 10 5 60 88 0 637 0 0
1615568054 18562 11298 509 4 199 150 28 0 48 109 46 286 10 5 60 88 0 637 0 0
1615568893 18562 11405 509 4 199 150 28 0 48 109 46 286 10 5 60 88 0 637 0 0
1615646997 18562 11406 509 4 199 150 28 0 48 109 46 286 10 5 60 88 0 637 0 0
1615824046 18562 11572 509 4 199 150 28 0 48 109 46 286 10 5 60 88 0 637 0 0
1615827557 18562 11581 509 4 199 150 28 0 48 109 46 286 10 5 60 88 0 637 0 0
1615828679 18562 11762 509 4 199 150 28 0 48 109 46 286 10 5 60 88 0 637 0 0
1615829089 18562 11788 509 4 199 150 28 0 48 109 46 286 10 5 60 88 0 637 0 0
1615847136 18562 11788 511 4 199 150 28 0 48 109 46 286 10 5 60 88 0 637 0 0
1615906769 18562 11791 511 4 199 150 28 0 48 109 46 286 10 5 60 88 0 637 0 0
1615988564 18562 12262 511 4 199 150 28 0 48 109 46 286 10 5 60 88 0 637 0 0
1615995242 18562 12269 511 4 199 150 28 0 48 109 46 286 10 5 60 88 0 637 0 0
1615995928 18562 12328 511 4 199 150 28 0 48 109 46 286 10 5 60 88 0 637 0 0
1615998664 18562 12333 511 4 199 150 28 0 48 109 46 286 10 5 60 88 0 637 0 0
1616017825 18562 12333 540 4 199 150 28 0 48 109 46 286 10 5 60 88 0 637 0 0
1616081755 18562 12414 540 4 199 150 28 0 48 109 46 286 10 5 60 88 0 637 0 0
1616082096 18562 12415 540 4 199 150 28 0 48 109 46 286 10 5 60 88 0 637 0 0
1616271117 18562 12454 540 4 199 150 28 0 48 109 46 286 10 5 60 88 0 637 0 0
1616423105 18562 12455 540 4 199 150 28 0 48 109 46 286 10 5 60 88 0 637 0 0
1616426028 18562 12458 540 4 199 150 28 0 48 109 46 286 10 5 60 88 0 637 0 0
1616688072 18562 12458 540 4 199 150 28 0 48 109 58 286 10 5 60 88 0 637 0 0
1616787067 18562 12462 540 4 199 150 28 0 48 109 58 286 10 5 60 88 0 637 0 0
1616965275 18562 12462 572 4 199 150 28 0 48 109 58 286 10 5 60 88 0 637 0 0
1616971113 18562 12462 575 4 199 150 28 0 48 109 58 286 10 5 60 88 0 637 0 0
1616972675 18562 12462 888 4 199 150 28 0 48 109 58 286 10 5 60 88 0 637 0 0
1617064441 18562 12462 888 4 199 150 28 0 48 109 58 286 10 5 60 88 9 637 0 0
1617222187 18562 12469 888 4 199 150 28 0 48 109 58 286 10 5 60 88 9 637 0 0
1617230779 18562 12469 889 4 199 150 28 0 48 109 58 286 10 5 60 88 9 637 0 0
1617327936 18562 12545 889 4 199 150 28 0 48 109 58 286 10 5 60 88 9 637 0 0
1617917967 18562 12545 889 10 199 150 28 0 48 109 58 286 10 5 60 88 9 637 0 0
1617976816 18562 12545 1113 10 199 150 28 0 48 109 58 286 10 5 60 88 9 637 0 0
1618241022 18562 12750 1113 10 199 150 28 0 48 109 58 286 10 5 60 88 9 637 0 0
1618340986 18562 12750 1113 10 199 150 28 0 48 109 58 286 10 5 60 88 9 637 0 0
1618530281 18562 12750 1113 10 199 150 28 0 48 109 58 286 10 5 60 88 9 637 0 0
1618759910 18562 12751 1113 10 199 150 28 0 48 109 58 286 10 5 60 88 9 637 0 0
1618842785 18562 12805 1113 10 199 150 28 0 48 109 58 286 10 5 60 88 9 637 0 0
1618843076 18562 12822 1113 10 199 150 28 0 48 109 58 286 10 5 60 88 9 637 0 0
1618844510 18562 12822 1128 10 199 150 28 0 48 109 58 286 10 5 60 88 9 637 0 0
1619078386 18562 12822 1128 10 199 150 28 0 48 109 58 286 10 5 60 88 9 637 0 0
1619197873 18562 12860 1128 10 199 150 28 0 48 109 58 286 10 5 60 88 9 637 0 0
1619206902 18562 12872 1128 10 199 150 28 0 48 109 58 286 10 5 60 88 9 637 0 0
1619798612 18562 13393 1128 10 199 150 28 0 48 109 58 286 10 5 60 88 9 637 0 0
1619814383 18562 13514 1128 10 199 150 28 0 48 109 58 286 10 5 60 88 9 637 0 0
1620246954 18562 13605 1128 10 199 150 28 0 48 109 58 286 10 5 60 88 9 637 0 0
1620262045 18562 13605 1192 10 199 150 28 0 48 109 58 286 10 5 60 88 9 637 0 0
1620401997 18562 13605 1203 10 199 150 28 0 48 109 58 286 10 5 60 88 9 637 0 0
1620537505 18562 13678 1203 10 199 150 28 0 48 109 58 286 10 5 60 88 9 637 0 0
1620537870 18562 13702 1203 10 199 150 28 0 48 109 58 286 10 5 60 88 9 637 0 0
1620577074 18562 13702 1323 10 199 150 28 0 48 109 58 286 10 5 60 88 9 637 0 0
1620598552 18562 13702 1325 10 199 150 28 0 48 109 58 286 10 5 60 88 9 637 0 0
1620600297 18562 13702 1329 10 199 150 28 0 48 109 58 286 10 5 60 88 9 637 0 0
1620832885 18562 13702 1329 10 199 150 28 0 48 109 58 286 10 5 60 88 9 637 0 0
1620852199 18562 13721 1329 10 199 150 28 0 48 109 58 286 10 5 60 88 9 637 0 0
1620853242 18562 13738 1329 10 199 150 28 0 48 109 58 286 10 5 60 88 9 637 0 0
1620854205 18562 13745 1329 10 199 150 28 0 48 109 58 286 10 5 60 88 9 637 0 0
1620915782 18562 13749 1329 10 199 150 28 0 48 109 58 286 10 5 60 88 9 637 0 0
1621201984 18562 13761 1329 10 199 150 28 0 48 109 58 286 10 5 60 88 9 637 0 0
1621352419 18562 13812 1329 10 199 150 28 0 48 109 58 286 10 5 60 88 9 637 0 0
1621613219 18562 13893 1329 10 199 150 28 0 48 109 58 286 10 5 60 88 9 637 0 0
1621622434 18562 13951 1329 10 199 150 28 0 48 109 58 286 10 5 60 88 9 637 0 0
1622579616 18562 13951 1329 10 199 150 28 0 48 109 58 286 10 5 60 88 9 637 0 18
1622581156 18562 14153 1329 10 199 150 28 0 48 109 58 286 10 5 60 88 9 637 0 18
1622660336 18562 14429 1329 10 199 150 28 0 48 109 58 286 10 5 60 88 9 637 0 18
1622662460 18562 14443 1329 10 199 150 28 0 48 109 58 286 10 5 60 88 9 637 0 18
1622662765 18562 14443 1329 10 199 150 28 0 48 109 58 286 10 5 60 88 9 637 0 18
1622752226 18562 14443 1329 10 199 150 28 0 48 109 58 286 10 5 60 88 9 637 0 96
1622814652 18562 14444 1329 10 199 150 28 0 48 109 58 286 10 5 60 88 9 637 0 96
1623082150 18562 14450 1329 10 199 150 28 0 48 109 58 286 10 5 60 88 9 637 0 96
1623608489 18562 14471 1329 10 199 150 28 0 48 109 58 286 10 5 60 88 9 637 0 96
1623682528 18562 14474 1329 10 199 150 28 0 48 109 58 286 10 5 60 88 9 637 0 96
1623689989 18562 14556 1329 10 199 150 28 0 48 109 58 286 10 5 60 88 9 637 0 96
1623777319 18562 14558 1329 10 199 150 28 0 48 109 58 286 10 5 60 88 9 637 0 96
1623795008 18562 14996 1329 10 199 150 28 0 48 109 58 286 10 5 60 88 9 637 0 96
1623843983 18562 14996 1329 10 199 150 28 0 48 109 58 286 10 5 60 88 9 637 238 96
1623848955 18562 15012 1329 10 199 150 28 0 48 109 58 286 10 5 60 88 9 637 238 96
1623851935 18562 15023 1329 10 199 150 28 0 48 109 58 286 10 5 60 88 9 637 238 96
1623854146 18562 15038 1329 10 199 150 28 0 48 109 58 286 10 5 60 88 9 637 238 96
1623880502 18562 15038 1329 10 208 150 28 0 48 109 58 286 10 5 60 88 9 637 238 96
1624227943 18562 15974 1329 10 208 150 28 0 48 109 58 286 10 5 60 88 9 637 238 96
1624228186 18562 15975 1329 10 208 150 28 0 48 109 58 286 10 5 60 88 9 637 238 96
1624288491 18562 15976 1329 10 208 150 28 0 48 109 58 286 10 5 60 88 9 637 238 96
1624289074 18562 16092 1329 10 208 150 28 0 48 109 58 286 10 5 60 88 9 637 238 96
1624374878 18562 16105 1329 10 208 150 28 0 48 109 58 286 10 5 60 88 9 637 238 96
1624377089 18562 16105 1329 276 208 150 28 0 48 109 58 286 10 5 60 88 9 637 238 96
1624377955 18562 16107 1329 276 208 150 28 0 48 109 58 286 10 5 60 88 9 637 238 96
1624392631 18562 16469 1329 276 208 150 28 0 48 109 58 286 10 5 60 88 9 637 238 96
1624393079 18562 16470 1329 276 208 150 28 0 48 109 58 286 10 5 60 88 9 637 238 96
1624393567 18562 16485 1329 276 208 150 28 0 48 109 58 286 10 5 60 88 9 637 238 96
1624412654 18562 16510 1329 276 208 150 28 0 48 109 58 286 10 5 60 88 9 637 238 96
1624462341 18562 16510 1329 280 208 150 28 0 48 109 58 286 10 5 60 88 9 637 238 96
1624893726 18562 17964 1329 280 208 150 28 0 48 109 58 286 10 5 60 88 9 637 238 96
1624902613 18562 17965 1329 280 208 150 28 0 48 109 58 286 10 5 60 88 9 637 238 96
1624911197 18562 17965 1337 280 208 150 28 0 48 109 58 286 10 5 60 88 9 637 238 96
1625108995 18562 17965 1337 280 208 150 28 0 48 109 58 286 10 5 62 88 9 637 238 96
1625608680 18562 17965 1366 280 208 150 28 0 48 109 58 286 10 5 62 88 9 637 238 96
1626099438 18562 17965 1366 356 208 150 28 0 48 109 58 286 10 5 62 88 9 637 238 96
1626101026 18562 17966 1366 356 208 150 28 0 48 109 58 286 10 5 62 88 9 637 238 96
1626280655 18562 18121 1366 356 208 150 28 0 48 109 58 286 10 5 62 88 9 637 238 96
1626637606 18562 18146 1366 356 208 150 28 0 48 109 58 286 10 5 62 88 9 637 238 96
1626685484 18562 18146 1366 356 208 150 28 0 48 109 58 286 10 5 62 88 9 637 358 96
1626717541 18562 18148 1366 356 208 150 28 0 48 109 58 286 10 5 62 88 9 637 358 96
1626720031 18562 18148 1373 356 208 150 28 0 48 109 58 286 10 5 62 88 9 637 358 96
1626720226 18562 18150 1373 356 208 150 28 0 48 109 58 286 10 5 62 88 9 637 358 96
1626723861 18562 18184 1373 356 208 150 28 0 48 109 58 286 10 5 62 88 9 637 358 96
1626799349 18562 18184 1373 380 208 150 28 0 48 109 58 286 10 5 62 88 9 637 358 96
1626799473 18562 18184 1373 391 208 150 28 0 48 109 58 286 10 5 62 88 9 637 358 96
1626982225 18562 18184 1373 401 208 150 28 0 48 109 58 286 10 5 62 88 9 637 358 96
1627482604 18562 18184 1373 524 208 150 28 0 48 109 58 286 10 5 62 88 9 637 358 96
1627485183 18562 18184 1373 785 208 150 28 0 48 109 58 286 10 5 62 88 9 637 358 96
1627487168 18562 18189 1373 785 208 150 28 0 48 109 58 286 10 5 62 88 9 637 358 96
1627488048 18562 18192 1373 785 208 150 28 0 48 109 58 286 10 5 62 88 9 637 358 96
1627489128 18562 18198 1373 785 208 150 28 0 48 109 58 286 10 5 62 88 9 637 358 96
1627492373 18562 18198 1478 785 208 150 28 0 48 109 58 286 10 5 62 88 9 637 358 96
1627564406 18562 18198 1478 786 208 150 28 0 48 109 58 286 10 5 62 88 9 637 358 96
1627569052 18562 18199 1478 786 208 150 28 0 48 109 58 286 10 5 62 88 9 637 358 96
1627569252 18562 18201 1478 786 208 150 28 0 48 109 58 286 10 5 62 88 9 637 358 96
1627632546 18562 18202 1478 786 208 150 28 0 48 109 58 286 10 5 62 88 9 637 358 96
1627655459 18562 18203 1478 786 208 150 28 0 48 109 58 286 10 5 62 88 9 637 358 96
1627655721 18562 18205 1478 786 208 150 28 0 48 109 58 286 10 5 62 88 9 637 358 96
1627996267 18562 18205 1478 797 208 150 28 0 48 109 58 286 10 5 62 88 9 637 358 96
1628188820 18562 18205 1478 857 208 150 28 0 48 109 58 286 10 5 62 88 9 637 358 96
1629205708 18562 18212 1478 857 208 150 28 0 48 109 58 286 10 5 62 88 9 637 358 96
1629206391 18562 18212 1478 922 208 150 28 0 48 109 58 286 10 5 62 88 9 637 358 96
1629208158 18562 18332 1478 922 208 150 28 0 48 109 58 286 10 5 62 88 9 637 358 96
1629209112 18562 18354 1478 922 208 150 28 0 48 109 58 286 10 5 62 88 9 637 358 96
1629278477 18562 18354 1478 922 208 150 28 0 48 109 58 286 10 5 62 88 12 637 358 96
1629291617 18562 18354 1478 1048 208 150 28 0 48 109 58 286 10 5 62 88 12 637 358 96
1629292069 18562 18357 1478 1048 208 150 28 0 48 109 58 286 10 5 62 88 12 637 358 96
1629448390 18562 18357 1478 1048 208 150 46 0 48 109 58 286 10 5 62 88 12 637 358 96
1629532510 18562 18357 1478 1048 208 150 145 0 48 109 58 286 10 5 62 88 12 637 358 96
1630181761 18562 18357 1598 1048 208 150 145 0 48 109 58 286 10 5 62 88 12 637 358 96
1630936876 18562 18357 1598 1048 208 150 145 1 48 109 58 286 10 5 62 88 12 637 358 96
1631550084 18562 18358 1598 1048 208 150 145 1 48 109 58 286 10 5 62 88 12 637 358 96
1631550946 18562 18360 1598 1048 208 150 145 1 48 109 58 286 10 5 62 88 12 637 358 96
1632270940 18562 18360 1598 1048 208 150 150 1 48 109 58 286 10 5 62 88 12 637 358 96
1633044856 18562 18369 1598 1048 208 150 150 1 48 109 58 286 10 5 62 88 12 637 358 96
1633442830 18562 18369 1598 1048 208 150 150 25 48 109 58 286 10 5 62 88 12 637 358 96
1634585340 18562 18372 1598 1048 208 150 150 25 48 109 58 286 10 5 62 88 12 637 358 96
1634655113 18562 18372 1598 1048 208 150 150 25 48 109 112 286 10 5 62 88 12 637 358 96
1634658857 18562 18376 1598 1048 208 150 150 25 48 109 112 286 10 5 62 88 12 637 358 96
1634660100 18562 18379 1598 1048 208 150 150 25 48 109 112 286 10 5 62 88 12 637 358 96
1634660901 18562 18386 1598 1048 208 150 150 25 48 109 112 286 10 5 62 88 12 637 358 96
1637171485 18562 18392 1598 1048 208 150 150 25 48 109 112 286 10 5 62 88 12 637 358 96
1637278230 18562 18392 1599 1048 208 150 150 25 48 109 112 286 10 5 62 88 12 637 358 96
1637281660 18562 18392 1933 1048 208 150 150 25 48 109 112 286 10 5 62 88 12 637 358 96
1637283368 18562 18392 2219 1048 208 150 150 25 48 109 112 286 10 5 62 88 12 637 358 96
1637610808 18562 18392 2219 1057 208 150 150 25 48 109 112 286 10 5 62 88 12 637 358 96
1637796269 18562 18392 2219 1057 208 150 150 26 48 109 112 286 10 5 62 88 12 637 358 96
1638028374 18562 18392 2219 1057 208 150 150 219 48 109 112 286 10 5 62 88 12 637 358 96
1638183246 18562 18392 2219 1057 208 150 150 219 48 109 112 286 10 5 62 88 12 637 358 96
1638287933 18562 18392 2219 1057 208 150 150 300 48 109 112 286 10 5 62 88 12 637 358 96
1638548491 18562 18395 2219 1057 208 150 150 300 48 109 112 286 10 5 62 88 12 637 358 96
1638550409 18562 18396 2219 1057 208 150 150 300 48 109 112 286 10 5 62 88 12 637 358 96
1638551905 18562 18398 2219 1057 208 150 150 300 48 109 112 286 10 5 62 88 12 637 358 96
1638653387 18562 18398 2219 1057 208 150 150 300 48 109 112 286 10 5 62 88 12 637 358 96
1638834655 18562 18398 2219 1057 208 150 150 307 48 109 112 286 10 5 62 88 12 637 358 96
1639486112 18562 18399 2219 1057 208 150 150 307 48 109 112 286 10 5 62 88 12 637 358 96
1639783630 18562 18399 2320 1057 208 150 150 307 48 109 112 286 10 5 62 88 12 637 358 96
1639856612 18562 18399 2321 1057 208 150 150 307 48 109 112 286 10 5 62 88 12 637 358 96
1639949010 18562 18399 2322 1057 208 150 150 307 48 109 112 286 10 5 62 88 12 637 358 96
1640882251 18562 18521 2322 1057 208 150 150 307 48 109 112 286 10 5 62 88 12 637 358 96
1640884030 18562 18521 2322 1066 208 150 150 307 48 109 112 286 10 5 62 88 12 637 358 96
1641070117 18562 18521 2329 1066 208 150 150 307 48 109 112 286 10 5 62 88 12 637 358 96
1641071249 18562 18521 2679 1066 208 150 150 307 48 109 112 286 10 5 62 88 12 637 358 96
1641073562 18562 18521 2787 1066 208 150 150 307 48 109 112 286 10 5 62 88 12 637 358 96
1641141776 18562 18521 2801 1066 208 150 150 307 48 109 112 286 10 5 62 88 12 637 358 96
