1524622667 1
1524765126 637
1532948169 1807
1532955542 1806
1533561629 1808
1533561798 2619
1533561886 2703
1533739775 2702
1533739790 2726
1534154105 2670
1534154374 2671
1534157093 2700
1534158570 2700
1534163415 2706
1534164324 2724
1534164538 2727
1534165345 2715
1534166294 2739
1534183299 2777
1534254875 2778
1534406032 2797
1534420826 2797
1534454521 2797
1534520370 2797
1534534047 2794
1534538028 2796
1534539892 2807
1534773112 2807
1534773395 2812
1534773627 2812
1534776384 2813
1534777213 2818
1534779575 2821
1534783669 2835
1534792965 2922
1534794076 3012
1534796682 3084
1534797935 3117
1534855532 3117
1534856382 3146
1534856652 3173
1534925804 3177
1534926176 3239
1534941061 3402
1534942287 3402
1534943753 3389
1534944676 3390
1534946538 3390
1534968397 3506
1534969216 3505
1534969829 3584
1534971509 3587
1535102914 3623
1535374444 3662
1535374576 3729
1535374756 3728
1535376446 3724
1535449930 3725
1535456180 3709
1535627571 4334
1535629812 4334
1535643062 4353
1535645324 4353
1535646723 4389
1535705438 4402
1535705573 4402
1535718196 4460
1535739072 4464
1536179081 4581
1536571359 4581
1536572083 4584
1536573299 4587
1536658993 4726
1536664031 4762
1536666925 4762
1536758431 4849
1536759432 4847
1536759679 4850
1536841547 4850
1536842095 5003
1536912265 5003
1536912639 5012
1536913118 5058
1536913450 5059
1536914438 5060
1536916802 5066
1536919013 5066
1536921942 5071
1536932220 5079
1537186474 5134
1537187255 5136
1537269658 5692
1537271073 5707
1537467578 5721
1537520222 5728
1537523319 5732
1537523784 5733
1538476798 5733
1538653230 5720
1538654561 5718
1538769894 5782
1539602583 5793
1539615652 5814
1539615952 5812
1539939040 5665
1539967770 5666
1540305565 5671
1540306160 5757
1540459484 5750
1540459825 5745
1540461238 5806
1540463835 5810
1540465002 5810
1540477723 5926
1542403804 5926
1543309583 6946
1543524927 6946
1543832386 6946
1543930379 6982
1543935720 6979
1543936110 7010
1543945148 8033
1543946061 8041
1544017064 8041
1544019183 8041
1544027640 8041
1544098852 8055
1544116440 8880
1544123473 8887
1544177641 8888
1544189441 8905
1544956552 8937
1544990243 8936
1545307997 8938
1545308872 9964
1546437020 9963
1546440458 9964
1546507268 9963
1546853487 10007
1546946716 10280
1546968082 9254
1546968304 9254
1547048516 9252
1547124465 9254
1547131887 9258
1547831170 10081
1547833417 10088
1547915877 10091
1548679016 10095
1548709831 10114
1548768091 10141
1548769967 10141
1548770129 10146
1548852447 10147
1548866977 10143
1548919654 10296
1548943888 10579
1548945757 10581
1549038813 10658
1549039147 10683
1549306424 10770
1549307440 10797
1549555883 10810
1550134819 11067
1550137844 11066
1550138710 11069
1550139527 11069
1551962113 11078
1551965120 11086
1552318496 8826
1552319439 8924
1552401664 8928
1553016905 8922
1554377980 8922
1556632226 8931
1557131414 8931
1557151487 9057
1557153021 9057
1557245956 9106
1557390900 9304
1557392171 9305
1557403863 9293
1557496161 9294
1557496304 9299
1557924193 9305
1558086748 9350
1559032318 9371
1559033248 9371
1559033713 9371
1559639506 9371
1559820346 9371
1560952258 9410
1561106401 9410
1561480281 9489
1561480705 9490
1562774136 9491
1562774724 9683
1562777097 9692
1562777689 9692
1563364281 9748
1563365103 9750
1565094902 9756
1565168152 9756
1568046042 9775
1568655821 9775
1568745260 9865
1569518901 9864
1569580751 9864
1570009777 9862
1571823633 9862
1571825836 9901
1571839239 9897
1571839594 9890
1574171433 9935
1574792034 9964
1581540960 9964
1581586002 9964
1583420839 9966
1587061229 10804
1587712581 10078
1588233480 10079
1588238268 10215
1588238665 10332
1588614645 10426
1588623377 10804
1588876701 10414
1588931020 10533
1591635681 10800
1591635929 10803
1591645705 10804
1591647198 10804
1591717191 10804
1592413267 10804
1594651263 10804
1598013690 10808
1599468506 10951
1599808059 10951
1603722361 10953
1611325044 10961
1611325549 11484
1611325948 11616
1611334505 11618
1611343471 11615
1611414497 11615
1611433718 11615
1611516076 11623
1611518431 11623
1611530599 11734
1611570690 11743
1611589484 11949
1611590506 11966
1611590692 12011
1611601625 12072
1611602055 12076
1611605572 12103
1611609532 12103
1611610934 11980
1611611969 11983
1611612103 12102
1611615725 12111
1611680589 12113
1612107783 12166
1612296573 12162
1612370845 12165
1612383523 12176
1612385663 12176
1612439941 12210
1612464122 12213
1612480349 12217
1612531747 12208
1612904180 12255
1612904649 12254
1612925923 12254
1612982021 12253
1613171118 12253
1613490118 13791
1613491096 13791
1613492005 13795
1613505348 13796
1613717471 13799
1614025721 13823
1614187472 13823
1614199869 13928
1614206736 13873
1614370873 12880
1614611660 12883
1614613585 13309
1614615756 13334
1614627117 13350
1614638485 13349
1614640447 13350
1614642992 13218
1614643443 13172
1614702751 13274
1614794883 13277
1615303270 13259
1615315753 13328
1615316101 13333
1615325308 13425
1615481556 13577
1615482840 13659
1615485249 13669
1615568054 14069
1615568893 14079
1615646997 14079
1615824046 14083
1615827557 14083
1615828679 14135
1615829089 14153
1615847136 14154
1615906769 14154
1615988564 14384
1615995242 14387
1615995928 14390
1615998664 14393
1616017825 14390
1616081755 14470
1616082096 14468
1616271117 14491
1616423105 14491
1616426028 14490
1616688072 14499
1616787067 14419
1616965275 14440
1616971113 14440
1616972675 14692
1617064441 14651
1617222187 14654
1617230779 14654
1617327936 14654
1617917967 14655
1617976816 14877
1618241022 14759
1618340986 14082
1618530281 14119
1618759910 14120
1618842785 14174
1618843076 14174
1618844510 14189
1619078386 14189
1619197873 14188
1619206902 13935
1619798612 13729
1619814383 13813
1620246954 13881
1620262045 13919
1620401997 13929
1620537505 13996
1620537870 14011
1620577074 14129
1620598552 14131
1620600297 14135
1620832885 14141
1620852199 14138
1620853242 14143
1620854205 14138
1620915782 14109
1621201984 14104
1621352419 14129
1621613219 14161
1621622434 14177
1622579616 14171
1622581156 14360
1622660336 14447
1622662460 14442
1622662765 14443
1622752226 14470
1622814652 14470
1623082150 14473
1623608489 14488
1623682528 14491
1623689989 14549
1623777319 14550
1623795008 14973
1623843983 15209
1623848955 15162
1623851935 15172
1623854146 15187
1623880502 15188
1624227943 16113
1624228186 16114
1624288491 16115
1624289074 16118
1624374878 16104
1624377089 16335
1624377955 16335
1624392631 15749
1624393079 15750
1624393567 15763
1624412654 15781
1624462341 15785
1624893726 17238
1624902613 17233
1624911197 17222
1625108995 17222
1625608680 17222
1626099438 17277
1626101026 17277
1626280655 17345
1626637606 17367
1626685484 17485
1626717541 17485
1626720031 17492
1626720226 17492
1626723861 17512
1626799349 17530
1626799473 17535
1626982225 17543
1627482604 17655
1627485183 17879
1627487168 17879
1627488048 17882
1627489128 17888
1627492373 17937
1627564406 17937
1627569052 17937
1627569252 17939
1627632546 17939
1627655459 17939
1627655721 17941
1627996267 17949
1628188820 17988
1629205708 17995
1629206391 18058
1629208158 18176
1629209112 18184
1629278477 18184
1629291617 18309
1629292069 18310
1629448390 18328
1629532510 18422
1630181761 18540
1630936876 18541
1631550084 18541
1631550946 18543
1632270940 18546
1633044856 18546
1633442830 18566
1634585340 18566
1634655113 18612
1634658857 18612
1634660100 18612
1634660901 18608
1637171485 18609
1637278230 18609
1637281660 18910
1637283368 19183
1637610808 19185
1637796269 19184
1638028374 19220
1638183246 19581
1638287933 19657
1638548491 19657
1638550409 19657
1638551905 19659
1638653387 19670
1638834655 19676
1639486112 19676
1639783630 19773
1639856612 19773
1639949010 19773
1640882251 19857
1640884030 19838
1641070117 19838
1641071249 19902
1641073562 20009
1641141776 20009
