1065563644 11352
1065644281 11358
1065644295 11768
1065644452 11770
1065644737 11774
1065644765 11778
1065644804 11778
1066374606 11783
1067027284 11811
1067027414 11814
1073218746 11815
1073218837 11821
1075375416 11827
1075375921 11821
1075375944 11841
1075375965 11846
1075375996 11847
1075376011 11852
1075378054 11852
1075378068 11891
1075737552 11887
1075737575 11843
1075738558 11843
1075790318 11848
1075798046 11847
1075798690 11838
1075799800 11842
1075801219 11845
1075816688 11846
1075817176 11850
1075880425 11851
1075880824 11890
1075880880 11890
1075880900 11893
1075880926 11893
1075880973 11893
1075881018 11893
1075881051 11893
1075881090 11893
1075881133 11893
1075881282 11890
1075881625 11905
1075881868 11906
1075886165 11916
1075890195 11916
1075890263 11916
1075983553 11917
1076504323 11918
1076504356 11920
1076675307 11914
1076848240 11916
1076948838 11918
1077003602 11926
1077003631 11929
1077003646 11929
1077003670 11938
1077095270 11988
1077107187 11940
1077183239 11943
1077489396 11943
1077489740 11998
1077522419 11999
1077522740 12003
1077522958 12003
1077523064 12004
1077523256 12004
1077523471 12005
1077543198 11938
1077543328 11945
1077553231 11949
1077553242 11957
1077691062 11957
1077693451 11960
1077693720 11963
1077719559 11710
1077799529 11710
1077799663 11708
1077833960 11708
1077881376 11709
1077888107 11709
1078079971 11708
1078319015 11708
1078763385 11694
1078825410 11694
1078825671 11695
1078827489 11699
1078918114 11702
1079081830 11703
1080031321 11703
1080637602 11828
1080713440 11828
1080799856 11822
1080807806 11824
1080807923 11826
1080807958 11917
1080899442 11907
1080899761 11902
1081168734 11902
1081264370 11906
1081447803 11906
1081665161 11910
1081665182 11908
1081842266 11912
1083575869 11913
1084309930 11929
1084431209 11930
1085640168 11934
1085641761 11934
1085641802 11938
1085641836 11943
1086729911 11943
1086729963 11946
1086873092 12043
1087209930 12045
1088665127 12072
1088665183 12075
1088689993 12132
1088690064 12140
1088690113 12160
1088891072 12495
1088891322 12501
1088893537 12499
1088976926 12506
1088976992 12511
1088979626 12514
1088992713 12514
1089035607 12589
1089063849 12589
1089101163 12591
1089534623 12590
1089569651 12568
1090534725 10507
1090607661 9724
1090650578 9724
1090704166 9727
1090705669 9769
1090705903 9786
1091085567 9788
1091085879 9789
1092134590 9798
1092398433 9798
1092398480 9803
1092928600 9799
1092929089 9797
1093009526 9837
1093009704 9831
1093010831 9831
1093011044 9841
1093794017 9827
1093857391 9835
1094237496 9835
1095197466 9840
1096222858 9875
1096238118 9917
1096409979 9942
1097049018 9942
1098259298 9944
1098622929 9974
1098622966 9975
1098778121 9978
1099834627 10006
1099871322 10015
1100023851 10019
1100096600 10027
1100097025 10027
1100175940 10035
1100182541 10035
1102416201 10026
1102715160 10026
1109097580 10026
1109981092 10026
1110497434 10303
1110519577 10304
1110527544 10305
1110527622 10306
1110528200 10305
1110528417 10303
1110528876 10328
1110530091 10392
1110705714 10396
1111194226 10407
1111279130 10411
1111321755 10414
1111444638 10413
1111444725 10413
1111487780 10413
1111487846 10409
1112252522 10409
1112725615 10905
1112731695 10907
1112732395 10908
1112732414 10927
1112795642 10927
1112796157 10949
1112796710 10995
1112813759 10996
1112813913 10997
1112822098 10997
1112826462 11031
1112859533 11039
1112950097 11042
1112974891 11117
1112977371 11118
1112989606 11231
1113065387 11281
1113076799 11353
1113090391 11353
1113228422 11366
1113352353 11366
1113578716 11388
1113601906 11389
1113654601 11389
1113953174 11389
1113953781 11395
1114114291 11395
1114174997 11402
1114182062 11412
1114257546 11412
1115073237 11412
1115794029 11417
1116095720 11693
1116103549 11693
1116131933 11689
1116174661 11689
1116266814 12289
1116270865 12292
1116271437 12293
1116303521 12298
1116303658 12299
1117710550 12315
1117713484 12494
1117746621 12499
1117784358 12503
1119200320 12537
1123142864 12539
1123692840 12539
1123692906 12541
1123693433 12548
1123706749 12548
1123710359 12548
1124354911 12548
1124658584 12555
1124659507 12555
1124659542 12555
1124659639 12555
1125298985 12557
1126386584 12538
1126812211 12543
1127061889 12647
1127293304 12654
1127293817 12651
1127299525 12667
1128334326 12668
1131571774 12668
1131571967 12773
1131572338 12776
1131573104 12772
1131574618 12963
1131574633 12964
1131574693 12965
1131575565 12965
1131576765 12969
1131640697 12679
1131640808 12440
1131640927 11904
1131641421 11938
1131641563 11931
1131641759 11938
1131683303 11968
1131736491 11968
1131736822 11972
1131737129 11972
1131753710 11971
1131806472 11986
1131806666 11988
1131807573 12002
1131808527 12009
1131820412 12009
1131971576 12010
1131974777 12013
1131975616 12014
1132010094 12035
1132065592 12048
1132125157 12048
1132873405 12050
1132956868 12060
1132956893 12062
1132957408 12062
1132958706 12066
1134162561 12066
1134167030 12068
1134242519 12060
1134302581 12060
1134344278 12060
1134757080 12364
1134766507 12394
1134774933 12388
1134786775 12388
1134787293 12388
1134840794 12385
1134851873 12414
1134854435 12414
1134862461 12414
1134862525 12414
1134865632 12414
1134881249 12443
1134886031 12447
1134920174 12443
1134924633 12490
1134937476 12490
1134951304 12494
1134970353 12494
1134971837 12494
1135028290 12761
1135028743 12761
1135035172 12772
1135038479 12772
1135049029 12772
1135068694 12772
1135068708 12773
1135104637 12773
1135110593 12775
1135111718 12778
1135112331 12779
1135122554 12781
1135181315 12783
1135185623 12786
1135187468 12786
1135197894 12810
1135265261 12944
1135265352 12950
1135265492 12952
1136193236 12952
1136384517 12954
1136447803 12955
1136447852 12964
1136585271 12964
1136588374 12969
1136795508 12973
1145297067 12973
1145528811 12973
1146636704 13041
1146695989 13046
1146863289 13048
1147248234 13095
1148511771 13113
1150679885 13154
1150699315 13149
1151173758 13151
1151312164 13151
1151626959 13149
1151695216 13161
1151722398 13168
1151803057 13189
1151803314 13187
1151881786 13260
1151940732 13320
1152018213 13515
1152029413 13569
1152032051 13606
1152033555 13606
1152141038 13705
1152201063 13709
1152247335 13710
1152250754 13710
1152277185 13710
1152280997 13710
1152293680 13703
1152650438 13756
1152873044 13756
1152875059 13756
1153579899 13766
1153581154 13766
1153581673 13812
1153582630 13816
1153582715 13818
1153589460 13844
1153649452 13849
1153835390 13849
1153909997 13849
1153910595 13849
1153910831 13849
1153911248 13855
1154096343 13998
1154109683 13995
1154162360 14002
1154164503 14004
1154365090 14017
1154365944 14027
1154371289 14042
1154629245 14045
1154639980 14057
1154651974 14059
1154654004 14061
1154659744 14069
1154706116 14069
1154712905 14069
1154815367 14162
1154861927 14178
1155540093 14180
1156864667 14197
1158006313 14208
1160582476 14208
1160671670 14209
1160703314 14269
1160774711 14273
1160827304 14295
1161142879 14318
1161142926 14317
1161176342 14317
1161187069 14333
1161205540 14333
1161206712 14334
1161771943 14334
1161785615 14342
1161785761 14342
1161963446 14336
1162315465 14477
1162315548 14478
1162317114 14477
1162317291 14487
1162317667 14469
1162327476 14463
1162327517 14463
1162550493 14467
1162550855 14469
1162768091 14469
1162768267 14475
1162768282 14481
1162821411 14516
1162906155 14515
1163283828 14515
1164220895 14569
1164235861 14573
1164236081 14577
1164386338 14586
1164416572 14620
1165850332 14620
1169512005 14620
1169863017 14620
1170104187 14621
1170162907 14623
1170294133 14626
1170344216 14628
1170430292 14639
1170432075 14641
1170432115 14662
1170436566 14662
1170593453 14675
1170594151 14676
1170596074 14680
1170648632 14680
1170675138 14680
1170732687 14684
1170788075 14688
1170788194 14697
1170788442 14698
1170788997 14704
1170789158 14710
1170789273 14705
1170861315 14720
1170872020 14798
1170894501 14799
1170954100 14799
1171383265 14849
1171388847 14850
1171389740 14852
1171393263 14859
1171459897 14854
1171462307 14858
1171474721 14858
1171541674 14859
1171548152 14869
1171556604 14897
1171635728 14897
1171638284 14911
1171653425 14945
1171712073 14944
1171713548 14944
1171720284 14984
1171758877 14995
1171850638 15016
1171852175 15021
1171893971 15266
1171906836 15266
1171906898 15262
1171907099 15296
1171973547 15337
1172070111 15347
1172084600 15358
1172112714 15392
1172162683 15395
1172464399 15367
1172590506 15243
1173157550 15249
1173200033 15255
1173204505 15251
1173229983 15255
1173290343 15275
1173290555 15275
1173355470 15239
1173972951 15239
1174154181 15242
1174574470 15242
1174873844 15244
1174874046 15245
1175023663 15253
1175568304 15243
1175624718 15243
1175666796 15249
1176289333 15260
1176396839 15390
1176399957 15390
1176401201 15387
1176404386 15391
1176404479 15388
1176405240 15388
1176714076 15434
1176714495 15439
1176729446 15440
1176731638 15440
1176737734 15429
1176742376 15428
1176756896 15433
1177169555 15433
1177470010 15454
1180127488 15462
1180529927 15543
1180558154 15674
1180559470 15834
1180561037 15862
1180561556 15862
1180812750 15950
1180813345 16067
1180813709 16076
1180814963 16080
1180991054 16078
1180992390 16078
1180992782 15979
1181051590 15989
1181292388 16015
1181293293 16000
1183402218 16007
1183423331 16041
1183478436 16049
1183479717 16052
1183486720 16054
1183539700 16055
1183546455 16055
1183569619 16056
1183825562 16056
1183936676 16059
1184418530 16064
1184418696 16093
1184418898 16094
1184454109 16095
1184968253 16098
1185487007 16118
1190493950 16135
1190495056 16141
1190496190 16167
1190894535 16167
1190894696 16170
1190989571 16188
1190989694 16322
1190990811 16371
1190992539 16432
1190994660 16434
1190994790 16437
1190994911 16437
1190994988 16437
1191011286 16437
1191011300 16458
1191073097 16466
1191073934 16486
1191074196 16490
1191074303 16507
1191074954 16502
1191075707 16506
1191075914 16505
1191076499 16506
1191076667 16507
1191089927 16749
1191094019 16755
1191103025 16756
1191110881 16757
1191112667 16762
1191118331 16773
1191181403 16773
1191279098 16775
1191279151 16779
1191291481 16840
1191312750 16839
1191323638 16847
1191349608 16862
1191485185 16862
1191485267 16862
1191485344 16862
1191485392 16862
1191485532 16856
1191854331 16856
1191854392 16857
1192483180 16857
1192570071 16875
1192640364 16980
1192645107 16979
1192669280 16979
1192720311 16979
1192724654 17015
1192727838 17015
1192728679 17015
1192791148 17008
1192796100 17009
1192893111 17009
1193095900 17007
1193236747 17016
1194459522 17026
1194485608 17028
1194545634 17042
1195115785 17217
1195118208 17219
1195155841 17236
1195205760 17233
1195426119 17231
1195487221 17235
1195637043 17252
1195637516 17235
1195639926 17235
1195639940 17244
1195640204 17244
1196203075 17244
1196203091 17246
1196203313 17243
1196246800 17247
1196263107 17251
1196677349 17264
1196677505 17270
1196711838 17269
1197303242 17269
1197322924 17277
1197325146 17289
1197325226 17286
1197393672 17870
1197393740 17873
1197393798 17876
1197393883 17876
1197393967 17882
1197401671 17885
1198001299 17899
1199251852 17904
1200532803 17904
1203024299 17905
1203121318 17906
1204076592 17900
1204077100 17936
1204305219 17939
1207339523 17939
1207340681 17977
1207340766 17984
1207572005 17984
1207572287 17986
1207578005 17986
1207579037 17986
1207595555 17986
1210009705 18035
1210194966 18043
1210195245 18072
1210195655 18072
1210284698 18088
1210284857 18097
1210338634 18096
1210350624 18169
1210434398 18248
1210463455 18248
1210557862 18291
1210594943 18292
1210604571 18296
1210692679 18421
1210692862 18421
1210693069 18421
1210698208 18415
1210698676 18423
1210699381 18427
1210703238 18429
1210711728 18524
1210773281 18524
1210781675 18569
1210794137 18569
1210809619 18572
1210843085 18571
1210845855 18582
1210884465 18583
1210892253 18583
1210987257 18583
1211141593 18607
1211165429 18614
1211200272 18625
1211245453 18661
1211246659 18665
1211257411 18665
1211298931 18698
1211378271 18698
1211378654 18693
1211394249 18691
1211470266 18697
1211472657 18698
1211478089 18698
1211579189 18663
1211579576 18663
1211809945 18665
1212091840 18667
1212093558 18667
1212161202 18663
1212777880 18664
1212973608 18674
1213142828 18674
1213763969 18687
1213985388 18786
1214709561 18838
1214737732 18840
1214830105 18902
1214835027 18902
1214872246 18896
1214908165 18898
1214967896 18899
1215020528 18915
1215084755 18933
1215084874 18934
1215085271 18934
1215144236 18966
1215396681 18977
1215621535 18976
1215678108 18975
1216140219 18990
1216211169 19043
1216217876 19059
1216235801 19283
1216264074 19316
1216466865 19318
1216547212 19318
1216574309 19318
1216600615 19338
1216609568 19345
1216612202 19345
1216648906 19355
1216664672 19355
1216753456 19383
1216786839 19383
1216912835 20207
1216922564 20391
1216992074 20391
1217035490 20417
1217083516 20425
1217122597 19795
1217126473 19787
1217128597 19784
1217176622 19784
1217182254 19789
1217190544 19785
1217195242 19791
1217197507 19781
1217202233 19785
1217258011 19787
1217298381 19785
1217348974 19785
1217353533 19785
1217354489 19785
1217355791 19785
1217387403 19778
1217406085 19778
1217406422 19778
1217419775 19781
1217558880 19803
1217560254 19811
1217618945 19815
1217733245 19817
1217832491 19855
1217881392 19884
1217927323 19884
1218068948 19909
1218301277 19907
1218302784 19909
1218328785 19908
1218904964 19910
1218906342 19908
1219275516 19909
1219277176 19910
1219277628 19910
1219635290 19937
1219635883 19945
1219720107 19948
1219796703 19956
1219998587 19959
1219998782 19961
1220000102 19951
1220675323 19951
1220678945 19951
1220892538 19965
1220962756 19965
1221068122 19965
1221104807 19965
1221105769 20166
1221196098 20166
1221228816 20166
1221269715 20166
1221438702 20686
1221492506 20828
1221498869 20936
1221499894 20936
1221583368 21137
1221589094 21138
1221590605 21121
1221610069 21113
1221613377 21078
1221615223 21097
1221621952 21101
1221634771 21094
1221639240 21201
1221644261 21200
1221651097 21236
1221704613 21236
1221746216 21242
1221839968 21246
1222002187 21247
1222044250 21284
1222108968 21288
1222258936 21287
1222274592 21439
1222283581 21570
1222704571 21572
1222715692 21587
1222743575 21587
1222778394 21528
1222794245 21531
1222919816 21716
1222921662 21716
1223385214 22026
1223386499 22034
1223398426 22034
1223401045 22034
1223405072 22035
1223432953 22070
1223437845 22100
1223482330 22197
1223494681 22207
1223513450 22211
1223521345 22259
1223521548 22258
1223557870 22258
1223564780 22258
1223582118 22340
1223597261 22349
1223605966 22353
1223615368 22344
1223630058 22347
1223633185 22384
1223634676 22425
1223741975 22428
1223744384 22470
1223748279 22470
1223830660 22470
1223851945 22472
1223858610 22484
1223917566 22496
1223926331 22495
1223957347 22555
1223960362 22555
1223993974 22585
1223997842 22585
1224009867 22603
1224025599 22603
1224094202 22645
1224121507 22655
1224242796 22664
1224263471 22664
1224270293 22666
1224460218 22666
1224518168 22672
1224554303 22682
1224611658 22694
1224673856 22690
1224682209 22702
1224722303 22733
1224756246 22754
1224847629 22756
1224851004 22765
1224908328 22763
1225221205 23023
1225224202 23099
1225224460 23099
1225244707 23095
1225245056 23095
1225370467 22948
1225374615 22948
1225388747 23045
1225558377 23059
1225559590 23059
1225564519 23094
1225582747 23103
1226602616 23805
1226639888 23805
1226674073 23807
1226676387 23807
1226790455 23814
1226802198 23887
1226894045 23876
1226916335 23876
1226927595 23932
1226973449 24120
1227036571 24214
1227039235 24221
1227059847 24219
1227107776 24334
1227166886 24334
1227167448 24336
1227167966 24338
1227630418 24352
1227718311 24393
1227719075 24398
1227887041 24405
1227910060 24407
1227912074 24414
1227913931 24410
1227914646 24410
1227915279 24411
1227918367 24426
1227971986 24427
1228158384 24434
1228170999 24435
1228186684 24436
1228298390 24574
1228298587 24571
1228375093 24572
1228395183 24625
1228395283 24650
1228748336 24648
1228752561 24650
1228752676 24656
1228752731 24665
1228784548 24668
1228833548 24672
1228861859 24672
1228862496 24662
1228862991 24662
1230624984 24665
1231681753 24694
1231847464 24701
1231938530 24715
1232296390 24717
1232298211 24717
1233433061 24741
1233671889 24745
1234506884 24750
1235129411 24769
1236748143 24772
1239713633 24779
1239717032 24792
1239753072 24793
1239836065 24793
1239836310 24792
1239954517 24751
1240073369 24752
1240294223 24753
1240309618 24818
1240395928 24826
1240771863 24843
1240915202 24861
1240928608 24861
1240937253 25545
1240964260 25563
1240997955 25565
1241003519 25587
1241013921 25599
1241018114 25600
1241028503 25578
1241050280 25578
1241055244 25578
1241088207 25586
1241092123 25608
1241093153 25608
1241093551 25608
1241095457 25646
1241099444 25646
1241116536 25668
1241143423 25706
1241181580 25711
1241202274 25711
1241202363 25711
1241217683 25711
1241231807 25520
1241372144 25528
1241379672 25528
1241450757 25528
1241456725 25540
1241618321 25544
1241694408 25544
1241704695 25607
1241704984 25607
1242001698 25606
1242050006 25612
1242066013 25612
1242089661 25610
1242093473 25610
1242349698 25610
1242380146 25606
1242580241 25739
1242580288 25786
1242606062 25785
1242609920 25783
1242661772 25778
1242746343 25778
1242746605 25810
1242749145 25810
1242759628 25888
1242785543 25905
1242818721 25908
1242818786 25983
1242827383 26000
1242906195 26000
1242927619 26179
1242927655 26193
1243110224 26191
1243345405 26188
1243349445 26289
1243360814 26326
1243360985 26326
1243452069 26330
1243452351 26333
1243504704 26330
1243521484 26340
1243528997 26345
1243603191 26353
1243847956 26356
1243967349 26356
1244207875 26359
1244294410 26359
1244426593 26361
1244428875 26359
1244462955 26359
1244471218 26366
1244471256 26379
1244471495 26379
1244477884 26383
1244570314 26388
1244602182 26388
1244742372 26388
1244816113 26388
1244850633 26388
1244850688 26398
1244852441 26398
1244853008 26406
1244854368 26411
1244854924 26411
1244857485 26405
1244916780 26577
1244926350 26577
1245243166 26793
1245328570 26884
1245372063 26894
1245503279 26894
1245503333 26828
1245518683 26967
1245552155 26972
1247578730 26976
1247746816 26977
1249298957 26986
1249300266 26998
1249301760 27002
1249302003 26998
1251366835 27002
1252101374 27253
1252153775 27254
1252153988 27254
1252163550 27254
1252181492 27262
1252280767 27267
1252317677 27269
1252321194 27269
1252321340 27273
1252941179 27275
1253187927 27277
1254242043 27332
1254710854 27334
1254837577 27332
1254941224 27399
1254960152 27399
1255021568 27399
1255027109 27401
1255097198 27402
1255177772 27406
1255177887 27406
1255442037 27418
1255925514 27417
1255925592 27426
1255967786 27426
1256312945 27433
1256661522 27473
1256662580 27473
1256662991 27473
1256759126 27771
1256778174 27773
1256780059 27776
1256781597 27778
1256784016 27779
1256806234 27779
1256806780 28048
1256807182 28047
1256807202 28046
1256807560 28045
1256838776 28369
1256839224 28366
1256841038 28390
1256843600 28390
1256919716 28407
1256920050 28407
1256925784 28409
1256925837 28411
1256926037 28413
1256926817 28426
1256962600 28419
1256993509 28420
1256993564 28485
1257107162 28484
1257127105 28488
1257162953 28491
1257344687 28503
1257443069 28505
1257771371 28501
1257771410 28501
1257771446 28501
1257773051 28679
1257795270 28679
1257877569 28679
1257878463 28679
1257883510 28689
1257884413 28696
1257890691 28696
1257890852 28706
1257929491 28706
1257929806 28706
1258050693 28749
1258057768 28755
1258066120 28773
1258088511 28782
1258142625 28780
1258224697 28867
1258253124 28840
1258256833 28912
1258292595 28918
1258336548 28919
1258336576 28919
1258401732 28920
1258412497 28931
1258513054 28939
1258540434 28939
1258707003 29149
1258707993 29151
1258708477 29159
1258710855 29159
1258711045 29159
1258722095 29161
1258722161 29226
1258726266 29226
1258726505 29231
1258810087 29237
1258861242 29239
1258861286 29239
1258861867 29245
1258867891 29250
1258937870 29277
1258939457 29282
1258941295 29290
1258974347 29294
1258974436 29413
1258975589 29409
1258976153 29414
1258977812 29418
1259056112 29418
1259057325 29418
1259079143 29419
1259198481 29425
1259299484 29427
1259620744 29408
1261414539 29416
1262051517 29422
1262052257 29422
1262053932 29430
1262195996 29430
1264716228 29443
1266444923 29448
1266782349 29468
1266950787 29476
1267202553 29559
1267206498 29560
1267325451 29568
1267325495 29580
1267813316 29579
1267814717 29580
1267819307 30165
1267829611 30244
1267838589 30242
1267842805 30244
1267872776 30246
1268157575 30246
1268333622 30244
1268822347 30244
1268822668 30244
1269348214 30249
1269348707 30299
1269349248 30306
1269349466 30302
1269349970 30266
1269352076 30268
1269352181 30305
1269352192 30305
1269352564 30303
1269352581 30304
1269517719 30304
1269522386 30304
1269714998 30219
1269715292 30107
1269715413 30107
1271543366 30393
1274908588 30451
1275306817 30418
1275307715 30436
1275316374 30475
1276163037 30476
1276163243 30476
1276204979 30476
1276214172 30480
1276237394 30481
1276245457 30494
1276246020 30504
1276268308 30506
1276268621 30508
1276654704 30508
1276680529 43511
1279490319 30869
1280417099 30874
1280438866 30869
1280472182 30915
1280473816 30919
1280507449 30919
1280509797 30919
1280527914 30919
1280528138 30919
1280585423 30932
1280604068 30932
1280791316 31093
1280932921 31153
1281059305 31156
1281059583 31156
1281198947 31158
1281255964 31161
1281259118 31164
1281528498 31165
1282693727 31166
1285260394 31166
1286139342 31170
1286300177 31167
1286300559 31164
1289567231 31164
1289576074 31164
1289584438 31091
1289584829 31091
1289587573 31093
1289618116 31099
1289653604 31099
1289706130 31104
1289874834 31106
1289930887 31106
1289932863 31108
1289934955 31108
1290096698 31113
1290647976 31113
1290650849 31113
1290974177 31113
1290993728 31117
1291242979 31138
1291283270 31140
1291300998 31140
1291313326 31135
1291315500 31135
1291319592 31137
1291347305 31137
1291347676 31145
1291817835 31145
1291817953 31177
1292011451 31165
1292012391 31184
1292375326 31381
1292376411 31382
1292377447 31385
1292516337 31429
1292521171 31433
1292525183 31408
1292527928 31398
1292528734 31410
1292530334 31416
1292531276 31410
1292531699 31412
1292532439 31414
1292537344 31416
1292547818 31428
1292607779 31431
1292644667 31503
1292678229 31510
1292707216 31510
1292797258 31510
1293451848 31509
1293451999 31509
1293452334 31512
1293452377 31507
1295289401 31568
1295293463 31572
1295294798 31576
1297786537 31579
1297896229 31576
1298052074 31584
1298055489 31583
1298380611 31583
1300184910 31579
1300794990 31577
1300797814 31580
1300798943 31581
1300800527 31587
1300810777 31588
1300823442 31588
1300823475 31600
1300884282 31762
1300910008 31833
1300962710 31890
1300994682 31900
1300994749 31924
1301055235 31934
1301072222 31934
1301192869 42912
1301215023 42914
1304115423 42912
1304934335 43084
1305625993 43219
1305902605 43438
1305942812 43438
1306315150 43492
1306418800 43518
1306423963 43519
1306472150 43533
1306923185 43541
1307154400 43559
1307211278 43559
1307533090 43572
1307541348 43572
1307962402 43760
1307982068 43575
1308059793 43510
1308061989 43510
1308062407 43512
1308062773 43515
1308062906 43518
1308063152 43527
1308071063 43527
1308128129 43591
1308128165 43592
1308337198 43722
1308337300 43722
1308607560 43756
1311801235 43758
1311956734 43956
1311963644 43756
1311964316 43756
1312651096 43761
1312651521 43758
1312821185 43762
1312939742 43757
1312939899 43761
1313526761 43767
1313527304 43775
1313528559 43765
1313863860 43771
1313874314 43829
1313884754 43830
1313933812 43917
1313934216 43917
1313937703 43919
1313947133 43932
1313949366 43969
1314203831 43969
1315148976 43994
1315149819 43994
1315268443 43993
1315348253 44000
1317153567 44000
1324331866 44000
1324386120 44241
1327000856 44257
1330118306 44574
1330205544 44574
1330205810 44589
1330206159 44589
1331948703 44589
1334399228 44590
1334403029 44598
1334564347 44598
1334565245 44598
1334568436 44598
1334582654 44598
1334583194 44600
1334607023 44580
1334634390 45523
1334648141 45502
1334659582 45537
1334660229 45537
1334661208 45532
1334661513 45531
1334662037 45540
1334663588 45512
1334674660 45513
1334822703 45513
1334855787 45525
1334856422 45527
1334947361 45528
1335010367 45716
1335092979 45716
1335108574 45726
1335355677 45727
1335361766 45728
1335364698 45164
1335366009 45166
1335369309 45164
1335557081 45164
1335606301 45153
1337610307 45153
1337983168 45156
1339701588 45177
1339759743 45437
1339760437 45438
1339881124 45438
1339881477 45438
1340051038 45433
1340055801 45433
1340738555 45439
1340980829 45436
1341092640 45442
1342042820 45434
1343325762 45429
1344589569 45610
1345238064 45612
1345582745 45633
1345582825 45633
1345673490 45633
1345843046 45633
1349210165 45634
1352325290 45633
1353677014 45641
1353677317 45645
1355152369 45650
1355326747 45662
1355505956 45547
1355506619 45457
1355510361 45477
1355589369 45517
1355590009 45545
1355680258 45582
1355706562 45582
1355758344 45584
1355835267 45592
1356721024 45593
1357060894 45593
1357064850 45593
1357299052 45593
1358954173 45649
1358955865 45973
1358956018 46367
1358956473 46268
1358974446 46288
1359055543 46318
1359071218 46318
1359087378 46318
1359112907 46354
1359120163 46354
1359138028 46367
1359168570 46400
1359404922 46428
1359488956 46520
1359544799 46531
1359557210 46543
1359561526 46543
1360749689 46545
1360756836 46553
1360760474 46552
1360761668 46551
1360762636 46549
1360762800 46518
1360891249 46519
1360891398 46518
1360891630 46520
1361116581 46615
1361117619 46589
1361119897 46589
1361125134 46590
1361183902 46591
1361275236 46590
1361276853 46590
1361278468 46593
1361279486 47021
1362745182 47056
1362748401 47021
1362833915 47023
1362844108 47021
1362887421 47023
1362947110 47017
1363271174 47102
1363595010 47121
1365414523 47017
1365414524 47037
1365414525 47038
1365414526 47039
1365522476 47040
1365565213 47113
1365682131 47047
1366057681 47097
1366666322 47111
1366669874 47134
1366669971 47134
1366670004 47132
1366728296 47132
1367527608 47133
1367529073 47133
1368146737 47163
1368365742 47166
1368367772 47146
1368367847 47111
1373321247 47186
1373321438 47186
1374048204 47352
1374156201 47365
1377601355 47361
1377601617 47356
1377603401 47334
1377872381 47320
1377981622 47318
1384282995 47318
1384555932 47718
1389197567 47728
1389197647 47732
1392587685 47718
1395951299 240872
1399463242 47723
1399917636 47718
1400526107 47735
1400737433 47793
1401698132 47744
1402305743 47744
1403311505 241092
1406195200 47745
1406197126 47748
1406276926 47759
1406566684 47759
1411059642 47775
1411060224 47778
1411935563 47762
1411935564 47760
1411935565 47763
1411935566 47765
1411935567 47773
1414663523 47772
1415007839 47772
1442397090 47780
1442581211 232605
1443517510 47937
1443517638 48555
1443517859 47939
1443517945 48028
1443518170 49050
1443518571 235523
1443632899 47939
1443712129 235691
1444038221 47893
1444140562 47920
1444225126 49063
1444924067 236512
1446131904 235615
1447098132 47782
1448049969 237311
1448121464 237313
1448121479 237429
1448123207 237497
1448271795 237556
1448281196 237699
1448292180 237717
1448296169 237834
1448362955 237843
1448364914 237843
1448373922 47894
1448460206 47882
1450713464 237967
1450714766 238029
1450714803 238098
1450716106 238135
1450781788 238173
1450786450 238423
1450786466 47938
1450787644 47901
1450790872 47903
1450799350 238451
1450804645 238561
1450868157 47907
1450873620 239075
1450873696 47913
1450875273 47922
1450887625 239239
1450888742 47895
1450964259 47985
1450964335 239433
1450964563 47920
1450968123 235615
1451211892 239549
1451214739 239449
1451300992 48324
1451301020 239477
1451301048 239666
1451410294 48108
1451481446 239674
1451481700 239680
1451483679 49059
1451485756 240081
1451487848 240093
1451892179 47784
1451897704 240095
1452172598 240459
1452192224 240516
1452508649 240543
1452508658 240765
1452532834 235606
1452533917 49066
1452534172 49054
1452534948 49063
1452535002 235690
1452593780 235928
1452851843 240768
1452860482 240784
1453044695 47793
1453071786 47867
1453109425 47865
1453114995 47865
1453118688 47868
1453118897 47868
1453119158 47871
1453121911 47873
1453586410 47885
1453586712 47885
1454341354 240783
1454406366 240784
1454410095 240784
1454410948 240786
1454411575 240792
1454412796 240792
1454580562 240906
1455034477 240922
1455034757 241069
1455145251 240925
1455179892 240939
1455181509 241092
1455184403 241069
1455198588 241142
1455199753 241144
1455309273 241145
1455350610 241153
1455357388 241146
1455357415 241151
1455357458 241152
1455357468 241154
1455359351 241155
1455359397 241155
1455359948 241155
1455528120 241151
1455547590 241181
1455872870 241154
1455873509 241098
1455873724 241107
1455879092 241127
1455928057 241181
1456067338 241127
1457008538 241130
1457012762 241132
1457013465 241182
1457096654 241183
1457105534 241187
1457113077 241531
1457370329 241183
1457371529 241187
1457532642 241184
1457693456 241131
1457717900 241133
1457947503 241156
1458041607 241157
1459245251 241158
1459256984 241179
1459263636 241178
1459411088 241221
1459413105 241221
1459419566 241242
1459419647 241247
1459419777 241248
1460705846 241250
1460985009 241250
1462008391 241250
1462197751 241250
1462800167 241255
1462801969 241272
1464858983 241351
1464862616 241269
1468994933 241252
1469974660 241493
1471256699 241252
1471327452 241251
1471337780 241251
1471431526 241355
1471618541 241455
1471781742 241456
1471782372 241471
1471782775 241486
1471783008 241485
1473227174 243550
1474624455 241486
1474626556 241496
1474627638 241497
1474634651 241509
1474840109 241342
1474893769 241343
1474957525 241338
1474961801 241367
1474966494 241522
1474968106 241367
1474971972 241431
1474972002 241427
1474972428 241424
1474977444 241424
1474977551 241424
1475135126 241524
1475141319 241481
1475142256 241426
1475142673 241481
1475143655 241515
1475152230 241516
1475226350 241504
1475262123 241519
1475495482 241520
1475574326 241519
1476796815 242618
1476861191 242618
1477148467 242619
1477397330 242620
1477422151 242630
1477476057 242697
1477476554 242647
1478696196 242905
1478696367 242993
1481630576 242743
1481637510 243154
1481646514 243252
1482776777 242794
1483820356 242823
1483821874 242828
1483907626 242871
1484068579 242878
1484080647 242877
1484130991 242840
1484135129 242840
1484147028 242868
1485774908 242869
1485882722 243252
1485882911 243261
1485953180 243543
1485953272 243543
1487746568 243261
1487955664 243547
1489388050 243470
1489505040 243472
1489703000 243482
1489748808 243483
1489755900 243495
1489757756 243495
1489760951 243482
1489798623 243483
1489827236 243494
1489827267 243535
1489836154 243539
1493731815 243541
1495305090 243542
1495444580 243734
1495445562 243763
1495446554 243734
1495446850 243768
1495553172 243542
1496743318 243703
1497026902 243728
1497602827 243705
1497621539 243777
1497658050 243729
1497875567 243769
1497991428 243777
1498036968 243840
1498038234 243766
1498051585 243767
1498051742 243768
1498505989 243768
1498983500 243791
1499348445 243840
1499348511 243841
1499348532 243842
1500101706 243843
1501110438 243858
1502727150 243872
1503008848 243860
1504014697 243871
1505155144 243814
1505162492 243876
1505332518 243877
1505755075 243877
1505819375 243898
1506603571 244387
1506694888 244390
1508266066 244390
1508930882 244402
1509014315 244401
1510249090 244402
1512910578 244416
1512912193 244417
1513018513 244417
1513019168 244417
1513019809 244417
1513182887 244430
1513182940 244430
1513183070 244429
1513183621 244417
1513184114 244430
1513792189 244430
1513895888 244431
1513899806 244456
1514644515 109293
1514654402 109503
1517650298 109362
1517731171 109364
1517911834 109364
1517926685 109365
1517986056 109368
1518132045 109370
1518134740 109375
1518222005 109389
1518223679 109460
1518224511 109454
1518224751 109448
1518225251 109448
1518622351 109437
1518628282 109437
1518628396 109436
1518744552 109538
1518745118 109538
1518745347 109538
1518780016 109538
1518781779 109545
1518781927 109545
1518788547 109553
1518788918 109555
1519475468 109561
1521124130 109565
1522755504 109566
1525647346 109591
1526364733 109591
1526579976 109622
1526580069 109632
1526580161 109673
1526630597 109674
1529794558 109676
1532780776 109676
1532781974 109675
1532978004 109715
1533741808 109928
1533741899 109927
1533742113 109929
1533748372 109930
1533750154 109927
1533751946 109931
1533752633 109931
1533753315 109929
1537116465 110017
1538688696 110020
1539339784 110020
1540300822 110013
1540302404 110106
1540302562 110109
1540362494 110096
1541071187 110096
1541071267 110097
1541512025 110979
1541975138 111114
1543111182 111666
1543795674 111666
1543795729 111664
1548252573 112215
1549247887 112215
1549587618 112215
1554766663 112224
1556801683 112224
1556802521 112224
1556802841 112225
1558438795 112232
1560887804 113202
1560945609 113231
1560946423 113231
1560946959 113234
1560996265 113258
1561417632 113268
1561493904 113333
1563370151 113337
1563370219 113342
1563370483 113342
1565309831 113342
1570370248 113342
1570654825 113343
1571062393 113341
1571062652 113339
1571067475 113339
1573913623 113428
1573914751 113456
1577210719 113458
1581696852 113475
1581696974 113504
1582733548 113532
1583800201 113643
1583850651 113803
1583928756 113816
1583958031 113932
1583961288 113929
1583979405 113929
1583979591 113929
1583984459 113928
1583986387 113944
1584022833 113944
1584022870 113945
1584032285 113987
1584100374 113989
1584101250 114000
1586126073 113987
1586186122 113987
1586513352 113981
1586513676 113981
1586514536 113982
1586514962 113984
1586515703 113984
1586516713 113986
1586517435 113985
1586518430 113988
1586525995 113990
1586535803 113975
1586779410 113986
1586780271 113990
1586787026 113995
1588248717 113995
1588849351 113996
1588957245 113996
1589205972 113941
1589282553 113941
1590148941 113944
1592169022 114013
1593733194 114013
1595082577 114015
1598310303 114015
1598310533 114026
1598311362 114085
1598363643 114089
1598398911 114121
1598527877 114124
1598528473 114124
1598976528 114202
1598986208 114023
1599651859 113028
1599653030 113026
1599661617 113028
1599833766 112988
1599833901 112983
1599834109 112983
1599913825 112982
1599913883 113011
1599914922 113011
1599915084 113012
1599917342 113122
1599917369 113135
1599920944 113138
1600081665 113143
1600084541 113143
1600325632 112989
1601120826 113550
1601132722 113553
1601336343 113557
1603283936 113558
1604595302 113559
1605194680 113561
1605272642 113566
1605556589 113599
1605616049 113611
1605616541 112629
1605620113 112629
1605620582 112635
1605621523 112635
1605703059 112635
1605703274 112643
1605791928 112671
1605815591 112671
1605815771 112670
1605816786 112675
1606136850 112679
1607629064 112679
1608051371 112680
1608829499 112747
1608829969 112752
1609547139 112767
1610573306 112803
1610575379 122423
1610575425 112808
1610576372 112828
1610576695 112828
1610577720 112847
1610589345 112853
1610636987 112851
1610733078 112850
1613474862 112851
1613474964 112852
1613697549 112856
1614726949 112860
1614960408 112864
1618533242 112865
1623425265 112900
1623429564 112918
1624192949 112968
1625070329 112968
1626972694 112982
1627152279 112982
1628580082 112982
1628598439 112984
1628598639 113624
1628598704 113625
1628785032 113625
1628785361 113625
1629221359 113679
1629221564 113705
1629222818 112833
1629223015 112833
1629223145 112866
1629224741 113534
1629225462 113539
1629226655 113667
1629226716 113699
1629227492 113694
1629227571 113731
1629227741 113826
1629234444 113826
1629724198 113838
1629726291 113838
1630678319 113841
1631014277 113841
1631014514 113841
1631101124 113847
1633418253 113847
1633707762 113850
1633711695 113870
1633775356 113871
1634406165 113752
1634581435 114010
1634581555 114010
1634642039 114010
1634643069 114140
1634643341 114139
1634643766 114140
1634646748 114140
1634647024 114142
1634648037 114146
1634654584 114146
1634654789 114146
1634654886 114144
1634655984 104205
1634656563 104205
1634663167 104126
1634664561 104127
1634665245 104134
1634666176 104135
1634667362 104140
1634668623 104145
1634669048 104145
1634669478 104154
1634670609 104154
1634676017 104162
1634813012 104176
1635175567 104168
1635181544 104168
1635257768 104168
1635278192 104173
1635286588 104177
1635287082 104187
1635287153 104187
1635790266 104217
1635790367 104217
1635790527 104217
1635791456 104222
1635791608 104223
1635792517 104226
1635793165 104226
1635793605 104223
1635794303 104229
1635794787 104230
1635795575 104230
1635797686 104231
1635798172 104231
1635885479 104237
1636484734 104244
1638967672 103758
1640034605 103761
1640038502 103773
1640038567 103774
1640039794 103774
1640040738 103774
1640051513 103775
1640052646 103779
1640090166 103784
1644860930 103786
1644861957 103791
1646253095 103793
1648916771 103793
1651067602 103802
1651067679 103805
1651068677 103810
1651578539 103893
1653913317 103893
1653913360 103893
1653913418 103897
1662027292 103911
1662206251 103912
1662206283 103922
1662206578 103929
1666530237 103929
1666530374 103934
1666530482 103947
1666530657 103946
1666530717 103946
1666530911 103946
1670936963 103909
1670937273 103920
1674047788 103923
1674048272 103923
1674048908 103923
1674049139 103923
1674049447 103923
1674050432 103923
1674050563 103923
1674051266 103929
1674052167 103927
1674053083 103973
1674054533 103977
1674068199 103983
1675268075 104868
1675339540 104873
1675880882 105063
1675880903 105065
1675881000 105086
1675881054 105086
1676064260 105080
1676064300 105080
1676064356 105078
1679181415 105084
1682880814 105072
1683404555 105089
1683404599 105089
1684583968 105089
1684585095 105046
1684752666 105307
1684752694 105317
1684752709 105326
1684752995 105335
1684753043 105335
1684753379 105334
1684753780 105285
1684754811 105285
1684755458 105291
1684755580 105291
1684756898 105291
1684782586 105302
1684850048 105303
1685043062 105303
1685043093 105439
1685450212 105432
1686040074 107509
1689099360 107613
1689100944 107622
1689102226 107622
1689103979 107622
1689104290 107622
