1559137685 0
1559149327 349
1560245656 349
1560249957 368
1560323132 369
1560323309 386
1560769529 391
1561117657 431
1561733959 440
1562053576 459
1562335876 484
1564558616 515
1565003021 802
1565144956 879
1565706864 934
1568393020 934
1569850491 934
1570020969 937
1570022327 937
1570461608 939
1571225531 972
1572955111 976
1572955749 981
1573732217 983
1582033425 983
1601513673 983
1610987574 992
1611169565 1158
1611229366 1082
1611326358 1077
1611327646 1266
1611330632 1077
1611564168 1276
1616136114 1279
1616443661 1243
1616618225 1202
1620660488 1202
1625125639 1194
1637072446 2778
