1598375556 1
1598479690 618
1598507824 647
1598508042 648
1598566184 715
1598655729 775
1598658043 781
1598662762 820
1598702921 835
1598702936 835
1598714177 887
1598714602 887
1598727288 887
1598727483 887
1598727884 888
1599297620 894
1603395990 907
1603396011 907
1603396034 911
1603396049 911
1603396805 909
1606513580 917
1606513821 927
1606515014 927
1606515025 1128
1610398783 1132
1610399235 1136
1614428774 1137
1634311854 1173
1634312007 1189
1634312382 1346
1634326798 1352
1634327972 1361
1634328990 1361
1634335295 1496
1634335421 1498
1634345669 1685
1634346288 1644
1634346646 1644
1636582635 1644
1636653428 1758
1636673824 1972
1637364232 1864
1638475653 1881
1638476506 1885
1638477977 1884
1638478538 1928
1648162770 1928
1655224014 1891
1655312905 1974
1655481435 1845
1655582219 1931
1658966761 1931
1667392534 1932
