1527103520 1 0 0 0 0 0 0 0 0 0 0 0 0 0 0 0 0 0 0 0
1527103720 2 0 0 0 0 0 0 0 0 0 0 0 0 0 0 0 0 0 0 0
1528309908 3 0 0 0 0 0 0 0 0 0 0 0 0 0 0 0 0 0 0 0
1528310023 4 0 0 0 0 0 0 0 0 0 0 0 0 0 0 0 0 0 0 0
1528313039 5 0 0 0 0 0 0 0 0 0 0 0 0 0 0 0 0 0 0 0
1528313454 6 0 0 0 0 0 0 0 0 0 0 0 0 0 0 0 0 0 0 0
1528316942 7 0 0 0 0 0 0 0 0 0 0 0 0 0 0 0 0 0 0 0
1528320523 8 0 0 0 0 0 0 0 0 0 0 0 0 0 0 0 0 0 0 0
1528411455 9 0 0 0 0 0 0 0 0 0 0 0 0 0 0 0 0 0 0 0
1528488825 9 0 1 0 0 0 0 0 0 0 0 0 0 0 0 0 0 0 0 0
1528497673 10 0 1 0 0 0 0 0 0 0 0 0 0 0 0 0 0 0 0 0
1528903536 11 0 1 0 0 0 0 0 0 0 0 0 0 0 0 0 0 0 0 0
1528918838 12 0 1 0 0 0 0 0 0 0 0 0 0 0 0 0 0 0 0 0
1528926018 13 0 1 0 0 0 0 0 0 0 0 0 0 0 0 0 0 0 0 0
1528927019 14 0 1 0 0 0 0 0 0 0 0 0 0 0 0 0 0 0 0 0
1528929679 14 0 1 0 1 0 0 0 0 0 0 0 0 0 0 0 0 0 0 0
1529012402 14 0 1 0 2 0 0 0 0 0 0 0 0 0 0 0 0 0 0 0
1529012452 14 0 1 0 3 0 0 0 0 0 0 0 0 0 0 0 0 0 0 0
1529074621 14 0 2 0 3 0 0 0 0 0 0 0 0 0 0 0 0 0 0 0
1529179380 14 0 2 0 4 0 0 0 0 0 0 0 0 0 0 0 0 0 0 0
1529351437 14 0 2 0 4 0 0 0 0 0 0 0 0 0 0 0 0 0 0 1
1529369733 15 0 2 0 4 0 0 0 0 0 0 0 0 0 0 0 0 0 0 1
1529412493 15 0 2 0 4 0 0 0 0 0 0 0 0 0 0 0 0 0 0 1
1529536039 15 0 3 0 4 0 0 0 0 0 0 0 0 0 0 0 0 0 0 1
1529684663 15 0 4 0 4 0 0 0 0 0 0 0 0 0 0 0 0 0 0 1
1529689715 15 0 5 0 4 0 0 0 0 0 0 0 0 0 0 0 0 0 0 1
1529948184 15 0 6 0 4 0 0 0 0 0 0 0 0 0 0 0 0 0 0 1
1529959817 15 0 7 0 4 0 0 0 0 0 0 0 0 0 0 0 0 0 0 1
1530132582 15 0 8 0 4 0 0 0 0 0 0 0 0 0 0 0 0 0 0 1
1530288110 15 0 9 0 4 0 0 0 0 0 0 0 0 0 0 0 0 0 0 1
1530566113 15 0 10 0 4 0 0 0 0 0 0 0 0 0 0 0 0 0 0 1
1530789116 15 0 10 0 5 0 0 0 0 0 0 0 0 0 0 0 0 0 0 1
1531146760 15 0 11 0 5 0 0 0 0 0 0 0 0 0 0 0 0 0 0 1
1531154064 15 0 11 0 6 0 0 0 0 0 0 0 0 0 0 0 0 0 0 1
1531235246 15 0 12 0 6 0 0 0 0 0 0 0 0 0 0 0 0 0 0 1
1531247226 15 0 13 0 6 0 0 0 0 0 0 0 0 0 0 0 0 0 0 1
1531408406 15 0 14 0 6 0 0 0 0 0 0 0 0 0 0 0 0 0 0 1
1531493215 15 0 15 0 6 0 0 0 0 0 0 0 0 0 0 0 0 0 0 1
1531493659 15 0 16 0 6 0 0 0 0 0 0 0 0 0 0 0 0 0 0 1
1531758733 15 0 16 0 7 0 0 0 0 0 0 0 0 0 0 0 0 0 0 1
1531927974 15 0 16 0 8 0 0 0 0 0 0 0 0 0 0 0 0 0 0 1
1531934240 15 0 16 0 9 0 0 0 0 0 0 0 0 0 0 0 0 0 0 1
1532011732 15 0 16 0 10 0 0 0 0 0 0 0 0 0 0 0 0 0 0 1
1532112415 15 0 17 0 10 0 0 0 0 0 0 0 0 0 0 0 0 0 0 1
1532625837 15 0 18 0 10 0 0 0 0 0 0 0 0 0 0 0 0 0 0 1
1532706316 15 0 19 0 10 0 0 0 0 0 0 0 0 0 0 0 0 0 0 1
1533064131 15 0 20 0 10 0 0 0 0 0 0 0 0 0 0 0 0 0 0 1
1533064461 15 0 21 0 10 0 0 0 0 0 0 0 0 0 0 0 0 0 0 1
1533070718 15 0 22 0 10 0 0 0 0 0 0 0 0 0 0 0 0 0 0 1
1533140235 15 0 23 0 10 0 0 0 0 0 0 0 0 0 0 0 0 0 0 1
1533148630 15 0 24 0 10 0 0 0 0 0 0 0 0 0 0 0 0 0 0 1
1533328413 15 0 25 0 10 0 0 0 0 0 0 0 0 0 0 0 0 0 0 1
1533600036 15 0 26 0 10 0 0 0 0 0 0 0 0 0 0 0 0 0 0 1
1534178640 15 0 27 0 10 0 0 0 0 0 0 0 0 0 0 0 0 0 0 1
1534273146 15 0 28 0 10 0 0 0 0 0 0 0 0 0 0 0 0 0 0 1
1534276694 15 0 29 0 10 0 0 0 0 0 0 0 0 0 0 0 0 0 0 1
1534804092 15 0 30 0 10 0 0 0 0 0 0 0 0 0 0 0 0 0 0 1
1534861164 15 0 30 0 10 0 0 1 0 0 0 0 0 0 0 0 0 0 0 1
1534891233 15 0 31 0 10 0 0 1 0 0 0 0 0 0 0 0 0 0 0 1
1534947802 15 0 32 0 10 0 0 1 0 0 0 0 0 0 0 0 0 0 0 1
1534950379 15 0 33 0 10 0 0 1 0 0 0 0 0 0 0 0 0 0 0 1
1534952717 15 0 34 0 10 0 0 1 0 0 0 0 0 0 0 0 0 0 0 1
1534954953 15 0 35 0 10 0 0 1 0 0 0 0 0 0 0 0 0 0 0 1
1535043196 15 0 36 0 10 0 0 1 0 0 0 0 0 0 0 0 0 0 0 1
1535143814 15 0 36 0 10 0 0 2 0 0 0 0 0 0 0 0 0 0 0 1
1535465022 15 0 36 0 10 0 0 3 0 0 0 0 0 0 0 0 0 0 0 1
1535477671 15 0 37 0 10 0 0 3 0 0 0 0 0 0 0 0 0 0 0 1
1536273582 15 0 37 0 11 0 0 3 0 0 0 0 0 0 0 0 0 0 0 1
1537387512 15 0 38 0 11 0 0 3 0 0 0 0 0 0 0 0 0 0 0 1
1537388802 15 0 39 0 11 0 0 3 0 0 0 0 0 0 0 0 0 0 0 1
1537542017 15 0 40 0 11 0 0 3 0 0 0 0 0 0 0 0 0 0 0 1
1538000099 15 0 41 0 11 0 0 3 0 0 0 0 0 0 0 0 0 0 0 1
1538056232 15 0 42 0 11 0 0 3 0 0 0 0 0 0 0 0 0 0 0 1
1538077207 15 0 43 0 11 0 0 3 0 0 0 0 0 0 0 0 0 0 0 1
1538502692 15 0 43 0 11 0 0 3 1 0 0 0 0 0 0 0 0 0 0 1
1538506088 15 1 43 0 11 0 0 3 1 0 0 0 0 0 0 0 0 0 0 1
1538511376 15 2 43 0 11 0 0 3 1 0 0 0 0 0 0 0 0 0 0 1
1539101400 15 2 44 0 11 0 0 3 1 0 0 0 0 0 0 0 0 0 0 1
1539875794 15 2 44 0 11 0 0 3 2 0 0 0 0 0 0 0 0 0 0 1
1539879598 15 3 44 0 11 0 0 3 2 0 0 0 0 0 0 0 0 0 0 1
1539958357 15 3 44 0 11 0 0 3 3 0 0 0 0 0 0 0 0 0 0 1
1540218200 15 4 44 0 11 0 0 3 3 0 0 0 0 0 0 0 0 0 0 1
1540218802 15 5 44 0 11 0 0 3 3 0 0 0 0 0 0 0 0 0 0 1
1540311430 15 6 44 0 11 0 0 3 3 0 0 0 0 0 0 0 0 0 0 1
1540334462 15 6 45 0 11 0 0 3 3 0 0 0 0 0 0 0 0 0 0 1
1540392899 15 6 46 0 11 0 0 3 3 0 0 0 0 0 0 0 0 0 0 1
1541698357 15 7 46 0 11 0 0 3 3 0 0 0 0 0 0 0 0 0 0 1
1541698639 15 8 46 0 11 0 0 3 3 0 0 0 0 0 0 0 0 0 0 1
1541699564 15 8 46 0 11 0 0 3 4 0 0 0 0 0 0 0 0 0 0 1
1541797032 15 8 47 0 11 0 0 3 4 0 0 0 0 0 0 0 0 0 0 1
1542141767 15 8 47 0 11 0 0 3 4 0 0 0 0 0 0 0 0 0 0 1
1542233546 15 8 48 0 11 0 0 3 4 0 0 0 0 0 0 0 0 0 0 1
1542649124 15 8 49 0 11 0 0 3 4 0 0 0 0 0 0 0 0 0 0 1
1542814431 15 8 50 0 11 0 0 3 4 0 0 0 0 0 0 0 0 0 0 1
1542824242 15 8 50 0 11 0 0 4 4 0 0 0 0 0 0 0 0 0 0 1
1542827855 15 8 50 0 11 0 0 5 4 0 0 0 0 0 0 0 0 0 0 1
1542830531 15 9 50 0 11 0 0 5 4 0 0 0 0 0 0 0 0 0 0 1
1542837772 15 10 50 0 11 0 0 5 4 0 0 0 0 0 0 0 0 0 0 1
1542838116 15 11 50 0 11 0 0 5 4 0 0 0 0 0 0 0 0 0 0 1
1542843314 15 11 51 0 11 0 0 5 4 0 0 0 0 0 0 0 0 0 0 1
1543269416 15 12 51 0 11 0 0 5 4 0 0 0 0 0 0 0 0 0 0 1
1543271149 15 13 51 0 11 0 0 5 4 0 0 0 0 0 0 0 0 0 0 1
1543272051 15 13 51 0 11 0 0 6 4 0 0 0 0 0 0 0 0 0 0 1
1543274234 15 13 51 0 11 0 0 7 4 0 0 0 0 0 0 0 0 0 0 1
1543332111 15 13 51 0 11 0 0 8 4 0 0 0 0 0 0 0 0 0 0 1
1543858336 15 13 51 0 11 0 0 8 5 0 0 0 0 0 0 0 0 0 0 1
1543875549 15 13 52 0 11 0 0 8 5 0 0 0 0 0 0 0 0 0 0 1
1543946311 15 13 53 0 11 0 0 8 5 0 0 0 0 0 0 0 0 0 0 1
1543947937 15 13 53 0 11 0 0 9 5 0 0 0 0 0 0 0 0 0 0 1
1544029718 15 13 54 0 11 0 0 9 5 0 0 0 0 0 0 0 0 0 0 1
1544739700 15 13 55 0 11 0 0 9 5 0 0 0 0 0 0 0 0 0 0 1
1544743679 15 13 55 0 11 0 0 10 5 0 0 0 0 0 0 0 0 0 0 1
1544744560 15 13 55 0 11 0 0 11 5 0 0 0 0 0 0 0 0 0 0 1
1544800380 15 13 56 0 11 0 0 11 5 0 0 0 0 0 0 0 0 0 0 1
1544801733 15 13 56 0 11 0 0 12 5 0 0 0 0 0 0 0 0 0 0 1
1545235697 15 13 56 0 11 0 0 13 5 0 0 0 0 0 0 0 0 0 0 1
1545236111 15 13 56 0 11 0 0 14 5 0 0 0 0 0 0 0 0 0 0 1
1545259023 15 13 56 0 11 0 0 15 5 0 0 0 0 0 0 0 0 0 0 1
1545337010 15 13 56 0 11 0 0 16 5 0 0 0 0 0 0 0 0 0 0 1
1546442369 15 13 57 0 11 0 0 16 5 0 0 0 0 0 0 0 0 0 0 1
1546962804 15 13 58 0 11 0 0 16 5 0 0 0 0 0 0 0 0 0 0 1
1546965833 15 13 58 0 11 0 0 16 5 0 0 0 0 0 0 1 0 0 0 1
1546966034 15 13 58 0 11 0 0 16 5 0 0 0 0 0 0 2 0 0 0 1
1547146220 15 13 58 0 11 0 0 17 5 0 0 0 0 0 0 2 0 0 0 1
1547482102 15 13 59 0 11 0 0 17 5 0 0 0 0 0 0 2 0 0 0 1
1547827332 15 14 59 0 11 0 0 17 5 0 0 0 0 0 0 2 0 0 0 1
1547835907 15 14 59 0 11 0 0 17 5 0 0 0 0 0 0 2 1 0 0 1
1547842426 15 14 59 0 11 0 0 18 5 0 0 0 0 0 0 2 1 0 0 1
1548784690 15 14 59 0 12 0 0 18 5 0 0 0 0 0 0 2 1 0 0 1
1548856232 15 14 59 0 12 0 0 18 5 0 0 0 0 0 0 2 1 0 0 1
1548862786 15 14 59 0 12 0 0 18 5 0 0 0 0 0 0 2 1 0 0 2
1549450224 15 14 59 0 12 0 0 18 5 0 0 0 0 0 0 3 1 0 0 2
1549450343 15 14 59 0 12 0 0 18 5 0 0 0 0 0 0 4 1 0 2 2
1549468319 15 14 60 0 12 0 0 18 5 0 0 0 0 0 0 4 1 0 2 2
1549913398 15 14 60 1 12 0 0 18 5 0 0 0 0 0 0 4 1 0 2 2
1549914644 15 14 60 2 12 0 0 19 5 0 0 0 0 0 0 4 1 0 2 2
1550089886 15 14 61 2 12 0 0 19 5 0 0 0 0 0 0 4 1 0 2 2
1550157702 15 15 61 2 12 0 0 19 5 0 0 0 0 0 0 4 1 0 2 2
1550159562 15 15 61 2 13 0 0 19 5 0 0 0 0 0 0 4 1 0 2 2
1550168384 15 15 62 2 13 0 0 19 5 0 0 0 0 0 0 4 1 0 2 2
1550178105 15 15 62 2 13 0 0 20 5 0 0 0 0 0 0 4 1 0 2 2
1550180895 15 16 62 2 13 0 0 20 5 0 0 0 0 0 0 4 1 0 2 2
1550245250 15 16 63 2 13 0 0 20 5 0 0 0 0 0 0 4 1 0 2 2
1550590907 15 16 64 2 13 0 0 20 5 0 0 0 0 0 0 4 1 0 2 2
1550592496 15 16 64 2 13 0 0 21 5 0 0 0 0 0 0 4 1 0 2 2
1551206053 15 16 65 2 13 0 0 21 5 0 0 0 0 0 0 4 1 0 2 2
1551207306 15 17 65 2 13 0 0 21 5 0 0 0 0 0 0 4 1 0 2 2
1551208207 15 18 65 2 13 0 0 21 5 0 0 0 0 0 0 4 1 0 2 2
1551208380 15 18 66 2 13 0 0 21 5 0 0 0 0 0 0 4 1 0 2 2
1551209794 15 18 67 2 13 0 0 21 5 0 0 0 0 0 0 4 1 0 2 2
1551211886 15 19 67 2 13 0 0 21 5 0 0 0 0 0 0 4 1 0 2 2
1551213100 15 20 67 2 13 0 0 21 5 0 0 0 0 0 0 4 1 0 2 2
1551214654 15 20 68 2 13 0 0 21 5 0 0 0 0 0 0 4 1 0 2 2
1551219245 15 20 69 2 13 0 0 21 5 0 0 0 0 0 0 4 1 0 2 2
1551281324 15 20 70 2 13 0 0 21 5 0 0 0 0 0 0 4 1 0 2 2
1551292242 15 20 71 2 13 0 0 21 5 0 0 0 0 0 0 4 1 0 2 2
1551716019 15 20 71 2 13 0 0 22 5 0 0 0 0 0 0 4 1 0 2 2
1551739655 15 21 71 2 13 0 0 22 5 0 0 0 0 0 0 4 1 0 2 2
1551973300 15 21 71 2 13 0 0 22 5 0 0 0 0 0 0 4 1 0 2 2
1551979110 15 21 71 2 13 0 0 23 5 0 0 0 0 0 0 4 1 0 2 2
1552059758 15 21 72 2 13 0 0 23 5 0 0 0 0 0 0 4 1 0 2 2
1552059953 15 21 72 2 13 0 0 23 6 0 0 0 0 0 0 4 1 0 2 2
1552317641 15 21 72 2 13 0 0 23 7 0 0 0 0 0 0 4 1 0 2 2
1552322120 15 21 73 2 13 0 0 23 7 0 0 0 0 0 0 4 1 0 2 2
1553619643 15 21 73 2 14 0 0 23 7 0 0 0 0 0 0 4 1 0 2 2
1553630376 15 21 74 2 14 0 0 23 7 0 0 0 0 0 0 4 1 0 2 2
1553642907 15 21 75 2 14 0 0 23 7 0 0 0 0 0 0 4 1 0 2 2
1553699847 15 21 76 2 14 0 0 23 7 0 0 0 0 0 0 4 1 0 2 2
1553706785 15 21 77 2 14 0 0 23 7 0 0 0 0 0 0 4 1 0 2 2
1553790841 15 21 77 2 15 0 0 23 7 0 0 0 0 0 0 4 1 0 2 2
1553796367 15 21 77 2 16 0 0 23 7 0 0 0 0 0 0 4 1 0 2 2
1553878883 15 21 77 2 17 0 0 23 7 0 0 0 0 0 0 4 1 0 2 2
1554132615 15 21 78 2 17 0 0 23 7 0 0 0 0 0 0 4 1 0 2 2
1554138057 15 21 79 2 17 0 0 23 7 0 0 0 0 0 0 4 1 0 2 2
1554140676 15 21 80 2 17 0 0 23 7 0 0 0 0 0 0 4 1 0 2 2
1554145177 15 21 81 2 17 0 0 23 7 0 0 0 0 0 0 4 1 0 2 2
1554145301 15 21 81 2 17 0 0 23 7 0 0 0 0 0 0 4 2 0 2 2
1554148154 15 21 81 2 17 0 0 23 7 0 0 0 0 0 0 4 3 0 2 2
1554149884 15 21 81 2 17 0 0 24 7 0 0 0 0 0 0 4 3 0 2 2
1554153533 15 21 82 2 17 0 0 24 7 0 0 0 0 0 0 4 3 0 2 2
1554155495 15 22 82 2 17 0 0 24 7 0 0 0 0 0 0 4 3 0 2 2
1554214102 15 22 82 2 17 0 0 25 7 0 0 0 0 0 0 4 3 0 2 2
1554214437 15 22 83 2 17 0 0 25 7 0 0 0 0 0 0 4 3 0 2 2
1554228530 15 22 83 2 17 0 0 26 7 0 0 0 0 0 0 4 3 0 2 2
1554398700 15 22 83 2 18 0 0 26 7 0 0 0 0 0 0 4 3 0 2 2
1554404470 15 22 83 4 18 0 0 26 7 0 0 0 0 0 0 4 3 0 2 2
1554405153 16 22 83 4 18 0 0 26 7 0 0 0 0 0 0 4 3 0 2 2
1554405757 16 22 83 4 18 0 1 26 7 0 0 0 0 0 0 4 3 0 2 2
1554412728 16 22 83 5 18 0 1 26 7 0 0 0 0 0 0 4 3 0 2 2
1554750694 17 22 83 5 18 0 1 26 7 0 0 0 0 0 0 4 3 0 2 2
1554757828 17 22 83 6 18 0 1 26 7 0 0 0 0 0 0 4 3 0 2 2
1554769259 18 22 83 6 18 0 1 26 7 0 0 0 0 0 0 4 3 0 2 2
1555005163 18 23 83 6 18 0 1 26 7 0 0 0 0 0 0 4 3 0 2 2
1555007314 18 23 83 6 18 0 2 26 7 0 0 0 0 0 0 4 3 0 2 2
1555120202 18 23 83 6 19 0 2 26 7 0 0 0 0 0 0 4 3 0 2 2
1555344965 19 23 83 6 19 0 2 26 7 0 0 0 0 0 0 4 3 0 2 2
1555434235 19 23 83 7 19 0 2 26 7 0 0 0 0 0 0 4 3 0 2 2
1555434254 19 23 83 8 19 0 2 26 7 0 0 0 0 0 0 4 3 0 2 2
1555510497 20 23 83 8 19 0 2 26 7 0 0 0 0 0 0 4 3 0 2 2
1555612662 20 23 83 9 19 0 2 26 7 0 0 0 0 0 0 4 3 0 2 2
1555624832 21 23 83 9 19 0 2 26 7 0 0 0 0 0 0 4 3 0 2 2
1555686895 21 24 83 9 19 0 2 26 7 0 0 0 0 0 0 4 3 0 2 2
1555688137 21 24 83 9 19 0 3 26 7 0 0 0 0 0 0 4 3 0 2 2
1555712041 21 24 83 9 19 0 3 26 7 0 0 0 0 0 0 4 3 0 2 2
1555943503 22 24 83 9 19 0 3 26 7 0 0 0 0 0 0 4 3 0 2 2
1556035369 23 24 83 9 19 0 3 26 7 0 0 0 0 0 0 4 3 0 2 2
1556038207 24 24 83 9 19 0 3 26 7 0 0 0 0 0 0 4 3 0 2 2
1556051204 25 24 83 9 19 0 3 26 7 0 0 0 0 0 0 4 3 0 2 2
1556059156 25 24 83 9 19 0 3 26 7 0 0 0 0 0 0 4 3 0 2 2
1556059790 26 24 83 9 19 0 3 26 7 0 0 0 0 0 0 4 3 0 2 2
1556062090 27 24 83 9 19 0 3 26 7 0 0 0 0 0 0 4 3 0 2 2
1556077077 28 24 83 9 19 0 3 26 7 0 0 0 0 0 0 4 3 0 2 2
1556154018 28 24 83 9 19 0 4 26 7 0 0 0 0 0 0 4 3 0 2 2
1556213240 28 24 83 10 19 0 4 26 7 0 0 0 0 0 0 4 3 0 2 2
1556239892 28 25 83 10 19 0 4 26 7 0 0 0 0 0 0 4 3 0 2 2
1556288036 28 25 83 10 19 0 5 26 7 0 0 0 0 0 0 4 3 0 2 2
1556310919 28 26 83 10 19 0 5 26 7 0 0 0 0 0 0 4 3 0 2 2
1556642218 28 26 83 10 19 0 6 26 7 0 0 0 0 0 0 4 3 0 2 2
1556747473 29 26 83 10 19 0 6 26 7 0 0 0 0 0 0 4 3 0 2 2
1556748327 30 26 83 10 19 0 6 26 7 0 0 0 0 0 0 4 3 0 2 2
1556807188 31 26 83 10 19 0 6 26 7 0 0 0 0 0 0 4 3 0 2 2
1556807826 32 26 83 10 19 0 6 26 7 0 0 0 0 0 0 4 3 0 2 2
1556808343 33 26 83 10 19 0 6 26 7 0 0 0 0 0 0 4 3 0 2 2
1556808989 34 26 83 10 19 0 6 26 7 0 0 0 0 0 0 4 3 0 2 2
1556817568 35 26 83 10 19 0 6 26 7 0 0 0 0 0 0 4 3 0 2 2
1556826465 35 26 83 11 19 0 6 26 7 0 0 0 0 0 0 4 3 0 2 2
1556836360 35 27 83 11 19 0 6 26 7 0 0 0 0 0 0 4 3 0 2 2
1556907891 35 28 83 11 19 0 6 26 7 0 0 0 0 0 0 4 3 0 2 2
1556913299 35 29 83 11 19 0 7 26 7 0 0 0 0 0 0 4 3 0 2 2
1556914945 35 29 83 11 19 0 8 26 7 0 0 0 0 0 0 4 3 0 2 2
1556921583 36 29 83 11 19 0 8 26 7 0 0 0 0 0 0 4 3 0 2 2
1557187275 36 30 83 11 19 0 8 26 7 0 0 0 0 0 0 4 3 0 2 2
1557252215 36 30 83 11 19 0 9 26 7 0 0 0 0 0 0 4 3 0 2 2
1557254171 37 30 83 11 19 0 9 26 7 0 0 0 0 0 0 4 3 0 2 2
1557260229 38 30 83 11 19 0 9 26 7 0 0 0 0 0 0 4 3 0 2 2
1557324712 38 30 83 11 20 0 9 26 7 0 0 0 0 0 0 4 3 0 2 2
1557335122 38 30 83 12 20 0 9 26 7 0 0 0 0 0 0 4 3 0 2 2
1557337079 38 30 83 13 20 0 9 26 7 0 0 0 0 0 0 4 3 0 2 2
1557410830 39 30 83 13 20 0 9 26 7 0 0 0 0 0 0 4 3 0 2 2
1557510817 39 30 83 14 20 0 9 26 7 0 0 0 0 0 0 4 3 0 2 2
1557766188 40 30 83 14 20 0 9 26 7 0 0 0 0 0 0 4 3 0 2 2
1557842295 40 30 83 14 20 0 9 26 7 0 0 0 0 0 0 4 3 0 2 2
1557936683 40 30 83 14 20 0 10 26 7 0 0 0 0 0 0 4 3 0 2 2
1558021465 40 30 83 14 21 0 10 26 7 0 0 0 0 0 0 4 3 0 2 2
1558033100 40 30 83 14 21 0 10 26 8 0 0 0 0 0 0 4 3 0 2 2
1558038478 40 30 83 14 21 0 11 26 8 0 0 0 0 0 0 4 3 0 2 2
1558038643 40 30 83 14 21 0 11 26 9 0 0 0 0 0 0 4 3 0 2 2
1558368810 41 30 83 14 21 0 11 26 9 0 0 0 0 0 0 4 3 0 2 2
1558371456 41 30 83 14 21 0 11 26 9 0 0 0 0 0 0 4 3 0 2 2
1558373416 41 30 83 14 21 0 12 26 9 0 0 0 0 0 0 4 3 0 2 2
1558378540 41 30 83 14 21 0 13 26 9 0 0 0 0 0 0 4 3 0 2 2
1558381848 42 30 83 14 21 0 13 26 9 0 0 0 0 0 0 4 3 0 2 2
1558467256 43 30 83 14 21 0 13 26 9 0 0 0 0 0 0 4 3 0 2 2
1558470623 44 30 83 14 21 0 13 26 9 0 0 0 0 0 0 4 3 0 2 2
1558479352 45 30 83 14 21 0 13 26 9 0 0 0 0 0 0 4 3 0 2 2
1559100951 45 31 83 14 21 0 13 26 9 0 0 0 0 0 0 4 3 0 2 2
1559143583 45 31 83 14 21 0 14 26 9 0 0 0 0 0 0 4 3 0 2 2
1559242279 46 31 83 14 21 0 14 26 9 0 0 0 0 0 0 4 3 0 2 2
1559557942 46 31 83 14 22 0 14 26 9 0 0 0 0 0 0 4 3 0 2 2
1559570668 47 31 83 14 22 0 14 26 9 0 0 0 0 0 0 4 3 0 2 2
1559839640 47 31 83 15 22 0 14 26 9 0 0 0 0 0 0 4 3 0 2 2
1560187413 47 31 83 16 22 0 14 26 9 0 0 0 0 0 0 4 3 0 2 2
1560192471 48 31 83 16 22 0 14 26 9 0 0 0 0 0 0 4 3 0 2 2
1560458389 49 31 83 16 22 0 14 26 9 0 0 0 0 0 0 4 3 0 2 2
1560522788 50 31 83 16 22 0 14 26 9 0 0 0 0 0 0 4 3 0 2 2
1560785299 51 31 83 16 22 0 14 26 9 0 0 0 0 0 0 4 3 0 2 2
1560909481 51 31 83 16 22 0 14 26 9 0 0 0 0 0 0 4 3 0 2 2
1560954971 51 31 83 16 22 0 15 26 9 0 0 0 0 0 0 4 3 0 2 2
1560964107 52 31 83 16 22 0 15 26 9 0 0 0 0 0 0 4 3 0 2 2
1561058922 53 31 83 16 22 0 15 26 9 0 0 0 0 0 0 4 3 0 2 2
1561153862 54 31 83 16 22 0 15 26 9 0 0 0 0 0 0 4 3 0 2 2
1561396723 54 31 83 16 23 0 15 26 9 0 0 0 0 0 0 4 3 0 2 2
1561403905 55 31 83 16 23 0 15 26 9 0 0 0 0 0 0 4 3 0 2 2
1562708660 55 31 83 16 23 0 15 26 9 0 0 0 0 0 0 4 3 0 2 2
1563400035 55 32 83 16 23 0 15 26 9 0 0 0 0 0 0 4 3 0 2 2
1563464742 55 32 83 16 23 0 16 26 9 0 0 0 0 0 0 4 3 0 2 2
1563465295 56 32 83 16 23 0 16 26 9 0 0 0 0 0 0 4 3 0 2 2
1563466584 56 32 83 16 23 0 17 26 9 0 0 0 0 0 0 4 3 0 2 2
1564585216 57 32 83 16 23 0 17 26 9 0 0 0 0 0 0 4 3 0 2 2
1565017609 58 32 83 16 23 0 17 26 9 0 0 0 0 0 0 4 3 0 2 2
1565019614 59 32 83 16 23 0 17 26 9 0 0 0 0 0 0 4 3 0 2 2
1565024536 59 32 83 17 23 0 17 26 9 0 0 0 0 0 0 4 3 0 2 2
1565027357 60 32 83 17 23 0 17 26 9 0 0 0 0 0 0 4 3 0 2 2
1565035067 60 32 83 17 24 0 17 26 9 0 0 0 0 0 0 4 3 0 2 2
1565111136 61 32 83 17 24 0 17 26 9 0 0 0 0 0 0 4 3 0 2 2
1565374628 61 32 83 18 24 0 17 26 9 0 0 0 0 0 0 4 3 0 2 2
1565376423 61 32 83 19 24 0 17 26 9 0 0 0 0 0 0 4 3 0 2 2
1565377701 61 32 83 20 24 0 17 26 9 0 0 0 0 0 0 4 3 0 2 2
1565636027 61 32 83 21 24 0 17 26 9 0 0 0 0 0 0 4 3 0 2 2
1565792765 61 32 83 22 24 0 17 26 9 0 0 0 0 0 0 4 3 0 2 2
1565896962 61 32 83 22 25 0 17 26 9 0 0 0 0 0 0 4 3 0 2 2
1566340607 62 32 83 22 25 0 17 26 9 0 0 0 0 0 0 4 3 0 2 2
1566570666 63 32 83 22 25 0 17 26 9 0 0 0 0 0 0 4 3 0 2 2
1566916224 63 32 83 23 25 0 17 26 9 0 0 0 0 0 0 4 3 0 2 2
1566930571 63 32 83 24 25 0 17 26 9 0 0 0 0 0 0 4 3 0 2 2
1566931548 64 32 83 24 25 0 17 26 9 0 0 0 0 0 0 4 3 0 2 2
1566941197 64 32 83 24 25 0 17 26 10 0 0 0 0 0 0 4 3 0 2 2
1566941628 64 32 83 24 25 0 17 26 11 0 0 0 0 0 0 4 3 0 2 2
1566941741 64 32 83 24 25 0 17 26 12 0 0 0 0 0 0 4 3 0 2 2
1566943584 64 32 83 24 25 0 17 26 13 0 0 0 0 0 0 4 3 0 2 2
1567002783 64 32 83 24 25 0 18 26 13 0 0 0 0 0 0 4 3 0 2 2
1567002903 64 32 83 24 25 0 19 26 13 0 0 0 0 0 0 4 3 0 2 2
1567064416 64 32 83 24 25 0 19 26 13 0 0 1 0 0 0 4 3 0 2 2
1567083428 64 32 83 24 25 0 19 26 13 0 0 2 0 0 0 4 3 0 2 2
1567083749 64 32 83 24 25 0 19 26 13 0 0 3 0 0 0 4 3 0 2 2
1567103219 64 32 83 25 25 0 19 26 13 0 0 3 0 0 0 4 3 0 2 2
1567153819 64 32 83 25 25 0 19 26 13 0 0 4 0 0 0 4 3 0 2 2
1567154374 64 32 83 25 25 0 19 26 13 0 0 5 0 0 0 4 3 0 2 2
1567190113 64 32 83 25 25 0 19 26 13 0 0 6 0 0 0 4 3 0 2 2
1567196611 64 32 83 25 25 0 20 26 13 0 0 6 0 0 0 4 3 0 2 2
1567203670 64 33 83 25 25 0 20 26 13 0 0 6 0 0 0 4 3 0 2 2
1567204193 64 34 83 25 25 0 20 26 13 0 0 6 0 0 0 4 3 0 2 2
1567574046 64 35 83 25 25 0 20 26 13 0 0 6 0 0 0 4 3 0 2 2
1567705843 65 35 83 25 25 0 20 26 13 0 0 6 0 0 0 4 3 0 2 2
1567795365 66 35 83 25 25 0 20 26 13 0 0 6 0 0 0 4 3 0 2 2
1567795382 67 35 83 25 25 0 20 26 13 0 0 6 0 0 0 4 3 0 2 2
1567795503 68 35 83 25 25 0 20 26 13 0 0 6 0 0 0 4 3 0 2 2
1567803787 68 35 83 25 25 0 21 26 13 0 0 6 0 0 0 4 3 0 2 2
1567921277 68 35 83 25 25 0 21 26 14 0 0 6 0 0 0 4 3 0 2 2
1568038890 68 35 83 25 25 0 22 26 14 0 0 6 0 0 0 4 3 0 2 2
1568067570 68 35 83 25 25 0 23 26 14 0 0 6 0 0 0 4 3 0 2 2
1568123630 69 35 83 25 25 0 23 26 14 0 0 6 0 0 0 4 3 0 2 2
1568141346 70 35 83 25 25 0 23 26 14 0 0 6 0 0 0 4 3 0 2 2
1569437766 70 35 83 25 25 0 23 26 14 0 0 6 0 0 1 4 3 0 2 2
1569619140 70 35 83 25 25 0 23 26 14 0 0 6 0 0 2 4 3 0 2 2
1570466588 71 35 83 25 25 0 23 26 14 0 0 6 0 0 2 4 3 0 2 2
1570470991 71 36 83 25 25 0 23 26 14 0 0 6 0 0 2 4 3 0 2 2
1570550873 72 36 83 25 25 0 23 26 14 0 0 6 0 0 2 4 3 0 2 2
1570646583 72 36 83 25 25 0 23 26 14 0 0 6 0 0 3 4 3 0 2 2
1570649166 72 36 83 25 25 0 23 26 14 0 0 6 0 0 4 4 3 0 2 2
1570721003 72 36 83 25 26 0 23 26 14 0 0 6 0 0 4 4 3 0 2 2
1570735999 73 36 83 25 26 0 23 26 14 0 0 6 0 0 4 4 3 0 2 2
1570737082 74 36 83 25 26 0 23 26 14 0 0 6 0 0 4 4 3 0 2 2
1570741224 75 36 83 25 26 0 23 26 14 0 0 6 0 0 4 4 3 0 2 2
1570747533 76 36 83 25 26 0 23 26 14 0 0 6 0 0 4 4 3 0 2 2
1570831064 76 36 83 25 26 0 23 26 14 0 0 6 0 0 5 4 3 0 2 2
1570832132 76 36 83 25 27 0 23 26 14 0 0 6 0 0 5 4 3 0 2 2
1571112862 77 36 83 25 27 0 23 26 14 0 0 6 0 0 5 4 3 0 2 2
1571254368 78 36 83 25 27 0 23 26 14 0 0 6 0 0 5 4 3 0 2 2
1571755768 79 36 83 25 27 0 23 26 14 0 0 6 0 0 5 4 3 0 2 2
1571783293 80 36 83 25 27 0 23 26 14 0 0 6 0 0 5 4 3 0 2 2
1571844326 81 36 83 25 27 0 23 26 14 0 0 6 0 0 5 4 3 0 2 2
1571846825 82 36 83 25 27 0 23 26 14 0 0 6 0 0 5 4 3 0 2 2
1571926303 83 36 83 25 27 0 23 26 14 0 0 6 0 0 5 4 3 0 2 2
1572276600 84 36 83 25 27 0 23 26 14 0 0 6 0 0 5 4 3 0 2 2
1572454797 84 37 83 25 27 0 23 26 14 0 0 6 0 0 5 4 3 0 2 2
1574296248 85 37 83 25 27 0 24 26 14 0 0 6 0 0 5 4 3 0 2 2
1574447050 86 37 83 25 27 0 24 26 14 0 0 6 0 0 5 4 3 0 2 2
1576009357 86 37 83 26 27 0 24 26 14 0 0 6 0 0 5 4 3 0 2 2
1576010624 87 37 83 26 27 0 24 26 14 0 0 6 0 0 5 4 3 0 2 2
1576769755 87 37 83 27 27 0 24 26 14 0 0 6 0 0 5 4 3 0 2 2
1576770850 87 37 83 28 27 0 24 26 14 0 0 6 0 0 5 4 3 0 2 2
1576775431 87 37 83 29 27 0 24 26 14 0 0 6 0 0 5 4 3 0 2 2
1577491136 87 37 83 29 28 0 24 26 14 0 0 6 0 0 5 4 3 0 2 2
1578430364 88 37 83 29 28 0 24 26 14 0 0 6 0 0 5 4 3 0 2 2
1578438554 89 37 83 29 28 0 24 26 14 0 0 6 0 0 5 4 3 0 2 2
1578441089 90 37 83 29 28 0 24 26 14 0 0 6 0 0 5 4 3 0 2 2
1578953762 91 37 83 29 28 0 24 26 14 0 0 6 0 0 5 4 3 0 2 2
1579111753 92 37 83 29 28 0 24 26 14 0 0 6 0 0 5 4 3 0 2 2
1579196205 93 37 83 29 28 0 24 26 14 0 0 6 0 0 5 4 3 0 2 2
1579622227 94 37 83 29 28 0 24 26 14 0 0 6 0 0 5 4 3 0 2 2
1580145858 94 38 83 29 28 0 24 26 14 0 0 6 0 0 5 4 3 0 2 2
1580179464 94 38 83 29 28 0 25 26 14 0 0 6 0 0 5 4 3 0 2 2
1580484753 95 39 83 29 28 0 25 26 14 0 0 6 0 0 5 4 3 0 2 2
1580525034 95 39 83 29 28 0 26 26 14 0 0 6 0 0 5 4 3 0 2 2
1581458409 95 39 83 29 29 0 26 26 15 0 0 6 0 0 5 4 3 0 2 2
1581630686 95 39 83 30 29 0 26 26 15 0 0 6 0 0 5 4 3 0 2 2
1582049599 96 39 83 30 29 0 26 26 15 0 0 6 0 0 5 4 3 0 2 2
1582056646 97 39 83 30 29 0 26 26 15 0 0 6 0 0 5 4 3 0 2 2
1582057648 98 39 83 30 29 0 26 26 15 0 0 6 0 0 5 4 3 0 2 2
1582062158 99 39 83 30 29 0 26 26 15 0 0 6 0 0 5 4 3 0 2 2
1582065060 100 39 83 30 29 0 26 26 15 0 0 6 0 0 5 4 3 0 2 2
1582299658 101 39 83 30 29 0 26 26 15 0 0 6 0 0 5 4 3 0 2 2
1582670672 102 39 83 30 29 0 26 26 15 0 0 6 0 0 5 4 3 0 2 2
1582937559 102 39 83 30 29 0 27 26 15 0 0 6 0 0 5 4 3 0 2 2
1582960464 102 39 83 30 30 0 27 26 15 0 0 6 0 0 5 4 3 0 2 2
1583851913 102 39 83 31 30 0 27 26 15 0 0 6 0 0 5 4 3 0 2 2
1584545494 103 39 83 31 30 0 27 26 15 0 0 6 0 0 5 4 3 0 2 2
1584571000 104 39 83 31 30 0 27 26 15 0 0 6 0 0 5 4 3 0 2 2
1584635774 105 39 83 31 30 0 27 26 15 0 0 6 0 0 5 4 3 0 2 2
1584641966 106 39 83 31 30 0 27 26 15 0 0 6 0 0 5 4 3 0 2 2
1585940261 106 39 83 31 31 0 27 26 15 0 0 6 0 0 5 4 3 0 2 2
1585943563 107 39 83 31 31 0 27 26 15 0 0 6 0 0 5 4 3 0 2 2
1586792378 108 39 83 31 31 0 27 26 15 0 0 6 0 0 5 4 3 0 2 2
1586818851 109 39 83 31 31 0 27 26 15 0 0 6 0 0 5 4 3 0 2 2
1587573842 109 39 83 31 31 0 27 26 15 0 0 6 0 1 5 4 3 0 2 2
1587584877 110 39 83 31 31 0 27 26 15 0 0 6 0 1 5 4 3 0 2 2
1587613901 110 39 83 31 31 0 27 26 15 0 0 6 0 2 5 4 3 0 2 2
1587668882 111 39 83 31 31 0 27 26 15 0 0 6 0 2 5 4 3 0 2 2
1587756056 112 39 83 31 31 0 27 26 15 0 0 6 0 2 5 4 3 0 2 2
1588090984 113 39 83 31 31 0 27 26 15 0 0 6 0 2 5 4 3 0 2 2
1588615745 114 39 83 31 31 0 27 26 15 0 0 6 0 2 5 4 3 0 2 2
1588778874 115 39 83 31 31 0 27 26 23 0 0 6 0 2 5 4 3 0 2 2
1589833120 115 39 83 31 31 0 28 26 23 0 0 6 0 2 5 4 3 0 2 2
1591124446 116 39 83 31 31 0 28 26 23 0 0 6 0 2 5 4 3 0 2 2
1591125251 116 39 83 32 31 0 28 26 23 0 0 6 0 2 5 4 3 0 2 2
1591388858 116 39 83 32 32 0 28 26 23 0 0 6 0 2 5 4 3 0 2 2
1591908386 117 39 83 32 32 0 28 26 23 0 0 6 0 2 5 4 3 0 2 2
1593118773 118 39 83 32 32 0 28 26 23 0 0 6 0 2 5 4 3 0 2 2
1594309130 118 39 83 32 32 0 28 26 23 0 0 6 0 3 5 4 3 0 2 2
1594411484 118 39 83 32 33 0 28 26 23 0 0 6 0 3 5 4 3 0 2 2
1594648536 118 39 83 33 33 0 28 26 23 0 0 6 0 3 5 4 3 0 2 2
1594661864 118 39 83 34 33 0 28 26 23 0 0 6 0 3 5 4 3 0 2 2
1594674991 118 39 83 35 33 0 28 26 23 0 0 6 0 3 5 4 3 0 2 2
1594995193 118 39 83 36 33 0 28 26 23 0 0 6 0 3 5 4 3 0 2 2
1595272050 119 39 83 36 33 0 28 26 23 0 0 6 0 3 5 4 3 0 2 2
1595520007 119 39 83 37 33 0 28 26 23 0 0 6 0 3 5 4 3 0 2 2
1595954947 119 39 83 38 33 0 28 26 23 0 0 6 0 3 5 4 3 0 2 2
1595955132 120 39 83 38 33 0 28 26 23 0 0 6 0 3 5 4 3 0 2 2
1595968404 120 39 83 39 33 0 28 26 23 0 0 6 0 3 5 4 3 0 2 2
1596644642 120 39 83 39 34 0 28 26 23 0 0 6 0 3 5 4 3 0 2 2
1596829368 120 39 83 40 34 0 28 26 23 0 0 6 0 3 5 4 3 0 2 2
1596829600 120 40 83 40 34 0 28 26 23 0 0 6 0 3 5 4 3 0 2 2
1596829643 120 40 83 40 34 0 28 26 23 1 0 6 0 3 5 4 3 0 2 2
1596829662 120 41 83 40 34 0 28 26 23 1 0 6 0 3 5 4 3 0 2 2
1596829700 120 42 83 40 34 0 28 26 23 1 0 6 0 3 5 4 3 0 2 2
1596829751 120 43 83 40 34 0 28 26 23 1 0 6 0 3 5 4 3 0 2 2
1596832765 120 43 83 40 34 0 28 26 23 1 0 6 0 3 5 4 3 0 2 2
1596841091 120 44 83 40 34 0 28 26 23 1 0 6 0 3 5 4 3 0 2 2
1597091751 120 45 83 40 34 0 28 26 23 1 0 6 0 3 5 4 3 0 2 2
1597092863 120 46 83 40 34 0 28 26 23 1 0 6 0 3 5 4 3 0 2 2
1597094049 120 47 83 40 34 0 28 26 23 1 0 6 0 3 5 4 3 0 2 2
1597109190 120 48 83 40 34 0 28 26 23 1 0 6 0 3 5 4 3 0 2 2
1597109483 120 49 83 40 34 0 28 26 23 1 0 6 0 3 5 4 3 0 2 2
1597167560 120 50 83 40 34 0 28 26 23 1 0 6 0 3 5 4 3 0 2 2
1597167566 120 51 83 40 34 0 28 26 23 1 0 6 0 3 5 4 3 0 2 2
1597188466 121 52 83 40 34 0 28 26 23 1 0 6 0 3 5 4 3 0 2 2
1597338003 121 52 83 40 34 0 28 26 23 1 0 6 0 3 5 4 3 0 2 2
1597343710 121 53 83 40 34 0 28 26 23 1 0 6 0 3 5 4 3 0 2 2
1598056908 121 54 83 40 34 0 28 26 23 1 0 6 0 3 5 4 3 0 2 2
1598230866 121 54 83 40 34 1 28 26 23 1 0 6 0 3 5 4 3 0 2 2
1598894499 121 55 83 40 34 1 28 26 23 1 0 6 0 3 5 4 3 0 2 2
1598913436 121 55 83 40 34 2 28 26 23 1 0 6 0 3 5 4 3 0 2 2
1599000664 121 56 83 40 34 2 28 26 23 1 0 6 0 3 5 4 3 0 2 2
1599081099 121 57 83 40 34 2 28 26 23 1 0 6 0 3 5 4 3 0 2 2
1599085305 122 57 83 40 34 2 28 26 23 1 0 6 0 3 5 4 3 0 2 2
1599197067 122 57 83 40 34 2 28 26 23 1 1 6 0 3 5 4 3 0 2 2
1599586397 122 57 83 41 34 2 28 26 23 1 1 6 0 3 5 4 3 0 2 2
1599666282 122 57 83 42 34 2 28 26 23 1 1 6 0 3 5 4 3 0 2 2
1599687864 122 57 83 43 34 2 28 26 23 1 1 6 0 3 5 4 3 0 2 2
1600358863 123 57 83 43 34 2 28 26 23 1 1 6 0 3 5 4 3 0 2 2
1600724026 123 58 83 43 34 2 28 26 23 1 1 6 0 3 5 4 3 0 2 2
1602188257 123 60 83 43 35 2 28 26 23 1 1 6 0 3 5 4 3 0 2 2
1602603892 123 61 83 43 35 2 28 26 23 1 1 6 0 3 5 4 3 0 2 2
1602692474 123 62 83 43 35 2 28 26 23 1 1 6 0 3 5 4 3 0 2 2
1603228419 123 62 83 43 35 2 28 26 23 1 1 6 0 3 5 4 3 0 2 2
1603234549 123 63 83 43 35 2 28 26 23 1 1 6 0 3 5 4 3 0 2 2
1603295145 123 64 83 43 35 2 28 26 23 1 1 6 0 3 5 4 3 0 2 2
1603295151 123 65 83 43 35 2 28 26 23 1 1 6 0 3 5 4 3 0 2 2
1603388878 123 66 83 43 35 2 28 26 23 2 1 6 0 3 5 4 3 0 2 2
1604019977 123 67 83 43 35 2 28 26 23 2 1 6 0 3 5 4 3 0 2 2
1604522721 123 68 83 43 35 2 28 26 23 2 1 6 0 3 5 4 3 0 2 2
1604530102 123 69 83 43 35 2 28 26 23 2 1 6 0 3 5 4 3 0 2 2
1604703395 123 69 83 43 35 2 28 26 23 2 1 6 0 3 5 4 3 0 2 2
1604970001 123 70 83 43 35 2 28 26 23 2 1 6 0 3 5 4 3 0 2 2
1605313976 123 71 83 43 35 2 28 26 23 2 1 6 0 3 5 4 3 0 2 2
1606323251 123 71 83 44 35 2 28 26 23 2 1 6 0 3 5 4 3 0 2 2
1606797312 124 71 83 45 35 2 28 26 23 2 1 6 0 3 5 4 3 0 2 2
1606839600 125 72 83 46 35 3 28 26 23 2 1 6 0 3 5 4 3 0 2 2
1606862921 125 73 83 46 35 3 28 26 23 2 1 6 0 3 5 4 3 0 2 2
1606867755 126 73 83 46 35 3 28 26 23 2 1 6 0 3 5 4 3 0 2 2
1606871123 126 74 83 46 35 3 28 26 23 2 1 6 0 3 5 4 3 0 2 2
1606926386 126 74 83 47 35 3 28 26 23 2 1 6 0 3 5 4 3 0 2 2
1607615886 127 74 83 47 35 3 28 26 23 2 1 6 0 3 5 4 3 0 2 2
1607713167 127 74 83 48 35 3 28 26 23 2 1 6 0 3 5 4 3 0 2 2
1607713715 127 74 83 49 35 3 28 26 23 2 1 6 0 3 5 4 3 0 2 2
1608141233 128 74 83 49 35 3 28 26 23 2 1 6 0 3 5 4 3 0 2 2
1608170739 128 75 83 49 35 3 28 26 23 2 1 6 0 3 5 4 3 0 2 2
1608223225 128 75 83 50 35 3 28 26 23 2 1 6 0 3 5 4 3 0 2 2
1608232110 129 75 83 50 35 3 28 26 23 2 1 6 0 3 5 4 3 0 2 2
1608265058 130 75 83 50 35 3 28 26 23 2 1 6 0 3 5 4 3 0 2 2
1608671606 130 75 83 51 35 3 28 26 23 2 1 6 0 3 5 4 3 0 2 2
1609979699 130 76 83 51 35 3 28 26 23 2 1 6 0 3 5 4 3 0 2 2
1610669002 131 76 83 53 35 3 28 26 23 2 1 6 0 3 5 4 3 0 2 2
1611268029 132 76 83 53 35 3 28 26 23 2 1 6 0 3 5 4 3 0 2 2
1611596538 133 76 83 53 35 3 28 26 23 2 1 6 0 3 5 4 3 0 2 2
1611778247 134 76 83 53 35 3 28 26 23 2 1 6 0 3 5 4 3 0 2 2
1611780554 135 76 83 53 35 3 28 26 23 2 1 6 0 3 5 4 3 0 2 2
1611786379 136 76 83 53 35 3 28 26 23 2 1 6 0 3 5 4 3 0 2 2
1611853681 137 76 83 53 35 3 28 26 23 2 1 6 0 3 5 4 3 0 2 2
1612162340 137 76 83 53 35 4 28 26 23 2 1 6 0 3 5 4 3 0 2 2
1612813278 137 77 83 53 35 4 28 26 23 2 1 6 0 3 5 4 3 0 2 2
1612819450 138 77 83 53 35 4 28 26 23 2 1 6 0 3 5 4 3 0 2 2
1613521694 139 77 83 53 35 5 28 26 23 2 1 6 0 3 5 4 3 0 2 2
1613976370 139 77 83 53 35 6 28 26 23 2 1 6 0 3 5 4 3 0 2 2
1614038464 142 77 83 53 35 7 28 26 23 2 1 6 0 3 5 4 3 0 2 2
1614259824 142 77 83 53 35 7 28 26 23 3 1 6 0 3 5 4 3 0 2 2
1614303127 142 77 83 53 35 8 28 26 23 3 1 6 0 3 5 4 3 0 2 2
1615570788 142 78 83 53 35 8 28 26 23 3 1 6 0 3 5 4 3 0 2 2
1615572698 142 79 83 53 35 8 28 26 23 3 1 6 0 3 5 4 3 0 2 2
1615584806 142 80 83 53 35 8 28 26 23 3 1 6 0 3 5 4 3 0 2 2
1615857405 143 80 83 53 35 8 28 26 23 3 1 6 0 3 5 4 3 0 2 2
1617392849 146 80 83 54 35 8 28 26 23 3 1 6 0 3 5 4 3 0 2 2
1617732715 149 80 83 54 35 8 28 26 23 3 1 6 0 3 5 4 3 0 2 2
1617754163 149 81 83 54 35 8 28 26 23 3 1 6 0 3 5 4 3 0 2 2
1617755393 149 82 83 54 35 8 28 26 23 3 1 6 0 3 5 4 3 0 2 2
1617755723 149 83 83 54 35 8 28 26 23 3 1 6 0 3 5 4 3 0 2 2
1618852685 149 84 83 54 35 8 28 26 23 3 1 6 0 3 5 4 3 0 2 2
1619814012 149 84 83 54 35 8 28 26 23 3 1 6 1 3 5 4 3 0 2 2
1619826372 154 85 83 55 35 8 28 26 23 3 1 6 2 3 5 4 3 0 2 2
1620090155 154 86 83 55 35 8 28 26 23 3 1 6 2 4 5 4 3 0 2 2
1620090941 155 87 83 55 35 8 28 26 23 3 1 6 2 4 5 4 3 0 2 2
1620090990 156 88 83 55 37 8 28 26 23 3 1 6 2 4 5 4 3 0 2 2
1620091544 156 89 83 55 37 8 28 26 23 3 1 6 2 4 5 4 3 0 2 2
1620093968 156 90 83 55 37 8 28 26 23 3 1 6 2 4 5 4 3 0 2 2
1620135567 156 91 83 55 37 8 28 26 23 3 1 6 2 4 5 4 3 0 2 2
1620876485 156 91 83 55 37 8 28 26 23 4 1 6 2 4 5 4 3 0 2 2
1621021295 157 91 83 55 37 8 28 26 23 4 1 6 2 4 5 4 3 0 2 2
1621367687 157 91 83 55 37 8 28 26 23 4 1 6 3 4 5 4 3 0 2 2
1621381154 157 91 83 55 37 8 28 26 23 4 1 6 4 4 5 4 3 0 2 2
1621392478 157 91 83 55 37 8 28 26 23 4 1 6 5 4 5 4 3 0 2 2
1622152276 157 92 83 55 37 8 28 26 23 4 1 6 5 4 5 4 3 0 2 2
1622152316 157 93 83 55 37 8 28 26 23 4 1 6 5 4 5 4 3 0 2 2
1622158100 157 93 83 55 37 8 28 26 23 4 2 6 5 4 5 4 3 0 2 2
1622225732 157 94 83 55 37 8 28 26 23 4 2 6 5 4 5 4 3 0 2 2
1622226003 159 95 83 55 37 8 28 26 23 4 2 6 5 4 5 4 3 0 2 2
1622227659 160 96 83 55 37 8 28 26 23 4 2 6 5 4 5 4 3 0 2 2
1622240002 160 97 83 55 37 8 28 26 23 4 2 6 5 4 5 4 3 0 2 2
1622240346 162 98 83 55 37 8 28 26 23 4 2 6 5 4 5 4 3 0 2 2
1622240507 163 99 83 55 37 8 28 26 23 4 2 6 5 4 5 4 3 0 2 2
1622751281 163 99 83 55 37 8 28 26 23 4 2 6 6 4 5 4 3 0 2 2
1622845955 163 99 83 55 37 8 28 26 23 5 2 6 6 4 5 4 3 0 2 2
1623072772 163 99 83 55 37 8 28 26 23 6 2 6 6 4 5 4 3 0 2 2
1623258635 166 99 83 55 37 8 28 26 23 6 2 6 6 4 5 4 3 1 2 2
1623333837 166 99 83 55 37 8 28 26 23 7 2 6 6 4 5 4 3 1 2 2
1623349884 166 99 83 55 37 8 28 26 23 7 2 6 6 4 5 4 3 2 2 2
1623350903 167 99 83 55 37 8 28 26 23 8 2 6 6 4 5 4 3 2 2 2
1623368130 167 99 83 55 37 8 28 26 23 8 3 6 6 4 5 4 3 2 2 2
1623432889 167 99 83 55 37 8 28 26 23 8 4 6 6 4 5 4 3 2 2 2
1623436512 167 100 83 55 37 8 28 26 23 8 4 6 6 4 5 4 3 2 2 2
1623437442 167 101 83 55 37 8 28 26 23 8 4 6 6 4 5 4 3 2 2 2
1623437991 167 102 83 55 37 8 28 26 23 8 4 6 6 4 5 4 3 2 2 2
1623766775 167 102 83 55 37 8 28 26 23 8 5 6 6 4 5 4 3 2 2 2
1623787393 167 102 83 55 37 8 28 26 23 8 6 6 6 4 5 4 3 2 2 2
1623950121 167 102 83 55 38 8 28 26 23 8 7 6 6 4 5 4 3 2 2 2
1627325065 167 102 83 55 38 8 28 26 23 8 7 6 6 4 5 4 3 2 2 2
1628193430 168 102 83 55 38 8 28 26 23 9 7 6 6 4 5 4 3 2 2 2
1628563637 169 102 83 55 38 9 28 26 23 9 7 6 6 4 5 4 3 2 2 2
1628641951 171 102 83 55 38 10 28 26 23 9 7 6 6 4 5 4 3 2 2 2
1628694114 171 102 83 55 38 10 28 26 23 9 7 6 6 4 5 5 3 2 2 2
1628917708 171 102 83 55 38 11 28 26 23 9 7 6 6 4 5 5 3 2 2 2
1629127801 172 102 83 55 38 11 28 26 23 9 7 6 6 4 5 5 3 2 2 2
1629132113 173 102 83 55 38 11 28 26 23 9 7 6 6 4 5 5 3 2 2 2
1629276045 173 102 83 55 38 12 28 26 23 9 7 6 6 4 5 5 3 2 2 2
1629328971 173 103 83 55 38 13 28 26 23 9 7 6 6 4 5 5 3 2 2 2
1630070317 173 103 83 55 38 13 28 26 23 10 7 6 6 4 5 5 3 2 2 2
1631136370 173 104 83 55 38 13 28 26 23 10 7 6 6 4 5 5 3 2 2 2
1631199916 174 104 83 55 38 13 28 26 23 10 7 6 6 4 5 5 3 2 2 2
1631759787 174 104 83 55 38 14 28 26 23 10 7 6 6 4 5 5 3 2 2 2
1631778443 174 104 83 55 38 15 28 26 23 10 7 6 6 4 5 5 3 2 2 2
1631842465 174 104 83 55 38 15 28 26 23 10 7 6 6 4 5 5 3 2 2 2
1632941449 174 104 83 55 38 15 28 26 23 11 7 6 6 4 5 5 3 2 2 2
1633382437 174 105 83 55 38 15 28 26 23 11 7 6 6 4 5 5 3 2 2 2
1633397087 174 105 83 55 38 15 28 26 23 11 7 6 6 4 5 5 3 2 2 2
1633618310 174 105 83 55 38 15 28 26 23 11 7 6 6 4 5 5 3 2 2 2
1634138908 174 105 83 55 38 15 28 26 23 12 7 6 6 4 5 5 3 2 2 2
1634647667 174 105 83 55 38 15 28 26 23 13 7 6 6 4 5 5 3 2 2 2
1634687430 174 105 83 55 38 15 28 26 23 13 7 6 6 4 5 5 3 3 2 2
1635282376 174 105 83 55 38 15 28 26 23 13 7 6 6 4 5 5 3 3 2 2
1635315897 174 105 83 55 38 16 28 26 23 13 7 6 6 4 5 5 3 3 2 2
1635863596 174 106 83 55 38 16 28 26 23 13 7 6 6 4 5 5 3 3 2 2
1637101219 174 106 83 55 38 17 28 26 23 13 7 6 6 4 5 5 3 3 2 2
1637611706 175 106 83 56 38 17 28 26 23 14 7 6 6 4 5 5 3 3 2 2
1637677905 175 106 83 56 38 17 28 26 23 15 7 6 6 4 5 5 3 3 2 2
1637678374 175 107 83 56 38 17 28 26 23 15 7 6 6 4 5 5 3 3 2 2
1637678448 175 108 83 56 38 17 28 26 23 15 7 6 6 4 5 5 3 3 2 2
1637678572 175 109 83 56 38 17 28 26 23 15 7 6 6 4 5 5 3 3 2 2
1637707853 175 109 83 56 38 18 28 26 23 15 7 6 6 4 5 5 3 3 2 2
1637711240 175 109 83 56 38 18 28 26 23 16 7 6 6 4 5 5 3 3 2 2
1637719117 185 110 83 56 38 18 28 26 23 17 7 6 6 4 5 5 3 3 2 2
1639596804 186 110 83 56 38 18 28 26 23 17 7 6 6 4 5 5 3 3 2 2
1641502327 186 110 83 57 38 18 28 26 23 17 7 6 6 4 5 5 3 3 2 2
1641564040 186 110 83 58 38 18 28 26 23 17 7 6 6 4 5 5 3 3 2 2
1641866961 186 111 83 58 38 18 28 26 23 17 7 6 6 4 5 5 3 3 2 2
1641959739 186 111 83 58 38 18 28 26 23 17 7 6 6 5 5 5 3 3 2 2
1642467079 186 111 83 58 38 18 28 26 23 17 7 6 6 5 5 5 3 3 2 2
1642532332 187 111 83 58 38 18 28 26 23 17 7 6 6 5 5 5 3 3 2 2
1642688149 187 111 83 58 38 19 28 26 23 17 7 6 6 5 5 5 3 3 2 2
1642814959 187 112 83 59 38 19 28 26 23 17 7 6 6 5 5 5 3 3 2 2
1642815471 188 113 83 59 38 19 28 26 23 17 7 6 6 5 5 5 3 3 2 2
1642816244 188 113 83 59 38 20 28 26 23 17 7 6 6 5 5 5 3 3 2 2
1642816927 188 114 83 59 38 20 28 26 23 17 7 6 6 5 5 5 3 3 2 2
1643073600 188 114 83 59 38 21 28 26 23 17 7 6 6 5 5 5 3 3 2 2
1643137146 188 115 83 59 38 21 28 26 23 17 7 6 6 5 5 5 3 3 2 2
1643228628 188 115 83 59 38 22 28 26 23 17 7 6 6 5 5 5 3 3 2 2
1643235656 188 115 83 59 38 23 28 26 23 17 7 6 6 5 5 5 3 3 2 2
1643332674 188 115 83 59 38 24 28 26 23 17 7 6 6 5 5 5 3 3 2 2
1643335270 189 115 83 59 38 25 28 26 23 17 7 6 6 5 5 5 3 3 2 2
1643337693 189 115 83 59 38 26 28 26 23 17 7 6 6 5 5 5 3 3 2 2
1643396479 189 115 83 59 38 27 28 26 23 17 7 6 6 5 5 5 3 3 2 2
1643397299 189 116 83 59 39 27 28 26 23 17 7 6 6 5 5 5 3 3 2 2
1643402045 189 116 83 59 39 28 28 26 23 17 7 6 6 5 5 5 3 3 2 2
1643763614 189 117 83 59 39 28 28 26 23 17 7 6 6 5 5 5 3 3 2 2
1643772998 189 120 83 59 39 28 28 26 23 17 7 6 6 5 5 5 3 3 2 2
1643919187 189 121 83 59 39 28 28 26 23 17 7 6 6 5 5 5 3 3 2 2
1644015334 189 121 83 59 39 29 28 26 23 17 7 6 6 5 5 5 3 3 2 2
1645225787 189 122 83 59 39 29 28 26 23 17 7 6 6 5 5 5 3 3 2 2
1646269975 190 123 83 59 39 29 28 26 23 17 7 6 6 5 5 5 3 3 2 2
1646276607 190 125 83 59 39 29 28 26 23 17 7 6 6 5 5 5 3 3 2 2
1647563901 190 126 83 59 39 29 28 26 23 17 7 6 6 5 5 5 3 3 2 2
1647839611 190 127 83 59 39 29 28 26 23 17 7 6 6 5 5 5 3 3 2 2
1647840345 190 128 83 59 39 29 28 26 23 17 7 6 6 5 5 5 3 3 2 2
1647911910 190 132 83 59 39 29 28 26 23 17 7 6 6 5 5 5 3 3 2 2
1648059778 190 133 83 59 39 29 28 26 23 17 7 6 6 5 5 5 3 3 2 2
