1527103520 1 0 0 0 0 0 0 0 0 0 0 0 0 0 0 0 0 0 0 0
1527103720 7190 0 0 0 0 0 0 0 0 0 0 0 0 0 0 0 0 0 0 0
1528309908 7195 0 0 0 0 0 0 0 0 0 0 0 0 0 0 0 0 0 0 0
1528310023 7200 0 0 0 0 0 0 0 0 0 0 0 0 0 0 0 0 0 0 0
1528313039 7205 0 0 0 0 0 0 0 0 0 0 0 0 0 0 0 0 0 0 0
1528313454 7206 0 0 0 0 0 0 0 0 0 0 0 0 0 0 0 0 0 0 0
1528316942 7221 0 0 0 0 0 0 0 0 0 0 0 0 0 0 0 0 0 0 0
1528320523 7223 0 0 0 0 0 0 0 0 0 0 0 0 0 0 0 0 0 0 0
1528411455 7459 0 0 0 0 0 0 0 0 0 0 0 0 0 0 0 0 0 0 0
1528488825 7459 0 6 0 0 0 0 0 0 0 0 0 0 0 0 0 0 0 0 0
1528497673 7462 0 6 0 0 0 0 0 0 0 0 0 0 0 0 0 0 0 0 0
1528903536 7521 0 6 0 0 0 0 0 0 0 0 0 0 0 0 0 0 0 0 0
1528918838 7522 0 6 0 0 0 0 0 0 0 0 0 0 0 0 0 0 0 0 0
1528926018 7542 0 6 0 0 0 0 0 0 0 0 0 0 0 0 0 0 0 0 0
1528927019 7548 0 6 0 0 0 0 0 0 0 0 0 0 0 0 0 0 0 0 0
1528929679 7548 0 6 0 2 0 0 0 0 0 0 0 0 0 0 0 0 0 0 0
1529012402 7548 0 6 0 7 0 0 0 0 0 0 0 0 0 0 0 0 0 0 0
1529012452 7548 0 6 0 18 0 0 0 0 0 0 0 0 0 0 0 0 0 0 0
1529074621 7548 0 11 0 18 0 0 0 0 0 0 0 0 0 0 0 0 0 0 0
1529179380 7548 0 11 0 33 0 0 0 0 0 0 0 0 0 0 0 0 0 0 0
1529351437 7548 0 11 0 33 0 0 0 0 0 0 0 0 0 0 0 0 0 0 15
1529369733 7568 0 11 0 33 0 0 0 0 0 0 0 0 0 0 0 0 0 0 15
1529412493 7568 0 11 0 33 0 0 0 0 0 0 0 0 0 0 0 0 0 0 15
1529536039 7568 0 20 0 33 0 0 0 0 0 0 0 0 0 0 0 0 0 0 15
1529684663 7568 0 165 0 33 0 0 0 0 0 0 0 0 0 0 0 0 0 0 15
1529689715 7568 0 182 0 33 0 0 0 0 0 0 0 0 0 0 0 0 0 0 15
1529948184 7568 0 285 0 33 0 0 0 0 0 0 0 0 0 0 0 0 0 0 15
1529959817 7568 0 288 0 33 0 0 0 0 0 0 0 0 0 0 0 0 0 0 15
1530132582 7568 0 302 0 33 0 0 0 0 0 0 0 0 0 0 0 0 0 0 15
1530288110 7568 0 701 0 33 0 0 0 0 0 0 0 0 0 0 0 0 0 0 15
1530566113 7568 0 920 0 33 0 0 0 0 0 0 0 0 0 0 0 0 0 0 15
1530789116 7568 0 920 0 3447 0 0 0 0 0 0 0 0 0 0 0 0 0 0 15
1531146760 7568 0 1101 0 3447 0 0 0 0 0 0 0 0 0 0 0 0 0 0 15
1531154064 7568 0 1101 0 3453 0 0 0 0 0 0 0 0 0 0 0 0 0 0 15
1531235246 7568 0 1507 0 3453 0 0 0 0 0 0 0 0 0 0 0 0 0 0 15
1531247226 7568 0 1679 0 3453 0 0 0 0 0 0 0 0 0 0 0 0 0 0 15
1531408406 7568 0 1791 0 3453 0 0 0 0 0 0 0 0 0 0 0 0 0 0 15
1531493215 7568 0 1804 0 3453 0 0 0 0 0 0 0 0 0 0 0 0 0 0 15
1531493659 7568 0 1806 0 3453 0 0 0 0 0 0 0 0 0 0 0 0 0 0 15
1531758733 7568 0 1806 0 3471 0 0 0 0 0 0 0 0 0 0 0 0 0 0 15
1531927974 7568 0 1806 0 3471 0 0 0 0 0 0 0 0 0 0 0 0 0 0 15
1531934240 7568 0 1806 0 3474 0 0 0 0 0 0 0 0 0 0 0 0 0 0 15
1532011732 7568 0 1806 0 3477 0 0 0 0 0 0 0 0 0 0 0 0 0 0 15
1532112415 7568 0 1812 0 3477 0 0 0 0 0 0 0 0 0 0 0 0 0 0 15
1532625837 7568 0 1837 0 3477 0 0 0 0 0 0 0 0 0 0 0 0 0 0 15
1532706316 7568 0 1845 0 3477 0 0 0 0 0 0 0 0 0 0 0 0 0 0 15
1533064131 7568 0 1865 0 3477 0 0 0 0 0 0 0 0 0 0 0 0 0 0 15
1533064461 7568 0 1878 0 3477 0 0 0 0 0 0 0 0 0 0 0 0 0 0 15
1533070718 7568 0 1933 0 3477 0 0 0 0 0 0 0 0 0 0 0 0 0 0 15
1533140235 7568 0 1934 0 3477 0 0 0 0 0 0 0 0 0 0 0 0 0 0 15
1533148630 7568 0 2052 0 3477 0 0 0 0 0 0 0 0 0 0 0 0 0 0 15
1533328413 7568 0 2064 0 3477 0 0 0 0 0 0 0 0 0 0 0 0 0 0 15
1533600036 7568 0 2107 0 3477 0 0 0 0 0 0 0 0 0 0 0 0 0 0 15
1534178640 7568 0 2118 0 3477 0 0 0 0 0 0 0 0 0 0 0 0 0 0 15
1534273146 7568 0 2119 0 3477 0 0 0 0 0 0 0 0 0 0 0 0 0 0 15
1534276694 7568 0 2126 0 3477 0 0 0 0 0 0 0 0 0 0 0 0 0 0 15
1534804092 7568 0 2149 0 3477 0 0 0 0 0 0 0 0 0 0 0 0 0 0 15
1534861164 7568 0 2149 0 3477 0 0 4 0 0 0 0 0 0 0 0 0 0 0 15
1534891233 7568 0 2405 0 3477 0 0 4 0 0 0 0 0 0 0 0 0 0 0 15
1534947802 7568 0 2405 0 3477 0 0 4 0 0 0 0 0 0 0 0 0 0 0 15
1534950379 7568 0 2493 0 3477 0 0 4 0 0 0 0 0 0 0 0 0 0 0 15
1534952717 7568 0 2515 0 3477 0 0 4 0 0 0 0 0 0 0 0 0 0 0 15
1534954953 7568 0 2532 0 3477 0 0 4 0 0 0 0 0 0 0 0 0 0 0 15
1535043196 7568 0 2776 0 3477 0 0 4 0 0 0 0 0 0 0 0 0 0 0 15
1535143814 7568 0 2776 0 3477 0 0 14 0 0 0 0 0 0 0 0 0 0 0 15
1535465022 7568 0 2776 0 3477 0 0 16 0 0 0 0 0 0 0 0 0 0 0 15
1535477671 7568 0 2861 0 3477 0 0 16 0 0 0 0 0 0 0 0 0 0 0 15
1536273582 7568 0 2861 0 3478 0 0 16 0 0 0 0 0 0 0 0 0 0 0 15
1537387512 7568 0 2982 0 3478 0 0 16 0 0 0 0 0 0 0 0 0 0 0 15
1537388802 7568 0 3011 0 3478 0 0 16 0 0 0 0 0 0 0 0 0 0 0 15
1537542017 7568 0 3328 0 3478 0 0 16 0 0 0 0 0 0 0 0 0 0 0 15
1538000099 7568 0 3362 0 3478 0 0 16 0 0 0 0 0 0 0 0 0 0 0 15
1538056232 7568 0 3367 0 3478 0 0 16 0 0 0 0 0 0 0 0 0 0 0 15
1538077207 7568 0 3398 0 3478 0 0 16 0 0 0 0 0 0 0 0 0 0 0 15
1538502692 7568 0 3398 0 3478 0 0 16 5 0 0 0 0 0 0 0 0 0 0 15
1538506088 7568 3 3398 0 3478 0 0 16 5 0 0 0 0 0 0 0 0 0 0 15
1538511376 7568 3 3398 0 3478 0 0 16 5 0 0 0 0 0 0 0 0 0 0 15
1539101400 7568 3 3398 0 3478 0 0 16 5 0 0 0 0 0 0 0 0 0 0 15
1539875794 7568 3 3398 0 3478 0 0 16 12 0 0 0 0 0 0 0 0 0 0 15
1539879598 7568 5 3398 0 3478 0 0 16 12 0 0 0 0 0 0 0 0 0 0 15
1539958357 7568 5 3398 0 3478 0 0 16 12 0 0 0 0 0 0 0 0 0 0 15
1540218200 7568 6 3398 0 3478 0 0 16 12 0 0 0 0 0 0 0 0 0 0 15
1540218802 7568 8 3398 0 3478 0 0 16 12 0 0 0 0 0 0 0 0 0 0 15
1540311430 7568 45 3398 0 3478 0 0 16 12 0 0 0 0 0 0 0 0 0 0 15
1540334462 7568 45 3647 0 3478 0 0 16 12 0 0 0 0 0 0 0 0 0 0 15
1540392899 7568 45 3677 0 3478 0 0 16 12 0 0 0 0 0 0 0 0 0 0 15
1541698357 7568 46 3677 0 3478 0 0 16 12 0 0 0 0 0 0 0 0 0 0 15
1541698639 7568 50 3677 0 3478 0 0 16 12 0 0 0 0 0 0 0 0 0 0 15
1541699564 7568 50 3677 0 3478 0 0 16 17 0 0 0 0 0 0 0 0 0 0 15
1541797032 7568 50 3726 0 3478 0 0 16 17 0 0 0 0 0 0 0 0 0 0 15
1542141767 7568 50 3726 0 3478 0 0 16 17 0 0 0 0 0 0 0 0 0 0 15
1542233546 7568 50 3736 0 3478 0 0 16 17 0 0 0 0 0 0 0 0 0 0 15
1542649124 7568 50 3745 0 3478 0 0 16 17 0 0 0 0 0 0 0 0 0 0 15
1542814431 7568 50 3747 0 3478 0 0 16 17 0 0 0 0 0 0 0 0 0 0 15
1542824242 7568 50 3747 0 3478 0 0 17 17 0 0 0 0 0 0 0 0 0 0 15
1542827855 7568 50 3747 0 3478 0 0 67 17 0 0 0 0 0 0 0 0 0 0 15
1542830531 7568 115 3747 0 3478 0 0 67 17 0 0 0 0 0 0 0 0 0 0 15
1542837772 7568 151 3747 0 3478 0 0 67 17 0 0 0 0 0 0 0 0 0 0 15
1542838116 7568 174 3747 0 3478 0 0 67 17 0 0 0 0 0 0 0 0 0 0 15
1542843314 7568 174 3770 0 3478 0 0 67 17 0 0 0 0 0 0 0 0 0 0 15
1543269416 7568 175 3770 0 3478 0 0 67 17 0 0 0 0 0 0 0 0 0 0 15
1543271149 7568 181 3770 0 3478 0 0 67 17 0 0 0 0 0 0 0 0 0 0 15
1543272051 7568 181 3770 0 3478 0 0 101 17 0 0 0 0 0 0 0 0 0 0 15
1543274234 7568 181 3770 0 3478 0 0 116 17 0 0 0 0 0 0 0 0 0 0 15
1543332111 7568 181 3770 0 3478 0 0 124 17 0 0 0 0 0 0 0 0 0 0 15
1543858336 7568 181 3770 0 3478 0 0 124 18 0 0 0 0 0 0 0 0 0 0 15
1543875549 7568 181 3794 0 3478 0 0 124 18 0 0 0 0 0 0 0 0 0 0 15
1543946311 7568 181 3822 0 3478 0 0 124 18 0 0 0 0 0 0 0 0 0 0 15
1543947937 7568 181 3822 0 3478 0 0 126 18 0 0 0 0 0 0 0 0 0 0 15
1544029718 7568 181 3828 0 3478 0 0 126 18 0 0 0 0 0 0 0 0 0 0 15
1544739700 7568 181 3847 0 3478 0 0 126 18 0 0 0 0 0 0 0 0 0 0 15
1544743679 7568 181 3847 0 3478 0 0 128 18 0 0 0 0 0 0 0 0 0 0 15
1544744560 7568 181 3847 0 3478 0 0 166 18 0 0 0 0 0 0 0 0 0 0 15
1544800380 7568 181 3855 0 3478 0 0 166 18 0 0 0 0 0 0 0 0 0 0 15
1544801733 7568 181 3855 0 3478 0 0 172 18 0 0 0 0 0 0 0 0 0 0 15
1545235697 7568 181 3855 0 3478 0 0 179 18 0 0 0 0 0 0 0 0 0 0 15
1545236111 7568 181 3855 0 3478 0 0 180 18 0 0 0 0 0 0 0 0 0 0 15
1545259023 7568 181 3855 0 3478 0 0 181 18 0 0 0 0 0 0 0 0 0 0 15
1545337010 7568 181 3855 0 3478 0 0 185 18 0 0 0 0 0 0 0 0 0 0 15
1546442369 7568 181 3886 0 3478 0 0 185 18 0 0 0 0 0 0 0 0 0 0 15
1546962804 7568 181 4089 0 3478 0 0 185 18 0 0 0 0 0 0 0 0 0 0 15
1546965833 7568 181 4089 0 3478 0 0 185 18 0 0 0 0 0 0 2 0 0 0 15
1546966034 7568 181 4089 0 3478 0 0 185 18 0 0 0 0 0 0 3 0 0 0 15
1547146220 7568 181 4089 0 3478 0 0 186 18 0 0 0 0 0 0 3 0 0 0 15
1547482102 7568 181 4089 0 3478 0 0 186 18 0 0 0 0 0 0 3 0 0 0 15
1547827332 7568 191 4089 0 3478 0 0 186 18 0 0 0 0 0 0 3 0 0 0 15
1547835907 7568 191 4089 0 3478 0 0 186 18 0 0 0 0 0 0 3 1 0 0 15
1547842426 7568 191 4089 0 3478 0 0 201 18 0 0 0 0 0 0 3 1 0 0 15
1548784690 7568 191 4089 0 3481 0 0 201 18 0 0 0 0 0 0 3 1 0 0 15
1548856232 7568 191 4089 0 3481 0 0 201 18 0 0 0 0 0 0 3 1 0 0 15
1548862786 7568 191 4089 0 3481 0 0 201 18 0 0 0 0 0 0 3 1 0 0 19
1549450224 7568 191 4089 0 3481 0 0 201 18 0 0 0 0 0 0 28 1 0 0 19
1549450343 7568 191 4089 0 3481 0 0 201 18 0 0 0 0 0 0 28 1 0 49 19
1549468319 7568 191 4114 0 3481 0 0 201 18 0 0 0 0 0 0 28 1 0 49 19
1549913398 7568 191 4114 0 3481 0 0 201 18 0 0 0 0 0 0 28 1 0 49 19
1549914644 7568 191 4114 1024 3481 0 0 202 18 0 0 0 0 0 0 28 1 0 49 19
1550089886 7568 191 4124 1024 3481 0 0 202 18 0 0 0 0 0 0 28 1 0 49 19
1550157702 7568 279 4124 1024 3481 0 0 202 18 0 0 0 0 0 0 28 1 0 49 19
1550159562 7568 279 4124 1024 3539 0 0 202 18 0 0 0 0 0 0 28 1 0 49 19
1550168384 7568 279 4187 1024 3539 0 0 202 18 0 0 0 0 0 0 28 1 0 49 19
1550178105 7568 279 4187 1024 3539 0 0 215 18 0 0 0 0 0 0 28 1 0 49 19
1550180895 7568 367 4187 1024 3539 0 0 215 18 0 0 0 0 0 0 28 1 0 49 19
1550245250 7568 367 4188 1024 3539 0 0 215 18 0 0 0 0 0 0 28 1 0 49 19
1550590907 7568 367 4353 1024 3539 0 0 215 18 0 0 0 0 0 0 28 1 0 49 19
1550592496 7568 367 4353 1024 3539 0 0 221 18 0 0 0 0 0 0 28 1 0 49 19
1551206053 7568 367 4355 1024 3539 0 0 221 18 0 0 0 0 0 0 28 1 0 49 19
1551207306 7568 368 4355 1024 3539 0 0 221 18 0 0 0 0 0 0 28 1 0 49 19
1551208207 7568 397 4355 1024 3539 0 0 221 18 0 0 0 0 0 0 28 1 0 49 19
1551208380 7568 397 4360 1024 3539 0 0 221 18 0 0 0 0 0 0 28 1 0 49 19
1551209794 7568 397 4360 1024 3539 0 0 221 18 0 0 0 0 0 0 28 1 0 49 19
1551211886 7568 397 4360 1024 3539 0 0 221 18 0 0 0 0 0 0 28 1 0 49 19
1551213100 7568 400 4360 1024 3539 0 0 221 18 0 0 0 0 0 0 28 1 0 49 19
1551214654 7568 400 4399 1024 3539 0 0 221 18 0 0 0 0 0 0 28 1 0 49 19
1551219245 7568 400 4403 1024 3539 0 0 221 18 0 0 0 0 0 0 28 1 0 49 19
1551281324 7568 400 4403 1024 3539 0 0 221 18 0 0 0 0 0 0 28 1 0 49 19
1551292242 7568 400 4502 1024 3539 0 0 221 18 0 0 0 0 0 0 28 1 0 49 19
1551716019 7568 400 4502 1024 3539 0 0 221 18 0 0 0 0 0 0 28 1 0 49 19
1551739655 7568 409 4502 1024 3539 0 0 221 18 0 0 0 0 0 0 28 1 0 49 19
1551973300 7568 409 4502 1024 3539 0 0 221 18 0 0 0 0 0 0 28 1 0 49 19
1551979110 7568 409 4502 1024 3539 0 0 228 18 0 0 0 0 0 0 28 1 0 49 19
1552059758 7568 409 4502 1024 3539 0 0 228 18 0 0 0 0 0 0 28 1 0 49 19
1552059953 7568 409 4502 1024 3539 0 0 228 24 0 0 0 0 0 0 28 1 0 49 19
1552317641 7568 409 4502 1024 3539 0 0 228 31 0 0 0 0 0 0 28 1 0 49 19
1552322120 7568 409 4524 1024 3539 0 0 228 31 0 0 0 0 0 0 28 1 0 49 19
1553619643 7568 409 4524 1024 3619 0 0 228 31 0 0 0 0 0 0 28 1 0 49 19
1553630376 7568 409 4586 1024 3619 0 0 228 31 0 0 0 0 0 0 28 1 0 49 19
1553642907 7568 409 4590 1024 3619 0 0 228 31 0 0 0 0 0 0 28 1 0 49 19
1553699847 7568 409 4652 1024 3619 0 0 228 31 0 0 0 0 0 0 28 1 0 49 19
1553706785 7568 409 4656 1024 3619 0 0 228 31 0 0 0 0 0 0 28 1 0 49 19
1553790841 7568 409 4656 1024 3681 0 0 228 31 0 0 0 0 0 0 28 1 0 49 19
1553796367 7568 409 4656 1024 3692 0 0 228 31 0 0 0 0 0 0 28 1 0 49 19
1553878883 7568 409 4656 1024 3743 0 0 228 31 0 0 0 0 0 0 28 1 0 49 19
1554132615 7568 409 4697 1024 3743 0 0 228 31 0 0 0 0 0 0 28 1 0 49 19
1554138057 7568 409 4763 1024 3743 0 0 228 31 0 0 0 0 0 0 28 1 0 49 19
1554140676 7568 409 4781 1024 3743 0 0 228 31 0 0 0 0 0 0 28 1 0 49 19
1554145177 7568 409 4790 1024 3743 0 0 228 31 0 0 0 0 0 0 28 1 0 49 19
1554145301 7568 409 4790 1024 3743 0 0 228 31 0 0 0 0 0 0 28 6 0 49 19
1554148154 7568 409 4790 1024 3743 0 0 228 31 0 0 0 0 0 0 28 11 0 49 19
1554149884 7568 409 4790 1024 3743 0 0 229 31 0 0 0 0 0 0 28 11 0 49 19
1554153533 7568 409 4799 1024 3743 0 0 229 31 0 0 0 0 0 0 28 11 0 49 19
1554155495 7568 413 4799 1024 3743 0 0 229 31 0 0 0 0 0 0 28 11 0 49 19
1554214102 7568 413 4799 1024 3743 0 0 230 31 0 0 0 0 0 0 28 11 0 49 19
1554214437 7568 413 4802 1024 3743 0 0 230 31 0 0 0 0 0 0 28 11 0 49 19
1554228530 7568 413 4802 1024 3743 0 0 288 31 0 0 0 0 0 0 28 11 0 49 19
1554398700 7568 413 4802 1024 3744 0 0 288 31 0 0 0 0 0 0 28 11 0 49 19
1554404470 7568 413 4802 1026 3744 0 0 288 31 0 0 0 0 0 0 28 11 0 49 19
1554405153 8211 413 4802 1026 3744 0 0 288 31 0 0 0 0 0 0 28 11 0 49 19
1554405757 8211 413 4802 1026 3744 0 0 288 31 0 0 0 0 0 0 28 11 0 49 19
1554412728 8211 413 4802 1254 3744 0 0 288 31 0 0 0 0 0 0 28 11 0 49 19
1554750694 9493 413 4802 1254 3744 0 0 288 31 0 0 0 0 0 0 28 11 0 49 19
1554757828 9493 413 4802 1276 3744 0 0 288 31 0 0 0 0 0 0 28 11 0 49 19
1554769259 9543 413 4802 1276 3744 0 0 288 31 0 0 0 0 0 0 28 11 0 49 19
1555005163 9543 415 4802 1276 3744 0 0 288 31 0 0 0 0 0 0 28 11 0 49 19
1555007314 9543 415 4802 1276 3744 0 0 288 31 0 0 0 0 0 0 28 11 0 49 19
1555120202 9543 415 4802 1276 3747 0 0 288 31 0 0 0 0 0 0 28 11 0 49 19
1555344965 9544 415 4802 1276 3747 0 0 288 31 0 0 0 0 0 0 28 11 0 49 19
1555434235 9544 415 4802 1282 3747 0 0 288 31 0 0 0 0 0 0 28 11 0 49 19
1555434254 9544 415 4802 1283 3747 0 0 288 31 0 0 0 0 0 0 28 11 0 49 19
1555510497 9570 415 4802 1283 3747 0 0 288 31 0 0 0 0 0 0 28 11 0 49 19
1555612662 9570 415 4802 1284 3747 0 0 288 31 0 0 0 0 0 0 28 11 0 49 19
1555624832 9722 415 4802 1284 3747 0 0 288 31 0 0 0 0 0 0 28 11 0 49 19
1555686895 9722 416 4802 1284 3747 0 0 288 31 0 0 0 0 0 0 28 11 0 49 19
1555688137 9722 416 4802 1284 3747 0 0 288 31 0 0 0 0 0 0 28 11 0 49 19
1555712041 9722 416 4802 1284 3747 0 0 288 31 0 0 0 0 0 0 28 11 0 49 19
1555943503 9767 416 4802 1284 3747 0 0 288 31 0 0 0 0 0 0 28 11 0 49 19
1556035369 9826 416 4802 1284 3747 0 0 288 31 0 0 0 0 0 0 28 11 0 49 19
1556038207 9941 416 4802 1284 3747 0 0 288 31 0 0 0 0 0 0 28 11 0 49 19
1556051204 9999 416 4802 1284 3747 0 0 288 31 0 0 0 0 0 0 28 11 0 49 19
1556059156 9999 416 4802 1284 3747 0 0 288 31 0 0 0 0 0 0 28 11 0 49 19
1556059790 10013 416 4802 1284 3747 0 0 288 31 0 0 0 0 0 0 28 11 0 49 19
1556062090 10017 416 4802 1284 3747 0 0 288 31 0 0 0 0 0 0 28 11 0 49 19
1556077077 10035 416 4802 1284 3747 0 0 288 31 0 0 0 0 0 0 28 11 0 49 19
1556154018 10035 416 4802 1284 3747 0 0 288 31 0 0 0 0 0 0 28 11 0 49 19
1556213240 10035 416 4802 1290 3747 0 0 288 31 0 0 0 0 0 0 28 11 0 49 19
1556239892 10035 417 4802 1290 3747 0 0 288 31 0 0 0 0 0 0 28 11 0 49 19
1556288036 10035 417 4802 1290 3747 0 0 288 31 0 0 0 0 0 0 28 11 0 49 19
1556310919 10035 418 4802 1290 3747 0 0 288 31 0 0 0 0 0 0 28 11 0 49 19
1556642218 10035 418 4802 1290 3747 0 0 288 31 0 0 0 0 0 0 28 11 0 49 19
1556747473 10432 418 4802 1290 3747 0 0 288 31 0 0 0 0 0 0 28 11 0 49 19
1556748327 10506 418 4802 1290 3747 0 0 288 31 0 0 0 0 0 0 28 11 0 49 19
1556807188 10545 418 4802 1290 3747 0 0 288 31 0 0 0 0 0 0 28 11 0 49 19
1556807826 10656 418 4802 1290 3747 0 0 288 31 0 0 0 0 0 0 28 11 0 49 19
1556808343 10793 418 4802 1290 3747 0 0 288 31 0 0 0 0 0 0 28 11 0 49 19
1556808989 10794 418 4802 1290 3747 0 0 288 31 0 0 0 0 0 0 28 11 0 49 19
1556817568 10795 418 4802 1290 3747 0 0 288 31 0 0 0 0 0 0 28 11 0 49 19
1556826465 10795 418 4802 1291 3747 0 0 288 31 0 0 0 0 0 0 28 11 0 49 19
1556836360 10795 422 4802 1291 3747 0 0 288 31 0 0 0 0 0 0 28 11 0 49 19
1556907891 10795 438 4802 1291 3747 0 0 288 31 0 0 0 0 0 0 28 11 0 49 19
1556913299 10795 493 4802 1291 3747 0 0 288 31 0 0 0 0 0 0 28 11 0 49 19
1556914945 10795 493 4802 1291 3747 0 0 288 31 0 0 0 0 0 0 28 11 0 49 19
1556921583 11136 493 4802 1291 3747 0 0 288 31 0 0 0 0 0 0 28 11 0 49 19
1557187275 11136 496 4802 1291 3747 0 0 288 31 0 0 0 0 0 0 28 11 0 49 19
1557252215 11136 496 4802 1291 3747 0 0 288 31 0 0 0 0 0 0 28 11 0 49 19
1557254171 11347 496 4802 1291 3747 0 0 288 31 0 0 0 0 0 0 28 11 0 49 19
1557260229 11607 496 4802 1291 3747 0 0 288 31 0 0 0 0 0 0 28 11 0 49 19
1557324712 11607 496 4802 1291 3760 0 0 288 31 0 0 0 0 0 0 28 11 0 49 19
1557335122 11607 496 4802 1375 3760 0 0 288 31 0 0 0 0 0 0 28 11 0 49 19
1557337079 11607 496 4802 1381 3760 0 0 288 31 0 0 0 0 0 0 28 11 0 49 19
1557410830 11835 496 4802 1381 3760 0 0 288 31 0 0 0 0 0 0 28 11 0 49 19
1557510817 11835 496 4802 1733 3760 0 0 288 31 0 0 0 0 0 0 28 11 0 49 19
1557766188 11836 496 4802 1733 3760 0 0 288 31 0 0 0 0 0 0 28 11 0 49 19
1557842295 11836 496 4802 1733 3760 0 0 288 31 0 0 0 0 0 0 28 11 0 49 19
1557936683 11836 496 4802 1733 3760 0 0 288 31 0 0 0 0 0 0 28 11 0 49 19
1558021465 11836 496 4802 1733 3762 0 0 288 31 0 0 0 0 0 0 28 11 0 49 19
1558033100 11836 496 4802 1733 3762 0 0 288 33 0 0 0 0 0 0 28 11 0 49 19
1558038478 11836 496 4802 1733 3762 0 0 288 33 0 0 0 0 0 0 28 11 0 49 19
1558038643 11836 496 4802 1733 3762 0 0 288 34 0 0 0 0 0 0 28 11 0 49 19
1558368810 11901 496 4802 1733 3762 0 0 288 34 0 0 0 0 0 0 28 11 0 49 19
1558371456 11901 496 4802 1733 3762 0 0 288 34 0 0 0 0 0 0 28 11 0 49 19
1558373416 11901 496 4802 1733 3762 0 0 288 34 0 0 0 0 0 0 28 11 0 49 19
1558378540 11901 496 4802 1733 3762 0 0 288 34 0 0 0 0 0 0 28 11 0 49 19
1558381848 11901 496 4802 1733 3762 0 0 288 34 0 0 0 0 0 0 28 11 0 49 19
1558467256 12113 496 4802 1733 3762 0 0 288 34 0 0 0 0 0 0 28 11 0 49 19
1558470623 12130 496 4802 1733 3762 0 0 288 34 0 0 0 0 0 0 28 11 0 49 19
1558479352 12132 496 4802 1733 3762 0 0 288 34 0 0 0 0 0 0 28 11 0 49 19
1559100951 12132 515 4802 1733 3762 0 0 288 34 0 0 0 0 0 0 28 11 0 49 19
1559143583 12132 515 4802 1733 3762 0 0 288 34 0 0 0 0 0 0 28 11 0 49 19
1559242279 12937 515 4802 1733 3762 0 0 288 34 0 0 0 0 0 0 28 11 0 49 19
1559557942 12937 515 4802 1733 3769 0 0 288 34 0 0 0 0 0 0 28 11 0 49 19
1559570668 12938 515 4802 1733 3769 0 0 288 34 0 0 0 0 0 0 28 11 0 49 19
1559839640 12938 515 4802 1739 3769 0 0 288 34 0 0 0 0 0 0 28 11 0 49 19
1560187413 12938 515 4802 1769 3769 0 0 288 34 0 0 0 0 0 0 28 11 0 49 19
1560192471 12939 515 4802 1769 3769 0 0 288 34 0 0 0 0 0 0 28 11 0 49 19
1560458389 12939 515 4802 1769 3769 0 0 288 34 0 0 0 0 0 0 28 11 0 49 19
1560522788 12955 515 4802 1769 3769 0 0 288 34 0 0 0 0 0 0 28 11 0 49 19
1560785299 12971 515 4802 1769 3769 0 0 288 34 0 0 0 0 0 0 28 11 0 49 19
1560909481 12971 515 4802 1769 3769 0 0 288 34 0 0 0 0 0 0 28 11 0 49 19
1560954971 12971 515 4802 1769 3769 0 0 288 34 0 0 0 0 0 0 28 11 0 49 19
1560964107 12973 515 4802 1769 3769 0 0 288 34 0 0 0 0 0 0 28 11 0 49 19
1561058922 13167 515 4802 1769 3769 0 0 288 34 0 0 0 0 0 0 28 11 0 49 19
1561153862 13448 515 4802 1769 3769 0 0 288 34 0 0 0 0 0 0 28 11 0 49 19
1561396723 13448 515 4802 1769 3770 0 0 288 34 0 0 0 0 0 0 28 11 0 49 19
1561403905 13451 515 4802 1769 3770 0 0 288 34 0 0 0 0 0 0 28 11 0 49 19
1562708660 13451 515 4802 1769 3770 0 0 288 34 0 0 0 0 0 0 28 11 0 49 19
1563400035 13451 519 4802 1769 3770 0 0 288 34 0 0 0 0 0 0 28 11 0 49 19
1563464742 13451 519 4802 1769 3770 0 0 288 34 0 0 0 0 0 0 28 11 0 49 19
1563465295 13451 519 4802 1769 3770 0 0 288 34 0 0 0 0 0 0 28 11 0 49 19
1563466584 13451 519 4802 1769 3770 0 0 288 34 0 0 0 0 0 0 28 11 0 49 19
1564585216 13453 519 4802 1769 3770 0 0 288 34 0 0 0 0 0 0 28 11 0 49 19
1565017609 13542 519 4802 1769 3770 0 0 288 34 0 0 0 0 0 0 28 11 0 49 19
1565019614 13592 519 4802 1769 3770 0 0 288 34 0 0 0 0 0 0 28 11 0 49 19
1565024536 13592 519 4802 1771 3770 0 0 288 34 0 0 0 0 0 0 28 11 0 49 19
1565027357 13681 519 4802 1771 3770 0 0 288 34 0 0 0 0 0 0 28 11 0 49 19
1565035067 13681 519 4802 1771 3820 0 0 288 34 0 0 0 0 0 0 28 11 0 49 19
1565111136 13770 519 4802 1771 3820 0 0 288 34 0 0 0 0 0 0 28 11 0 49 19
1565374628 13770 519 4802 1773 3820 0 0 288 34 0 0 0 0 0 0 28 11 0 49 19
1565376423 13770 519 4802 1776 3820 0 0 288 34 0 0 0 0 0 0 28 11 0 49 19
1565377701 13770 519 4802 1778 3820 0 0 288 34 0 0 0 0 0 0 28 11 0 49 19
1565636027 13770 519 4802 1871 3820 0 0 288 34 0 0 0 0 0 0 28 11 0 49 19
1565792765 13770 519 4802 1880 3820 0 0 288 34 0 0 0 0 0 0 28 11 0 49 19
1565896962 13770 519 4802 1880 3825 0 0 288 34 0 0 0 0 0 0 28 11 0 49 19
1566340607 13771 519 4802 1880 3825 0 0 288 34 0 0 0 0 0 0 28 11 0 49 19
1566570666 13784 519 4802 1880 3825 0 0 288 34 0 0 0 0 0 0 28 11 0 49 19
1566916224 13784 519 4802 1881 3825 0 0 288 34 0 0 0 0 0 0 28 11 0 49 19
1566930571 13784 519 4802 1907 3825 0 0 288 34 0 0 0 0 0 0 28 11 0 49 19
1566931548 13844 519 4802 1907 3825 0 0 288 34 0 0 0 0 0 0 28 11 0 49 19
1566941197 13844 519 4802 1907 3825 0 0 288 59 0 0 0 0 0 0 28 11 0 49 19
1566941628 13844 519 4802 1907 3825 0 0 288 60 0 0 0 0 0 0 28 11 0 49 19
1566941741 13844 519 4802 1907 3825 0 0 288 61 0 0 0 0 0 0 28 11 0 49 19
1566943584 13844 519 4802 1907 3825 0 0 288 78 0 0 0 0 0 0 28 11 0 49 19
1567002783 13844 519 4802 1907 3825 0 0 288 78 0 0 0 0 0 0 28 11 0 49 19
1567002903 13844 519 4802 1907 3825 0 0 288 78 0 0 0 0 0 0 28 11 0 49 19
1567064416 13844 519 4802 1907 3825 0 0 288 78 0 0 9 0 0 0 28 11 0 49 19
1567083428 13844 519 4802 1907 3825 0 0 288 78 0 0 25 0 0 0 28 11 0 49 19
1567083749 13844 519 4802 1907 3825 0 0 288 78 0 0 29 0 0 0 28 11 0 49 19
1567103219 13844 519 4802 1917 3825 0 0 288 78 0 0 29 0 0 0 28 11 0 49 19
1567153819 13844 519 4802 1917 3825 0 0 288 78 0 0 109 0 0 0 28 11 0 49 19
1567154374 13844 519 4802 1917 3825 0 0 288 78 0 0 112 0 0 0 28 11 0 49 19
1567190113 13844 519 4802 1917 3825 0 0 288 78 0 0 114 0 0 0 28 11 0 49 19
1567196611 13844 519 4802 1917 3825 0 0 288 78 0 0 114 0 0 0 28 11 0 49 19
1567203670 13844 536 4802 1917 3825 0 0 288 78 0 0 114 0 0 0 28 11 0 49 19
1567204193 13844 537 4802 1917 3825 0 0 288 78 0 0 114 0 0 0 28 11 0 49 19
1567574046 13844 546 4802 1917 3825 0 0 288 78 0 0 114 0 0 0 28 11 0 49 19
1567705843 13894 546 4802 1917 3825 0 0 288 78 0 0 114 0 0 0 28 11 0 49 19
1567795365 13904 546 4802 1917 3825 0 0 288 78 0 0 114 0 0 0 28 11 0 49 19
1567795382 13904 546 4802 1917 3825 0 0 288 78 0 0 114 0 0 0 28 11 0 49 19
1567795503 13904 546 4802 1917 3825 0 0 288 78 0 0 114 0 0 0 28 11 0 49 19
1567803787 13904 546 4802 1917 3825 0 0 288 78 0 0 114 0 0 0 28 11 0 49 19
1567921277 13904 546 4802 1917 3825 0 0 288 84 0 0 114 0 0 0 28 11 0 49 19
1568038890 13904 546 4802 1917 3825 0 0 288 84 0 0 114 0 0 0 28 11 0 49 19
1568067570 13904 546 4802 1917 3825 0 0 288 84 0 0 114 0 0 0 28 11 0 49 19
1568123630 13912 546 4802 1917 3825 0 0 288 84 0 0 114 0 0 0 28 11 0 49 19
1568141346 13966 546 4802 1917 3825 0 0 288 84 0 0 114 0 0 0 28 11 0 49 19
1569437766 13966 546 4802 1917 3825 0 0 288 84 0 0 114 0 0 109 28 11 0 49 19
1569619140 13966 546 4802 1917 3825 0 0 288 84 0 0 114 0 0 123 28 11 0 49 19
1570466588 14024 546 4802 1917 3825 0 0 288 84 0 0 114 0 0 123 28 11 0 49 19
1570470991 14024 549 4802 1917 3825 0 0 288 84 0 0 114 0 0 123 28 11 0 49 19
1570550873 14024 549 4802 1917 3825 0 0 288 84 0 0 114 0 0 123 28 11 0 49 19
1570646583 14024 549 4802 1917 3825 0 0 288 84 0 0 114 0 0 125 28 11 0 49 19
1570649166 14024 549 4802 1917 3825 0 0 288 84 0 0 114 0 0 127 28 11 0 49 19
1570721003 14024 549 4802 1917 3832 0 0 288 84 0 0 114 0 0 127 28 11 0 49 19
1570735999 16026 549 4802 1917 3832 0 0 288 84 0 0 114 0 0 127 28 11 0 49 19
1570737082 16030 549 4802 1917 3832 0 0 288 84 0 0 114 0 0 127 28 11 0 49 19
1570741224 16032 549 4802 1917 3832 0 0 288 84 0 0 114 0 0 127 28 11 0 49 19
1570747533 16088 549 4802 1917 3832 0 0 288 84 0 0 114 0 0 127 28 11 0 49 19
1570831064 16088 549 4802 1917 3832 0 0 288 84 0 0 114 0 0 145 28 11 0 49 19
1570832132 16088 549 4802 1917 3833 0 0 288 84 0 0 114 0 0 145 28 11 0 49 19
1571112862 16212 549 4802 1917 3833 0 0 288 84 0 0 114 0 0 145 28 11 0 49 19
1571254368 16223 549 4802 1917 3833 0 0 288 84 0 0 114 0 0 145 28 11 0 49 19
1571755768 16524 549 4802 1917 3833 0 0 288 84 0 0 114 0 0 145 28 11 0 49 19
1571783293 16678 549 4802 1917 3833 0 0 288 84 0 0 114 0 0 145 28 11 0 49 19
1571844326 16686 549 4802 1917 3833 0 0 288 84 0 0 114 0 0 145 28 11 0 49 19
1571846825 16687 549 4802 1917 3833 0 0 288 84 0 0 114 0 0 145 28 11 0 49 19
1571926303 17099 549 4802 1917 3833 0 0 288 84 0 0 114 0 0 145 28 11 0 49 19
1572276600 17136 549 4802 1917 3833 0 0 288 84 0 0 114 0 0 145 28 11 0 49 19
1572454797 17136 563 4802 1917 3833 0 0 288 84 0 0 114 0 0 145 28 11 0 49 19
1574296248 17255 563 4802 1917 3833 0 0 288 84 0 0 114 0 0 145 28 11 0 49 19
1574447050 17400 563 4802 1917 3833 0 0 288 84 0 0 114 0 0 145 28 11 0 49 19
1576009357 17400 563 4802 2566 3833 0 0 288 84 0 0 114 0 0 145 28 11 0 49 19
1576010624 17400 563 4802 2566 3833 0 0 288 84 0 0 114 0 0 145 28 11 0 49 19
1576769755 17400 563 4802 2566 3833 0 0 288 84 0 0 114 0 0 145 28 11 0 49 19
1576770850 17400 563 4802 2568 3833 0 0 288 84 0 0 114 0 0 145 28 11 0 49 19
1576775431 17400 563 4802 2572 3833 0 0 288 84 0 0 114 0 0 145 28 11 0 49 19
1577491136 17400 563 4802 2572 3840 0 0 288 84 0 0 114 0 0 145 28 11 0 49 19
1578430364 18480 563 4802 2572 3840 0 0 288 84 0 0 114 0 0 145 28 11 0 49 19
1578438554 18584 563 4802 2572 3840 0 0 288 84 0 0 114 0 0 145 28 11 0 49 19
1578441089 18585 563 4802 2572 3840 0 0 288 84 0 0 114 0 0 145 28 11 0 49 19
1578953762 19017 563 4802 2572 3840 0 0 288 84 0 0 114 0 0 145 28 11 0 49 19
1579111753 19528 563 4802 2572 3840 0 0 288 84 0 0 114 0 0 145 28 11 0 49 19
1579196205 19793 563 4802 2572 3840 0 0 288 84 0 0 114 0 0 145 28 11 0 49 19
1579622227 20277 563 4802 2572 3840 0 0 288 84 0 0 114 0 0 145 28 11 0 49 19
1580145858 20277 564 4802 2572 3840 0 0 288 84 0 0 114 0 0 145 28 11 0 49 19
1580179464 20277 564 4802 2572 3840 0 0 288 84 0 0 114 0 0 145 28 11 0 49 19
1580484753 20636 599 4802 2572 3840 0 0 288 84 0 0 114 0 0 145 28 11 0 49 19
1580525034 20636 599 4802 2572 3840 0 0 288 84 0 0 114 0 0 145 28 11 0 49 19
1581458409 20636 599 4802 2572 3846 0 0 288 106 0 0 114 0 0 145 28 11 0 49 19
1581630686 20636 599 4802 2573 3846 0 0 288 106 0 0 114 0 0 145 28 11 0 49 19
1582049599 20830 599 4802 2573 3846 0 0 288 106 0 0 114 0 0 145 28 11 0 49 19
1582056646 20960 599 4802 2573 3846 0 0 288 106 0 0 114 0 0 145 28 11 0 49 19
1582057648 20961 599 4802 2573 3846 0 0 288 106 0 0 114 0 0 145 28 11 0 49 19
1582062158 21040 599 4802 2573 3846 0 0 288 106 0 0 114 0 0 145 28 11 0 49 19
1582065060 21234 599 4802 2573 3846 0 0 288 106 0 0 114 0 0 145 28 11 0 49 19
1582299658 21260 599 4802 2573 3846 0 0 288 106 0 0 114 0 0 145 28 11 0 49 19
1582670672 21886 599 4802 2573 3846 0 0 288 106 0 0 114 0 0 145 28 11 0 49 19
1582937559 21886 599 4802 2573 3846 0 0 288 106 0 0 114 0 0 145 28 11 0 49 19
1582960464 21886 599 4802 2573 3862 0 0 288 106 0 0 114 0 0 145 28 11 0 49 19
1583851913 21886 599 4802 2576 3862 0 0 288 106 0 0 114 0 0 145 28 11 0 49 19
1584545494 22249 599 4802 2576 3862 0 0 288 106 0 0 114 0 0 145 28 11 0 49 19
1584571000 22267 599 4802 2576 3862 0 0 288 106 0 0 114 0 0 145 28 11 0 49 19
1584635774 22402 599 4802 2576 3862 0 0 288 106 0 0 114 0 0 145 28 11 0 49 19
1584641966 22410 599 4802 2576 3862 0 0 288 106 0 0 114 0 0 145 28 11 0 49 19
1585940261 22410 599 4802 2576 3868 0 0 288 106 0 0 114 0 0 145 28 11 0 49 19
1585943563 22430 599 4802 2576 3868 0 0 288 106 0 0 114 0 0 145 28 11 0 49 19
1586792378 22775 599 4802 2576 3868 0 0 288 106 0 0 114 0 0 145 28 11 0 49 19
1586818851 22808 599 4802 2576 3868 0 0 288 106 0 0 114 0 0 145 28 11 0 49 19
1587573842 22808 599 4802 2576 3868 0 0 288 106 0 0 114 0 4 145 28 11 0 49 19
1587584877 22813 599 4802 2576 3868 0 0 288 106 0 0 114 0 4 145 28 11 0 49 19
1587613901 22813 599 4802 2576 3868 0 0 288 106 0 0 114 0 7 145 28 11 0 49 19
1587668882 23179 599 4802 2576 3868 0 0 288 106 0 0 114 0 7 145 28 11 0 49 19
1587756056 23221 599 4802 2576 3868 0 0 288 106 0 0 114 0 7 145 28 11 0 49 19
1588090984 23308 599 4802 2576 3868 0 0 288 106 0 0 114 0 7 145 28 11 0 49 19
1588615745 23310 599 4802 2576 3868 0 0 288 106 0 0 114 0 7 145 28 11 0 49 19
1588778874 23343 599 4802 2576 3868 0 0 288 314 0 0 114 0 7 145 28 11 0 49 19
1589833120 23343 599 4802 2576 3868 0 0 288 314 0 0 114 0 7 145 28 11 0 49 19
1591124446 23345 599 4802 2576 3868 0 0 288 314 0 0 114 0 7 145 28 11 0 49 19
1591125251 23345 599 4802 2579 3868 0 0 288 314 0 0 114 0 7 145 28 11 0 49 19
1591388858 23345 599 4802 2579 3887 0 0 288 314 0 0 114 0 7 145 28 11 0 49 19
1591908386 23364 599 4802 2579 3887 0 0 288 314 0 0 114 0 7 145 28 11 0 49 19
1593118773 23588 599 4802 2579 3887 0 0 288 314 0 0 114 0 7 145 28 11 0 49 19
1594309130 23588 599 4802 2579 3887 0 0 288 314 0 0 114 0 11 145 28 11 0 49 19
1594411484 23588 599 4802 2579 3973 0 0 288 314 0 0 114 0 11 145 28 11 0 49 19
1594648536 23588 599 4802 2583 3973 0 0 288 314 0 0 114 0 11 145 28 11 0 49 19
1594661864 23588 599 4802 2601 3973 0 0 288 314 0 0 114 0 11 145 28 11 0 49 19
1594674991 23588 599 4802 2601 3973 0 0 288 314 0 0 114 0 11 145 28 11 0 49 19
1594995193 23588 599 4802 2662 3973 0 0 288 314 0 0 114 0 11 145 28 11 0 49 19
1595272050 23606 599 4802 2662 3973 0 0 288 314 0 0 114 0 11 145 28 11 0 49 19
1595520007 23606 599 4802 2669 3973 0 0 288 314 0 0 114 0 11 145 28 11 0 49 19
1595954947 23606 599 4802 3078 3973 0 0 288 314 0 0 114 0 11 145 28 11 0 49 19
1595955132 23606 599 4802 3078 3973 0 0 288 314 0 0 114 0 11 145 28 11 0 49 19
1595968404 23606 599 4802 3078 3973 0 0 288 314 0 0 114 0 11 145 28 11 0 49 19
1596644642 23606 599 4802 3078 3990 0 0 288 314 0 0 114 0 11 145 28 11 0 49 19
1596829368 23606 599 4802 3156 3990 0 0 288 314 0 0 114 0 11 145 28 11 0 49 19
1596829600 23606 603 4802 3156 3990 0 0 288 314 0 0 114 0 11 145 28 11 0 49 19
1596829643 23606 603 4802 3156 3990 0 0 288 314 10 0 114 0 11 145 28 11 0 49 19
1596829662 23606 605 4802 3156 3990 0 0 288 314 10 0 114 0 11 145 28 11 0 49 19
1596829700 23606 611 4802 3156 3990 0 0 288 314 10 0 114 0 11 145 28 11 0 49 19
1596829751 23606 639 4802 3156 3990 0 0 288 314 10 0 114 0 11 145 28 11 0 49 19
1596832765 23606 639 4802 3156 3990 0 0 288 314 10 0 114 0 11 145 28 11 0 49 19
1596841091 23606 640 4802 3156 3990 0 0 288 314 10 0 114 0 11 145 28 11 0 49 19
1597091751 23606 654 4802 3156 3990 0 0 288 314 10 0 114 0 11 145 28 11 0 49 19
1597092863 23606 711 4802 3156 3990 0 0 288 314 10 0 114 0 11 145 28 11 0 49 19
1597094049 23606 720 4802 3156 3990 0 0 288 314 10 0 114 0 11 145 28 11 0 49 19
1597109190 23606 721 4802 3156 3990 0 0 288 314 10 0 114 0 11 145 28 11 0 49 19
1597109483 23606 724 4802 3156 3990 0 0 288 314 10 0 114 0 11 145 28 11 0 49 19
1597167560 23606 739 4802 3156 3990 0 0 288 314 10 0 114 0 11 145 28 11 0 49 19
1597167566 23606 749 4802 3156 3990 0 0 288 314 10 0 114 0 11 145 28 11 0 49 19
1597188466 23610 752 4802 3156 3990 0 0 288 314 10 0 114 0 11 145 28 11 0 49 19
1597338003 23610 752 4802 3156 3990 0 0 288 314 10 0 114 0 11 145 28 11 0 49 19
1597343710 23610 752 4802 3156 3990 0 0 288 314 10 0 114 0 11 145 28 11 0 49 19
1598056908 23610 1019 4802 3156 3990 0 0 288 314 10 0 114 0 11 145 28 11 0 49 19
1598230866 23610 1019 4802 3156 3990 22 0 288 314 10 0 114 0 11 145 28 11 0 49 19
1598894499 23610 1030 4802 3156 3990 22 0 288 314 10 0 114 0 11 145 28 11 0 49 19
1598913436 23610 1030 4802 3156 3990 23 0 288 314 10 0 114 0 11 145 28 11 0 49 19
1599000664 23610 1037 4802 3156 3990 23 0 288 314 10 0 114 0 11 145 28 11 0 49 19
1599081099 23610 1038 4802 3156 3990 23 0 288 314 10 0 114 0 11 145 28 11 0 49 19
1599085305 23613 1038 4802 3156 3990 23 0 288 314 10 0 114 0 11 145 28 11 0 49 19
1599197067 23613 1038 4802 3156 3990 23 0 288 314 10 362 114 0 11 145 28 11 0 49 19
1599586397 23613 1038 4802 3260 3990 23 0 288 314 10 362 114 0 11 145 28 11 0 49 19
1599666282 23613 1038 4802 3324 3990 23 0 288 314 10 362 114 0 11 145 28 11 0 49 19
1599687864 23613 1038 4802 3324 3990 23 0 288 314 10 362 114 0 11 145 28 11 0 49 19
1600358863 23623 1038 4802 3324 3990 23 0 288 314 10 362 114 0 11 145 28 11 0 49 19
1600724026 23623 1040 4802 3324 3990 23 0 288 314 10 362 114 0 11 145 28 11 0 49 19
1602188257 23623 1055 4802 3324 3992 23 0 288 314 10 362 114 0 11 145 28 11 0 49 19
1602603892 23623 1136 4802 3324 3992 23 0 288 314 10 362 114 0 11 145 28 11 0 49 19
1602692474 23623 1137 4802 3324 3992 23 0 288 314 10 362 114 0 11 145 28 11 0 49 19
1603228419 23623 1137 4802 3324 3992 23 0 288 314 10 362 114 0 11 145 28 11 0 49 19
1603234549 23623 1174 4802 3324 3992 23 0 288 314 10 362 114 0 11 145 28 11 0 49 19
1603295145 23623 1244 4802 3324 3992 23 0 288 314 10 362 114 0 11 145 28 11 0 49 19
1603295151 23623 1248 4802 3324 3992 23 0 288 314 10 362 114 0 11 145 28 11 0 49 19
1603388878 23623 1339 4802 3324 3992 23 0 288 314 12 362 114 0 11 145 28 11 0 49 19
1604019977 23623 1350 4802 3324 3992 23 0 288 314 12 362 114 0 11 145 28 11 0 49 19
1604522721 23623 1352 4802 3324 3992 23 0 288 314 12 362 114 0 11 145 28 11 0 49 19
1604530102 23623 1354 4802 3324 3992 23 0 288 314 12 362 114 0 11 145 28 11 0 49 19
1604703395 23623 1354 4802 3324 3992 23 0 288 314 12 362 114 0 11 145 28 11 0 49 19
1604970001 23623 1356 4802 3324 3992 23 0 288 314 12 362 114 0 11 145 28 11 0 49 19
1605313976 23623 1359 4802 3324 3992 23 0 288 314 12 362 114 0 11 145 28 11 0 49 19
1606323251 23623 1359 4802 3332 3992 23 0 288 314 12 362 114 0 11 145 28 11 0 49 19
1606797312 23629 1359 4802 3332 3992 23 0 288 314 12 362 114 0 11 145 28 11 0 49 19
1606839600 23734 1435 4802 3333 3992 36 0 288 314 12 362 114 0 11 145 28 11 0 49 19
1606862921 23734 1438 4802 3333 3992 36 0 288 314 12 362 114 0 11 145 28 11 0 49 19
1606867755 23749 1438 4802 3333 3992 36 0 288 314 12 362 114 0 11 145 28 11 0 49 19
1606871123 23749 1440 4802 3333 3992 36 0 288 314 12 362 114 0 11 145 28 11 0 49 19
1606926386 23749 1440 4802 3344 3992 36 0 288 314 12 362 114 0 11 145 28 11 0 49 19
1607615886 23871 1440 4802 3344 3992 36 0 288 314 12 362 114 0 11 145 28 11 0 49 19
1607713167 23871 1440 4802 3345 3992 36 0 288 314 12 362 114 0 11 145 28 11 0 49 19
1607713715 23871 1440 4802 3347 3992 36 0 288 314 12 362 114 0 11 145 28 11 0 49 19
1608141233 23891 1440 4802 3347 3992 36 0 288 314 12 362 114 0 11 145 28 11 0 49 19
1608170739 23891 1441 4802 3347 3992 36 0 288 314 12 362 114 0 11 145 28 11 0 49 19
1608223225 23891 1441 4802 3347 3992 36 0 288 314 12 362 114 0 11 145 28 11 0 49 19
1608232110 23913 1441 4802 3347 3992 36 0 288 314 12 362 114 0 11 145 28 11 0 49 19
1608265058 23944 1441 4802 3347 3992 36 0 288 314 12 362 114 0 11 145 28 11 0 49 19
1608671606 23944 1441 4802 3354 3992 36 0 288 314 12 362 114 0 11 145 28 11 0 49 19
1609979699 23944 1443 4802 3354 3992 36 0 288 314 12 362 114 0 11 145 28 11 0 49 19
1610669002 23988 1443 4802 3371 3992 36 0 288 314 12 362 114 0 11 145 28 11 0 49 19
1611268029 24010 1443 4802 3371 3992 36 0 288 314 12 362 114 0 11 145 28 11 0 49 19
1611596538 24035 1443 4802 3371 3992 36 0 288 314 12 362 114 0 11 145 28 11 0 49 19
1611778247 24085 1443 4802 3371 3992 36 0 288 314 12 362 114 0 11 145 28 11 0 49 19
1611780554 24093 1443 4802 3371 3992 36 0 288 314 12 362 114 0 11 145 28 11 0 49 19
1611786379 24099 1443 4802 3371 3992 36 0 288 314 12 362 114 0 11 145 28 11 0 49 19
1611853681 24118 1443 4802 3371 3992 36 0 288 314 12 362 114 0 11 145 28 11 0 49 19
1612162340 24118 1443 4802 3371 3992 53 0 288 314 12 362 114 0 11 145 28 11 0 49 19
1612813278 24118 1459 4802 3371 3992 53 0 288 314 12 362 114 0 11 145 28 11 0 49 19
1612819450 24134 1459 4802 3371 3992 53 0 288 314 12 362 114 0 11 145 28 11 0 49 19
1613521694 24361 1459 4802 3371 3992 57 0 288 314 12 362 114 0 11 145 28 11 0 49 19
1613976370 24361 1459 4802 3371 3992 60 0 288 314 12 362 114 0 11 145 28 11 0 49 19
1614038464 24474 1459 4802 3371 3992 70 0 288 314 12 362 114 0 11 145 28 11 0 49 19
1614259824 24474 1459 4802 3371 3992 70 0 288 314 32 362 114 0 11 145 28 11 0 49 19
1614303127 24474 1459 4802 3371 3992 81 0 288 314 32 362 114 0 11 145 28 11 0 49 19
1615570788 24474 1576 4802 3371 3992 81 0 288 314 32 362 114 0 11 145 28 11 0 49 19
1615572698 24474 1578 4802 3371 3992 81 0 288 314 32 362 114 0 11 145 28 11 0 49 19
1615584806 24474 1580 4802 3371 3992 81 0 288 314 32 362 114 0 11 145 28 11 0 49 19
1615857405 24581 1580 4802 3371 3992 81 0 288 314 32 362 114 0 11 145 28 11 0 49 19
1617392849 24586 1580 4802 3372 3992 81 0 288 314 32 362 114 0 11 145 28 11 0 49 19
1617732715 24763 1580 4802 3372 3992 81 0 288 314 32 362 114 0 11 145 28 11 0 49 19
1617754163 24763 1582 4802 3372 3992 81 0 288 314 32 362 114 0 11 145 28 11 0 49 19
1617755393 24763 1584 4802 3372 3992 81 0 288 314 32 362 114 0 11 145 28 11 0 49 19
1617755723 24763 1588 4802 3372 3992 81 0 288 314 32 362 114 0 11 145 28 11 0 49 19
1618852685 24763 1589 4802 3372 3992 81 0 288 314 32 362 114 0 11 145 28 11 0 49 19
1619814012 24763 1589 4802 3372 3992 81 0 288 314 32 362 114 230 11 145 28 11 0 49 19
1619826372 25360 1601 4802 3387 3992 81 0 288 314 32 362 114 366 11 145 28 11 0 49 19
1620090155 25360 1627 4802 3387 3992 81 0 288 314 32 362 114 366 16 145 28 11 0 49 19
1620090941 25500 1637 4802 3387 3992 81 0 288 314 32 362 114 366 16 145 28 11 0 49 19
1620090990 25504 1656 4802 3387 4115 81 0 288 314 32 362 114 366 16 145 28 11 0 49 19
1620091544 25504 1659 4802 3387 4115 81 0 288 314 32 362 114 366 16 145 28 11 0 49 19
1620093968 25504 1661 4802 3387 4115 81 0 288 314 32 362 114 366 16 145 28 11 0 49 19
1620135567 25504 1675 4802 3387 4115 81 0 288 314 32 362 114 366 16 145 28 11 0 49 19
1620876485 25504 1675 4802 3387 4115 81 0 288 314 199 362 114 366 16 145 28 11 0 49 19
1621021295 25504 1675 4802 3387 4115 81 0 288 314 199 362 114 366 16 145 28 11 0 49 19
1621367687 25504 1675 4802 3387 4115 81 0 288 314 199 362 114 471 16 145 28 11 0 49 19
1621381154 25504 1675 4802 3387 4115 81 0 288 314 199 362 114 848 16 145 28 11 0 49 19
1621392478 25504 1675 4802 3387 4115 81 0 288 314 199 362 114 886 16 145 28 11 0 49 19
1622152276 25504 1677 4802 3387 4115 81 0 288 314 199 362 114 886 16 145 28 11 0 49 19
1622152316 25504 1679 4802 3387 4115 81 0 288 314 199 362 114 886 16 145 28 11 0 49 19
1622158100 25504 1679 4802 3387 4115 81 0 288 314 199 397 114 886 16 145 28 11 0 49 19
1622225732 25504 1686 4802 3387 4115 81 0 288 314 199 397 114 886 16 145 28 11 0 49 19
1622226003 25604 1686 4802 3387 4115 81 0 288 314 199 397 114 886 16 145 28 11 0 49 19
1622227659 25698 2022 4802 3387 4115 81 0 288 314 199 397 114 886 16 145 28 11 0 49 19
1622240002 25698 2048 4802 3387 4115 81 0 288 314 199 397 114 886 16 145 28 11 0 49 19
1622240346 25775 2071 4802 3387 4115 81 0 288 314 199 397 114 886 16 145 28 11 0 49 19
1622240507 25788 2079 4802 3387 4115 81 0 288 314 199 397 114 886 16 145 28 11 0 49 19
1622751281 25788 2079 4802 3387 4115 81 0 288 314 199 397 114 908 16 145 28 11 0 49 19
1622845955 25788 2079 4802 3387 4115 81 0 288 314 297 397 114 908 16 145 28 11 0 49 19
1623072772 25788 2079 4802 3387 4115 81 0 288 314 302 397 114 908 16 145 28 11 0 49 19
1623258635 25929 2079 4802 3387 4115 81 0 288 314 302 397 114 908 16 145 28 11 235 49 19
1623333837 25929 2079 4802 3387 4115 81 0 288 314 304 397 114 908 16 145 28 11 235 49 19
1623349884 25929 2079 4802 3387 4115 81 0 288 314 304 397 114 908 16 145 28 11 269 49 19
1623350903 25929 2079 4802 3387 4115 81 0 288 314 308 397 114 908 16 145 28 11 269 49 19
1623368130 25929 2079 4802 3387 4115 81 0 288 314 308 407 114 908 16 145 28 11 269 49 19
1623432889 25929 2079 4802 3387 4115 81 0 288 314 308 429 114 908 16 145 28 11 269 49 19
1623436512 25929 2080 4802 3387 4115 81 0 288 314 308 429 114 908 16 145 28 11 269 49 19
1623437442 25929 2082 4802 3387 4115 81 0 288 314 308 429 114 908 16 145 28 11 269 49 19
1623437991 25929 2084 4802 3387 4115 81 0 288 314 308 429 114 908 16 145 28 11 269 49 19
1623766775 25929 2084 4802 3387 4115 81 0 288 314 308 441 114 908 16 145 28 11 269 49 19
1623787393 25929 2084 4802 3387 4115 81 0 288 314 308 697 114 908 16 145 28 11 269 49 19
1623950121 25929 2084 4802 3387 4117 81 0 288 314 308 698 114 908 16 145 28 11 269 49 19
1627325065 25929 2084 4802 3387 4117 81 0 288 314 308 698 114 908 16 145 28 11 269 49 19
1628193430 26517 2084 4802 3387 4117 81 0 288 314 309 698 114 908 16 145 28 11 269 49 19
1628563637 26534 2084 4802 3387 4117 115 0 288 314 309 698 114 908 16 145 28 11 269 49 19
1628641951 26540 2084 4802 3387 4117 181 0 288 314 309 698 114 908 16 145 28 11 269 49 19
1628694114 26540 2084 4802 3387 4117 181 0 288 314 309 698 114 908 16 145 44 11 269 49 19
1628917708 26540 2084 4802 3387 4117 294 0 288 314 309 698 114 908 16 145 44 11 269 49 19
1629127801 26570 2084 4802 3387 4117 294 0 288 314 309 698 114 908 16 145 44 11 269 49 19
1629132113 26648 2084 4802 3387 4117 294 0 288 314 309 698 114 908 16 145 44 11 269 49 19
1629276045 26648 2084 4802 3387 4117 310 0 288 314 309 698 114 908 16 145 44 11 269 49 19
1629328971 26648 2100 4802 3387 4117 314 0 288 314 309 698 114 908 16 145 44 11 269 49 19
1630070317 26648 2100 4802 3387 4117 314 0 288 314 352 698 114 908 16 145 44 11 269 49 19
1631136370 26648 2101 4802 3387 4117 314 0 288 314 352 698 114 908 16 145 44 11 269 49 19
1631199916 26816 2101 4802 3387 4117 314 0 288 314 352 698 114 908 16 145 44 11 269 49 19
1631759787 26816 2101 4802 3387 4117 347 0 288 314 352 698 114 908 16 145 44 11 269 49 19
1631778443 26816 2101 4802 3387 4117 358 0 288 314 352 698 114 908 16 145 44 11 269 49 19
1631842465 26816 2101 4802 3387 4117 358 0 288 314 352 698 114 908 16 145 44 11 269 49 19
1632941449 26816 2101 4802 3387 4117 358 0 288 314 380 698 114 908 16 145 44 11 269 49 19
1633382437 26816 2103 4802 3387 4117 358 0 288 314 380 698 114 908 16 145 44 11 269 49 19
1633397087 26816 2103 4802 3387 4117 358 0 288 314 380 698 114 908 16 145 44 11 269 49 19
1633618310 26816 2103 4802 3387 4117 358 0 288 314 380 698 114 908 16 145 44 11 269 49 19
1634138908 26816 2103 4802 3387 4117 358 0 288 314 385 698 114 908 16 145 44 11 269 49 19
1634647667 26816 2103 4802 3387 4117 358 0 288 314 509 698 114 908 16 145 44 11 269 49 19
1634687430 26816 2103 4802 3387 4117 358 0 288 314 509 698 114 908 16 145 44 11 358 49 19
1635282376 26816 2103 4802 3387 4117 358 0 288 314 509 698 114 908 16 145 44 11 358 49 19
1635315897 26816 2103 4802 3387 4117 369 0 288 314 509 698 114 908 16 145 44 11 358 49 19
1635863596 26816 2107 4802 3387 4117 369 0 288 314 509 698 114 908 16 145 44 11 358 49 19
1637101219 26816 2107 4802 3387 4117 373 0 288 314 509 698 114 908 16 145 44 11 358 49 19
1637611706 26840 2107 4802 3405 4117 373 0 288 314 516 698 114 908 16 145 44 11 358 49 19
1637677905 26840 2107 4802 3405 4117 373 0 288 314 524 698 114 908 16 145 44 11 358 49 19
1637678374 26840 2109 4802 3405 4117 373 0 288 314 524 698 114 908 16 145 44 11 358 49 19
1637678448 26840 2111 4802 3405 4117 373 0 288 314 524 698 114 908 16 145 44 11 358 49 19
1637678572 26840 2130 4802 3405 4117 373 0 288 314 524 698 114 908 16 145 44 11 358 49 19
1637707853 26840 2130 4802 3405 4117 381 0 288 314 524 698 114 908 16 145 44 11 358 49 19
1637711240 26840 2130 4802 3405 4117 381 0 288 314 527 698 114 908 16 145 44 11 358 49 19
1637719117 27266 2130 4802 3405 4117 381 0 288 314 558 698 114 908 16 145 44 11 358 49 19
1639596804 27275 2130 4802 3405 4117 381 0 288 314 558 698 114 908 16 145 44 11 358 49 19
1641502327 27275 2130 4802 3435 4117 381 0 288 314 558 698 114 908 16 145 44 11 358 49 19
1641564040 27275 2130 4802 3445 4117 381 0 288 314 558 698 114 908 16 145 44 11 358 49 19
1641866961 27275 2139 4802 3445 4117 381 0 288 314 558 698 114 908 16 145 44 11 358 49 19
1641959739 27275 2139 4802 3445 4117 381 0 288 314 558 698 114 908 16 145 44 11 358 49 19
1642467079 27275 2139 4802 3445 4117 381 0 288 314 558 698 114 908 16 145 44 11 358 49 19
1642532332 27296 2139 4802 3445 4117 381 0 288 314 558 698 114 908 16 145 44 11 358 49 19
1642688149 27296 2139 4802 3445 4117 385 0 288 314 558 698 114 908 16 145 44 11 358 49 19
1642814959 27296 2141 4802 3453 4117 385 0 288 314 558 698 114 908 16 145 44 11 358 49 19
1642815471 27326 2143 4802 3453 4117 385 0 288 314 558 698 114 908 16 145 44 11 358 49 19
1642816244 27326 2143 4802 3453 4117 472 0 288 314 558 698 114 908 16 145 44 11 358 49 19
1642816927 27326 2145 4802 3453 4117 472 0 288 314 558 698 114 908 16 145 44 11 358 49 19
1643073600 27326 2145 4802 3453 4117 504 0 288 314 558 698 114 908 16 145 44 11 358 49 19
1643137146 27326 2146 4802 3453 4117 504 0 288 314 558 698 114 908 16 145 44 11 358 49 19
1643228628 27326 2146 4802 3453 4117 505 0 288 314 558 698 114 908 16 145 44 11 358 49 19
1643235656 27326 2146 4802 3453 4117 512 0 288 314 558 698 114 908 16 145 44 11 358 49 19
1643332674 27326 2146 4802 3453 4117 551 0 288 314 558 698 114 908 16 145 44 11 358 49 19
1643335270 27745 2146 4802 3453 4117 552 0 288 314 558 698 114 908 16 145 44 11 358 49 19
1643337693 27745 2146 4802 3453 4117 556 0 288 314 558 698 114 908 16 145 44 11 358 49 19
1643396479 27745 2146 4802 3453 4117 584 0 288 314 558 698 114 908 16 145 44 11 358 49 19
1643397299 27745 2151 4802 3453 4118 584 0 288 314 558 698 114 908 16 145 44 11 358 49 19
1643402045 27745 2151 4802 3453 4118 594 0 288 314 558 698 114 908 16 145 44 11 358 49 19
1643763614 27745 2157 4802 3453 4118 594 0 288 314 558 698 114 908 16 145 44 11 358 49 19
1643772998 27745 2164 4802 3453 4118 594 0 288 314 558 698 114 908 16 145 44 11 358 49 19
1643919187 27745 2166 4802 3453 4118 594 0 288 314 558 698 114 908 16 145 44 11 358 49 19
1644015334 27745 2166 4802 3453 4118 594 0 288 314 558 698 114 908 16 145 44 11 358 49 19
1645225787 27745 2176 4802 3453 4118 594 0 288 314 558 698 114 908 16 145 44 11 358 49 19
1646269975 27748 2178 4802 3453 4118 594 0 288 314 558 698 114 908 16 145 44 11 358 49 19
1646276607 27748 2220 4802 3453 4118 594 0 288 314 558 698 114 908 16 145 44 11 358 49 19
1647563901 27748 2220 4802 3453 4118 594 0 288 314 558 698 114 908 16 145 44 11 358 49 19
1647839611 27748 2269 4802 3453 4118 594 0 288 314 558 698 114 908 16 145 44 11 358 49 19
1647840345 27748 2307 4802 3453 4118 594 0 288 314 558 698 114 908 16 145 44 11 358 49 19
1647911910 27748 2338 4802 3453 4118 594 0 288 314 558 698 114 908 16 145 44 11 358 49 19
1648059778 27748 2419 4802 3453 4118 594 0 288 314 558 698 114 908 16 145 44 11 358 49 19
