1504983066 453
1506227251 453
1506275292 457
1506276484 456
1506323538 456
1506329928 465
1506729347 608
1507508140 610
1507508180 613
1507509125 614
1507526257 617
1507526609 638
1507527432 632
1507527862 632
1522616526 632
1522616564 833
1522703976 840
1524509021 840
1524509794 840
1526260869 846
1541195830 888
1541195997 888
1541261855 887
1541620420 887
1549015567 922
1549388445 1116
1550562619 902
1550564167 911
1550632706 922
1550639617 922
1552439710 924
1552441751 937
1552444208 954
1554511864 955
1557913369 979
1557913546 979
1559083866 984
1559935458 992
1561422400 1117
1561494485 1117
1561494875 1118
1561496450 1118
1561507639 1118
1561529556 1126
1562551316 1124
1564983157 1121
1568655848 1121
1568657557 1125
1568658351 1142
1568672144 1144
1568675496 1155
1571095652 1170
1571098098 1171
1571098200 1171
1571098894 1176
1571147631 1176
1571147747 1176
1572420573 1217
1572421986 1241
1574961854 1239
1582439337 1247
1582855781 1247
1583047364 1275
1583047500 1275
1584511309 1275
1585953378 1278
1589102709 1278
1591657773 1278
1591659848 1322
1591660370 1282
1592375115 1334
1592418033 1334
1596247864 1338
1596265982 1355
1596266458 1443
1596266544 1443
1596294736 1446
1597217300 1439
1597217668 1445
1603518262 1435
1603518373 1440
1605417044 1451
1606828390 1517
1627315853 1456
1631066288 1457
1631066603 1458
1631066975 1461
1631067108 1454
1631067273 1454
1631160270 1465
1631163450 1471
1631171793 1473
1631176938 1501
1631178698 1501
1631187618 1514
1631189607 1514
1631190201 1516
1631212622 1519
1631236139 1604
1631241094 1528
1631243589 1607
1631244055 1618
1631567016 1626
1637282360 1628
1637283151 1634
1637283770 1629
1646676541 1629
1648798203 1630
1649209962 1630
1658897876 1631
1662443299 1636
1662703081 1636
1663602947 1644
1680584786 1653
