1441116719 0 0 0 0 0 0 0 0 0 0 0 0 1 0 0 0 0 0 0 0
1441901090 0 0 0 0 0 0 0 0 0 0 0 0 2 0 0 0 0 0 0 0
1441974134 0 0 0 0 0 0 0 0 0 0 0 0 3 0 0 0 0 0 0 0
1442438645 0 0 0 0 0 0 0 0 0 0 0 0 3 0 0 0 0 0 0 0
1443189415 0 0 0 0 0 0 0 0 0 0 0 0 3 0 1 0 0 0 0 0
1443194646 0 0 0 0 0 0 0 0 0 0 0 0 3 0 1 0 0 0 0 0
1444665137 0 0 0 0 0 0 0 0 0 0 0 0 3 0 1 0 0 0 0 0
1444666803 0 0 0 0 0 0 0 0 0 0 0 0 3 0 1 0 0 0 0 0
1445598082 0 0 0 0 0 0 0 0 0 0 0 0 3 0 1 0 0 0 0 0
1446666823 0 0 0 0 0 0 0 0 0 0 0 0 3 0 1 0 0 0 0 0
1448012748 0 0 0 0 0 0 0 0 0 0 0 0 3 0 1 0 0 0 0 0
1449607508 0 0 0 0 0 0 0 0 0 0 0 0 3 0 1 0 0 0 0 0
1452013330 0 0 0 0 0 0 0 0 0 0 0 0 3 0 1 0 0 0 0 0
1452616859 0 0 0 0 0 0 0 0 0 0 0 0 3 0 2 0 0 0 0 0
1454322534 0 0 0 0 0 0 0 0 0 0 0 0 3 0 3 0 0 0 0 0
1454341068 0 0 0 0 0 0 0 0 0 0 0 0 3 0 3 0 0 0 0 0
1455029658 0 0 0 1 0 0 0 0 0 0 0 0 3 0 3 0 0 0 0 0
1455286675 0 0 0 1 0 0 0 0 0 0 0 0 3 0 4 0 0 0 0 0
1455311773 0 0 0 2 0 0 0 0 0 0 0 0 3 0 4 0 0 0 0 0
1455723344 0 0 0 2 0 0 0 0 0 0 0 0 3 0 4 0 0 0 0 0
1455723739 0 0 0 2 0 0 0 0 0 0 0 0 3 0 4 0 0 0 0 0
1456212655 0 0 0 2 0 0 0 0 0 0 0 0 3 0 5 0 0 0 0 0
1456213106 0 0 0 3 0 0 0 0 0 0 0 0 3 0 5 0 0 0 0 0
1456225805 0 0 0 3 0 0 0 0 0 0 0 0 3 0 6 0 0 0 0 0
1456287911 0 0 0 4 0 0 0 0 0 0 0 0 3 0 6 0 0 0 0 0
1456292164 1 0 0 4 0 0 0 0 0 0 0 0 3 0 6 0 0 0 0 0
1456293568 1 0 0 5 0 0 0 0 0 0 0 0 3 0 6 0 0 0 0 0
1456293578 2 0 0 5 0 0 0 0 0 0 0 0 3 0 6 0 0 0 0 0
1456294923 3 0 0 5 0 0 0 0 0 0 0 0 3 0 6 0 0 0 0 0
1456297138 3 0 0 6 0 0 0 0 0 0 0 0 3 0 6 0 0 0 0 0
1456335558 3 0 0 7 0 0 0 0 0 0 0 0 3 0 6 0 0 0 0 0
1456336749 3 0 0 8 0 0 0 0 0 0 0 0 3 0 6 0 0 0 0 0
1456337264 3 0 0 9 0 0 0 0 0 0 0 0 3 0 6 0 0 0 0 0
1456337515 4 0 0 9 0 0 0 0 0 0 0 0 3 0 6 0 0 0 0 0
1456337975 5 0 0 9 0 0 0 0 0 0 0 0 3 0 6 0 0 0 0 0
1456338194 6 0 0 9 0 0 0 0 0 0 0 0 3 0 6 0 0 0 0 0
1456343469 7 0 0 9 0 0 0 0 0 0 0 0 3 0 6 0 0 0 0 0
1456343751 8 0 0 9 0 0 0 0 0 0 0 0 3 0 6 0 0 0 0 0
1456795122 8 0 0 10 0 0 0 0 0 0 0 0 3 0 6 0 0 0 0 0
1456857695 9 0 0 10 0 0 0 0 0 0 0 0 3 0 6 0 0 0 0 0
1456970958 9 0 0 11 0 0 0 0 0 0 0 0 3 0 6 0 0 0 0 0
1456971390 9 0 0 12 0 0 0 0 0 0 0 0 3 0 6 0 0 0 0 0
1456971557 9 0 0 13 0 0 0 0 0 0 0 0 3 0 6 0 0 0 0 0
1456971592 9 0 0 14 0 0 0 0 0 0 0 0 3 0 6 0 0 0 0 0
1456972363 9 0 0 15 0 0 0 0 0 0 0 0 3 0 6 0 0 0 0 0
1456997416 10 0 0 15 0 0 0 0 0 0 0 0 3 0 6 0 0 0 0 0
1457284956 10 0 0 15 0 0 0 0 0 0 0 0 3 0 6 0 0 0 0 0
1457301257 11 0 0 15 0 0 0 0 0 0 0 0 3 0 6 0 0 0 0 0
1458868525 11 0 0 16 0 0 0 0 0 0 0 0 3 0 6 0 0 0 0 0
1458868616 11 0 0 17 0 0 0 0 0 0 0 0 3 0 6 0 0 0 0 0
1458869077 11 0 0 18 0 0 0 0 0 0 0 0 3 0 6 0 0 0 0 0
1459532810 12 0 0 18 0 0 0 0 0 0 0 0 3 0 6 0 0 0 0 0
1459533541 13 0 0 18 0 0 0 0 0 0 0 0 3 0 6 0 0 0 0 0
1459983236 13 0 0 18 0 0 0 0 0 0 0 0 3 0 6 0 0 0 0 0
1459983938 13 0 0 18 0 0 0 0 0 0 0 0 3 0 6 0 0 0 0 0
1459986734 13 0 0 19 0 0 0 0 0 0 0 0 3 0 6 0 0 0 0 0
1459987154 14 0 0 19 0 0 0 0 0 0 0 0 3 0 6 0 0 0 0 0
1460080798 15 0 0 19 0 0 0 0 0 0 0 0 3 0 6 0 0 0 0 0
1460583343 15 0 0 19 0 0 0 0 0 0 0 0 3 0 6 0 1 0 0 0
1460731369 15 0 0 19 0 0 0 0 0 0 0 0 3 0 6 0 2 0 0 0
1460742832 16 0 0 19 0 0 0 0 0 0 0 0 3 0 6 0 2 0 0 0
1461015942 16 0 0 19 0 0 0 0 0 0 0 0 3 0 6 0 4 0 0 0
1461095367 17 0 0 19 0 0 0 0 0 0 0 0 3 0 6 0 5 0 0 0
1461096724 18 0 0 19 0 0 0 0 0 0 0 0 3 0 6 0 5 0 0 0
1461098907 18 0 0 19 0 0 0 0 0 0 0 0 3 0 6 0 6 0 0 0
1461100757 19 0 0 19 0 0 0 0 0 0 0 0 3 0 6 0 6 0 0 0
1461188701 19 0 0 19 0 0 0 0 0 0 0 0 3 0 6 0 7 0 0 0
1461189115 20 0 0 19 0 0 0 0 0 0 0 0 3 0 6 0 7 0 0 0
1461243226 20 0 0 19 0 0 0 0 0 0 0 0 3 0 7 0 7 0 0 0
1461245838 21 0 0 19 0 0 0 0 0 0 0 0 3 0 7 0 7 0 0 0
1461264904 21 0 0 20 0 0 0 0 0 0 0 0 3 0 7 0 7 0 0 0
1461265559 22 0 0 20 0 0 0 0 0 0 0 0 3 0 7 0 7 0 0 0
1461780385 22 0 0 20 0 0 0 0 0 0 0 0 3 0 7 0 8 0 0 0
1461785425 23 0 0 20 0 0 0 0 0 0 0 0 3 0 7 0 8 0 0 0
1461789437 23 0 0 20 0 0 0 0 0 0 0 0 3 0 7 0 9 0 0 0
1462212545 23 0 0 20 0 0 0 0 0 0 0 0 3 0 7 0 9 0 0 0
1462244790 24 0 0 20 0 0 0 0 0 0 0 0 3 0 7 0 9 0 0 0
1462317906 24 0 0 21 0 0 0 0 0 0 0 0 3 0 7 0 9 0 0 0
1462332791 25 0 0 21 0 0 0 0 0 0 0 0 3 0 7 0 9 0 0 0
1462436502 25 0 0 21 0 0 0 0 0 0 0 0 3 0 7 0 9 0 0 0
1462437056 25 0 0 21 0 0 0 0 0 0 0 0 3 0 7 0 9 0 0 0
1462492823 26 0 0 21 0 0 0 0 0 0 0 0 3 0 7 0 9 0 0 0
1463613614 26 0 0 22 0 0 0 0 0 0 0 0 3 0 7 0 9 0 0 0
1463614953 26 0 0 23 0 0 0 0 0 0 0 0 3 0 7 0 9 0 0 0
1463614975 27 0 0 23 0 0 0 0 0 0 0 0 3 0 7 0 9 0 0 0
1463618459 27 0 0 24 0 0 0 0 0 0 0 0 3 0 7 0 9 0 0 0
1463680255 27 0 0 24 0 0 0 0 0 0 0 0 3 0 7 0 9 0 0 0
1463692202 28 0 0 24 0 0 0 0 0 0 0 0 3 0 7 0 9 0 0 0
1463998372 28 0 0 24 0 0 0 0 0 0 0 0 3 0 7 0 9 0 0 0
1464024748 29 0 0 24 0 0 0 0 0 0 0 0 3 0 7 0 9 0 0 0
1464058164 29 0 0 25 0 0 0 0 0 0 0 0 3 0 7 0 9 0 0 0
1464075643 29 0 0 25 0 0 0 0 0 0 0 0 3 0 7 0 9 0 0 0
1464115212 29 0 0 26 0 0 0 0 0 0 0 0 3 0 7 0 9 0 0 0
1464149665 30 0 0 26 0 0 0 0 0 0 0 0 3 0 7 0 9 0 0 0
1464194979 31 0 0 26 0 0 0 0 0 0 0 0 3 0 7 0 9 0 0 0
1464195209 32 0 0 26 0 0 0 0 0 0 0 0 3 0 7 0 9 0 0 0
1464226324 32 0 0 27 0 0 0 0 0 0 0 0 3 0 7 0 9 0 0 0
1464246643 32 0 0 28 0 0 0 0 0 0 0 0 3 0 7 0 9 0 0 0
1464248126 32 0 0 29 0 0 0 0 0 0 0 0 3 0 7 0 9 0 0 0
1464249667 33 0 0 29 0 0 0 0 0 0 0 0 3 0 7 0 9 0 0 0
1464250102 33 0 0 30 0 0 0 0 0 0 0 0 3 0 7 0 9 0 0 0
1464250467 34 0 0 30 0 0 0 0 0 0 0 0 3 0 7 0 9 0 0 0
1464280146 35 0 0 30 0 0 0 0 0 0 0 0 3 0 7 0 9 0 0 0
1464290213 35 0 0 31 0 0 0 0 0 0 0 0 3 0 7 0 9 0 0 0
1464292348 35 0 0 32 0 0 0 0 0 0 0 0 3 0 7 0 9 0 0 0
1464297227 36 0 0 32 0 0 0 0 0 0 0 0 3 0 7 0 9 0 0 0
1464324306 36 0 0 32 0 0 0 0 0 0 0 0 3 0 7 0 9 0 0 0
1464365097 37 0 0 32 0 0 0 0 0 0 0 0 3 0 7 0 9 0 0 0
1464720722 37 0 0 32 0 0 0 0 0 0 0 0 3 0 7 0 9 0 0 0
1464755846 38 0 0 32 0 0 0 0 0 0 0 0 3 0 7 0 9 0 0 0
1464814728 38 0 0 33 0 0 0 0 0 0 0 0 3 0 7 0 9 0 0 0
1464825351 38 0 0 34 0 0 0 0 0 0 0 0 3 0 7 0 9 0 0 0
1464834964 39 0 0 34 0 0 0 0 0 0 0 0 3 0 7 0 9 0 0 0
1465446248 40 0 0 34 0 0 0 0 0 0 0 0 3 0 7 0 9 0 0 0
1465814488 40 0 0 34 0 0 0 0 0 0 0 0 3 0 8 0 9 0 0 0
1465830302 40 0 0 34 0 0 0 0 0 0 0 0 3 0 8 0 9 0 0 0
1465837978 41 0 0 34 0 0 0 0 0 0 0 0 3 0 8 0 9 0 0 0
1465839138 42 0 0 34 0 0 0 0 0 0 0 0 3 0 8 0 9 0 0 0
1466712292 42 1 0 34 0 0 0 0 0 0 0 0 3 0 8 0 9 0 0 0
1467739711 42 2 0 34 0 0 0 0 0 0 0 0 3 0 8 0 9 0 0 0
1468876815 42 2 0 34 0 0 0 0 0 0 0 0 3 0 8 0 9 0 0 0
1469747905 42 2 0 34 0 0 0 0 0 0 0 0 3 0 8 0 9 0 0 0
1470861078 42 2 0 34 0 0 0 0 0 0 0 0 3 0 8 0 9 0 0 0
1471461547 43 2 0 34 0 0 0 0 0 0 0 0 3 0 8 0 9 0 0 0
1471546408 44 2 0 34 0 0 0 0 0 0 0 0 3 0 8 0 9 0 0 0
1473187817 44 3 0 34 0 0 0 0 0 0 0 0 3 0 8 0 9 0 0 0
1473793262 44 3 0 34 0 0 0 0 0 0 0 0 3 0 8 0 9 0 0 0
1473793386 45 3 0 34 0 0 0 0 0 0 0 0 3 0 8 0 9 0 0 0
1473798731 45 3 0 35 0 0 0 0 0 0 0 0 3 0 8 0 9 0 0 0
1473800194 46 3 0 35 0 0 0 0 0 0 0 0 3 0 8 0 9 0 0 0
1473809564 47 3 0 35 0 0 0 0 0 0 0 0 3 0 8 0 9 0 0 0
1473812192 48 3 0 35 0 0 0 0 0 0 0 0 3 0 8 0 9 0 0 0
1473827620 48 3 0 35 0 0 0 0 0 0 0 0 3 0 8 0 9 0 0 0
1473831002 49 3 0 35 0 0 0 0 0 0 0 0 3 0 8 0 9 0 0 0
1475174825 49 3 0 35 0 0 0 0 0 0 0 0 3 0 8 0 9 0 0 0
1475177131 50 3 0 35 0 0 0 0 0 0 0 0 3 0 8 0 9 0 0 0
1475892596 50 3 0 36 0 0 0 0 0 0 0 0 3 0 8 0 9 0 0 0
1475892769 50 3 0 37 0 0 0 0 0 0 0 0 3 0 8 0 9 0 0 0
1475893746 51 3 0 37 0 0 0 0 0 0 0 0 3 0 8 0 9 0 0 0
1476958019 51 3 0 37 0 0 0 0 0 0 0 0 3 0 9 0 9 0 0 0
1477326958 52 3 0 37 0 0 0 0 0 0 0 0 3 0 9 0 9 0 0 0
1477400269 52 3 0 37 0 0 0 0 0 0 0 0 3 0 9 0 9 0 0 0
1477426424 53 3 0 37 0 0 0 0 0 0 0 0 3 0 9 0 9 0 0 0
1477458736 53 3 0 37 0 0 0 0 0 0 0 0 3 0 9 0 9 0 0 0
1477459104 54 3 0 37 0 0 0 0 0 0 0 0 3 0 9 0 9 0 0 0
1477846574 54 3 0 37 0 0 0 0 0 0 0 0 3 0 9 0 9 0 0 0
1477861633 55 3 0 37 0 0 0 0 0 0 0 0 3 0 9 0 9 0 0 0
1478543313 55 3 0 37 0 0 0 0 0 0 0 0 3 0 9 0 9 0 0 0
1478544651 56 3 0 37 0 0 0 0 0 0 0 0 3 0 9 0 9 0 0 0
1478581902 56 3 0 37 0 0 0 0 0 0 0 0 3 0 9 0 9 0 0 0
1478586602 56 3 0 37 0 0 0 0 0 0 0 0 3 0 9 0 9 0 0 0
1478587933 57 3 0 37 0 0 0 0 0 0 0 0 3 0 9 0 9 0 0 0
1478588028 58 3 0 37 0 0 0 0 0 0 0 0 3 0 9 0 9 0 0 0
1478989560 58 3 0 37 0 0 0 0 0 0 0 0 3 0 9 0 9 0 0 0
1479515277 58 3 0 37 0 0 0 0 0 0 0 0 3 0 9 0 9 0 0 0
1479521815 59 3 0 37 0 0 0 0 0 0 0 0 3 0 9 0 9 0 0 0
1479837230 59 3 0 37 0 0 0 0 0 0 0 0 3 0 9 0 9 0 0 0
1480355592 59 4 0 37 0 0 0 0 0 0 0 0 3 0 9 0 9 0 0 0
1484001444 59 4 0 37 0 0 0 1 0 0 0 0 3 0 9 0 9 0 0 0
1484244256 59 4 0 37 0 0 0 2 0 0 0 0 3 0 9 0 9 0 0 0
1484244361 60 4 0 37 0 0 0 2 0 0 0 0 3 0 9 0 9 0 0 0
1485193245 60 4 0 37 0 0 0 3 0 0 0 0 3 0 9 0 9 0 0 0
1485367564 60 4 0 37 0 0 0 3 0 0 0 0 3 0 10 0 9 0 0 0
1485968277 60 4 0 37 0 0 0 3 0 0 0 0 3 0 10 0 9 1 0 0
1485980515 60 4 0 37 0 0 0 3 0 0 0 0 3 0 10 0 9 2 0 0
1485980549 60 4 0 37 0 0 0 3 0 0 0 0 3 0 10 0 9 3 0 0
1486489560 61 4 0 37 0 0 0 3 0 0 0 0 3 0 10 0 9 3 0 0
1486672878 62 4 0 37 0 0 0 3 0 0 0 0 3 0 10 0 9 3 0 0
1486762051 62 4 0 38 0 0 0 3 0 0 0 0 3 0 10 0 9 3 0 0
1486780853 63 4 0 38 0 0 0 3 0 0 0 0 3 0 10 0 9 3 0 0
1487119841 64 4 0 38 0 0 0 3 0 0 0 0 3 0 10 0 9 3 0 0
1487275500 65 4 0 38 0 0 0 3 0 0 0 0 3 0 10 0 9 3 0 0
1487720557 65 5 0 38 0 0 0 3 0 0 0 0 3 0 10 0 9 3 0 0
1487724368 66 5 0 38 0 0 0 3 0 0 0 0 3 0 10 0 9 3 0 0
1488221410 66 5 0 38 0 0 0 4 0 0 0 0 3 0 10 0 9 3 0 0
1488240132 66 5 0 38 0 0 0 4 0 0 0 0 3 0 10 0 9 3 0 0
1488650280 66 5 0 38 0 0 0 4 0 0 0 0 3 0 10 0 9 3 0 0
1488738396 66 5 0 38 0 0 1 4 0 0 0 0 3 0 10 0 9 3 0 0
1489003402 66 5 0 38 0 0 1 4 0 0 0 0 3 0 10 0 9 3 0 0
1489076411 66 5 0 38 0 0 1 4 0 0 0 0 3 0 10 0 9 3 0 0
1489691393 66 5 0 38 0 0 1 4 0 0 0 0 3 0 10 0 9 3 0 0
1489691407 66 5 0 38 0 0 2 4 0 0 0 0 3 0 10 0 9 3 0 0
1489788634 66 5 0 38 0 0 2 4 0 0 0 0 3 0 10 0 9 3 0 0
1490639731 66 5 0 38 0 0 2 4 0 0 0 0 3 0 10 0 9 3 0 0
1490722877 66 5 0 38 0 0 2 4 0 0 0 0 3 0 10 0 9 3 0 0
1490741593 66 6 0 38 0 0 2 4 0 0 0 0 3 0 10 0 9 3 0 0
1492478318 66 6 0 38 0 0 2 4 0 0 0 0 3 0 10 0 9 4 0 0
1492520007 66 7 0 38 0 0 2 4 0 0 0 0 3 0 10 0 9 4 0 0
1492621316 66 7 0 38 0 0 3 4 0 0 0 0 3 0 10 0 9 4 0 0
1492640321 66 7 0 38 0 0 3 5 0 0 0 0 3 0 10 0 9 4 0 0
1492709637 67 7 0 38 0 0 3 5 0 0 0 0 3 0 10 0 9 4 0 0
1492738737 67 7 0 38 0 0 3 5 0 0 0 0 3 0 10 0 9 4 0 0
1494137611 67 8 0 38 0 0 3 5 0 0 0 0 3 0 10 0 9 4 0 0
1494555968 68 8 0 38 0 0 3 5 0 0 0 0 3 0 10 0 9 4 0 0
1494876471 68 9 0 38 0 0 3 5 0 0 0 0 3 0 10 0 9 4 0 0
1494969836 68 10 0 38 0 0 3 5 0 0 0 0 3 0 10 0 9 4 0 0
1495221704 68 10 0 38 0 0 3 5 0 0 0 0 3 0 10 0 9 4 0 0
1495370616 68 10 0 38 0 0 4 5 0 0 0 0 3 0 10 0 9 4 0 0
1495378738 68 10 0 38 0 0 5 5 0 0 0 0 3 0 10 0 9 4 0 0
1495445142 68 11 0 38 0 0 5 5 0 0 0 0 3 0 10 0 9 4 0 0
1495468328 69 11 0 38 0 0 5 5 0 0 0 0 3 0 10 0 9 4 0 0
1495484453 69 11 0 38 0 0 5 5 0 0 0 0 3 0 10 0 9 5 0 0
1495656812 70 11 0 38 0 0 5 5 0 0 0 0 3 0 10 0 9 5 0 0
1495829764 70 12 0 38 0 0 5 5 0 0 0 0 3 0 10 0 9 5 0 0
1495988794 70 12 0 38 0 0 5 5 0 0 0 0 3 0 10 0 9 6 0 0
1496087803 70 13 0 38 0 0 5 5 0 0 0 0 3 0 10 0 9 6 0 0
1496723754 70 13 0 38 0 0 5 5 0 0 0 0 3 0 10 0 9 7 0 0
1497025297 70 13 0 38 0 0 6 5 0 0 0 0 3 0 10 0 9 7 0 0
1497025590 70 13 0 38 0 0 8 5 0 0 0 0 3 0 10 0 9 7 0 0
1497202554 71 13 0 38 0 0 8 5 0 0 0 0 3 0 10 0 9 7 0 0
1497293460 71 13 0 38 0 0 9 5 0 0 0 0 3 0 10 0 9 7 0 0
1497421066 71 14 0 38 0 0 9 5 0 0 0 0 3 0 10 0 9 7 0 0
1497974928 71 15 0 38 0 0 9 5 0 0 0 0 3 0 10 0 9 7 0 0
1498397411 71 16 0 38 0 0 9 5 0 0 0 0 3 0 10 0 9 7 0 0
1498398605 71 17 0 38 0 0 9 5 0 0 0 0 3 0 10 0 9 7 0 0
1498400162 71 18 0 38 0 0 9 5 0 0 0 0 3 0 10 0 9 7 0 0
1498600687 71 19 0 38 0 0 9 5 0 0 0 0 3 0 10 0 9 7 0 0
1498645106 71 19 0 38 0 0 9 5 0 0 0 0 3 0 10 0 9 7 0 0
1498651624 71 20 0 38 0 0 9 5 0 0 0 0 3 0 10 0 9 7 0 0
1498673284 72 20 0 38 0 0 9 5 0 0 0 0 3 0 10 0 9 7 0 0
1498710831 72 20 0 39 0 0 9 5 0 0 0 0 3 0 10 0 9 7 0 0
1498714264 73 20 0 39 0 0 9 5 0 0 0 0 3 0 10 0 9 7 0 0
1498776680 73 20 0 39 0 0 9 5 0 0 0 0 3 0 10 0 9 7 0 0
1498871492 73 20 0 40 0 0 9 5 0 0 0 0 3 0 10 0 9 7 0 0
1499102772 73 20 0 40 0 0 9 5 0 0 0 0 3 0 10 0 9 7 0 0
1499176898 73 20 0 40 0 0 9 5 0 0 0 0 3 0 10 0 9 8 0 0
1499593857 74 20 0 40 0 0 9 5 0 0 0 0 3 0 10 0 9 8 0 0
1500004609 75 20 0 40 0 0 9 5 0 0 0 0 3 0 10 0 9 8 0 0
1500966462 75 20 0 40 0 0 10 5 0 0 0 0 3 0 10 0 9 8 0 0
1500973442 75 20 0 40 0 0 10 5 0 0 0 0 3 0 10 0 9 8 0 0
1501080427 75 20 0 40 0 0 10 5 0 0 0 0 3 0 10 0 9 8 0 0
1502025897 75 21 0 40 0 0 10 5 0 0 0 0 3 0 10 0 9 8 0 0
1502195514 75 22 0 40 0 0 10 5 0 0 0 0 3 0 10 0 9 8 0 0
1502268883 75 23 0 40 0 0 10 5 0 0 0 0 3 0 10 0 9 8 0 0
1503089246 75 23 0 40 0 0 10 5 0 0 0 0 3 0 10 0 9 8 0 0
1503089382 75 23 0 40 0 0 10 5 0 0 0 0 3 0 10 0 9 8 0 0
1504113391 75 23 0 40 0 0 10 5 0 0 0 0 3 0 10 0 9 8 0 0
1504317232 75 23 0 40 0 0 10 5 0 0 0 0 3 0 10 0 9 8 1 0
1504378093 75 24 0 40 0 0 10 5 0 0 0 0 3 0 10 0 9 8 1 0
1504382012 76 24 0 40 0 0 10 5 0 0 0 0 3 0 10 0 9 8 1 0
1504506282 76 25 0 40 0 0 10 5 0 0 0 0 3 0 10 0 9 8 1 0
1505187739 76 26 0 40 0 0 10 5 0 0 0 0 3 0 10 0 9 8 1 0
1505190778 76 26 0 40 0 0 10 5 0 0 0 0 3 0 10 0 9 8 2 0
1505475067 76 27 0 40 0 0 10 5 0 0 0 0 3 0 10 0 9 8 2 0
1505863384 76 27 0 40 0 0 10 6 0 0 0 0 3 0 10 0 9 8 2 0
1506705065 76 27 0 41 0 0 10 6 0 0 0 0 3 0 10 0 9 8 2 0
1506708978 76 27 0 42 0 0 10 6 0 0 0 0 3 0 10 0 9 8 2 0
1506794446 76 28 0 42 0 0 10 6 0 0 0 0 3 0 10 0 9 8 2 0
1506796655 77 28 0 42 0 0 10 6 0 0 0 0 3 0 10 0 9 8 2 0
1506815895 77 28 0 43 0 0 10 6 0 0 0 0 3 0 10 0 9 8 3 0
1506816304 77 28 0 44 0 0 10 6 0 0 0 0 3 0 10 0 9 8 3 0
1506903329 77 28 0 44 0 0 10 6 0 0 0 0 3 0 10 0 9 8 4 0
1506929109 77 28 0 44 0 0 10 6 0 0 0 0 3 0 10 0 9 8 4 0
1506938079 77 28 0 44 0 0 10 6 0 0 0 0 3 0 10 0 9 8 4 0
1506945571 77 28 0 44 0 0 10 6 0 0 0 0 3 0 10 0 9 8 4 0
1506993871 77 28 0 44 0 0 10 6 0 0 0 0 3 0 10 0 9 8 5 0
1507243647 77 28 0 44 0 0 10 6 0 0 0 0 3 0 10 0 9 8 6 0
1507247166 77 28 0 44 0 0 10 6 0 0 0 0 3 0 10 0 9 8 7 0
1507766061 77 28 0 45 0 0 10 6 0 0 0 0 3 0 10 0 9 8 7 0
1507946554 78 28 0 45 0 0 10 6 0 0 0 0 3 0 10 0 9 8 7 0
1507946660 78 28 0 45 0 0 10 6 0 0 0 0 3 0 10 0 9 8 7 0
1507946698 78 28 0 45 0 0 10 6 0 0 0 0 3 0 10 0 9 8 7 0
1507956823 78 28 0 45 0 0 10 6 0 0 0 0 3 0 10 0 9 8 7 0
1508179369 79 28 0 45 0 0 10 6 0 0 0 0 3 0 10 0 9 8 7 0
1508357923 79 28 0 45 0 0 10 6 0 0 0 0 3 0 10 0 9 8 7 0
1508474220 80 28 0 45 0 0 10 6 0 0 0 0 3 0 10 0 9 8 7 0
1508527452 80 28 0 45 0 0 10 6 0 0 0 0 3 0 10 0 9 9 8 0
1508789410 80 29 0 45 0 0 10 6 0 0 0 0 3 0 10 0 9 9 8 0
1508789431 80 30 0 45 0 0 10 6 0 0 0 0 3 0 10 0 9 9 8 0
1508807866 81 30 0 45 0 0 10 6 0 0 0 0 3 0 10 0 9 9 8 0
1509050896 81 31 0 45 0 0 10 6 0 0 0 0 3 0 10 0 9 9 8 0
1509265999 81 32 0 45 0 0 10 6 0 0 0 0 3 0 10 0 9 9 8 0
1509743606 81 32 0 45 0 0 10 6 0 0 0 0 3 0 10 0 9 9 8 0
1510007159 82 32 0 45 0 0 10 6 0 0 0 0 3 0 10 0 9 9 8 0
1510007208 82 33 0 45 0 0 10 6 0 0 0 0 3 0 10 0 9 9 8 0
1511102824 82 34 0 45 0 0 10 6 0 0 0 0 3 0 10 0 9 9 8 0
1511113159 82 34 0 45 0 0 10 6 0 0 0 0 3 0 10 0 9 9 8 0
1511114376 82 34 0 45 0 0 10 6 0 0 0 0 3 0 10 0 9 9 8 0
1511114857 82 34 0 45 0 0 10 6 0 0 0 0 3 0 10 0 9 9 8 0
1511223266 82 34 0 46 0 0 10 6 0 0 0 0 3 0 10 0 9 9 8 0
1511231716 82 34 0 47 0 0 10 6 0 0 0 0 3 0 10 0 9 9 8 0
1511307812 82 35 0 47 0 0 10 6 0 0 0 0 3 0 10 0 9 9 8 0
1511381911 82 35 0 48 0 0 10 6 0 0 0 0 3 0 10 0 9 9 8 0
1511424725 82 35 0 48 0 0 10 6 0 0 1 0 3 0 10 0 9 9 8 0
1511810719 83 35 0 48 0 0 10 6 0 0 1 0 3 0 10 0 9 9 8 0
1512397404 83 35 0 48 0 0 10 6 0 0 2 0 3 0 10 0 9 9 8 0
1512501575 83 35 0 48 0 0 10 6 0 0 2 0 3 0 10 0 9 9 8 0
1512540453 83 35 0 48 0 0 10 6 0 0 2 0 3 0 10 0 9 9 8 0
1512583358 84 35 0 48 0 0 10 6 0 0 2 0 3 0 10 0 9 9 8 0
1512583979 84 36 0 48 0 0 10 6 0 0 2 0 3 0 10 0 9 9 8 0
1513197327 84 36 0 48 0 0 10 6 0 0 2 0 3 0 10 0 9 9 8 0
1513844696 84 37 0 48 0 0 10 6 0 0 2 0 3 0 10 0 9 9 8 0
1513916929 84 38 0 48 0 0 10 6 0 0 2 0 3 0 10 0 9 9 8 0
1514199862 84 38 0 48 0 0 10 6 0 0 3 0 3 0 10 0 9 9 8 0
1514351161 84 38 0 48 0 0 10 6 0 0 3 0 3 0 10 0 9 9 8 0
1515013657 84 38 0 48 0 0 10 6 0 0 3 0 3 0 10 0 9 9 8 0
1515093645 84 38 0 48 0 0 10 6 0 0 3 0 3 0 10 0 9 9 8 0
1515104039 84 38 0 48 0 0 11 6 0 0 3 0 3 0 10 0 9 9 8 0
1515106258 84 38 0 48 0 0 12 6 0 0 3 0 3 0 10 0 9 9 8 0
1515341611 84 38 0 48 0 0 12 6 0 0 3 0 3 0 10 0 9 9 8 0
1515612616 84 38 0 48 0 0 12 6 0 0 3 0 3 0 10 0 9 9 8 0
1515659245 84 38 0 48 0 0 12 6 0 0 3 0 3 0 10 0 9 9 8 0
1515759461 84 39 0 48 0 0 12 6 0 0 3 0 3 0 10 0 9 9 8 0
1515885352 84 39 0 48 0 0 12 6 0 0 3 0 3 0 10 0 9 9 8 0
1515910110 84 39 0 48 0 0 12 6 0 0 3 0 3 0 10 0 9 9 8 0
1516199929 84 40 0 48 0 0 12 6 0 0 3 0 3 0 10 0 9 9 8 0
1516261657 84 41 0 48 0 0 12 6 0 0 3 0 3 0 10 0 9 9 8 0
1516263439 84 42 0 48 0 0 12 6 0 0 3 0 3 0 10 0 9 9 8 0
1516394409 85 42 0 48 0 0 12 6 0 0 3 0 3 0 10 0 9 9 8 0
1516815673 85 42 0 48 0 0 12 6 0 0 3 0 3 0 10 1 9 9 8 0
1517599654 85 42 0 48 0 0 12 6 0 0 3 0 3 0 10 1 9 9 8 0
1517877977 85 42 0 48 0 0 12 6 0 0 3 0 3 0 10 1 9 9 8 0
1517881422 85 42 0 48 0 1 12 6 0 0 3 0 3 0 10 1 9 9 8 0
1518262390 85 42 0 48 0 1 12 6 0 0 3 0 3 0 10 1 9 9 8 0
1518968678 85 42 0 48 0 1 12 6 0 0 4 0 3 0 10 1 9 9 8 0
1519158883 85 43 0 48 0 1 12 6 0 0 4 0 3 0 10 1 9 9 8 0
1519395180 85 43 0 48 0 1 12 6 0 0 4 0 3 0 10 1 9 9 8 0
1519909453 85 43 0 48 0 1 12 6 0 0 4 0 3 0 10 1 9 9 8 0
1519937671 85 43 0 48 0 2 12 6 0 0 4 0 3 0 10 1 9 9 8 0
1519941052 86 43 0 48 0 2 12 6 0 0 4 0 3 0 10 1 9 9 8 0
1519941091 87 43 0 48 0 2 12 6 0 0 4 0 3 0 10 1 9 9 8 0
1520104712 87 44 0 48 0 2 12 6 0 0 4 0 3 0 10 1 9 9 8 0
1520142517 88 44 0 48 0 2 12 6 0 0 4 0 3 0 10 1 9 9 8 0
1520304901 88 44 0 48 0 2 12 6 0 0 4 0 3 0 10 1 9 9 8 0
1520449722 88 44 0 48 0 2 12 6 0 0 4 0 3 0 10 1 9 9 8 0
1520454127 89 44 0 48 0 2 12 6 0 0 4 0 3 0 10 1 9 9 8 0
1520583656 89 44 0 48 0 2 12 6 0 0 4 0 3 0 10 1 9 9 8 0
1521050950 89 44 0 48 0 2 12 6 0 0 4 0 3 0 10 1 9 9 8 0
1521654662 89 44 0 48 0 2 12 6 0 0 4 0 3 0 10 1 9 9 8 0
1522018381 89 44 0 49 0 2 12 6 0 0 4 0 3 0 10 1 9 9 8 0
1522019898 89 44 0 50 0 2 12 6 0 0 4 0 3 0 10 1 9 9 8 0
1522020263 89 44 0 52 0 2 12 6 0 0 4 0 3 0 10 1 9 9 8 0
1522226303 89 44 0 52 0 2 12 6 0 0 4 0 3 0 10 1 9 9 8 0
1522269714 89 44 0 52 0 2 12 6 0 0 4 0 3 0 10 1 9 9 8 0
1522303456 89 44 0 52 0 2 12 6 0 0 5 0 3 0 10 1 9 9 8 0
1522526798 90 44 0 52 0 2 12 6 0 0 5 0 3 0 10 1 9 9 8 0
1522541889 90 44 0 52 0 2 12 6 0 0 5 0 3 0 10 1 9 9 8 0
1522543042 90 44 0 52 0 2 12 6 0 0 5 0 3 0 10 2 9 9 8 0
1522619460 91 44 0 52 0 2 12 6 0 0 5 0 3 0 10 2 9 9 8 0
1522688093 92 44 0 52 0 2 12 6 0 0 5 0 3 0 10 2 9 9 8 0
1522688170 94 44 0 52 0 2 12 6 0 0 5 0 3 0 10 2 9 9 8 0
1523408707 94 44 0 52 0 2 12 6 0 0 5 0 3 0 10 3 9 9 8 0
1523423239 94 44 0 52 0 2 12 6 0 0 5 0 3 0 10 4 9 9 8 0
1523465707 95 44 0 52 0 2 12 6 0 0 5 0 3 0 10 4 9 9 8 0
1523647384 95 44 0 52 0 2 12 6 0 0 5 0 3 0 10 4 9 9 8 0
1523907510 96 44 0 52 0 2 12 6 0 0 5 0 3 0 10 4 9 9 8 0
1524531481 96 44 0 52 0 2 12 6 0 0 5 0 3 0 10 4 9 9 8 0
1524535787 97 44 0 52 0 2 12 6 0 0 5 0 3 0 10 4 9 9 8 0
1524629865 97 44 0 52 0 2 12 6 0 0 5 0 3 0 10 4 9 9 8 0
1524629896 97 44 0 52 0 2 12 6 0 0 5 0 3 0 10 4 9 9 8 0
1524980051 97 44 0 52 0 2 12 6 0 0 5 0 3 0 10 5 9 9 8 0
1525056522 97 44 0 52 0 3 12 6 0 0 5 0 3 0 10 5 9 9 8 0
1525457198 97 44 0 52 0 3 12 6 0 0 5 0 3 0 10 6 9 9 8 0
1525497444 97 44 0 52 0 3 12 6 0 0 5 0 3 0 10 7 9 9 8 0
1525497766 97 44 0 52 0 4 12 6 0 0 5 0 3 0 10 7 9 9 8 0
1525702599 97 44 0 52 0 4 12 6 0 0 5 0 3 0 10 7 9 9 8 0
1525709505 97 44 0 52 0 4 12 6 0 0 5 0 3 0 10 7 9 9 8 0
1525764350 97 45 0 52 0 4 12 6 0 0 5 0 3 0 10 7 9 9 8 0
1526673630 97 46 0 52 0 4 12 6 0 0 5 0 3 0 10 7 9 9 8 0
1526673839 97 46 0 52 0 4 12 6 0 0 6 0 3 0 10 7 9 9 8 0
1526706373 97 47 0 52 0 4 12 6 0 0 6 0 3 0 10 7 9 9 8 0
1526820539 97 48 0 52 0 4 12 6 0 0 6 0 3 0 10 7 9 9 8 0
1526832212 98 48 0 52 0 4 12 6 0 0 6 0 3 0 10 7 9 9 8 0
1527471912 98 48 0 53 0 4 12 6 0 0 6 0 3 0 10 7 9 9 8 0
1527696094 98 48 0 53 0 4 12 6 0 0 7 0 3 0 10 7 9 9 8 0
1527968308 98 49 0 53 0 4 12 6 0 0 7 0 3 0 10 7 9 9 8 0
1528002124 99 49 0 53 0 4 12 6 0 0 7 0 3 0 10 7 9 9 8 0
1528450035 99 50 0 53 0 4 12 6 0 0 7 0 3 0 10 7 9 9 8 0
1528452648 99 51 0 53 0 4 12 6 0 0 7 0 3 0 10 7 9 9 8 0
1528779137 99 51 0 53 0 4 12 6 0 0 7 0 3 0 10 8 9 9 8 0
1528825927 99 51 0 53 0 4 12 7 0 0 7 0 3 0 10 8 9 9 8 0
1528834164 99 51 0 53 0 4 12 7 0 0 7 0 3 0 10 9 9 9 8 0
1528909018 99 51 0 53 0 4 12 8 0 0 7 0 3 0 10 9 9 9 8 0
1529177065 99 51 0 53 0 4 12 9 0 0 7 0 3 0 10 9 9 9 8 0
1529478108 99 51 0 53 0 4 12 9 0 0 7 0 3 0 10 9 9 9 8 0
1529516725 99 51 0 53 0 4 12 9 0 0 7 0 3 0 10 9 9 9 8 0
1529534369 100 51 0 53 0 4 12 9 0 0 7 0 3 0 10 9 9 9 8 0
1529692866 100 51 0 53 0 4 12 10 0 0 7 0 3 0 10 9 9 9 8 0
1529775329 100 51 0 53 0 4 12 10 0 0 7 0 3 0 10 9 9 9 8 0
1529955769 101 51 0 53 0 4 12 10 0 0 7 0 3 0 10 9 9 9 8 0
1529956543 102 51 0 53 0 4 12 10 0 0 7 0 3 0 10 9 9 9 8 0
1529984675 103 51 0 53 0 4 12 10 0 0 7 0 3 0 10 9 9 9 8 0
1530039034 104 51 0 53 0 4 12 10 0 0 7 0 3 0 10 9 9 9 8 0
1530040210 104 51 0 54 0 4 12 10 0 0 7 0 3 0 10 9 9 9 8 0
1530053062 105 51 0 54 0 4 12 10 0 0 7 0 3 0 10 9 9 9 8 0
1530124758 106 51 0 54 0 4 12 10 0 0 7 0 3 0 10 9 9 9 8 0
1530125623 106 51 0 54 0 4 12 11 0 0 7 0 3 0 10 9 9 9 8 0
1530132199 106 51 0 54 0 4 12 11 0 0 7 0 3 0 10 9 9 9 8 0
1530135121 107 51 0 54 0 4 12 11 0 0 7 0 3 0 10 9 9 9 8 0
1530211407 108 51 0 54 0 4 12 11 0 0 7 0 3 0 10 9 9 9 8 0
1530211494 109 51 0 54 0 4 12 11 0 0 7 0 3 0 10 9 9 9 8 0
1530300043 109 51 0 54 0 4 12 11 0 0 7 0 3 1 10 9 9 9 8 0
1530303112 110 51 0 54 0 4 12 11 0 0 7 0 3 1 10 9 9 9 8 0
1530308332 110 51 0 54 0 4 12 11 0 0 7 0 3 2 10 9 9 9 8 0
1530446771 110 51 0 54 0 4 12 11 0 0 7 0 3 2 10 9 9 9 8 0
1530581106 110 51 0 54 0 4 12 11 0 0 7 0 3 3 10 9 9 9 8 0
1530738062 110 51 0 54 0 4 12 11 0 0 7 0 3 4 10 9 9 9 8 0
1530823425 110 51 0 54 0 4 12 11 0 0 7 0 3 5 10 9 9 9 8 0
1531160237 111 51 0 54 0 4 12 11 0 0 7 0 3 5 10 9 9 9 8 0
1531248584 112 51 0 54 0 4 12 11 0 0 7 0 3 5 10 9 9 9 8 0
1531752316 112 52 0 54 0 4 12 11 0 0 7 0 3 5 10 9 9 9 8 0
1531812421 112 52 0 54 0 4 12 11 0 0 7 0 3 6 10 9 9 9 8 0
1531847461 112 52 0 54 0 4 12 11 0 0 7 0 3 7 10 9 9 9 8 0
1532391830 112 52 0 54 0 4 12 11 0 0 7 0 3 7 10 9 9 9 8 1
1533321808 112 52 0 54 0 4 12 11 0 0 7 0 3 7 10 9 9 9 8 1
1533323998 112 52 0 54 0 4 12 11 0 0 7 0 3 7 10 9 9 9 8 1
1533324038 112 52 0 54 0 4 12 11 0 0 7 0 3 7 10 9 9 9 8 1
1533328140 112 52 0 54 0 4 12 11 0 0 7 0 3 7 10 9 9 9 8 1
1533583885 112 52 0 54 0 4 12 11 0 0 7 0 3 8 10 9 9 9 8 1
1533586036 112 52 0 54 0 4 12 11 0 0 7 0 3 8 10 9 9 9 8 1
1533588244 112 53 0 54 0 4 12 11 0 0 7 0 3 8 10 9 9 9 8 1
1533659650 112 53 0 54 0 4 12 11 0 0 7 0 3 9 10 9 9 9 8 1
1534083922 112 53 0 54 0 4 12 11 0 0 7 0 3 9 10 9 9 9 8 1
1534106680 113 53 0 54 0 4 12 11 0 0 7 0 3 9 10 9 9 9 8 1
1534106747 114 53 0 54 0 4 12 11 0 0 7 0 3 9 10 9 9 9 8 1
1534106900 115 53 0 54 0 4 12 11 0 0 7 0 3 9 10 9 9 9 8 1
1534171058 115 53 0 54 0 4 12 11 0 0 7 0 3 9 10 9 9 9 8 1
1534267198 115 53 0 54 0 4 12 11 0 0 7 0 3 10 10 9 9 9 8 1
1534364704 115 53 0 54 0 4 12 11 0 0 7 0 3 11 10 9 9 9 8 1
1534443327 115 53 0 54 0 4 12 11 0 0 7 0 3 12 10 9 9 9 8 1
1534449777 115 54 0 54 0 4 12 11 0 0 7 0 3 12 10 9 9 9 8 1
1534793815 115 55 0 54 0 4 12 11 0 0 7 0 3 12 10 9 9 9 8 1
1535553914 115 55 0 54 0 4 12 11 0 0 7 0 3 12 10 9 9 9 8 1
1535822710 115 56 0 54 0 4 12 11 0 0 7 0 3 12 10 9 9 9 8 1
1536192100 115 56 0 55 0 4 12 11 0 0 7 0 3 12 10 9 9 9 8 1
1536358369 115 56 0 55 0 4 12 11 0 0 7 0 3 12 10 9 9 9 8 1
1536358864 115 56 0 55 0 4 12 11 0 0 7 0 3 12 10 9 9 9 9 1
1536361042 116 56 0 55 0 4 12 11 0 0 7 0 3 12 10 9 9 9 9 1
1536586806 116 56 0 55 0 4 12 11 0 0 7 0 3 12 10 9 9 9 9 1
1536596876 116 56 0 55 0 4 12 11 0 0 7 0 3 12 10 9 9 9 9 1
1536601482 117 56 0 55 0 4 12 11 0 0 7 0 3 12 10 9 9 9 9 1
1536601526 118 56 0 55 0 4 12 11 0 0 7 0 3 12 10 9 9 9 9 1
1536774193 118 56 0 55 0 4 12 11 0 0 7 0 3 12 10 9 9 9 9 1
1537459451 118 56 0 55 0 4 12 11 0 0 7 0 3 12 10 9 9 9 9 1
1537461195 118 57 0 55 0 4 12 11 0 0 7 0 3 12 10 9 9 9 9 1
1538112027 118 57 0 55 0 4 12 11 0 0 7 0 3 12 10 9 9 9 9 1
1538506889 118 57 0 55 0 4 12 11 0 0 7 0 3 12 10 9 9 9 9 1
1538674552 118 57 0 55 0 4 12 11 0 0 7 0 3 12 10 9 9 9 9 1
1539006726 118 57 0 55 0 4 12 11 0 0 7 0 3 12 10 9 9 9 9 1
1540096414 118 57 0 55 0 4 12 11 0 0 7 0 3 12 10 9 9 9 9 1
1540105216 119 57 0 55 0 4 12 11 0 0 7 0 3 12 10 9 9 9 9 1
1540311798 119 57 0 55 0 4 12 11 0 0 7 0 3 12 10 9 9 9 9 1
1540576992 119 57 0 55 0 4 12 11 0 0 7 0 3 12 10 9 9 9 9 1
1540921145 119 57 0 55 0 4 12 11 0 0 7 0 3 12 10 9 9 9 9 1
1541090190 119 57 0 55 0 4 12 11 0 0 7 0 3 12 10 9 9 9 9 1
1542912127 119 57 0 55 0 4 12 11 0 0 7 0 4 12 10 9 9 9 9 1
1542920963 119 57 0 55 0 4 12 11 0 0 7 0 4 12 10 9 9 9 9 1
1543329435 119 57 0 55 0 4 12 11 0 0 7 0 4 12 10 9 9 9 9 1
1544451706 119 57 0 55 0 4 12 11 0 0 7 0 4 12 10 9 9 9 9 1
1544597364 119 57 0 55 0 4 12 11 0 0 7 0 4 12 10 9 9 9 9 1
1544600705 119 57 0 55 0 4 12 11 0 0 7 0 4 12 10 9 9 9 9 1
1544600721 119 58 0 55 0 4 12 11 0 0 7 0 4 12 10 9 9 9 9 1
1545108962 119 58 0 55 0 4 12 11 0 0 7 0 4 12 10 9 9 9 9 1
1546972434 119 59 0 55 0 4 12 11 0 0 7 0 4 12 10 9 9 9 9 1
1546974320 119 59 0 55 0 4 12 11 0 0 7 0 5 12 10 9 9 9 9 1
1547533846 119 59 0 55 0 4 12 11 0 0 7 0 5 12 10 9 9 9 9 1
1547657913 119 59 0 55 0 4 12 11 0 0 8 0 5 12 10 9 9 9 9 1
1547667571 119 59 0 55 1 4 12 11 0 0 8 0 5 12 10 9 9 9 9 1
1547734243 119 59 0 55 1 4 12 11 0 0 9 0 5 12 10 9 9 9 9 1
1548217597 119 59 0 55 1 4 12 11 0 0 9 0 5 12 10 9 9 9 9 2
1548513439 119 59 0 55 1 4 12 11 0 0 10 0 5 12 10 9 9 9 9 2
1548517460 119 59 0 55 1 4 12 11 0 0 10 0 5 12 10 9 9 9 9 2
1548608649 119 59 0 55 1 4 12 11 0 0 11 0 5 12 10 9 9 9 9 2
1548814760 119 59 0 55 1 4 12 11 0 0 11 0 5 12 10 9 9 9 9 2
1548849910 119 59 0 55 1 4 12 11 0 0 12 0 5 12 10 9 9 9 9 2
1548871764 119 59 0 55 1 4 12 11 0 0 12 0 5 12 10 9 9 9 9 2
1548960876 119 59 0 55 1 4 12 11 0 0 12 0 5 12 10 9 9 9 9 2
1549677686 119 59 0 55 1 4 12 11 0 0 12 0 5 12 10 9 9 9 9 2
1550057679 119 59 0 55 1 4 12 11 0 0 12 0 5 12 10 9 9 9 9 3
1550134128 119 59 0 55 1 4 12 11 0 0 12 0 5 12 10 9 9 9 9 3
1550162237 119 59 0 55 1 4 12 11 0 0 12 0 5 12 10 9 9 9 9 3
1550265244 119 59 0 55 1 4 12 11 0 0 12 0 5 12 10 9 9 9 9 3
1550681256 119 59 0 55 1 4 12 12 0 0 12 0 5 12 10 9 9 9 9 3
1550763231 119 59 0 55 1 4 12 12 0 0 12 0 5 12 10 9 9 9 9 3
1551129309 119 60 0 55 1 4 12 12 0 0 12 0 5 12 10 9 9 9 9 3
1551457994 119 60 0 55 1 4 12 12 0 0 12 0 5 12 10 9 9 9 9 3
1551468662 119 60 0 55 1 5 12 12 0 0 12 0 5 12 10 9 9 9 9 3
1551725653 119 60 0 55 2 5 12 12 0 0 12 0 5 12 10 9 9 9 9 3
1551830896 119 60 0 55 3 5 12 12 0 0 12 0 5 12 10 9 9 9 9 3
1551838183 119 60 0 55 3 5 12 12 0 0 12 0 5 12 10 9 9 9 9 3
1551903771 119 60 0 55 3 5 12 13 0 0 12 0 5 12 10 9 9 9 9 3
1552060333 119 60 0 55 3 5 12 13 0 0 12 0 5 12 10 9 9 9 9 3
1552264604 119 60 0 55 3 5 12 13 0 0 12 0 5 12 10 9 9 9 9 3
1552946495 119 60 0 55 3 5 12 13 0 0 12 0 5 12 10 9 9 9 9 3
1553576690 119 60 0 55 3 6 12 13 0 0 12 0 5 12 10 9 9 9 9 3
1553702996 119 61 0 55 3 6 12 13 0 0 12 0 5 12 10 9 9 9 9 3
1553714034 119 62 0 55 3 6 12 13 0 0 12 0 5 12 10 9 9 9 9 3
1554221697 119 62 0 55 3 6 12 13 0 0 12 0 6 12 10 9 9 9 9 3
1555216767 119 62 0 55 3 6 12 13 0 0 12 0 6 12 10 9 9 9 9 3
1555463334 119 62 0 55 3 6 12 13 0 0 12 0 6 12 10 9 9 9 9 3
1555867223 119 62 0 55 3 6 12 13 0 0 13 0 6 12 10 9 9 9 9 3
1556035280 119 62 0 55 3 6 12 13 0 0 13 0 6 12 10 9 9 9 9 3
1556260450 119 62 0 55 3 6 12 13 0 0 13 0 6 12 10 9 9 9 9 3
1556260718 119 62 0 55 3 6 12 13 0 0 13 0 6 12 10 9 9 9 9 3
1556553693 119 62 0 55 3 6 12 13 0 0 13 0 6 12 10 9 9 9 9 3
1556922190 119 62 0 55 3 6 12 13 0 0 13 0 6 12 10 9 9 9 9 3
1557169913 119 62 0 55 3 6 12 13 0 0 13 0 6 12 10 9 9 9 9 3
1557284883 119 62 0 55 3 6 12 13 0 0 13 0 6 12 10 9 9 9 9 3
1557348454 119 62 0 55 3 6 12 13 0 1 13 0 6 12 10 9 9 9 9 3
1557348610 119 62 0 55 3 6 12 13 0 1 13 0 6 12 10 9 9 9 9 3
1557348721 119 62 0 55 3 6 12 13 0 1 13 0 6 12 10 9 9 9 9 3
1557705612 119 62 0 55 3 6 12 13 0 2 13 0 6 12 10 9 9 9 9 3
1557706387 119 62 0 55 3 6 12 14 0 2 13 0 6 12 10 9 9 9 9 3
1557779411 119 62 0 55 3 6 12 14 0 2 13 0 7 12 10 9 9 9 9 3
1558157048 119 62 0 55 3 6 12 15 0 2 13 0 7 12 10 9 9 9 9 3
1558157150 119 62 0 55 3 6 12 15 0 2 13 0 8 12 10 9 9 9 9 3
1558377967 119 62 0 55 3 6 12 15 0 2 13 0 9 12 10 9 9 9 9 3
1558457641 119 62 0 55 3 6 12 15 0 2 13 0 9 12 10 9 9 9 9 4
1558457666 119 62 0 55 3 6 12 16 0 2 13 0 9 12 10 9 9 9 9 4
1558466232 119 62 0 55 3 6 12 16 0 3 13 0 9 12 10 9 9 9 9 4
1558722199 119 62 0 55 3 6 12 16 0 3 13 0 10 12 10 9 9 9 9 4
1558974916 119 62 0 55 3 6 12 16 0 3 14 0 10 12 10 9 9 9 9 4
1559263418 119 62 0 55 3 6 12 16 0 4 14 0 10 12 10 9 9 9 9 4
1559263475 120 62 0 55 3 6 12 16 0 4 14 0 10 12 10 9 9 9 9 4
1559311482 120 62 0 55 3 6 12 16 0 4 14 0 11 12 10 9 9 9 9 4
1559801532 120 63 0 55 3 6 12 16 0 4 14 0 11 12 10 9 9 9 9 4
1560496927 120 63 0 55 3 6 12 16 0 4 14 0 11 12 10 9 9 9 9 4
1560662905 120 63 0 55 3 6 12 16 0 4 14 0 11 12 10 9 9 9 9 4
1560985393 120 63 0 55 3 6 12 17 0 4 14 0 11 12 10 9 9 9 9 4
1560988465 120 63 0 55 3 6 12 17 0 4 14 0 11 12 10 9 9 9 9 4
1561037999 120 63 0 55 3 6 12 17 0 4 15 0 11 12 10 9 9 9 9 4
1561863522 120 63 0 55 3 6 12 17 0 4 15 0 11 12 10 9 9 9 9 4
1562969631 120 63 0 55 3 6 12 17 0 4 15 0 11 12 10 9 9 9 9 4
1563046749 120 64 0 55 3 6 12 17 0 4 15 0 11 12 10 9 9 9 9 4
1563130142 120 65 0 55 3 6 12 17 0 4 15 0 11 12 10 9 9 9 9 4
1563221586 120 65 0 55 3 6 12 17 0 4 15 0 11 12 10 9 9 9 9 4
1563396252 120 65 0 55 3 6 12 17 0 5 15 0 11 12 10 9 9 9 9 4
1563467690 120 65 0 55 3 6 12 17 0 6 15 0 11 12 10 9 9 9 9 4
1563476616 120 65 0 55 3 6 12 17 0 6 15 0 11 12 10 9 9 9 9 4
1563509790 120 65 0 55 3 6 12 17 0 6 15 0 11 12 10 9 9 9 9 4
1563770705 120 66 0 55 3 6 12 17 0 6 15 0 11 12 10 9 9 9 9 4
1563987817 120 66 0 55 3 6 12 17 0 6 15 0 11 12 10 9 9 9 9 4
1564070729 120 66 0 55 3 6 12 17 0 6 15 0 11 12 10 9 9 9 9 4
1564070796 120 66 0 55 3 6 12 17 0 6 15 0 11 12 10 9 9 9 9 4
1564161975 120 66 0 55 3 6 12 17 0 6 15 0 11 12 10 9 9 9 9 4
1564511800 120 66 0 55 3 6 12 18 0 6 15 0 11 12 10 9 9 9 9 4
1565029646 120 66 0 55 3 6 12 18 0 6 15 0 11 12 10 9 9 9 9 5
1565110197 120 66 0 55 3 6 12 18 0 6 15 0 11 12 10 9 9 9 9 6
1565214302 120 66 0 55 3 6 12 18 0 6 15 0 11 12 10 9 9 9 9 6
1565214445 121 66 0 55 3 6 12 18 0 6 15 0 11 12 10 9 9 9 9 6
1565232581 121 66 0 55 3 6 12 18 0 6 15 0 11 12 10 9 9 9 9 7
1565625468 121 66 0 55 3 6 12 18 0 6 15 0 11 12 10 9 9 9 9 7
1565639581 121 66 0 55 3 6 12 19 0 6 15 0 11 12 10 9 9 9 9 7
1565639612 122 66 0 55 3 6 12 19 0 6 15 0 11 12 10 9 9 9 9 7
1565658199 122 66 0 55 3 6 12 19 0 7 15 0 11 12 10 9 9 9 9 7
1565906747 122 66 0 55 3 7 12 19 0 7 15 0 11 12 10 9 9 9 9 7
1565928676 122 66 0 55 3 7 12 19 0 8 15 0 11 12 10 9 9 9 9 7
1566007642 122 66 0 55 3 8 12 19 0 8 15 0 11 12 10 9 9 9 9 7
1566151789 122 66 0 55 3 9 12 19 0 8 15 0 11 12 10 9 9 9 9 7
1566153539 122 66 0 55 3 9 12 19 0 9 15 0 11 12 10 9 9 9 9 7
1566179916 122 66 0 55 3 9 12 19 0 10 15 0 11 12 10 9 9 9 9 7
1566241171 122 66 0 55 3 9 12 19 0 11 15 0 11 12 10 9 9 9 9 7
1566242070 122 66 0 55 3 9 12 19 0 12 15 0 11 12 10 9 9 9 9 7
1566242223 122 66 0 55 3 10 12 19 0 12 15 0 11 12 10 9 9 9 9 7
1566327027 123 66 0 55 3 10 12 19 0 12 15 0 11 12 10 9 9 9 9 7
1566404554 123 66 0 55 3 10 12 19 0 13 15 0 11 12 10 9 9 9 9 7
1566404603 123 66 0 55 3 11 12 19 0 13 15 0 11 12 10 9 9 9 9 7
1566414741 123 66 0 55 3 12 12 19 0 13 15 0 11 12 10 9 9 9 9 7
1566419877 123 66 0 55 3 13 12 19 0 13 15 0 11 12 10 9 9 9 9 7
1566513350 123 66 0 55 3 14 12 19 0 13 15 0 11 12 10 9 9 9 9 7
1566589589 123 66 0 55 3 14 12 19 0 14 15 0 11 12 10 9 9 9 9 7
1566868430 123 66 0 55 3 14 12 19 0 14 15 0 11 12 10 9 9 9 9 7
1567529479 123 66 0 55 3 14 12 19 0 14 15 0 11 12 10 9 9 9 9 7
1567546135 123 66 0 55 3 14 12 19 0 15 15 0 11 12 10 9 9 9 9 7
1567698918 123 66 0 55 3 14 12 19 0 15 15 0 11 12 10 9 9 9 9 7
1568699796 123 66 0 55 3 14 12 19 0 16 15 0 11 12 10 9 9 9 9 7
1569864204 123 66 0 55 3 14 12 19 0 16 15 0 11 12 10 9 9 9 9 7
1570123641 123 66 0 55 3 14 12 19 0 16 15 1 11 12 10 9 9 9 9 7
1570142425 123 66 0 55 3 14 12 19 0 16 15 2 11 12 10 9 9 9 9 7
1570214935 123 66 0 55 3 14 12 19 0 16 15 3 11 12 10 9 9 9 9 7
1570865806 123 66 0 55 3 14 12 20 0 16 15 3 11 12 10 9 9 9 9 7
1571338776 123 66 0 55 3 14 12 20 0 16 15 3 11 12 10 9 9 9 9 7
1573455172 123 67 0 55 3 14 12 20 0 16 15 3 11 12 10 9 9 9 9 7
1574201741 123 67 0 55 3 14 12 20 0 16 15 3 11 12 10 9 9 9 9 7
1574449099 123 67 0 55 3 14 12 20 0 16 15 3 11 12 10 9 9 9 9 7
1574832769 123 67 0 55 3 14 12 20 0 16 15 3 11 12 10 9 9 9 9 7
1574869892 123 67 0 55 3 14 12 20 0 16 15 3 11 12 10 9 9 9 9 7
1574914512 123 67 0 55 3 14 12 20 0 16 15 3 11 12 10 9 9 9 9 7
1575319133 123 67 0 55 3 14 12 20 0 16 15 3 11 12 10 9 9 9 9 7
1576787651 123 67 0 55 3 14 12 20 0 16 15 3 11 12 10 9 9 9 9 7
1576943892 123 67 0 55 3 15 12 20 0 16 15 3 11 12 10 9 9 9 9 7
1577259393 123 67 0 55 3 15 12 20 0 16 15 4 11 12 10 9 9 9 9 7
1577260383 123 67 0 55 3 16 12 20 0 16 15 4 11 12 10 9 9 9 9 7
1577395215 123 68 0 55 3 16 12 20 0 16 15 4 11 12 10 9 9 9 9 7
1577469500 123 68 0 55 3 17 12 20 0 16 15 4 11 12 10 9 9 9 9 7
1577561321 123 69 0 55 3 17 12 20 0 16 15 4 11 12 10 9 9 9 9 7
1579031259 123 70 0 55 3 17 12 20 0 16 15 4 11 12 10 9 9 9 9 7
1579112787 123 70 0 55 3 17 12 20 0 16 15 4 11 12 10 9 9 9 9 7
1579114851 124 70 0 55 3 17 12 20 0 16 15 4 11 12 10 9 9 9 9 7
1579147538 124 71 0 55 3 17 12 20 0 16 15 4 11 12 10 9 9 9 9 7
1579159897 124 71 0 55 3 17 12 20 0 16 15 5 11 12 10 9 9 9 9 7
1579201050 124 71 0 55 3 17 12 20 0 16 15 5 11 12 10 9 9 9 9 7
1579239134 124 72 0 55 3 17 12 20 0 16 15 5 11 12 10 9 9 9 9 7
1579276536 124 73 0 55 3 17 12 20 0 16 15 5 11 12 10 9 9 9 9 7
1579276994 124 74 0 55 3 17 12 20 0 16 15 5 11 12 10 9 9 9 9 7
1579382498 124 74 0 55 3 17 12 20 0 16 15 5 11 12 10 9 9 9 9 7
1579453727 124 75 0 55 3 17 12 20 0 16 15 5 11 12 10 9 9 9 9 7
1579498845 124 76 0 55 3 17 12 20 0 16 15 5 11 12 10 9 9 9 9 7
1579580949 124 77 0 55 3 17 12 20 0 16 15 5 11 12 10 9 9 9 9 7
1579614919 124 77 0 55 4 17 12 20 0 16 15 5 11 12 10 9 9 9 9 7
1579639190 124 78 0 55 4 17 12 20 0 16 15 5 11 12 10 9 9 9 9 7
1579758819 124 78 0 55 4 18 12 20 0 16 15 5 11 12 10 9 9 9 9 7
1579798409 124 79 0 55 4 18 12 20 0 16 15 5 11 12 10 9 9 9 9 7
1579814795 124 79 0 55 4 18 12 20 0 16 15 6 11 12 10 9 9 9 9 7
1579814837 124 80 0 55 4 18 12 20 0 16 15 6 11 12 10 9 9 9 9 7
1579899980 124 80 0 55 5 18 12 20 0 16 15 6 11 12 10 9 9 9 9 7
1580027865 124 80 0 55 5 18 12 20 1 16 15 6 11 12 10 9 9 9 9 7
1580097943 124 80 0 55 5 19 12 20 1 16 15 6 11 12 10 9 9 9 9 7
1580156511 124 80 0 55 5 19 12 20 1 16 15 7 11 12 10 9 9 9 9 7
1580185433 124 81 0 55 5 19 12 20 1 16 15 7 11 12 10 9 9 9 9 7
1580238682 124 81 0 55 5 19 12 20 1 16 15 8 11 12 10 9 9 9 9 7
1580238998 124 81 0 55 5 20 12 20 1 16 15 8 11 12 10 9 9 9 9 7
1580247111 124 81 0 55 5 20 12 20 1 16 15 9 11 12 10 9 9 9 9 7
1580270054 124 81 0 55 5 20 12 20 2 16 15 9 11 12 10 9 9 9 9 7
1580270412 124 81 0 55 5 21 12 20 2 16 15 9 11 12 10 9 9 9 9 7
1580278234 124 81 0 55 5 22 12 20 2 16 15 9 11 12 10 9 9 9 9 7
1580278275 124 81 0 55 5 23 12 20 2 16 15 9 11 12 10 9 9 9 9 7
1580356854 124 81 0 55 5 23 12 20 2 16 15 10 11 12 10 9 9 9 9 7
1580357277 124 81 0 55 5 23 12 20 2 16 15 11 11 12 10 9 9 9 9 7
1580357612 124 81 0 55 5 23 12 20 3 16 15 11 11 12 10 9 9 9 9 7
1580364175 124 82 0 55 5 23 12 20 3 16 15 11 11 12 10 9 9 9 9 7
1580450988 124 82 0 55 5 23 12 20 3 16 15 12 11 12 10 9 9 9 9 7
1580456348 124 82 0 55 5 23 12 20 3 16 15 13 11 12 10 9 9 9 9 7
1580487978 124 82 0 55 5 23 12 20 4 16 15 13 11 12 10 9 9 9 9 7
1580508033 124 82 0 55 5 23 12 20 4 16 15 14 11 12 10 9 9 9 9 7
1580533922 124 82 0 55 5 23 12 20 5 16 15 14 11 12 10 9 9 9 9 7
1580670273 124 82 0 55 5 23 12 20 6 16 15 14 11 12 10 9 9 9 9 7
1580736864 124 82 0 55 5 23 12 20 6 16 15 14 11 12 10 9 9 9 9 7
1581021333 124 82 0 55 5 23 12 20 7 16 15 14 11 12 10 9 9 9 9 7
1581050360 124 82 0 55 5 23 12 20 8 16 15 14 11 12 10 9 9 9 9 7
1581050540 124 82 0 55 5 23 12 20 9 16 15 14 11 12 10 9 9 9 9 7
1581171253 124 82 0 55 5 23 12 20 9 16 15 14 11 12 10 9 9 9 9 7
1581453619 124 82 0 55 5 23 12 20 9 16 15 14 11 12 10 9 9 9 9 7
1581578813 124 82 0 55 5 23 12 20 10 16 15 14 11 12 10 9 9 9 9 7
1581622062 124 82 0 55 5 23 12 20 11 16 15 14 11 12 10 9 9 9 9 7
1581802675 124 83 0 55 5 23 12 20 11 16 15 14 11 12 10 9 9 9 9 7
1581828641 124 84 0 55 5 23 12 20 11 16 15 14 11 12 10 9 9 9 9 7
1582002271 124 84 0 55 5 23 12 20 12 16 15 14 11 12 10 9 9 9 9 7
1582003980 124 85 0 55 5 23 12 20 12 16 15 14 11 12 10 9 9 9 9 7
1582009423 124 86 0 55 5 23 12 20 12 16 15 14 11 12 10 9 9 9 9 7
1582052674 124 87 0 55 5 23 12 20 12 16 15 14 11 12 10 9 9 9 9 7
1582085463 124 87 0 55 5 23 12 20 12 16 15 15 11 12 10 9 9 9 9 7
1582663314 124 87 0 55 5 23 12 20 12 16 15 15 11 12 10 9 9 9 9 7
1582777152 124 87 0 55 5 24 12 20 12 16 15 15 11 12 10 9 9 9 9 7
1582779022 124 87 0 55 5 24 12 20 13 16 15 15 11 12 10 9 9 9 9 7
1582872427 124 87 0 55 5 24 12 20 13 16 15 15 11 12 10 9 9 9 9 7
1582872542 124 87 0 55 5 24 12 20 14 16 15 15 11 12 10 9 9 9 9 7
1582880986 124 87 0 55 5 24 12 20 14 16 15 15 11 12 10 9 9 9 9 7
1583038162 124 87 0 55 5 24 12 20 14 16 15 15 11 12 10 9 9 9 9 7
1583269099 124 87 0 55 5 24 12 20 15 16 15 15 11 12 10 9 9 9 9 7
1583298879 124 87 0 55 5 24 12 20 15 16 15 15 11 12 10 9 9 9 9 7
1583578953 124 87 0 55 5 24 12 20 15 16 15 15 11 12 10 9 9 9 9 7
1583596668 124 88 0 55 5 24 12 20 15 16 15 15 11 12 10 9 9 9 9 7
1584028145 124 89 0 55 5 24 12 20 15 16 15 15 11 12 10 9 9 9 9 7
1586061095 124 89 0 55 5 24 12 20 15 16 15 15 11 12 10 9 9 9 9 7
1586237435 124 89 0 55 5 24 12 20 15 16 15 15 11 12 10 9 9 9 9 7
1586602362 124 89 0 55 5 24 12 20 16 16 15 15 11 12 10 9 9 9 9 7
1586629848 124 90 0 55 5 24 12 20 16 16 15 15 11 12 10 9 9 9 9 7
1586629998 124 90 0 55 5 24 12 20 16 16 15 15 11 12 10 9 9 9 9 7
1586758078 124 91 0 55 5 24 12 20 16 16 15 15 11 12 10 9 9 9 9 7
1587127011 124 91 0 55 5 24 12 20 17 16 15 15 11 12 10 9 9 9 9 7
1587149849 124 91 0 55 5 24 12 20 18 16 15 15 11 12 10 9 9 9 9 7
1587794772 124 91 0 55 5 24 12 20 19 16 15 15 11 12 10 9 9 9 9 7
1588140396 124 91 0 55 5 25 12 20 19 16 15 15 11 12 10 9 9 9 9 7
1588395070 124 91 0 55 5 25 12 20 19 16 15 15 11 12 10 9 9 9 9 7
1589442841 124 91 0 55 5 25 12 20 19 16 15 15 11 12 10 9 9 9 9 7
1589987204 124 91 0 55 5 25 12 20 19 16 15 15 11 12 10 9 9 9 9 7
1590768892 124 91 0 55 5 25 12 20 19 16 15 15 11 12 10 9 9 9 9 7
1591611566 124 91 0 55 5 25 12 20 19 16 15 15 11 12 10 9 9 9 9 7
1591949627 124 92 0 55 5 25 12 20 19 16 15 15 11 12 10 9 9 9 9 7
1591973206 124 92 0 55 5 25 12 20 19 16 15 15 11 12 10 9 9 9 9 7
1592309560 124 92 1 55 5 25 12 20 19 16 15 15 11 12 10 9 9 9 9 7
1593839059 124 92 1 55 5 25 13 20 19 16 15 15 11 12 10 9 9 9 9 7
1594068623 124 92 1 55 5 25 13 20 19 16 15 15 11 12 10 9 9 9 9 7
1594264835 124 92 1 55 5 25 13 20 19 16 15 15 11 12 10 9 9 9 9 7
1595009281 124 92 1 55 5 25 13 20 19 16 15 15 12 12 10 9 9 9 9 7
1595474410 124 92 1 55 5 25 14 20 19 16 15 15 12 12 10 9 9 9 9 7
1595534760 124 92 1 55 5 25 15 20 19 16 15 15 12 12 10 9 9 9 9 7
1595617378 124 92 1 55 6 25 15 20 19 16 15 15 12 12 10 9 9 9 9 7
1595675655 124 92 1 55 7 25 15 20 19 16 15 15 12 12 10 9 9 9 9 7
1595856078 124 92 1 55 7 25 16 20 19 16 15 15 12 12 10 9 9 9 9 7
1595966316 124 92 1 55 7 25 17 20 19 16 15 15 12 12 10 9 9 9 9 7
1596047527 124 92 1 55 8 25 17 20 19 16 15 15 12 12 10 9 9 9 9 7
1596479661 124 92 2 55 8 25 17 20 19 16 15 15 12 12 10 9 9 9 9 7
1596657142 124 92 2 55 8 25 17 20 19 16 15 15 12 12 10 9 9 9 9 7
1596815059 124 92 2 55 9 25 17 20 19 16 15 15 12 12 10 9 9 9 9 7
1596815085 124 92 3 55 9 25 17 20 19 16 15 15 12 12 10 9 9 9 9 7
1597202903 124 92 3 55 9 25 17 20 19 16 15 15 12 12 10 9 9 9 9 8
1597411896 124 92 3 55 9 25 17 20 19 16 15 15 12 12 10 9 9 9 9 8
1597414143 124 92 3 55 9 25 17 20 19 16 15 15 12 12 10 9 9 9 9 8
1597414241 124 93 3 55 9 25 17 20 19 16 15 15 12 12 10 9 9 9 9 8
1597494123 124 93 3 55 9 25 17 20 19 16 15 15 12 12 10 9 9 9 9 9
1598429101 124 93 3 55 9 25 17 20 19 16 15 15 12 12 10 9 9 9 9 9
1598429266 124 93 3 55 10 25 17 20 19 16 15 15 12 12 10 9 9 9 9 9
1598442911 124 93 3 55 10 25 17 20 19 16 15 15 12 12 10 9 9 9 9 9
1598522045 124 93 3 55 11 25 17 20 19 16 15 15 12 12 10 9 9 9 9 9
1598522061 124 93 3 55 11 25 17 20 19 16 15 15 12 12 10 9 9 9 9 9
1599811999 124 93 4 55 11 25 17 20 19 16 15 15 12 12 10 9 9 9 9 9
1600541075 124 93 5 55 11 25 17 20 19 16 15 15 12 12 10 9 9 9 9 9
1600541164 124 93 6 55 11 25 17 20 19 16 15 15 12 12 10 9 9 9 9 9
1600541204 124 93 7 55 11 25 17 20 19 16 15 15 12 12 10 9 9 9 9 9
1600541781 124 93 8 55 11 25 17 20 19 16 15 15 12 12 10 9 9 9 9 9
1601316409 124 93 9 55 11 25 17 20 19 16 15 15 12 12 10 9 9 9 9 9
1601485267 124 93 9 55 11 25 18 20 19 16 15 15 12 12 10 9 9 9 9 9
1601489999 124 93 9 55 11 25 18 20 19 16 15 15 12 12 10 9 9 9 9 9
1601659018 124 93 10 55 11 25 18 20 19 16 15 15 12 12 10 9 9 9 9 9
1602445156 124 93 11 55 11 25 18 20 19 16 15 15 12 12 10 9 9 9 9 9
1602662630 124 93 11 55 12 25 18 20 19 16 15 15 12 12 10 9 9 9 9 9
1602783736 124 93 12 55 12 25 18 20 19 16 15 15 12 12 10 9 9 9 9 9
1603268258 124 93 13 55 12 25 18 20 19 16 15 15 12 12 10 9 9 9 9 9
1603268370 124 93 14 55 12 25 18 20 19 16 15 15 12 12 10 9 9 9 9 9
1603437142 124 93 15 55 12 25 18 20 19 16 15 15 12 12 10 9 9 9 9 9
1603449850 124 93 15 55 13 25 18 20 19 16 15 15 12 12 10 9 9 9 9 9
1603699554 124 93 15 55 13 25 19 20 19 16 15 15 12 12 10 9 9 9 9 9
1604044410 124 93 16 55 13 25 19 20 19 16 15 15 12 12 10 9 9 9 9 9
1604052654 124 93 17 55 13 25 19 20 19 16 15 15 12 12 10 9 9 9 9 9
1604656714 124 93 18 55 13 25 19 20 19 16 15 15 12 12 10 9 9 9 9 9
1605262991 124 93 19 55 13 25 19 20 19 16 15 15 12 12 10 9 9 9 9 9
1605270448 124 93 20 55 13 25 19 20 19 16 15 15 12 12 10 9 9 9 9 9
1605692351 124 93 21 55 13 25 19 20 19 16 15 15 12 12 10 9 9 9 9 9
1605855863 124 93 21 55 13 25 19 20 19 16 15 15 12 12 10 9 9 9 9 9
1605938677 124 93 21 55 14 25 19 20 19 16 15 15 12 12 10 9 9 9 9 9
1605939064 124 93 21 55 14 25 19 20 19 16 15 15 12 12 10 9 9 9 9 9
1605939183 124 93 21 55 14 25 19 20 19 16 15 15 12 12 10 9 9 9 9 9
1606135564 124 93 22 55 14 25 19 20 19 16 15 15 12 12 10 9 9 9 9 9
1606168031 124 94 22 55 14 25 19 20 19 16 15 15 12 12 10 9 9 9 9 9
1606236905 124 94 23 55 14 25 19 20 19 16 15 15 12 12 10 9 9 9 9 9
1606286221 124 94 23 55 14 25 19 20 19 16 15 15 12 12 10 9 9 9 9 9
1606286251 124 94 24 55 14 25 19 20 19 16 15 15 12 12 10 9 9 9 9 9
1606293013 124 95 24 55 14 25 19 20 19 16 15 15 12 12 10 9 9 9 9 9
1606324976 124 95 25 55 14 25 19 20 19 16 15 15 12 12 10 9 9 9 9 9
1606490336 124 95 26 55 14 25 19 20 19 16 15 15 12 12 10 9 9 9 9 9
1606892862 124 95 26 55 14 25 20 20 19 16 15 15 12 12 10 9 9 9 9 9
1607058490 124 95 27 55 14 25 20 20 19 16 15 15 12 12 10 9 9 9 9 9
1607058584 124 95 28 55 14 25 20 20 19 16 15 15 12 12 10 9 9 9 9 9
1607110389 124 95 29 55 14 25 20 20 19 16 15 15 12 12 10 9 9 9 9 9
1607505551 124 95 30 55 14 25 20 20 19 16 15 15 12 12 10 9 9 9 9 9
1607513231 124 95 31 55 14 25 20 20 19 16 15 15 12 12 10 9 9 9 9 9
1607516385 124 95 32 55 14 25 20 20 19 16 15 15 12 12 10 9 9 9 9 9
1607941215 124 95 32 55 14 25 20 20 19 16 15 15 12 12 10 9 9 9 9 9
1608112743 124 95 33 55 14 25 20 20 19 16 15 15 12 12 10 9 9 9 9 9
1608392344 124 95 33 55 14 25 20 20 19 16 15 15 12 12 10 9 9 9 9 9
1610358724 124 95 33 55 14 25 20 20 19 16 15 15 12 12 10 9 9 9 9 9
1610526436 124 95 33 55 14 25 20 20 19 16 15 15 12 12 10 9 9 9 9 9
1610690040 124 95 34 55 14 25 20 20 19 16 15 15 12 12 10 9 9 9 9 9
1610690068 124 95 35 55 14 25 20 20 19 16 15 15 12 12 10 9 9 9 9 9
1610690141 124 95 35 55 14 25 20 20 19 16 15 15 12 12 10 9 9 9 9 9
1610694718 124 95 36 55 14 25 20 20 19 16 15 15 12 12 10 9 9 9 9 9
1610698945 124 95 37 55 14 25 20 20 19 16 15 15 12 12 10 9 9 9 9 9
1611304423 124 95 38 55 14 25 20 20 19 16 15 15 12 12 10 9 9 9 9 9
1611315612 124 95 39 55 14 25 20 20 19 16 15 15 12 12 10 9 9 9 9 9
1611339044 124 95 40 55 14 25 20 20 19 16 15 15 12 12 10 9 9 9 9 9
1611579992 124 95 41 55 14 25 20 20 19 16 15 15 12 12 10 9 9 9 9 9
1611592771 124 95 42 55 14 25 20 20 19 16 15 15 12 12 10 9 9 9 9 9
1611690502 124 95 43 55 14 25 20 20 19 16 15 15 12 12 10 9 9 9 9 9
1611777622 124 95 44 55 14 25 20 20 19 16 15 15 12 12 10 9 9 9 9 9
1611900735 124 95 45 55 14 25 20 20 19 16 15 15 12 12 10 9 9 9 9 9
1611900765 124 95 46 55 14 25 20 20 19 16 15 15 12 12 10 9 9 9 9 9
1612001458 124 95 47 55 14 25 20 20 19 16 15 15 12 12 10 9 9 9 9 9
1612026804 124 95 48 55 14 25 20 20 19 16 15 15 12 12 10 9 9 9 9 9
1612205495 124 95 49 55 14 25 20 20 19 16 15 15 12 12 10 9 9 9 9 9
1612246568 124 95 49 55 15 25 20 20 19 16 15 15 12 12 10 9 9 9 9 9
1612246674 124 95 49 55 16 25 20 20 19 16 15 15 12 12 10 9 9 9 9 9
1612336598 124 95 49 55 17 25 20 20 19 16 15 15 12 12 10 9 9 9 9 9
1612506002 124 95 50 55 17 25 20 20 19 16 15 15 12 12 10 9 9 9 9 9
1612854120 124 95 50 55 17 25 20 20 19 16 15 15 12 12 10 9 9 9 9 9
1612897228 124 95 51 55 17 25 20 20 19 16 15 15 12 12 10 9 9 9 9 9
1612897247 124 95 52 55 17 25 20 20 19 16 15 15 12 12 10 9 9 9 9 9
1612897272 124 95 53 55 17 25 20 20 19 16 15 15 12 12 10 9 9 9 9 9
1612897290 124 95 54 55 17 25 20 20 19 16 15 15 12 12 10 9 9 9 9 9
1613142344 124 95 54 55 18 25 20 20 19 16 15 15 12 12 10 9 9 9 9 9
1613142385 124 95 55 55 18 25 20 20 19 16 15 15 12 12 10 9 9 9 9 9
1613142431 124 95 55 55 18 25 20 20 19 16 15 15 12 12 10 9 9 9 9 9
1613154950 124 95 55 55 19 25 20 20 19 16 15 15 12 12 10 9 9 9 9 9
1613555676 124 95 56 55 19 25 20 20 19 16 15 15 12 12 10 9 9 9 9 9
1613585464 124 95 57 55 19 25 20 20 19 16 15 15 12 12 10 9 9 9 9 9
1613585497 124 95 58 55 19 25 20 20 19 16 15 15 12 12 10 9 9 9 9 9
1613673039 124 95 58 55 20 25 20 20 19 16 15 15 12 12 10 9 9 9 9 9
1613717090 124 95 58 55 20 25 20 20 19 16 15 15 12 12 10 9 9 9 9 9
1614027915 124 95 58 55 21 25 20 20 19 16 15 15 12 12 10 9 9 9 9 9
1614105218 124 95 58 55 22 25 20 20 19 16 15 15 12 12 10 9 9 9 9 9
1614105237 124 95 58 55 22 25 20 20 19 16 15 15 12 12 10 9 9 9 9 9
1614146219 124 95 58 55 22 25 20 20 19 16 15 15 12 12 10 9 9 9 9 9
1614490068 124 95 59 55 22 25 20 20 19 16 15 15 12 12 10 9 9 9 9 9
1614583593 124 95 59 55 22 25 20 20 19 16 15 15 12 12 10 9 9 9 9 9
1614837946 124 95 60 55 22 25 20 20 19 16 15 15 12 12 10 9 9 9 9 9
1614884644 124 95 61 55 22 25 20 20 19 16 15 15 12 12 10 9 9 9 9 9
1614920923 124 95 61 55 23 25 20 20 19 16 15 15 12 12 10 9 9 9 9 9
1615369227 124 95 62 55 23 25 20 20 19 16 15 15 12 12 10 9 9 9 9 9
1615549358 124 95 63 55 23 25 20 20 19 16 15 15 12 12 10 9 9 9 9 9
1615549377 124 95 64 55 23 25 20 20 19 16 15 15 12 12 10 9 9 9 9 9
1615812464 124 95 64 55 23 25 20 20 19 16 15 15 12 12 10 9 9 9 9 9
1615967660 124 95 65 55 23 25 20 20 19 16 15 15 12 12 10 9 9 9 9 9
1616134471 124 95 66 55 23 25 20 20 19 16 15 15 12 12 10 9 9 9 9 9
1616159860 124 95 66 55 23 25 20 20 19 16 15 15 12 12 10 9 9 9 9 9
1616392771 124 95 67 55 23 25 20 20 19 16 15 15 12 12 10 9 9 9 9 9
1617787471 124 95 67 55 24 25 20 20 19 16 15 15 12 12 10 9 9 9 9 9
1617944999 124 95 67 55 24 25 21 20 19 16 15 15 12 12 10 9 9 9 9 9
1619087743 124 95 67 55 24 25 21 20 19 16 15 15 12 12 10 9 9 9 9 9
1619755972 124 95 68 55 24 25 21 20 19 16 15 15 12 12 10 9 9 9 9 9
1619756004 124 95 68 55 24 25 21 20 19 16 15 15 12 12 10 9 9 9 9 9
1619772349 124 96 68 55 24 25 21 20 19 16 15 15 12 12 10 9 9 9 9 9
1620115393 124 96 68 55 24 25 21 20 19 16 15 15 12 12 10 9 9 9 9 9
1620234473 124 96 68 55 25 25 21 20 19 16 15 15 12 12 10 9 9 9 9 9
1620240270 124 96 68 55 25 25 22 20 19 16 15 15 12 12 10 9 9 9 9 9
1620734899 124 96 68 55 25 25 22 20 19 16 15 15 12 12 10 9 9 9 9 9
1622714610 124 96 68 55 25 25 22 20 19 16 15 15 12 12 10 9 9 9 9 9
