1441116719 179
1441901090 174
1441974134 279
1442438645 285
1443189415 285
1443194646 286
1444665137 302
1444666803 330
1445598082 330
1446666823 524
1448012748 524
1449607508 613
1452013330 613
1452616859 626
1454322534 626
1454341068 730
1455029658 730
1455286675 732
1455311773 740
1455723344 1007
1455723739 1090
1456212655 1092
1456213106 1160
1456225805 1160
1456292164 1160
1456293578 1237
1456294923 1243
1456337515 1236
1456337975 1237
1456338194 1237
1456343469 1288
1456343751 1289
1456857695 1311
1456997416 1343
1457301257 1343
1459532810 1879
1459533541 1879
1459987154 1881
1460080798 1923
1460742832 1964
1461095367 2102
1461096724 2176
1461100757 2176
1461189115 2177
1461245838 2177
1461265559 2188
1461785425 2223
1461789437 2874
1462212545 2874
1462244790 2919
1462332791 2919
1462492823 2921
1463614975 2924
1463692202 2925
1464024748 2952
1464194979 3014
1464195209 3016
1464249667 3017
1464280146 3478
1464297227 3489
1464365097 3489
1464755846 3489
1464834964 3516
1465446248 3638
1465837978 3641
1465839138 3643
1466712292 3709
1467739711 3709
1468876815 3720
1469747905 3743
1470861078 3748
1471461547 3801
1471546408 3831
1473187817 3831
1473793262 4382
1473793386 4382
1473800194 4390
1473809564 4391
1473812192 4391
1473831002 4401
1475177131 4401
1475893746 4401
1477326958 4403
1477426424 4403
1477459104 4403
1477861633 4413
1478544651 4414
1478587933 4413
1478588028 4423
1478989560 4423
1479521815 4421
1479837230 4568
1480355592 4581
1484001444 4732
1484244256 7023
1484244361 7018
1485193245 7037
1485367564 7037
1485968277 7037
1485980515 7037
1485980549 7037
1486489560 7031
1486672878 7252
1486780853 7255
1487119841 7338
1487275500 7359
1487720557 7371
1487724368 7512
1488221410 7634
1488240132 7661
1488650280 7740
1488738396 7758
1489003402 8103
1489076411 8102
1489691393 8160
1489691407 8160
1489788634 8206
1490639731 8294
1490722877 8301
1490741593 8884
1492478318 8923
1492520007 8915
1492621316 8919
1492640321 8919
1492709637 8912
1492738737 8913
1494137611 8911
1494555968 8916
1494861686 8968
1494876471 8941
1494969836 8968
1495221704 8968
1495370616 8968
1495378738 9012
1495468328 9046
1495656812 9046
1495829764 9069
1495988794 9096
1496087803 9184
1496587387 9536
1496697637 9400
1496723754 9287
1497025297 9461
1497025590 9472
1497202554 9536
1497293460 9552
1497421066 9558
1497974928 9558
1498397411 9578
1498398605 9594
1498400162 9553
1498600687 9600
1498645106 9585
1498651624 9585
1498673284 9585
1498710831 9641
1498714264 9670
1498776680 9671
1498855597 9922
1498871492 9671
1499102772 9811
1499176898 9836
1499593857 9937
1500004609 9936
1500966462 9935
1500973442 10970
1501080427 10970
1502025897 10799
1502195514 10799
1502268883 10800
1503089246 10802
1503089382 10817
1504113391 10831
1504317232 10858
1504378093 11012
1504382012 10999
1504506282 11028
1505187739 11067
1505190778 11073
1505475067 11078
1505863384 11129
1506794446 11129
1506796655 11149
1506815217 11968
1506815895 11994
1506816304 11968
1506903329 11967
1506938079 11999
1506945571 11981
1506993871 11987
1507243647 12022
1507247166 12055
1507647227 12055
1507766061 12055
1507946554 12060
1507946698 12085
1508357923 12085
1508525454 12085
1508789410 12094
1508789431 12096
1508789712 12104
1508807866 12099
1509050896 12182
1509265999 12197
1509743606 12197
1510007159 12229
1510007208 12253
1511102824 12272
1511307812 12565
1511424725 12772
1511810719 12868
1512397404 12987
1512540453 13009
1512552259 13044
1512583358 13041
1512583979 13009
1513197327 13044
1513844696 13055
1513916929 13065
1514199862 13097
1514351161 13152
1515013657 13190
1515093645 13192
1515104039 13323
1515106258 13327
1515341611 13327
1515612616 13327
1515659245 13326
1515759461 13326
1515885352 13326
1515910110 13389
1516199929 13424
1516261657 13423
1516394409 13427
1516815673 13472
1516930416 13489
1517599654 13487
1517877977 13487
1517881422 13489
1518262390 13490
1518968678 13514
1519158883 13575
1519395180 13592
1519941052 13609
1519941091 13639
1520142517 13645
1520304901 13676
1520449722 13783
1520454127 13783
1520583656 13783
1521050950 13791
1521654662 13797
1522018381 13797
1522019109 13806
1522019898 13796
1522020263 13805
1522226303 13797
1522269714 13795
1522303456 13815
1522526798 13828
1522541889 13885
1522619460 13872
1522622001 13899
1522688093 13880
1522688170 13881
1523408707 13916
1523465707 13917
1523647384 14309
1523907510 14311
1524535787 14311
1524629865 14354
1524629896 14345
1524980051 14375
1525056522 14376
1525457198 14375
1525497444 14370
1525497766 14369
1525702599 14378
1525709505 14382
1525764350 14382
1526673630 14383
1526673839 14463
1526706373 14466
1526832212 14467
1527471912 14435
1527696094 14496
1528002124 14526
1528450035 14526
1528452648 14526
1528779137 15299
1528825927 15318
1528834164 15314
1528909018 15315
1529177065 15312
1529478108 15312
1529516725 15312
1529534369 15333
1529692866 15386
1529775329 15386
1529955769 15385
1529956543 15383
1529984675 15383
1530039034 15401
1530053062 15403
1530124758 15409
1530125623 15420
1530132199 15420
1530135121 15352
1530211407 15401
1530211494 15403
1530303112 15406
1530308332 15414
1530446771 15476
1530581106 15476
1530738062 15479
1531160237 15476
1531248584 15476
1531752316 15490
1531812421 17253
1531847461 17253
1532391830 17272
1533065671 17311
1533328140 17275
1533583885 17311
1533659650 17927
1534106680 17927
1534106747 17928
1534106900 17930
1534171058 17946
1534267198 17995
1534305951 18044
1534364704 18033
1534435016 18044
1534443327 18040
1534449777 18041
1534793815 18044
1535553914 18044
1535822710 18078
1536192100 18086
1536358369 18087
1536361042 18088
1536596876 18089
1536601482 18090
1536601526 18090
1536774193 18091
1537459451 18091
1537461195 18091
1538112027 18085
1538506889 18100
1538674552 18165
1539006726 18170
1540096414 18204
1540105216 18204
1540311798 18204
1540576992 18204
1540921145 18212
1541090190 18244
1542912127 18690
1542920963 18691
1543329435 18691
1544451706 18690
1544597364 18691
1544600705 18687
1544600721 18688
1545108962 18764
1546972434 18914
1546974320 18915
1547533846 18915
1547657913 18916
1547667571 18951
1547734243 18992
1548217597 19024
1548513439 19010
1548517460 19024
1548608649 19024
1548814760 19034
1548849910 19054
1548871764 19100
1548960876 19101
1549677686 19102
1550057679 19158
1550134128 19158
1550162237 19193
1550265244 19220
1550681256 19227
1550763231 19238
1551129309 19441
1551457994 19443
1551468662 19504
1551725653 19495
1551830896 19480
1551838183 19488
1551903771 19821
1552060333 19821
1552264604 19821
1552946495 19857
1553576690 20483
1553702996 20515
1553714034 20498
1554221697 20497
1555216767 20499
1555463334 20499
1555867223 20499
1556035280 20499
1556260450 20499
1556260718 20501
1556553693 20501
1556922190 20528
1557169913 20531
1557284883 20541
1557348454 20774
1557348610 20774
1557348721 21254
1557705612 21286
1557706387 21465
1557779411 21467
1558157048 21467
1558157150 21462
1558377967 21473
1558457641 21490
1558457666 21494
1558466232 21437
1558722199 21432
1558974916 21460
1559263418 21648
1559263475 21648
1559311482 21648
1559801532 21719
1560496927 21761
1560662905 21762
1560985393 21762
1560988465 21762
1561037999 21833
1561863522 21843
1562969631 21842
1563046749 21848
1563130142 21843
1563221586 22209
1563396252 22212
1563467690 22206
1563476616 22212
1563509790 22212
1563770705 22214
1563987817 22182
1564070729 22181
1564070796 22176
1564161975 22176
1564511800 22230
1565029646 22352
1565110197 22447
1565214302 22445
1565214445 22446
1565232581 22554
1565625468 22548
1565639581 22548
1565639612 22552
1565658199 22558
1565906747 22654
1565928676 22700
1566007642 22661
1566151789 22672
1566153539 22701
1566179916 22725
1566241171 22724
1566242070 22742
1566242223 22746
1566327027 22747
1566404554 22785
1566404603 22514
1566414741 22513
1566419877 22520
1566513350 22520
1566589589 22544
1566868430 22545
1567529479 22545
1567546135 22539
1567698918 22533
1568699796 22508
1569864204 22548
1570123641 22664
1570142425 22664
1570214935 22675
1570865806 22687
1571338776 22688
1573455172 22688
1574201741 22694
1574449099 22694
1574832769 22694
1574869892 22694
1574914512 22697
1575319133 22705
1576787651 22705
1576943892 22706
1577259393 23953
1577260383 24023
1577395215 23953
1577469500 24024
1577561321 24024
1579031259 23916
1579112787 23916
1579114851 23916
1579147538 23905
1579159897 23902
1579201050 23903
1579239134 23901
1579276536 23901
1579276994 23843
1579382498 23843
1579453727 23856
1579498845 23921
1579580949 23916
1579614919 23943
1579639190 23995
1579758819 23994
1579798409 23998
1579814795 23998
1579814837 24090
1579899980 24131
1580027865 24143
1580097943 24144
1580156511 24144
1580185433 24144
1580238682 24967
1580238998 22726
1580247111 22729
1580270054 22731
1580270412 22764
1580278234 22857
1580278275 22858
1580356854 22859
1580357277 22839
1580357612 22994
1580364175 22988
1580450988 22979
1580456348 22967
1580487978 23505
1580508033 23533
1580533922 23556
1580670273 24026
1580736864 24076
1581021333 24166
1581050360 24300
1581050540 24301
1581171253 24340
1581453619 24342
1581578813 24608
1581622062 24629
1581802675 24666
1581828641 24667
1582002271 24794
1582003980 24805
1582009423 24804
1582052674 24805
1582085463 25014
1582663314 25065
1582777152 25076
1582779022 25119
1582872427 25119
1582872542 25118
1582880986 25118
1583038162 25146
1583269099 25217
1583298879 25227
1583578953 25325
1583596668 25325
1584028145 25326
1586061095 25341
1586237435 25370
1586602362 25347
1586629848 25351
1586629998 25351
1586758078 25363
1587127011 25364
1587149849 25395
1587794772 25403
1588140396 25624
1588395070 25999
1589442841 26084
1589987204 26128
1590768892 26155
1591611566 26227
1591949627 26025
1591973206 26191
1592309560 26192
1593839059 26194
1594068623 26201
1594264835 26501
1595009281 26502
1595474410 26431
1595534760 26431
1595617378 26435
1595675655 26441
1595856078 26447
1595966316 26451
1596047527 26446
1596479661 26817
1596657142 26825
1596815059 26800
1596815085 26783
1597202903 26826
1597411896 26859
1597414143 27367
1597414241 27370
1597494123 27370
1598429101 27370
1598429266 27371
1598442911 27371
1598522045 27373
1598522061 27373
1599811999 27374
1600541075 27442
1600541164 27516
1600541204 27631
1600541781 27738
1601316409 27680
1601485267 27680
1601489999 27740
1601659018 27842
1602445156 27736
1602662630 27815
1602783736 27816
1603268258 27916
1603268370 27969
1603437142 28110
1603449850 28106
1603699554 28107
1604044410 28134
1604052654 28208
1604656714 28177
1605262991 28178
1605270448 28366
1605692351 28364
1605855863 28364
1605938677 28419
1605939064 28420
1605939183 28420
1606135564 28412
1606168031 28473
1606236905 28976
1606286221 28976
1606286251 28976
1606293013 28977
1606324976 28977
1606490336 28975
1606892862 28979
1607058490 28988
1607058584 28979
1607110389 28982
1607505551 28933
1607513231 28933
1607516385 28953
1607941215 28953
1608112743 28957
1608392344 29041
1610358724 29547
1610526436 29624
1610690040 29624
1610690068 29624
1610690141 29618
1610694718 29618
1610698945 29718
1611304423 29783
1611315612 29767
1611339044 54160
1611579992 54182
1611592771 54182
1611690502 54193
1611777622 54191
1611900735 54191
1611900765 54157
1612001458 54158
1612026804 54068
1612205495 54012
1612246568 54010
1612246674 54124
1612336598 54190
1612506002 54181
1612854120 54181
1612897228 54153
1612897247 54148
1612897272 53983
1612897290 53943
1613142344 53705
1613142385 53865
1613142431 53843
1613154950 53843
1613555676 53866
1613585464 53862
1613585497 53862
1613673039 53785
1613717090 53785
1614027915 53783
1614105218 53704
1614105237 53704
1614146219 53705
1614490068 53744
1614583593 53840
1614837946 53843
1614884644 53916
1614920923 53896
1615369227 54147
1615549358 54152
1615549377 54152
1615812464 54151
1615967660 54307
1616134471 54305
1616159860 54608
1616392771 54839
1617787471 54870
1617944999 54876
1619087743 54876
1619755972 54882
1619756004 54884
1619772349 54887
1620115393 54997
1620234473 54759
1620240270 54755
1620734899 54755
1622714610 54721
