1441116719 0 0 0 0 0 0 0 0 0 0 0 0 179 0 0 0 0 0 0 0
1441901090 0 0 0 0 0 0 0 0 0 0 0 0 183 0 0 0 0 0 0 0
1441974134 0 0 0 0 0 0 0 0 0 0 0 0 306 0 0 0 0 0 0 0
1442438645 0 0 0 0 0 0 0 0 0 0 0 0 306 0 0 0 0 0 0 0
1443189415 0 0 0 0 0 0 0 0 0 0 0 0 306 0 3 0 0 0 0 0
1443194646 0 0 0 0 0 0 0 0 0 0 0 0 306 0 3 0 0 0 0 0
1444665137 0 0 0 0 0 0 0 0 0 0 0 0 306 0 3 0 0 0 0 0
1444666803 0 0 0 0 0 0 0 0 0 0 0 0 306 0 3 0 0 0 0 0
1445598082 0 0 0 0 0 0 0 0 0 0 0 0 306 0 3 0 0 0 0 0
1446666823 0 0 0 0 0 0 0 0 0 0 0 0 306 0 3 0 0 0 0 0
1448012748 0 0 0 0 0 0 0 0 0 0 0 0 306 0 3 0 0 0 0 0
1449607508 0 0 0 0 0 0 0 0 0 0 0 0 306 0 3 0 0 0 0 0
1452013330 0 0 0 0 0 0 0 0 0 0 0 0 306 0 3 0 0 0 0 0
1452616859 0 0 0 0 0 0 0 0 0 0 0 0 306 0 31 0 0 0 0 0
1454322534 0 0 0 0 0 0 0 0 0 0 0 0 306 0 32 0 0 0 0 0
1454341068 0 0 0 0 0 0 0 0 0 0 0 0 306 0 32 0 0 0 0 0
1455029658 0 0 0 2 0 0 0 0 0 0 0 0 306 0 32 0 0 0 0 0
1455286675 0 0 0 2 0 0 0 0 0 0 0 0 306 0 77 0 0 0 0 0
1455311773 0 0 0 26 0 0 0 0 0 0 0 0 306 0 77 0 0 0 0 0
1455723344 0 0 0 26 0 0 0 0 0 0 0 0 306 0 77 0 0 0 0 0
1455723739 0 0 0 26 0 0 0 0 0 0 0 0 306 0 77 0 0 0 0 0
1456212655 0 0 0 26 0 0 0 0 0 0 0 0 306 0 79 0 0 0 0 0
1456213106 0 0 0 125 0 0 0 0 0 0 0 0 306 0 79 0 0 0 0 0
1456225805 0 0 0 125 0 0 0 0 0 0 0 0 306 0 80 0 0 0 0 0
1456287911 0 0 0 126 0 0 0 0 0 0 0 0 306 0 80 0 0 0 0 0
1456292164 0 0 0 126 0 0 0 0 0 0 0 0 306 0 80 0 0 0 0 0
1456293568 0 0 0 219 0 0 0 0 0 0 0 0 306 0 80 0 0 0 0 0
1456293578 0 0 0 219 0 0 0 0 0 0 0 0 306 0 80 0 0 0 0 0
1456294923 6 0 0 219 0 0 0 0 0 0 0 0 306 0 80 0 0 0 0 0
1456297138 6 0 0 229 0 0 0 0 0 0 0 0 306 0 80 0 0 0 0 0
1456335558 6 0 0 229 0 0 0 0 0 0 0 0 306 0 80 0 0 0 0 0
1456336749 6 0 0 279 0 0 0 0 0 0 0 0 306 0 80 0 0 0 0 0
1456337264 6 0 0 281 0 0 0 0 0 0 0 0 306 0 80 0 0 0 0 0
1456337515 6 0 0 281 0 0 0 0 0 0 0 0 306 0 80 0 0 0 0 0
1456337975 7 0 0 281 0 0 0 0 0 0 0 0 306 0 80 0 0 0 0 0
1456338194 8 0 0 281 0 0 0 0 0 0 0 0 306 0 80 0 0 0 0 0
1456343469 8 0 0 281 0 0 0 0 0 0 0 0 306 0 80 0 0 0 0 0
1456343751 9 0 0 281 0 0 0 0 0 0 0 0 306 0 80 0 0 0 0 0
1456795122 9 0 0 305 0 0 0 0 0 0 0 0 306 0 80 0 0 0 0 0
1456857695 9 0 0 305 0 0 0 0 0 0 0 0 306 0 80 0 0 0 0 0
1456970958 9 0 0 332 0 0 0 0 0 0 0 0 306 0 80 0 0 0 0 0
1456971390 9 0 0 333 0 0 0 0 0 0 0 0 306 0 80 0 0 0 0 0
1456971557 9 0 0 334 0 0 0 0 0 0 0 0 306 0 80 0 0 0 0 0
1456971592 9 0 0 341 0 0 0 0 0 0 0 0 306 0 80 0 0 0 0 0
1456972363 9 0 0 354 0 0 0 0 0 0 0 0 306 0 80 0 0 0 0 0
1456997416 9 0 0 354 0 0 0 0 0 0 0 0 306 0 80 0 0 0 0 0
1457284956 9 0 0 354 0 0 0 0 0 0 0 0 306 0 80 0 0 0 0 0
1457301257 9 0 0 354 0 0 0 0 0 0 0 0 306 0 80 0 0 0 0 0
1458868525 9 0 0 363 0 0 0 0 0 0 0 0 306 0 80 0 0 0 0 0
1458868616 9 0 0 893 0 0 0 0 0 0 0 0 306 0 80 0 0 0 0 0
1458869077 9 0 0 895 0 0 0 0 0 0 0 0 306 0 80 0 0 0 0 0
1459532810 9 0 0 895 0 0 0 0 0 0 0 0 306 0 80 0 0 0 0 0
1459533541 11 0 0 895 0 0 0 0 0 0 0 0 306 0 80 0 0 0 0 0
1459983236 11 0 0 895 0 0 0 0 0 0 0 0 306 0 80 0 0 0 0 0
1459983938 11 0 0 895 0 0 0 0 0 0 0 0 306 0 80 0 0 0 0 0
1459986734 11 0 0 897 0 0 0 0 0 0 0 0 306 0 80 0 0 0 0 0
1459987154 11 0 0 897 0 0 0 0 0 0 0 0 306 0 80 0 0 0 0 0
1460080798 11 0 0 897 0 0 0 0 0 0 0 0 306 0 80 0 0 0 0 0
1460583343 11 0 0 897 0 0 0 0 0 0 0 0 306 0 80 0 35 0 0 0
1460731369 11 0 0 897 0 0 0 0 0 0 0 0 306 0 80 0 46 0 0 0
1460742832 11 0 0 897 0 0 0 0 0 0 0 0 306 0 80 0 46 0 0 0
1461015942 11 0 0 897 0 0 0 0 0 0 0 0 306 0 80 0 212 0 0 0
1461095367 11 0 0 897 0 0 0 0 0 0 0 0 306 0 80 0 327 0 0 0
1461096724 11 0 0 897 0 0 0 0 0 0 0 0 306 0 80 0 327 0 0 0
1461098907 11 0 0 897 0 0 0 0 0 0 0 0 306 0 80 0 328 0 0 0
1461100757 11 0 0 897 0 0 0 0 0 0 0 0 306 0 80 0 328 0 0 0
1461188701 11 0 0 897 0 0 0 0 0 0 0 0 306 0 80 0 330 0 0 0
1461189115 11 0 0 897 0 0 0 0 0 0 0 0 306 0 80 0 330 0 0 0
1461243226 11 0 0 897 0 0 0 0 0 0 0 0 306 0 82 0 330 0 0 0
1461245838 11 0 0 897 0 0 0 0 0 0 0 0 306 0 82 0 330 0 0 0
1461264904 11 0 0 919 0 0 0 0 0 0 0 0 306 0 82 0 330 0 0 0
1461265559 11 0 0 919 0 0 0 0 0 0 0 0 306 0 82 0 330 0 0 0
1461780385 11 0 0 919 0 0 0 0 0 0 0 0 306 0 82 0 339 0 0 0
1461785425 11 0 0 919 0 0 0 0 0 0 0 0 306 0 82 0 339 0 0 0
1461789437 11 0 0 919 0 0 0 0 0 0 0 0 306 0 82 0 1063 0 0 0
1462212545 11 0 0 919 0 0 0 0 0 0 0 0 306 0 82 0 1063 0 0 0
1462244790 66 0 0 919 0 0 0 0 0 0 0 0 306 0 82 0 1063 0 0 0
1462317906 66 0 0 924 0 0 0 0 0 0 0 0 306 0 82 0 1063 0 0 0
1462332791 66 0 0 924 0 0 0 0 0 0 0 0 306 0 82 0 1063 0 0 0
1462436502 66 0 0 924 0 0 0 0 0 0 0 0 306 0 82 0 1063 0 0 0
1462437056 66 0 0 924 0 0 0 0 0 0 0 0 306 0 82 0 1063 0 0 0
1462492823 66 0 0 924 0 0 0 0 0 0 0 0 306 0 82 0 1063 0 0 0
1463613614 66 0 0 931 0 0 0 0 0 0 0 0 306 0 82 0 1063 0 0 0
1463614953 66 0 0 936 0 0 0 0 0 0 0 0 306 0 82 0 1063 0 0 0
1463614975 66 0 0 936 0 0 0 0 0 0 0 0 306 0 82 0 1063 0 0 0
1463618459 66 0 0 946 0 0 0 0 0 0 0 0 306 0 82 0 1063 0 0 0
1463680255 66 0 0 946 0 0 0 0 0 0 0 0 306 0 82 0 1063 0 0 0
1463692202 66 0 0 946 0 0 0 0 0 0 0 0 306 0 82 0 1063 0 0 0
1463998372 66 0 0 946 0 0 0 0 0 0 0 0 306 0 82 0 1063 0 0 0
1464024748 66 0 0 946 0 0 0 0 0 0 0 0 306 0 82 0 1063 0 0 0
1464058164 66 0 0 1008 0 0 0 0 0 0 0 0 306 0 82 0 1063 0 0 0
1464075643 66 0 0 1008 0 0 0 0 0 0 0 0 306 0 82 0 1063 0 0 0
1464115212 66 0 0 1009 0 0 0 0 0 0 0 0 306 0 82 0 1063 0 0 0
1464149665 67 0 0 1009 0 0 0 0 0 0 0 0 306 0 82 0 1063 0 0 0
1464194979 67 0 0 1009 0 0 0 0 0 0 0 0 306 0 82 0 1063 0 0 0
1464195209 67 0 0 1009 0 0 0 0 0 0 0 0 306 0 82 0 1063 0 0 0
1464226324 67 0 0 1480 0 0 0 0 0 0 0 0 306 0 82 0 1063 0 0 0
1464246643 67 0 0 1481 0 0 0 0 0 0 0 0 306 0 82 0 1063 0 0 0
1464248126 67 0 0 1481 0 0 0 0 0 0 0 0 306 0 82 0 1063 0 0 0
1464249667 67 0 0 1481 0 0 0 0 0 0 0 0 306 0 82 0 1063 0 0 0
1464250102 67 0 0 1481 0 0 0 0 0 0 0 0 306 0 82 0 1063 0 0 0
1464250467 69 0 0 1481 0 0 0 0 0 0 0 0 306 0 82 0 1063 0 0 0
1464280146 69 0 0 1481 0 0 0 0 0 0 0 0 306 0 82 0 1063 0 0 0
1464290213 69 0 0 1499 0 0 0 0 0 0 0 0 306 0 82 0 1063 0 0 0
1464292348 69 0 0 1504 0 0 0 0 0 0 0 0 306 0 82 0 1063 0 0 0
1464297227 69 0 0 1504 0 0 0 0 0 0 0 0 306 0 82 0 1063 0 0 0
1464324306 69 0 0 1504 0 0 0 0 0 0 0 0 306 0 82 0 1063 0 0 0
1464365097 69 0 0 1504 0 0 0 0 0 0 0 0 306 0 82 0 1063 0 0 0
1464720722 69 0 0 1504 0 0 0 0 0 0 0 0 306 0 82 0 1063 0 0 0
1464755846 69 0 0 1504 0 0 0 0 0 0 0 0 306 0 82 0 1063 0 0 0
1464814728 69 0 0 1533 0 0 0 0 0 0 0 0 306 0 82 0 1063 0 0 0
1464825351 69 0 0 1537 0 0 0 0 0 0 0 0 306 0 82 0 1063 0 0 0
1464834964 69 0 0 1537 0 0 0 0 0 0 0 0 306 0 82 0 1063 0 0 0
1465446248 69 0 0 1537 0 0 0 0 0 0 0 0 306 0 82 0 1063 0 0 0
1465814488 69 0 0 1537 0 0 0 0 0 0 0 0 306 0 91 0 1063 0 0 0
1465830302 69 0 0 1537 0 0 0 0 0 0 0 0 306 0 91 0 1063 0 0 0
1465837978 69 0 0 1537 0 0 0 0 0 0 0 0 306 0 91 0 1063 0 0 0
1465839138 69 0 0 1537 0 0 0 0 0 0 0 0 306 0 91 0 1063 0 0 0
1466712292 69 85 0 1537 0 0 0 0 0 0 0 0 306 0 91 0 1063 0 0 0
1467739711 69 86 0 1537 0 0 0 0 0 0 0 0 306 0 91 0 1063 0 0 0
1468876815 69 86 0 1537 0 0 0 0 0 0 0 0 306 0 91 0 1063 0 0 0
1469747905 69 86 0 1537 0 0 0 0 0 0 0 0 306 0 91 0 1063 0 0 0
1470861078 69 86 0 1537 0 0 0 0 0 0 0 0 306 0 91 0 1063 0 0 0
1471461547 156 86 0 1537 0 0 0 0 0 0 0 0 306 0 91 0 1063 0 0 0
1471546408 188 86 0 1537 0 0 0 0 0 0 0 0 306 0 91 0 1063 0 0 0
1473187817 188 87 0 1537 0 0 0 0 0 0 0 0 306 0 91 0 1063 0 0 0
1473793262 188 87 0 1537 0 0 0 0 0 0 0 0 306 0 91 0 1063 0 0 0
1473793386 189 87 0 1537 0 0 0 0 0 0 0 0 306 0 91 0 1063 0 0 0
1473798731 189 87 0 1546 0 0 0 0 0 0 0 0 306 0 91 0 1063 0 0 0
1473800194 189 87 0 1546 0 0 0 0 0 0 0 0 306 0 91 0 1063 0 0 0
1473809564 191 87 0 1546 0 0 0 0 0 0 0 0 306 0 91 0 1063 0 0 0
1473812192 192 87 0 1546 0 0 0 0 0 0 0 0 306 0 91 0 1063 0 0 0
1473827620 192 87 0 1546 0 0 0 0 0 0 0 0 306 0 91 0 1063 0 0 0
1473831002 192 87 0 1546 0 0 0 0 0 0 0 0 306 0 91 0 1063 0 0 0
1475174825 192 87 0 1546 0 0 0 0 0 0 0 0 306 0 91 0 1063 0 0 0
1475177131 192 87 0 1546 0 0 0 0 0 0 0 0 306 0 91 0 1063 0 0 0
1475892596 192 87 0 1555 0 0 0 0 0 0 0 0 306 0 91 0 1063 0 0 0
1475892769 192 87 0 1564 0 0 0 0 0 0 0 0 306 0 91 0 1063 0 0 0
1475893746 192 87 0 1564 0 0 0 0 0 0 0 0 306 0 91 0 1063 0 0 0
1476958019 192 87 0 1564 0 0 0 0 0 0 0 0 306 0 93 0 1063 0 0 0
1477326958 192 87 0 1564 0 0 0 0 0 0 0 0 306 0 93 0 1063 0 0 0
1477400269 192 87 0 1564 0 0 0 0 0 0 0 0 306 0 93 0 1063 0 0 0
1477426424 192 87 0 1564 0 0 0 0 0 0 0 0 306 0 93 0 1063 0 0 0
1477458736 192 87 0 1564 0 0 0 0 0 0 0 0 306 0 93 0 1063 0 0 0
1477459104 192 87 0 1564 0 0 0 0 0 0 0 0 306 0 93 0 1063 0 0 0
1477846574 192 87 0 1564 0 0 0 0 0 0 0 0 306 0 93 0 1063 0 0 0
1477861633 192 87 0 1564 0 0 0 0 0 0 0 0 306 0 93 0 1063 0 0 0
1478543313 192 87 0 1564 0 0 0 0 0 0 0 0 306 0 93 0 1063 0 0 0
1478544651 192 87 0 1564 0 0 0 0 0 0 0 0 306 0 93 0 1063 0 0 0
1478581902 192 87 0 1564 0 0 0 0 0 0 0 0 306 0 93 0 1063 0 0 0
1478586602 192 87 0 1564 0 0 0 0 0 0 0 0 306 0 93 0 1063 0 0 0
1478587933 192 87 0 1564 0 0 0 0 0 0 0 0 306 0 93 0 1063 0 0 0
1478588028 192 87 0 1564 0 0 0 0 0 0 0 0 306 0 93 0 1063 0 0 0
1478989560 192 87 0 1564 0 0 0 0 0 0 0 0 306 0 93 0 1063 0 0 0
1479515277 192 87 0 1564 0 0 0 0 0 0 0 0 306 0 93 0 1063 0 0 0
1479521815 192 87 0 1564 0 0 0 0 0 0 0 0 306 0 93 0 1063 0 0 0
1479837230 192 87 0 1564 0 0 0 0 0 0 0 0 306 0 93 0 1063 0 0 0
1480355592 192 100 0 1564 0 0 0 0 0 0 0 0 306 0 93 0 1063 0 0 0
1484001444 192 100 0 1564 0 0 0 152 0 0 0 0 306 0 93 0 1063 0 0 0
1484244256 192 100 0 1564 0 0 0 2450 0 0 0 0 306 0 93 0 1063 0 0 0
1484244361 194 100 0 1564 0 0 0 2450 0 0 0 0 306 0 93 0 1063 0 0 0
1485193245 194 100 0 1564 0 0 0 2470 0 0 0 0 306 0 93 0 1063 0 0 0
1485367564 194 100 0 1564 0 0 0 2470 0 0 0 0 306 0 94 0 1063 0 0 0
1485968277 194 100 0 1564 0 0 0 2470 0 0 0 0 306 0 94 0 1063 1 0 0
1485980515 194 100 0 1564 0 0 0 2470 0 0 0 0 306 0 94 0 1063 2 0 0
1485980549 194 100 0 1564 0 0 0 2470 0 0 0 0 306 0 94 0 1063 3 0 0
1486489560 203 100 0 1564 0 0 0 2470 0 0 0 0 306 0 94 0 1063 3 0 0
1486672878 536 100 0 1564 0 0 0 2470 0 0 0 0 306 0 94 0 1063 3 0 0
1486762051 536 100 0 1576 0 0 0 2470 0 0 0 0 306 0 94 0 1063 3 0 0
1486780853 536 100 0 1576 0 0 0 2470 0 0 0 0 306 0 94 0 1063 3 0 0
1487119841 965 100 0 1576 0 0 0 2470 0 0 0 0 306 0 94 0 1063 3 0 0
1487275500 1041 100 0 1576 0 0 0 2470 0 0 0 0 306 0 94 0 1063 3 0 0
1487720557 1041 112 0 1576 0 0 0 2470 0 0 0 0 306 0 94 0 1063 3 0 0
1487724368 1206 112 0 1576 0 0 0 2470 0 0 0 0 306 0 94 0 1063 3 0 0
1488221410 1206 112 0 1576 0 0 0 2600 0 0 0 0 306 0 94 0 1063 3 0 0
1488240132 1206 112 0 1576 0 0 0 2600 0 0 0 0 306 0 94 0 1063 3 0 0
1488650280 1206 112 0 1576 0 0 0 2600 0 0 0 0 306 0 94 0 1063 3 0 0
1488738396 1206 112 0 1576 0 0 41 2600 0 0 0 0 306 0 94 0 1063 3 0 0
1489003402 1206 112 0 1576 0 0 41 2600 0 0 0 0 306 0 94 0 1063 3 0 0
1489076411 1206 112 0 1576 0 0 41 2600 0 0 0 0 306 0 94 0 1063 3 0 0
1489691393 1206 112 0 1576 0 0 41 2600 0 0 0 0 306 0 94 0 1063 3 0 0
1489691407 1206 112 0 1576 0 0 42 2600 0 0 0 0 306 0 94 0 1063 3 0 0
1489788634 1206 112 0 1576 0 0 42 2600 0 0 0 0 306 0 94 0 1063 3 0 0
1490639731 1206 112 0 1576 0 0 42 2600 0 0 0 0 306 0 94 0 1063 3 0 0
1490722877 1206 112 0 1576 0 0 42 2600 0 0 0 0 306 0 94 0 1063 3 0 0
1490741593 1206 700 0 1576 0 0 42 2600 0 0 0 0 306 0 94 0 1063 3 0 0
1492478318 1206 700 0 1576 0 0 42 2600 0 0 0 0 306 0 94 0 1063 187 0 0
1492520007 1206 700 0 1576 0 0 42 2600 0 0 0 0 306 0 94 0 1063 187 0 0
1492621316 1206 700 0 1576 0 0 51 2600 0 0 0 0 306 0 94 0 1063 187 0 0
1492640321 1206 700 0 1576 0 0 51 2605 0 0 0 0 306 0 94 0 1063 187 0 0
1492709637 1228 700 0 1576 0 0 51 2605 0 0 0 0 306 0 94 0 1063 187 0 0
1492738737 1228 700 0 1576 0 0 51 2605 0 0 0 0 306 0 94 0 1063 187 0 0
1494137611 1228 701 0 1576 0 0 51 2605 0 0 0 0 306 0 94 0 1063 187 0 0
1494555968 1240 701 0 1576 0 0 51 2605 0 0 0 0 306 0 94 0 1063 187 0 0
1494876471 1240 729 0 1576 0 0 51 2605 0 0 0 0 306 0 94 0 1063 187 0 0
1494969836 1240 731 0 1576 0 0 51 2605 0 0 0 0 306 0 94 0 1063 187 0 0
1495221704 1240 731 0 1576 0 0 51 2605 0 0 0 0 306 0 94 0 1063 187 0 0
1495370616 1240 731 0 1576 0 0 52 2605 0 0 0 0 306 0 94 0 1063 187 0 0
1495378738 1240 731 0 1576 0 0 108 2605 0 0 0 0 306 0 94 0 1063 187 0 0
1495445142 1240 765 0 1576 0 0 108 2605 0 0 0 0 306 0 94 0 1063 187 0 0
1495468328 1240 765 0 1576 0 0 108 2605 0 0 0 0 306 0 94 0 1063 187 0 0
1495484453 1240 765 0 1576 0 0 108 2605 0 0 0 0 306 0 94 0 1063 257 0 0
1495656812 1240 765 0 1576 0 0 108 2605 0 0 0 0 306 0 94 0 1063 257 0 0
1495829764 1240 789 0 1576 0 0 108 2605 0 0 0 0 306 0 94 0 1063 257 0 0
1495988794 1240 789 0 1576 0 0 108 2605 0 0 0 0 306 0 94 0 1063 285 0 0
1496087803 1240 877 0 1576 0 0 108 2605 0 0 0 0 306 0 94 0 1063 285 0 0
1496723754 1240 877 0 1576 0 0 108 2605 0 0 0 0 306 0 94 0 1063 439 0 0
1497025297 1240 877 0 1576 0 0 203 2605 0 0 0 0 306 0 94 0 1063 439 0 0
1497025590 1240 877 0 1576 0 0 293 2605 0 0 0 0 306 0 94 0 1063 439 0 0
1497202554 1241 877 0 1576 0 0 293 2605 0 0 0 0 306 0 94 0 1063 439 0 0
1497293460 1241 877 0 1576 0 0 310 2605 0 0 0 0 306 0 94 0 1063 439 0 0
1497421066 1241 889 0 1576 0 0 310 2605 0 0 0 0 306 0 94 0 1063 439 0 0
1497974928 1241 904 0 1576 0 0 310 2605 0 0 0 0 306 0 94 0 1063 439 0 0
1498397411 1241 925 0 1576 0 0 310 2605 0 0 0 0 306 0 94 0 1063 439 0 0
1498398605 1241 948 0 1576 0 0 310 2605 0 0 0 0 306 0 94 0 1063 439 0 0
1498400162 1241 969 0 1576 0 0 310 2605 0 0 0 0 306 0 94 0 1063 439 0 0
1498600687 1241 1022 0 1576 0 0 310 2605 0 0 0 0 306 0 94 0 1063 439 0 0
1498645106 1241 1022 0 1576 0 0 310 2605 0 0 0 0 306 0 94 0 1063 439 0 0
1498651624 1241 1023 0 1576 0 0 310 2605 0 0 0 0 306 0 94 0 1063 439 0 0
1498673284 1242 1023 0 1576 0 0 310 2605 0 0 0 0 306 0 94 0 1063 439 0 0
1498710831 1242 1023 0 1634 0 0 310 2605 0 0 0 0 306 0 94 0 1063 439 0 0
1498714264 1271 1023 0 1634 0 0 310 2605 0 0 0 0 306 0 94 0 1063 439 0 0
1498776680 1271 1023 0 1634 0 0 310 2605 0 0 0 0 306 0 94 0 1063 439 0 0
1498871492 1271 1023 0 1635 0 0 310 2605 0 0 0 0 306 0 94 0 1063 439 0 0
1499102772 1271 1023 0 1635 0 0 310 2605 0 0 0 0 306 0 94 0 1063 439 0 0
1499176898 1271 1023 0 1635 0 0 310 2605 0 0 0 0 306 0 94 0 1063 572 0 0
1499593857 1289 1023 0 1635 0 0 310 2605 0 0 0 0 306 0 94 0 1063 572 0 0
1500004609 1291 1023 0 1635 0 0 310 2605 0 0 0 0 306 0 94 0 1063 572 0 0
1500966462 1291 1023 0 1635 0 0 316 2605 0 0 0 0 306 0 94 0 1063 572 0 0
1500973442 1291 1023 0 1635 0 0 316 2605 0 0 0 0 306 0 94 0 1063 572 0 0
1501080427 1291 1023 0 1635 0 0 316 2605 0 0 0 0 306 0 94 0 1063 572 0 0
1502025897 1291 1078 0 1635 0 0 316 2605 0 0 0 0 306 0 94 0 1063 572 0 0
1502195514 1291 1080 0 1635 0 0 316 2605 0 0 0 0 306 0 94 0 1063 572 0 0
1502268883 1291 1082 0 1635 0 0 316 2605 0 0 0 0 306 0 94 0 1063 572 0 0
1503089246 1291 1082 0 1635 0 0 316 2605 0 0 0 0 306 0 94 0 1063 572 0 0
1503089382 1291 1082 0 1635 0 0 316 2605 0 0 0 0 306 0 94 0 1063 572 0 0
1504113391 1291 1082 0 1635 0 0 316 2605 0 0 0 0 306 0 94 0 1063 572 0 0
1504317232 1291 1082 0 1635 0 0 316 2605 0 0 0 0 306 0 94 0 1063 572 46 0
1504378093 1291 1359 0 1635 0 0 316 2605 0 0 0 0 306 0 94 0 1063 572 46 0
1504382012 1294 1359 0 1635 0 0 316 2605 0 0 0 0 306 0 94 0 1063 572 46 0
1504506282 1294 1389 0 1635 0 0 316 2605 0 0 0 0 306 0 94 0 1063 572 46 0
1505187739 1294 1436 0 1635 0 0 316 2605 0 0 0 0 306 0 94 0 1063 572 46 0
1505190778 1294 1436 0 1635 0 0 316 2605 0 0 0 0 306 0 94 0 1063 572 55 0
1505475067 1294 1444 0 1635 0 0 316 2605 0 0 0 0 306 0 94 0 1063 572 55 0
1505863384 1294 1444 0 1635 0 0 316 2667 0 0 0 0 306 0 94 0 1063 572 55 0
1506705065 1294 1444 0 1636 0 0 316 2667 0 0 0 0 306 0 94 0 1063 572 55 0
1506708978 1294 1444 0 1637 0 0 316 2667 0 0 0 0 306 0 94 0 1063 572 55 0
1506794446 1294 1444 0 1637 0 0 316 2667 0 0 0 0 306 0 94 0 1063 572 55 0
1506796655 1345 1444 0 1637 0 0 316 2667 0 0 0 0 306 0 94 0 1063 572 55 0
1506815895 1345 1444 0 1664 0 0 316 2667 0 0 0 0 306 0 94 0 1063 572 902 0
1506816304 1345 1444 0 1665 0 0 316 2667 0 0 0 0 306 0 94 0 1063 572 902 0
1506903329 1345 1444 0 1665 0 0 316 2667 0 0 0 0 306 0 94 0 1063 572 902 0
1506929109 1345 1444 0 1665 0 0 316 2667 0 0 0 0 306 0 94 0 1063 572 902 0
1506938079 1345 1444 0 1665 0 0 316 2667 0 0 0 0 306 0 94 0 1063 572 902 0
1506945571 1345 1444 0 1665 0 0 316 2667 0 0 0 0 306 0 94 0 1063 572 902 0
1506993871 1345 1444 0 1665 0 0 316 2667 0 0 0 0 306 0 94 0 1063 572 938 0
1507243647 1345 1444 0 1665 0 0 316 2667 0 0 0 0 306 0 94 0 1063 572 987 0
1507247166 1345 1444 0 1665 0 0 316 2667 0 0 0 0 306 0 94 0 1063 572 1068 0
1507766061 1345 1444 0 1667 0 0 316 2667 0 0 0 0 306 0 94 0 1063 572 1068 0
1507946554 1351 1444 0 1667 0 0 316 2667 0 0 0 0 306 0 94 0 1063 572 1068 0
1507946660 1351 1444 0 1667 0 0 316 2667 0 0 0 0 306 0 94 0 1063 572 1068 0
1507946698 1351 1444 0 1667 0 0 316 2667 0 0 0 0 306 0 94 0 1063 572 1068 0
1507956823 1351 1444 0 1667 0 0 316 2667 0 0 0 0 306 0 94 0 1063 572 1068 0
1508179369 1351 1444 0 1667 0 0 316 2667 0 0 0 0 306 0 94 0 1063 572 1068 0
1508357923 1351 1444 0 1667 0 0 316 2667 0 0 0 0 306 0 94 0 1063 572 1068 0
1508474220 1351 1444 0 1667 0 0 316 2667 0 0 0 0 306 0 94 0 1063 572 1068 0
1508527452 1351 1444 0 1667 0 0 316 2667 0 0 0 0 306 0 94 0 1063 574 1080 0
1508789410 1351 1455 0 1667 0 0 316 2667 0 0 0 0 306 0 94 0 1063 574 1080 0
1508789431 1351 1480 0 1667 0 0 316 2667 0 0 0 0 306 0 94 0 1063 574 1080 0
1508807866 1351 1480 0 1667 0 0 316 2667 0 0 0 0 306 0 94 0 1063 574 1080 0
1509050896 1351 1574 0 1667 0 0 316 2667 0 0 0 0 306 0 94 0 1063 574 1080 0
1509265999 1351 1600 0 1667 0 0 316 2667 0 0 0 0 306 0 94 0 1063 574 1080 0
1509743606 1351 1600 0 1667 0 0 316 2667 0 0 0 0 306 0 94 0 1063 574 1080 0
1510007159 1383 1600 0 1667 0 0 316 2667 0 0 0 0 306 0 94 0 1063 574 1080 0
1510007208 1383 1626 0 1667 0 0 316 2667 0 0 0 0 306 0 94 0 1063 574 1080 0
1511102824 1383 1652 0 1667 0 0 316 2667 0 0 0 0 306 0 94 0 1063 574 1080 0
1511113159 1383 1652 0 1667 0 0 316 2667 0 0 0 0 306 0 94 0 1063 574 1080 0
1511114376 1383 1652 0 1667 0 0 316 2667 0 0 0 0 306 0 94 0 1063 574 1080 0
1511114857 1383 1652 0 1667 0 0 316 2667 0 0 0 0 306 0 94 0 1063 574 1080 0
1511223266 1383 1652 0 1696 0 0 316 2667 0 0 0 0 306 0 94 0 1063 574 1080 0
1511231716 1383 1652 0 1697 0 0 316 2667 0 0 0 0 306 0 94 0 1063 574 1080 0
1511307812 1383 1945 0 1697 0 0 316 2667 0 0 0 0 306 0 94 0 1063 574 1080 0
1511381911 1383 1945 0 1706 0 0 316 2667 0 0 0 0 306 0 94 0 1063 574 1080 0
1511424725 1383 1945 0 1706 0 0 316 2667 0 0 247 0 306 0 94 0 1063 574 1080 0
1511810719 1383 1945 0 1706 0 0 316 2667 0 0 247 0 306 0 94 0 1063 574 1080 0
1512397404 1383 1945 0 1706 0 0 316 2667 0 0 375 0 306 0 94 0 1063 574 1080 0
1512501575 1383 1945 0 1706 0 0 316 2667 0 0 375 0 306 0 94 0 1063 574 1080 0
1512540453 1383 1945 0 1706 0 0 316 2667 0 0 375 0 306 0 94 0 1063 574 1080 0
1512583358 1383 1945 0 1706 0 0 316 2667 0 0 375 0 306 0 94 0 1063 574 1080 0
1512583979 1383 1987 0 1706 0 0 316 2667 0 0 375 0 306 0 94 0 1063 574 1080 0
1513197327 1383 1987 0 1706 0 0 316 2667 0 0 375 0 306 0 94 0 1063 574 1080 0
1513844696 1383 2068 0 1706 0 0 316 2667 0 0 375 0 306 0 94 0 1063 574 1080 0
1513916929 1383 2093 0 1706 0 0 316 2667 0 0 375 0 306 0 94 0 1063 574 1080 0
1514199862 1383 2093 0 1706 0 0 316 2667 0 0 411 0 306 0 94 0 1063 574 1080 0
1514351161 1383 2093 0 1706 0 0 316 2667 0 0 411 0 306 0 94 0 1063 574 1080 0
1515013657 1383 2093 0 1706 0 0 316 2667 0 0 411 0 306 0 94 0 1063 574 1080 0
1515093645 1383 2093 0 1706 0 0 316 2667 0 0 411 0 306 0 94 0 1063 574 1080 0
1515104039 1383 2093 0 1706 0 0 463 2667 0 0 411 0 306 0 94 0 1063 574 1080 0
1515106258 1383 2093 0 1706 0 0 467 2667 0 0 411 0 306 0 94 0 1063 574 1080 0
1515341611 1383 2093 0 1706 0 0 467 2667 0 0 411 0 306 0 94 0 1063 574 1080 0
1515612616 1383 2093 0 1706 0 0 467 2667 0 0 411 0 306 0 94 0 1063 574 1080 0
1515659245 1383 2093 0 1706 0 0 467 2667 0 0 411 0 306 0 94 0 1063 574 1080 0
1515759461 1383 2095 0 1706 0 0 467 2667 0 0 411 0 306 0 94 0 1063 574 1080 0
1515885352 1383 2095 0 1706 0 0 467 2667 0 0 411 0 306 0 94 0 1063 574 1080 0
1515910110 1383 2095 0 1706 0 0 467 2667 0 0 411 0 306 0 94 0 1063 574 1080 0
1516199929 1383 2133 0 1706 0 0 467 2667 0 0 411 0 306 0 94 0 1063 574 1080 0
1516261657 1383 2135 0 1706 0 0 467 2667 0 0 411 0 306 0 94 0 1063 574 1080 0
1516263439 1383 2144 0 1706 0 0 467 2667 0 0 411 0 306 0 94 0 1063 574 1080 0
1516394409 1383 2144 0 1706 0 0 467 2667 0 0 411 0 306 0 94 0 1063 574 1080 0
1516815673 1383 2144 0 1706 0 0 467 2667 0 0 411 0 306 0 94 48 1063 574 1080 0
1517599654 1383 2144 0 1706 0 0 467 2667 0 0 411 0 306 0 94 48 1063 574 1080 0
1517877977 1383 2144 0 1706 0 0 467 2667 0 0 411 0 306 0 94 48 1063 574 1080 0
1517881422 1383 2144 0 1706 0 4 467 2667 0 0 411 0 306 0 94 48 1063 574 1080 0
1518262390 1383 2144 0 1706 0 4 467 2667 0 0 411 0 306 0 94 48 1063 574 1080 0
1518968678 1383 2144 0 1706 0 4 467 2667 0 0 444 0 306 0 94 48 1063 574 1080 0
1519158883 1383 2208 0 1706 0 4 467 2667 0 0 444 0 306 0 94 48 1063 574 1080 0
1519395180 1383 2208 0 1706 0 4 467 2667 0 0 444 0 306 0 94 48 1063 574 1080 0
1519909453 1383 2208 0 1706 0 4 467 2667 0 0 444 0 306 0 94 48 1063 574 1080 0
1519937671 1383 2208 0 1706 0 24 467 2667 0 0 444 0 306 0 94 48 1063 574 1080 0
1519941052 1383 2208 0 1706 0 24 467 2667 0 0 444 0 306 0 94 48 1063 574 1080 0
1519941091 1383 2208 0 1706 0 24 467 2667 0 0 444 0 306 0 94 48 1063 574 1080 0
1520104712 1383 2220 0 1706 0 24 467 2667 0 0 444 0 306 0 94 48 1063 574 1080 0
1520142517 1383 2220 0 1706 0 24 467 2667 0 0 444 0 306 0 94 48 1063 574 1080 0
1520304901 1383 2220 0 1706 0 24 467 2667 0 0 444 0 306 0 94 48 1063 574 1080 0
1520449722 1383 2220 0 1706 0 24 467 2667 0 0 444 0 306 0 94 48 1063 574 1080 0
1520454127 1384 2220 0 1706 0 24 467 2667 0 0 444 0 306 0 94 48 1063 574 1080 0
1520583656 1384 2220 0 1706 0 24 467 2667 0 0 444 0 306 0 94 48 1063 574 1080 0
1521050950 1384 2220 0 1706 0 24 467 2667 0 0 444 0 306 0 94 48 1063 574 1080 0
1521654662 1384 2220 0 1706 0 24 467 2667 0 0 444 0 306 0 94 48 1063 574 1080 0
1522018381 1384 2220 0 1712 0 24 467 2667 0 0 444 0 306 0 94 48 1063 574 1080 0
1522019898 1384 2220 0 1731 0 24 467 2667 0 0 444 0 306 0 94 48 1063 574 1080 0
1522020263 1384 2220 0 1800 0 24 467 2667 0 0 444 0 306 0 94 48 1063 574 1080 0
1522226303 1384 2220 0 1800 0 24 467 2667 0 0 444 0 306 0 94 48 1063 574 1080 0
1522269714 1384 2220 0 1800 0 24 467 2667 0 0 444 0 306 0 94 48 1063 574 1080 0
1522303456 1384 2220 0 1800 0 24 467 2667 0 0 474 0 306 0 94 48 1063 574 1080 0
1522526798 1426 2220 0 1800 0 24 467 2667 0 0 474 0 306 0 94 48 1063 574 1080 0
1522541889 1426 2220 0 1800 0 24 467 2667 0 0 474 0 306 0 94 48 1063 574 1080 0
1522543042 1426 2220 0 1800 0 24 467 2667 0 0 474 0 306 0 94 48 1063 574 1080 0
1522619460 1426 2220 0 1800 0 24 467 2667 0 0 474 0 306 0 94 48 1063 574 1080 0
1522688093 1462 2220 0 1800 0 24 467 2667 0 0 474 0 306 0 94 48 1063 574 1080 0
1522688170 1525 2220 0 1800 0 24 467 2667 0 0 474 0 306 0 94 48 1063 574 1080 0
1523408707 1525 2220 0 1800 0 24 467 2667 0 0 474 0 306 0 94 94 1063 574 1080 0
1523423239 1525 2220 0 1800 0 24 467 2667 0 0 474 0 306 0 94 95 1063 574 1080 0
1523465707 1525 2220 0 1800 0 24 467 2667 0 0 474 0 306 0 94 95 1063 574 1080 0
1523647384 1525 2220 0 1800 0 24 467 2667 0 0 474 0 306 0 94 95 1063 574 1080 0
1523907510 1603 2220 0 1800 0 24 467 2667 0 0 474 0 306 0 94 95 1063 574 1080 0
1524531481 1603 2220 0 1800 0 24 467 2667 0 0 474 0 306 0 94 95 1063 574 1080 0
1524535787 1603 2220 0 1800 0 24 467 2667 0 0 474 0 306 0 94 95 1063 574 1080 0
1524629865 1603 2220 0 1800 0 24 467 2667 0 0 474 0 306 0 94 95 1063 574 1080 0
1524629896 1603 2220 0 1800 0 24 467 2667 0 0 474 0 306 0 94 95 1063 574 1080 0
1524980051 1603 2220 0 1800 0 24 467 2667 0 0 474 0 306 0 94 1061 1063 574 1080 0
1525056522 1603 2220 0 1800 0 68 467 2667 0 0 474 0 306 0 94 1061 1063 574 1080 0
1525457198 1603 2220 0 1800 0 68 467 2667 0 0 474 0 306 0 94 1062 1063 574 1080 0
1525497444 1603 2220 0 1800 0 68 467 2667 0 0 474 0 306 0 94 1062 1063 574 1080 0
1525497766 1603 2220 0 1800 0 68 467 2667 0 0 474 0 306 0 94 1062 1063 574 1080 0
1525702599 1603 2220 0 1800 0 68 467 2667 0 0 474 0 306 0 94 1062 1063 574 1080 0
1525709505 1603 2220 0 1800 0 68 467 2667 0 0 474 0 306 0 94 1062 1063 574 1080 0
1525764350 1603 2221 0 1800 0 68 467 2667 0 0 474 0 306 0 94 1062 1063 574 1080 0
1526673630 1603 2225 0 1800 0 68 467 2667 0 0 474 0 306 0 94 1062 1063 574 1080 0
1526673839 1603 2225 0 1800 0 68 467 2667 0 0 575 0 306 0 94 1062 1063 574 1080 0
1526706373 1603 2233 0 1800 0 68 467 2667 0 0 575 0 306 0 94 1062 1063 574 1080 0
1526820539 1603 2235 0 1800 0 68 467 2667 0 0 575 0 306 0 94 1062 1063 574 1080 0
1526832212 1603 2235 0 1800 0 68 467 2667 0 0 575 0 306 0 94 1062 1063 574 1080 0
1527471912 1603 2235 0 1830 0 68 467 2667 0 0 575 0 306 0 94 1062 1063 574 1080 0
1527696094 1603 2235 0 1830 0 68 467 2667 0 0 637 0 306 0 94 1062 1063 574 1080 0
1527968308 1603 2267 0 1830 0 68 467 2667 0 0 637 0 306 0 94 1062 1063 574 1080 0
1528002124 1603 2267 0 1830 0 68 467 2667 0 0 637 0 306 0 94 1062 1063 574 1080 0
1528450035 1603 2273 0 1830 0 68 467 2667 0 0 637 0 306 0 94 1062 1063 574 1080 0
1528452648 1603 2276 0 1830 0 68 467 2667 0 0 637 0 306 0 94 1062 1063 574 1080 0
1528779137 1603 2276 0 1830 0 68 467 2667 0 0 637 0 306 0 94 4985 1063 574 1080 0
1528825927 1603 2276 0 1830 0 68 467 2689 0 0 637 0 306 0 94 4985 1063 574 1080 0
1528834164 1603 2276 0 1830 0 68 467 2689 0 0 637 0 306 0 94 4988 1063 574 1080 0
1528909018 1603 2276 0 1830 0 68 467 2690 0 0 637 0 306 0 94 4988 1063 574 1080 0
1529177065 1603 2276 0 1830 0 68 467 2690 0 0 637 0 306 0 94 4988 1063 574 1080 0
1529478108 1603 2276 0 1830 0 68 467 2690 0 0 637 0 306 0 94 4988 1063 574 1080 0
1529516725 1603 2276 0 1830 0 68 467 2690 0 0 637 0 306 0 94 4988 1063 574 1080 0
1529534369 1671 2276 0 1830 0 68 467 2690 0 0 637 0 306 0 94 4988 1063 574 1080 0
1529692866 1671 2276 0 1830 0 68 467 2744 0 0 637 0 306 0 94 4988 1063 574 1080 0
1529775329 1671 2276 0 1830 0 68 467 2744 0 0 637 0 306 0 94 4988 1063 574 1080 0
1529955769 1705 2276 0 1830 0 68 467 2744 0 0 637 0 306 0 94 4988 1063 574 1080 0
1529956543 1705 2276 0 1830 0 68 467 2744 0 0 637 0 306 0 94 4988 1063 574 1080 0
1529984675 1707 2276 0 1830 0 68 467 2744 0 0 637 0 306 0 94 4988 1063 574 1080 0
1530039034 1754 2276 0 1830 0 68 467 2744 0 0 637 0 306 0 94 4988 1063 574 1080 0
1530040210 1754 2276 0 1832 0 68 467 2744 0 0 637 0 306 0 94 4988 1063 574 1080 0
1530053062 1754 2276 0 1832 0 68 467 2744 0 0 637 0 306 0 94 4988 1063 574 1080 0
1530124758 1760 2276 0 1832 0 68 467 2744 0 0 637 0 306 0 94 4988 1063 574 1080 0
1530125623 1760 2276 0 1832 0 68 467 2778 0 0 637 0 306 0 94 4988 1063 574 1080 0
1530132199 1760 2276 0 1832 0 68 467 2778 0 0 637 0 306 0 94 4988 1063 574 1080 0
1530135121 1787 2276 0 1832 0 68 467 2778 0 0 637 0 306 0 94 4988 1063 574 1080 0
1530211407 2138 2276 0 1832 0 68 467 2778 0 0 637 0 306 0 94 4988 1063 574 1080 0
1530211494 2140 2276 0 1832 0 68 467 2778 0 0 637 0 306 0 94 4988 1063 574 1080 0
1530300043 2140 2276 0 1832 0 68 467 2778 0 0 637 0 306 4 94 4988 1063 574 1080 0
1530303112 2140 2276 0 1832 0 68 467 2778 0 0 637 0 306 4 94 4988 1063 574 1080 0
1530308332 2140 2276 0 1832 0 68 467 2778 0 0 637 0 306 78 94 4988 1063 574 1080 0
1530446771 2140 2276 0 1832 0 68 467 2778 0 0 637 0 306 78 94 4988 1063 574 1080 0
1530581106 2140 2276 0 1832 0 68 467 2778 0 0 637 0 306 86 94 4988 1063 574 1080 0
1530738062 2140 2276 0 1832 0 68 467 2778 0 0 637 0 306 90 94 4988 1063 574 1080 0
1530823425 2140 2276 0 1832 0 68 467 2778 0 0 637 0 306 101 94 4988 1063 574 1080 0
1531160237 2140 2276 0 1832 0 68 467 2778 0 0 637 0 306 101 94 4988 1063 574 1080 0
1531248584 2183 2276 0 1832 0 68 467 2778 0 0 637 0 306 101 94 4988 1063 574 1080 0
1531752316 2183 2290 0 1832 0 68 467 2778 0 0 637 0 306 101 94 4988 1063 574 1080 0
1531812421 2183 2290 0 1832 0 68 467 2778 0 0 637 0 306 2101 94 4988 1063 574 1080 0
1531847461 2183 2290 0 1832 0 68 467 2778 0 0 637 0 306 2104 94 4988 1063 574 1080 0
1532391830 2183 2290 0 1832 0 68 467 2778 0 0 637 0 306 2104 94 4988 1063 574 1080 32
1533321808 2183 2290 0 1832 0 68 467 2778 0 0 637 0 306 2104 94 4988 1063 574 1080 32
1533323998 2183 2290 0 1832 0 68 467 2778 0 0 637 0 306 2104 94 4988 1063 574 1080 32
1533324038 2183 2290 0 1832 0 68 467 2778 0 0 637 0 306 2104 94 4988 1063 574 1080 32
1533328140 2183 2290 0 1832 0 68 467 2778 0 0 637 0 306 2104 94 4988 1063 574 1080 32
1533583885 2183 2290 0 1832 0 68 467 2778 0 0 637 0 306 2142 94 4988 1063 574 1080 32
1533586036 2183 2290 0 1832 0 68 467 2778 0 0 637 0 306 2142 94 4988 1063 574 1080 32
1533588244 2183 2291 0 1832 0 68 467 2778 0 0 637 0 306 2142 94 4988 1063 574 1080 32
1533659650 2183 2291 0 1832 0 68 467 2778 0 0 637 0 306 2958 94 4988 1063 574 1080 32
1534083922 2183 2291 0 1832 0 68 467 2778 0 0 637 0 306 2958 94 4988 1063 574 1080 32
1534106680 2183 2291 0 1832 0 68 467 2778 0 0 637 0 306 2958 94 4988 1063 574 1080 32
1534106747 2183 2291 0 1832 0 68 467 2778 0 0 637 0 306 2958 94 4988 1063 574 1080 32
1534106900 2183 2291 0 1832 0 68 467 2778 0 0 637 0 306 2958 94 4988 1063 574 1080 32
1534171058 2183 2291 0 1832 0 68 467 2778 0 0 637 0 306 2958 94 4988 1063 574 1080 32
1534267198 2183 2291 0 1832 0 68 467 2778 0 0 637 0 306 3031 94 4988 1063 574 1080 32
1534364704 2183 2291 0 1832 0 68 467 2778 0 0 637 0 306 3074 94 4988 1063 574 1080 32
1534443327 2183 2291 0 1832 0 68 467 2778 0 0 637 0 306 3081 94 4988 1063 574 1080 32
1534449777 2183 2297 0 1832 0 68 467 2778 0 0 637 0 306 3081 94 4988 1063 574 1080 32
1534793815 2183 2298 0 1832 0 68 467 2778 0 0 637 0 306 3081 94 4988 1063 574 1080 32
1535553914 2183 2298 0 1832 0 68 467 2778 0 0 637 0 306 3081 94 4988 1063 574 1080 32
1535822710 2183 2367 0 1832 0 68 467 2778 0 0 637 0 306 3081 94 4988 1063 574 1080 32
1536192100 2183 2367 0 1840 0 68 467 2778 0 0 637 0 306 3081 94 4988 1063 574 1080 32
1536358369 2183 2367 0 1840 0 68 467 2778 0 0 637 0 306 3081 94 4988 1063 574 1080 32
1536358864 2183 2367 0 1840 0 68 467 2778 0 0 637 0 306 3081 94 4988 1063 574 1083 32
1536361042 2183 2367 0 1840 0 68 467 2778 0 0 637 0 306 3081 94 4988 1063 574 1083 32
1536586806 2183 2367 0 1840 0 68 467 2778 0 0 637 0 306 3081 94 4988 1063 574 1083 32
1536596876 2183 2367 0 1840 0 68 467 2778 0 0 637 0 306 3081 94 4988 1063 574 1083 32
1536601482 2183 2367 0 1840 0 68 467 2778 0 0 637 0 306 3081 94 4988 1063 574 1083 32
1536601526 2184 2367 0 1840 0 68 467 2778 0 0 637 0 306 3081 94 4988 1063 574 1083 32
1536774193 2184 2367 0 1840 0 68 467 2778 0 0 637 0 306 3081 94 4988 1063 574 1083 32
1537459451 2184 2367 0 1840 0 68 467 2778 0 0 637 0 306 3081 94 4988 1063 574 1083 32
1537461195 2184 2368 0 1840 0 68 467 2778 0 0 637 0 306 3081 94 4988 1063 574 1083 32
1538112027 2184 2368 0 1840 0 68 467 2778 0 0 637 0 306 3081 94 4988 1063 574 1083 32
1538506889 2184 2368 0 1840 0 68 467 2778 0 0 637 0 306 3081 94 4988 1063 574 1083 32
1538674552 2184 2368 0 1840 0 68 467 2778 0 0 637 0 306 3081 94 4988 1063 574 1083 32
1539006726 2184 2368 0 1840 0 68 467 2778 0 0 637 0 306 3081 94 4988 1063 574 1083 32
1540096414 2184 2368 0 1840 0 68 467 2778 0 0 637 0 306 3081 94 4988 1063 574 1083 32
1540105216 2185 2368 0 1840 0 68 467 2778 0 0 637 0 306 3081 94 4988 1063 574 1083 32
1540311798 2185 2368 0 1840 0 68 467 2778 0 0 637 0 306 3081 94 4988 1063 574 1083 32
1540576992 2185 2368 0 1840 0 68 467 2778 0 0 637 0 306 3081 94 4988 1063 574 1083 32
1540921145 2185 2368 0 1840 0 68 467 2778 0 0 637 0 306 3081 94 4988 1063 574 1083 32
1541090190 2185 2368 0 1840 0 68 467 2778 0 0 637 0 306 3081 94 4988 1063 574 1083 32
1542912127 2185 2368 0 1840 0 68 467 2778 0 0 637 0 3506 3081 94 4988 1063 574 1083 32
1542920963 2185 2368 0 1840 0 68 467 2778 0 0 637 0 3506 3081 94 4988 1063 574 1083 32
1543329435 2185 2368 0 1840 0 68 467 2778 0 0 637 0 3506 3081 94 4988 1063 574 1083 32
1544451706 2185 2368 0 1840 0 68 467 2778 0 0 637 0 3506 3081 94 4988 1063 574 1083 32
1544597364 2185 2368 0 1840 0 68 467 2778 0 0 637 0 3506 3081 94 4988 1063 574 1083 32
1544600705 2185 2368 0 1840 0 68 467 2778 0 0 637 0 3506 3081 94 4988 1063 574 1083 32
1544600721 2185 2379 0 1840 0 68 467 2778 0 0 637 0 3506 3081 94 4988 1063 574 1083 32
1545108962 2185 2379 0 1840 0 68 467 2778 0 0 637 0 3506 3081 94 4988 1063 574 1083 32
1546972434 2185 2533 0 1840 0 68 467 2778 0 0 637 0 3506 3081 94 4988 1063 574 1083 32
1546974320 2185 2533 0 1840 0 68 467 2778 0 0 637 0 3508 3081 94 4988 1063 574 1083 32
1547533846 2185 2533 0 1840 0 68 467 2778 0 0 637 0 3508 3081 94 4988 1063 574 1083 32
1547657913 2185 2533 0 1840 0 68 467 2778 0 0 638 0 3508 3081 94 4988 1063 574 1083 32
1547667571 2185 2533 0 1840 44 68 467 2778 0 0 638 0 3508 3081 94 4988 1063 574 1083 32
1547734243 2185 2533 0 1840 44 68 467 2778 0 0 680 0 3508 3081 94 4988 1063 574 1083 32
1548217597 2185 2533 0 1840 44 68 467 2778 0 0 680 0 3508 3081 94 4988 1063 574 1083 93
1548513439 2185 2533 0 1840 44 68 467 2778 0 0 701 0 3508 3081 94 4988 1063 574 1083 93
1548517460 2185 2533 0 1840 44 68 467 2778 0 0 701 0 3508 3081 94 4988 1063 574 1083 93
1548608649 2185 2533 0 1840 44 68 467 2778 0 0 702 0 3508 3081 94 4988 1063 574 1083 93
1548814760 2185 2533 0 1840 44 68 467 2778 0 0 702 0 3508 3081 94 4988 1063 574 1083 93
1548849910 2185 2533 0 1840 44 68 467 2778 0 0 742 0 3508 3081 94 4988 1063 574 1083 93
1548871764 2185 2533 0 1840 44 68 467 2778 0 0 742 0 3508 3081 94 4988 1063 574 1083 93
1548960876 2185 2533 0 1840 44 68 467 2778 0 0 742 0 3508 3081 94 4988 1063 574 1083 93
1549677686 2185 2533 0 1840 44 68 467 2778 0 0 742 0 3508 3081 94 4988 1063 574 1083 93
1550057679 2185 2533 0 1840 44 68 467 2778 0 0 742 0 3508 3081 94 4988 1063 574 1083 152
1550134128 2185 2533 0 1840 44 68 467 2778 0 0 742 0 3508 3081 94 4988 1063 574 1083 152
1550162237 2185 2533 0 1840 44 68 467 2778 0 0 742 0 3508 3081 94 4988 1063 574 1083 152
1550265244 2185 2533 0 1840 44 68 467 2778 0 0 742 0 3508 3081 94 4988 1063 574 1083 152
1550681256 2185 2533 0 1840 44 68 467 2794 0 0 742 0 3508 3081 94 4988 1063 574 1083 152
1550763231 2185 2533 0 1840 44 68 467 2794 0 0 742 0 3508 3081 94 4988 1063 574 1083 152
1551129309 2185 2773 0 1840 44 68 467 2794 0 0 742 0 3508 3081 94 4988 1063 574 1083 152
1551457994 2185 2773 0 1840 44 68 467 2794 0 0 742 0 3508 3081 94 4988 1063 574 1083 152
1551468662 2185 2773 0 1840 44 222 467 2794 0 0 742 0 3508 3081 94 4988 1063 574 1083 152
1551725653 2185 2773 0 1840 57 222 467 2794 0 0 742 0 3508 3081 94 4988 1063 574 1083 152
1551830896 2185 2773 0 1840 61 222 467 2794 0 0 742 0 3508 3081 94 4988 1063 574 1083 152
1551838183 2185 2773 0 1840 61 222 467 2794 0 0 742 0 3508 3081 94 4988 1063 574 1083 152
1551903771 2185 2773 0 1840 61 222 467 3732 0 0 742 0 3508 3081 94 4988 1063 574 1083 152
1552060333 2185 2773 0 1840 61 222 467 3732 0 0 742 0 3508 3081 94 4988 1063 574 1083 152
1552264604 2185 2773 0 1840 61 222 467 3732 0 0 742 0 3508 3081 94 4988 1063 574 1083 152
1552946495 2185 2773 0 1840 61 222 467 3732 0 0 742 0 3508 3081 94 4988 1063 574 1083 152
1553576690 2185 2773 0 1840 61 882 467 3732 0 0 742 0 3508 3081 94 4988 1063 574 1083 152
1553702996 2185 2810 0 1840 61 882 467 3732 0 0 742 0 3508 3081 94 4988 1063 574 1083 152
1553714034 2185 2821 0 1840 61 882 467 3732 0 0 742 0 3508 3081 94 4988 1063 574 1083 152
1554221697 2185 2821 0 1840 61 882 467 3732 0 0 742 0 3509 3081 94 4988 1063 574 1083 152
1555216767 2185 2821 0 1840 61 882 467 3732 0 0 742 0 3509 3081 94 4988 1063 574 1083 152
1555463334 2185 2821 0 1840 61 882 467 3732 0 0 742 0 3509 3081 94 4988 1063 574 1083 152
1555867223 2185 2821 0 1840 61 882 467 3732 0 0 743 0 3509 3081 94 4988 1063 574 1083 152
1556035280 2185 2821 0 1840 61 882 467 3732 0 0 743 0 3509 3081 94 4988 1063 574 1083 152
1556260450 2185 2821 0 1840 61 882 467 3732 0 0 743 0 3509 3081 94 4988 1063 574 1083 152
1556260718 2185 2821 0 1840 61 882 467 3732 0 0 743 0 3509 3081 94 4988 1063 574 1083 152
1556553693 2185 2821 0 1840 61 882 467 3732 0 0 743 0 3509 3081 94 4988 1063 574 1083 152
1556922190 2185 2821 0 1840 61 882 467 3732 0 0 743 0 3509 3081 94 4988 1063 574 1083 152
1557169913 2185 2821 0 1840 61 882 467 3732 0 0 743 0 3509 3081 94 4988 1063 574 1083 152
1557284883 2185 2821 0 1840 61 882 467 3732 0 0 743 0 3509 3081 94 4988 1063 574 1083 152
1557348454 2185 2821 0 1840 61 882 467 3732 0 815 743 0 3509 3081 94 4988 1063 574 1083 152
1557348610 2185 2821 0 1840 61 882 467 3732 0 815 743 0 3509 3081 94 4988 1063 574 1083 152
1557348721 2185 2821 0 1840 61 882 467 3732 0 815 743 0 3509 3081 94 4988 1063 574 1083 152
1557705612 2185 2821 0 1840 61 882 467 3732 0 848 743 0 3509 3081 94 4988 1063 574 1083 152
1557706387 2185 2821 0 1840 61 882 467 3920 0 848 743 0 3509 3081 94 4988 1063 574 1083 152
1557779411 2185 2821 0 1840 61 882 467 3920 0 848 743 0 3517 3081 94 4988 1063 574 1083 152
1558157048 2185 2821 0 1840 61 882 467 3921 0 848 743 0 3517 3081 94 4988 1063 574 1083 152
1558157150 2185 2821 0 1840 61 882 467 3921 0 848 743 0 3521 3081 94 4988 1063 574 1083 152
1558377967 2185 2821 0 1840 61 882 467 3921 0 848 743 0 3548 3081 94 4988 1063 574 1083 152
1558457641 2185 2821 0 1840 61 882 467 3921 0 848 743 0 3548 3081 94 4988 1063 574 1083 169
1558457666 2185 2821 0 1840 61 882 467 3935 0 848 743 0 3548 3081 94 4988 1063 574 1083 169
1558466232 2185 2821 0 1840 61 882 467 3935 0 900 743 0 3548 3081 94 4988 1063 574 1083 169
1558722199 2185 2821 0 1840 61 882 467 3935 0 900 743 0 3551 3081 94 4988 1063 574 1083 169
1558974916 2185 2821 0 1840 61 882 467 3935 0 900 781 0 3551 3081 94 4988 1063 574 1083 169
1559263418 2185 2821 0 1840 61 882 467 3935 0 1108 781 0 3551 3081 94 4988 1063 574 1083 169
1559263475 2187 2821 0 1840 61 882 467 3935 0 1108 781 0 3551 3081 94 4988 1063 574 1083 169
1559311482 2187 2821 0 1840 61 882 467 3935 0 1108 781 0 3552 3081 94 4988 1063 574 1083 169
1559801532 2187 2918 0 1840 61 882 467 3935 0 1108 781 0 3552 3081 94 4988 1063 574 1083 169
1560496927 2187 2918 0 1840 61 882 467 3935 0 1108 781 0 3552 3081 94 4988 1063 574 1083 169
1560662905 2187 2918 0 1840 61 882 467 3935 0 1108 781 0 3552 3081 94 4988 1063 574 1083 169
1560985393 2187 2918 0 1840 61 882 467 3936 0 1108 781 0 3552 3081 94 4988 1063 574 1083 169
1560988465 2187 2918 0 1840 61 882 467 3936 0 1108 781 0 3552 3081 94 4988 1063 574 1083 169
1561037999 2187 2918 0 1840 61 882 467 3936 0 1108 876 0 3552 3081 94 4988 1063 574 1083 169
1561863522 2187 2918 0 1840 61 882 467 3936 0 1108 876 0 3552 3081 94 4988 1063 574 1083 169
1562969631 2187 2918 0 1840 61 882 467 3936 0 1108 876 0 3552 3081 94 4988 1063 574 1083 169
1563046749 2187 2942 0 1840 61 882 467 3936 0 1108 876 0 3552 3081 94 4988 1063 574 1083 169
1563130142 2187 2944 0 1840 61 882 467 3936 0 1108 876 0 3552 3081 94 4988 1063 574 1083 169
1563221586 2187 2944 0 1840 61 882 467 3936 0 1108 876 0 3552 3081 94 4988 1063 574 1083 169
1563396252 2187 2944 0 1840 61 882 467 3936 0 1116 876 0 3552 3081 94 4988 1063 574 1083 169
1563467690 2187 2944 0 1840 61 882 467 3936 0 1143 876 0 3552 3081 94 4988 1063 574 1083 169
1563476616 2187 2944 0 1840 61 882 467 3936 0 1143 876 0 3552 3081 94 4988 1063 574 1083 169
1563509790 2187 2944 0 1840 61 882 467 3936 0 1143 876 0 3552 3081 94 4988 1063 574 1083 169
1563770705 2187 2946 0 1840 61 882 467 3936 0 1143 876 0 3552 3081 94 4988 1063 574 1083 169
1563987817 2187 2946 0 1840 61 882 467 3936 0 1143 876 0 3552 3081 94 4988 1063 574 1083 169
1564070729 2187 2946 0 1840 61 882 467 3936 0 1143 876 0 3552 3081 94 4988 1063 574 1083 169
1564070796 2187 2946 0 1840 61 882 467 3936 0 1143 876 0 3552 3081 94 4988 1063 574 1083 169
1564161975 2187 2946 0 1840 61 882 467 3936 0 1143 876 0 3552 3081 94 4988 1063 574 1083 169
1564511800 2187 2946 0 1840 61 882 467 4006 0 1143 876 0 3552 3081 94 4988 1063 574 1083 169
1565029646 2187 2946 0 1840 61 882 467 4006 0 1143 876 0 3552 3081 94 4988 1063 574 1083 295
1565110197 2187 2946 0 1840 61 882 467 4006 0 1143 876 0 3552 3081 94 4988 1063 574 1083 400
1565214302 2187 2946 0 1840 61 882 467 4006 0 1143 876 0 3552 3081 94 4988 1063 574 1083 400
1565214445 2189 2946 0 1840 61 882 467 4006 0 1143 876 0 3552 3081 94 4988 1063 574 1083 400
1565232581 2189 2946 0 1840 61 882 467 4006 0 1143 876 0 3552 3081 94 4988 1063 574 1083 545
1565625468 2189 2946 0 1840 61 882 467 4006 0 1143 876 0 3552 3081 94 4988 1063 574 1083 545
1565639581 2189 2946 0 1840 61 882 467 4008 0 1143 876 0 3552 3081 94 4988 1063 574 1083 545
1565639612 2203 2946 0 1840 61 882 467 4008 0 1143 876 0 3552 3081 94 4988 1063 574 1083 545
1565658199 2203 2946 0 1840 61 882 467 4008 0 1344 876 0 3552 3081 94 4988 1063 574 1083 545
1565906747 2203 2946 0 1840 61 1015 467 4008 0 1344 876 0 3552 3081 94 4988 1063 574 1083 545
1565928676 2203 2946 0 1840 61 1015 467 4008 0 1654 876 0 3552 3081 94 4988 1063 574 1083 545
1566007642 2203 2946 0 1840 61 1018 467 4008 0 1654 876 0 3552 3081 94 4988 1063 574 1083 545
1566151789 2203 2946 0 1840 61 1029 467 4008 0 1654 876 0 3552 3081 94 4988 1063 574 1083 545
1566153539 2203 2946 0 1840 61 1029 467 4008 0 1904 876 0 3552 3081 94 4988 1063 574 1083 545
1566179916 2203 2946 0 1840 61 1029 467 4008 0 2013 876 0 3552 3081 94 4988 1063 574 1083 545
1566241171 2203 2946 0 1840 61 1029 467 4008 0 2013 876 0 3552 3081 94 4988 1063 574 1083 545
1566242070 2203 2946 0 1840 61 1029 467 4008 0 2221 876 0 3552 3081 94 4988 1063 574 1083 545
1566242223 2203 2946 0 1840 61 1042 467 4008 0 2221 876 0 3552 3081 94 4988 1063 574 1083 545
1566327027 2205 2946 0 1840 61 1042 467 4008 0 2221 876 0 3552 3081 94 4988 1063 574 1083 545
1566404554 2205 2946 0 1840 61 1042 467 4008 0 2510 876 0 3552 3081 94 4988 1063 574 1083 545
1566404603 2205 2946 0 1840 61 1258 467 4008 0 2510 876 0 3552 3081 94 4988 1063 574 1083 545
1566414741 2205 2946 0 1840 61 1258 467 4008 0 2510 876 0 3552 3081 94 4988 1063 574 1083 545
1566419877 2205 2946 0 1840 61 1280 467 4008 0 2510 876 0 3552 3081 94 4988 1063 574 1083 545
1566513350 2205 2946 0 1840 61 1303 467 4008 0 2510 876 0 3552 3081 94 4988 1063 574 1083 545
1566589589 2205 2946 0 1840 61 1303 467 4008 0 2549 876 0 3552 3081 94 4988 1063 574 1083 545
1566868430 2205 2946 0 1840 61 1303 467 4008 0 2549 876 0 3552 3081 94 4988 1063 574 1083 545
1567529479 2205 2946 0 1840 61 1303 467 4008 0 2549 876 0 3552 3081 94 4988 1063 574 1083 545
1567546135 2205 2946 0 1840 61 1303 467 4008 0 2555 876 0 3552 3081 94 4988 1063 574 1083 545
1567698918 2205 2946 0 1840 61 1303 467 4008 0 2555 876 0 3552 3081 94 4988 1063 574 1083 545
1568699796 2205 2946 0 1840 61 1303 467 4008 0 2559 876 0 3552 3081 94 4988 1063 574 1083 545
1569864204 2205 2946 0 1840 61 1303 467 4008 0 2559 876 0 3552 3081 94 4988 1063 574 1083 545
1570123641 2205 2946 0 1840 61 1303 467 4008 0 2559 876 1241 3552 3081 94 4988 1063 574 1083 545
1570142425 2205 2946 0 1840 61 1303 467 4008 0 2559 876 1242 3552 3081 94 4988 1063 574 1083 545
1570214935 2205 2946 0 1840 61 1303 467 4008 0 2559 876 1261 3552 3081 94 4988 1063 574 1083 545
1570865806 2205 2946 0 1840 61 1303 467 4020 0 2559 876 1261 3552 3081 94 4988 1063 574 1083 545
1571338776 2205 2946 0 1840 61 1303 467 4020 0 2559 876 1261 3552 3081 94 4988 1063 574 1083 545
1573455172 2205 2947 0 1840 61 1303 467 4020 0 2559 876 1261 3552 3081 94 4988 1063 574 1083 545
1574201741 2205 2947 0 1840 61 1303 467 4020 0 2559 876 1261 3552 3081 94 4988 1063 574 1083 545
1574449099 2205 2947 0 1840 61 1303 467 4020 0 2559 876 1261 3552 3081 94 4988 1063 574 1083 545
1574832769 2205 2947 0 1840 61 1303 467 4020 0 2559 876 1261 3552 3081 94 4988 1063 574 1083 545
1574869892 2205 2947 0 1840 61 1303 467 4020 0 2559 876 1261 3552 3081 94 4988 1063 574 1083 545
1574914512 2205 2947 0 1840 61 1303 467 4020 0 2559 876 1261 3552 3081 94 4988 1063 574 1083 545
1575319133 2205 2947 0 1840 61 1303 467 4020 0 2559 876 1261 3552 3081 94 4988 1063 574 1083 545
1576787651 2205 2947 0 1840 61 1303 467 4020 0 2559 876 1261 3552 3081 94 4988 1063 574 1083 545
1576943892 2205 2947 0 1840 61 1304 467 4020 0 2559 876 1261 3552 3081 94 4988 1063 574 1083 545
1577259393 2205 2947 0 1840 61 1304 467 4020 0 2559 876 3127 3552 3081 94 4988 1063 574 1083 545
1577260383 2205 2947 0 1840 61 1375 467 4020 0 2559 876 3127 3552 3081 94 4988 1063 574 1083 545
1577395215 2205 2948 0 1840 61 1375 467 4020 0 2559 876 3127 3552 3081 94 4988 1063 574 1083 545
1577469500 2205 2948 0 1840 61 1447 467 4020 0 2559 876 3127 3552 3081 94 4988 1063 574 1083 545
1577561321 2205 2950 0 1840 61 1447 467 4020 0 2559 876 3127 3552 3081 94 4988 1063 574 1083 545
1579031259 2205 2962 0 1840 61 1447 467 4020 0 2559 876 3127 3552 3081 94 4988 1063 574 1083 545
1579112787 2205 2962 0 1840 61 1447 467 4020 0 2559 876 3127 3552 3081 94 4988 1063 574 1083 545
1579114851 2206 2962 0 1840 61 1447 467 4020 0 2559 876 3127 3552 3081 94 4988 1063 574 1083 545
1579147538 2206 2982 0 1840 61 1447 467 4020 0 2559 876 3127 3552 3081 94 4988 1063 574 1083 545
1579159897 2206 2982 0 1840 61 1447 467 4020 0 2559 876 3134 3552 3081 94 4988 1063 574 1083 545
1579201050 2206 2982 0 1840 61 1447 467 4020 0 2559 876 3134 3552 3081 94 4988 1063 574 1083 545
1579239134 2206 2983 0 1840 61 1447 467 4020 0 2559 876 3134 3552 3081 94 4988 1063 574 1083 545
1579276536 2206 2987 0 1840 61 1447 467 4020 0 2559 876 3134 3552 3081 94 4988 1063 574 1083 545
1579276994 2206 3596 0 1840 61 1447 467 4020 0 2559 876 3134 3552 3081 94 4988 1063 574 1083 545
1579382498 2206 3596 0 1840 61 1447 467 4020 0 2559 876 3134 3552 3081 94 4988 1063 574 1083 545
1579453727 2206 3619 0 1840 61 1447 467 4020 0 2559 876 3134 3552 3081 94 4988 1063 574 1083 545
1579498845 2206 3689 0 1840 61 1447 467 4020 0 2559 876 3134 3552 3081 94 4988 1063 574 1083 545
1579580949 2206 3689 0 1840 61 1447 467 4020 0 2559 876 3134 3552 3081 94 4988 1063 574 1083 545
1579614919 2206 3689 0 1840 97 1447 467 4020 0 2559 876 3134 3552 3081 94 4988 1063 574 1083 545
1579639190 2206 3775 0 1840 97 1447 467 4020 0 2559 876 3134 3552 3081 94 4988 1063 574 1083 545
1579758819 2206 3775 0 1840 97 1447 467 4020 0 2559 876 3134 3552 3081 94 4988 1063 574 1083 545
1579798409 2206 3839 0 1840 97 1447 467 4020 0 2559 876 3134 3552 3081 94 4988 1063 574 1083 545
1579814795 2206 3839 0 1840 97 1447 467 4020 0 2559 876 3308 3552 3081 94 4988 1063 574 1083 545
1579814837 2206 3954 0 1840 97 1447 467 4020 0 2559 876 3308 3552 3081 94 4988 1063 574 1083 545
1579899980 2206 3954 0 1840 283 1447 467 4020 0 2559 876 3308 3552 3081 94 4988 1063 574 1083 545
1580027865 2206 3954 0 1840 283 1447 467 4020 348 2559 876 3308 3552 3081 94 4988 1063 574 1083 545
1580097943 2206 3954 0 1840 283 1448 467 4020 348 2559 876 3308 3552 3081 94 4988 1063 574 1083 545
1580156511 2206 3954 0 1840 283 1448 467 4020 348 2559 876 3311 3552 3081 94 4988 1063 574 1083 545
1580185433 2206 3957 0 1840 283 1448 467 4020 348 2559 876 3311 3552 3081 94 4988 1063 574 1083 545
1580238682 2206 3957 0 1840 283 1448 467 4020 348 2559 876 4135 3552 3081 94 4988 1063 574 1083 545
1580238998 2206 3957 0 1840 283 1521 467 4020 348 2559 876 4135 3552 3081 94 4988 1063 574 1083 545
1580247111 2206 3957 0 1840 283 1521 467 4020 348 2559 876 4175 3552 3081 94 4988 1063 574 1083 545
1580270054 2206 3957 0 1840 283 1521 467 4020 352 2559 876 4175 3552 3081 94 4988 1063 574 1083 545
1580270412 2206 3957 0 1840 283 1555 467 4020 352 2559 876 4175 3552 3081 94 4988 1063 574 1083 545
1580278234 2206 3957 0 1840 283 1648 467 4020 352 2559 876 4175 3552 3081 94 4988 1063 574 1083 545
1580278275 2206 3957 0 1840 283 1702 467 4020 352 2559 876 4175 3552 3081 94 4988 1063 574 1083 545
1580356854 2206 3957 0 1840 283 1702 467 4020 352 2559 876 4177 3552 3081 94 4988 1063 574 1083 545
1580357277 2206 3957 0 1840 283 1702 467 4020 352 2559 876 4177 3552 3081 94 4988 1063 574 1083 545
1580357612 2206 3957 0 1840 283 1702 467 4020 507 2559 876 4177 3552 3081 94 4988 1063 574 1083 545
1580364175 2206 3957 0 1840 283 1702 467 4020 507 2559 876 4177 3552 3081 94 4988 1063 574 1083 545
1580450988 2206 3957 0 1840 283 1702 467 4020 507 2559 876 4211 3552 3081 94 4988 1063 574 1083 545
1580456348 2206 3957 0 1840 283 1702 467 4020 507 2559 876 4213 3552 3081 94 4988 1063 574 1083 545
1580487978 2206 3957 0 1840 283 1702 467 4020 1146 2559 876 4213 3552 3081 94 4988 1063 574 1083 545
1580508033 2206 3957 0 1840 283 1702 467 4020 1146 2559 876 4313 3552 3081 94 4988 1063 574 1083 545
1580533922 2206 3957 0 1840 283 1702 467 4020 1175 2559 876 4313 3552 3081 94 4988 1063 574 1083 545
1580670273 2206 3957 0 1840 283 1702 467 4020 1648 2559 876 4313 3552 3081 94 4988 1063 574 1083 545
1580736864 2206 3957 0 1840 283 1702 467 4020 1648 2559 876 4313 3552 3081 94 4988 1063 574 1083 545
1581021333 2206 3957 0 1840 283 1702 467 4020 1973 2559 876 4313 3552 3081 94 4988 1063 574 1083 545
1581050360 2206 3957 0 1840 283 1702 467 4020 2164 2559 876 4313 3552 3081 94 4988 1063 574 1083 545
1581050540 2206 3957 0 1840 283 1702 467 4020 2165 2559 876 4313 3552 3081 94 4988 1063 574 1083 545
1581171253 2206 3957 0 1840 283 1702 467 4020 2165 2559 876 4313 3552 3081 94 4988 1063 574 1083 545
1581453619 2206 3957 0 1840 283 1702 467 4020 2165 2559 876 4313 3552 3081 94 4988 1063 574 1083 545
1581578813 2206 3957 0 1840 283 1702 467 4020 2499 2559 876 4313 3552 3081 94 4988 1063 574 1083 545
1581622062 2206 3957 0 1840 283 1702 467 4020 2521 2559 876 4313 3552 3081 94 4988 1063 574 1083 545
1581802675 2206 3994 0 1840 283 1702 467 4020 2521 2559 876 4313 3552 3081 94 4988 1063 574 1083 545
1581828641 2206 3995 0 1840 283 1702 467 4020 2521 2559 876 4313 3552 3081 94 4988 1063 574 1083 545
1582002271 2206 3995 0 1840 283 1702 467 4020 2648 2559 876 4313 3552 3081 94 4988 1063 574 1083 545
1582003980 2206 4008 0 1840 283 1702 467 4020 2648 2559 876 4313 3552 3081 94 4988 1063 574 1083 545
1582009423 2206 4008 0 1840 283 1702 467 4020 2648 2559 876 4313 3552 3081 94 4988 1063 574 1083 545
1582052674 2206 4009 0 1840 283 1702 467 4020 2648 2559 876 4313 3552 3081 94 4988 1063 574 1083 545
1582085463 2206 4009 0 1840 283 1702 467 4020 2648 2559 876 4618 3552 3081 94 4988 1063 574 1083 545
1582663314 2206 4009 0 1840 283 1702 467 4020 2648 2559 876 4618 3552 3081 94 4988 1063 574 1083 545
1582777152 2206 4009 0 1840 283 1717 467 4020 2648 2559 876 4618 3552 3081 94 4988 1063 574 1083 545
1582779022 2206 4009 0 1840 283 1717 467 4020 2695 2559 876 4618 3552 3081 94 4988 1063 574 1083 545
1582872427 2206 4009 0 1840 283 1717 467 4020 2695 2559 876 4618 3552 3081 94 4988 1063 574 1083 545
1582872542 2206 4009 0 1840 283 1717 467 4020 2754 2559 876 4618 3552 3081 94 4988 1063 574 1083 545
1582880986 2206 4009 0 1840 283 1717 467 4020 2754 2559 876 4618 3552 3081 94 4988 1063 574 1083 545
1583038162 2206 4009 0 1840 283 1717 467 4020 2754 2559 876 4618 3552 3081 94 4988 1063 574 1083 545
1583269099 2206 4009 0 1840 283 1717 467 4020 2827 2559 876 4618 3552 3081 94 4988 1063 574 1083 545
1583298879 2206 4009 0 1840 283 1717 467 4020 2827 2559 876 4618 3552 3081 94 4988 1063 574 1083 545
1583578953 2206 4009 0 1840 283 1717 467 4020 2827 2559 876 4618 3552 3081 94 4988 1063 574 1083 545
1583596668 2206 4027 0 1840 283 1717 467 4020 2827 2559 876 4618 3552 3081 94 4988 1063 574 1083 545
1584028145 2206 4029 0 1840 283 1717 467 4020 2827 2559 876 4618 3552 3081 94 4988 1063 574 1083 545
1586061095 2206 4029 0 1840 283 1717 467 4020 2827 2559 876 4618 3552 3081 94 4988 1063 574 1083 545
1586237435 2206 4029 0 1840 283 1717 467 4020 2827 2559 876 4618 3552 3081 94 4988 1063 574 1083 545
1586602362 2206 4029 0 1840 283 1717 467 4020 2832 2559 876 4618 3552 3081 94 4988 1063 574 1083 545
1586629848 2206 4034 0 1840 283 1717 467 4020 2832 2559 876 4618 3552 3081 94 4988 1063 574 1083 545
1586629998 2206 4034 0 1840 283 1717 467 4020 2832 2559 876 4618 3552 3081 94 4988 1063 574 1083 545
1586758078 2206 4064 0 1840 283 1717 467 4020 2832 2559 876 4618 3552 3081 94 4988 1063 574 1083 545
1587127011 2206 4064 0 1840 283 1717 467 4020 2836 2559 876 4618 3552 3081 94 4988 1063 574 1083 545
1587149849 2206 4064 0 1840 283 1717 467 4020 2904 2559 876 4618 3552 3081 94 4988 1063 574 1083 545
1587794772 2206 4064 0 1840 283 1717 467 4020 2917 2559 876 4618 3552 3081 94 4988 1063 574 1083 545
1588140396 2206 4064 0 1840 283 2226 467 4020 2917 2559 876 4618 3552 3081 94 4988 1063 574 1083 545
1588395070 2206 4064 0 1840 283 2226 467 4020 2917 2559 876 4618 3552 3081 94 4988 1063 574 1083 545
1589442841 2206 4064 0 1840 283 2226 467 4020 2917 2559 876 4618 3552 3081 94 4988 1063 574 1083 545
1589987204 2206 4064 0 1840 283 2226 467 4020 2917 2559 876 4618 3552 3081 94 4988 1063 574 1083 545
1590768892 2206 4064 0 1840 283 2226 467 4020 2917 2559 876 4618 3552 3081 94 4988 1063 574 1083 545
1591611566 2206 4064 0 1840 283 2226 467 4020 2917 2559 876 4618 3552 3081 94 4988 1063 574 1083 545
1591949627 2206 4124 0 1840 283 2226 467 4020 2917 2559 876 4618 3552 3081 94 4988 1063 574 1083 545
1591973206 2206 4124 0 1840 283 2226 467 4020 2917 2559 876 4618 3552 3081 94 4988 1063 574 1083 545
1592309560 2206 4124 8 1840 283 2226 467 4020 2917 2559 876 4618 3552 3081 94 4988 1063 574 1083 545
1593839059 2206 4124 8 1840 283 2226 472 4020 2917 2559 876 4618 3552 3081 94 4988 1063 574 1083 545
1594068623 2206 4124 8 1840 283 2226 472 4020 2917 2559 876 4618 3552 3081 94 4988 1063 574 1083 545
1594264835 2206 4124 8 1840 283 2226 472 4020 2917 2559 876 4618 3552 3081 94 4988 1063 574 1083 545
1595009281 2206 4124 8 1840 283 2226 472 4020 2917 2559 876 4618 3557 3081 94 4988 1063 574 1083 545
1595474410 2206 4124 8 1840 283 2226 516 4020 2917 2559 876 4618 3557 3081 94 4988 1063 574 1083 545
1595534760 2206 4124 8 1840 283 2226 517 4020 2917 2559 876 4618 3557 3081 94 4988 1063 574 1083 545
1595617378 2206 4124 8 1840 289 2226 517 4020 2917 2559 876 4618 3557 3081 94 4988 1063 574 1083 545
1595675655 2206 4124 8 1840 314 2226 517 4020 2917 2559 876 4618 3557 3081 94 4988 1063 574 1083 545
1595856078 2206 4124 8 1840 314 2226 523 4020 2917 2559 876 4618 3557 3081 94 4988 1063 574 1083 545
1595966316 2206 4124 8 1840 314 2226 532 4020 2917 2559 876 4618 3557 3081 94 4988 1063 574 1083 545
1596047527 2206 4124 8 1840 320 2226 532 4020 2917 2559 876 4618 3557 3081 94 4988 1063 574 1083 545
1596479661 2206 4124 603 1840 320 2226 532 4020 2917 2559 876 4618 3557 3081 94 4988 1063 574 1083 545
1596657142 2206 4124 603 1840 320 2226 532 4020 2917 2559 876 4618 3557 3081 94 4988 1063 574 1083 545
1596815059 2206 4124 603 1840 329 2226 532 4020 2917 2559 876 4618 3557 3081 94 4988 1063 574 1083 545
1596815085 2206 4124 603 1840 329 2226 532 4020 2917 2559 876 4618 3557 3081 94 4988 1063 574 1083 545
1597202903 2206 4124 603 1840 329 2226 532 4020 2917 2559 876 4618 3557 3081 94 4988 1063 574 1083 588
1597411896 2206 4124 603 1840 329 2226 532 4020 2917 2559 876 4618 3557 3081 94 4988 1063 574 1083 588
1597414143 2206 4124 603 1840 329 2226 532 4020 2917 2559 876 4618 3557 3081 94 4988 1063 574 1083 588
1597414241 2206 4127 603 1840 329 2226 532 4020 2917 2559 876 4618 3557 3081 94 4988 1063 574 1083 588
1597494123 2206 4127 603 1840 329 2226 532 4020 2917 2559 876 4618 3557 3081 94 4988 1063 574 1083 589
1598429101 2206 4127 603 1840 329 2226 532 4020 2917 2559 876 4618 3557 3081 94 4988 1063 574 1083 589
1598429266 2206 4127 603 1840 330 2226 532 4020 2917 2559 876 4618 3557 3081 94 4988 1063 574 1083 589
1598442911 2206 4127 603 1840 330 2226 532 4020 2917 2559 876 4618 3557 3081 94 4988 1063 574 1083 589
1598522045 2206 4127 603 1840 333 2226 532 4020 2917 2559 876 4618 3557 3081 94 4988 1063 574 1083 589
1598522061 2206 4127 603 1840 333 2226 532 4020 2917 2559 876 4618 3557 3081 94 4988 1063 574 1083 589
1599811999 2206 4127 609 1840 333 2226 532 4020 2917 2559 876 4618 3557 3081 94 4988 1063 574 1083 589
1600541075 2206 4127 678 1840 333 2226 532 4020 2917 2559 876 4618 3557 3081 94 4988 1063 574 1083 589
1600541164 2206 4127 755 1840 333 2226 532 4020 2917 2559 876 4618 3557 3081 94 4988 1063 574 1083 589
1600541204 2206 4127 879 1840 333 2226 532 4020 2917 2559 876 4618 3557 3081 94 4988 1063 574 1083 589
1600541781 2206 4127 1010 1840 333 2226 532 4020 2917 2559 876 4618 3557 3081 94 4988 1063 574 1083 589
1601316409 2206 4127 1051 1840 333 2226 532 4020 2917 2559 876 4618 3557 3081 94 4988 1063 574 1083 589
1601485267 2206 4127 1051 1840 333 2226 534 4020 2917 2559 876 4618 3557 3081 94 4988 1063 574 1083 589
1601489999 2206 4127 1051 1840 333 2226 534 4020 2917 2559 876 4618 3557 3081 94 4988 1063 574 1083 589
1601659018 2206 4127 1170 1840 333 2226 534 4020 2917 2559 876 4618 3557 3081 94 4988 1063 574 1083 589
1602445156 2206 4127 2502 1840 333 2226 534 4020 2917 2559 876 4618 3557 3081 94 4988 1063 574 1083 589
1602662630 2206 4127 2502 1840 413 2226 534 4020 2917 2559 876 4618 3557 3081 94 4988 1063 574 1083 589
1602783736 2206 4127 2505 1840 413 2226 534 4020 2917 2559 876 4618 3557 3081 94 4988 1063 574 1083 589
1603268258 2206 4127 2638 1840 413 2226 534 4020 2917 2559 876 4618 3557 3081 94 4988 1063 574 1083 589
1603268370 2206 4127 2691 1840 413 2226 534 4020 2917 2559 876 4618 3557 3081 94 4988 1063 574 1083 589
1603437142 2206 4127 2877 1840 413 2226 534 4020 2917 2559 876 4618 3557 3081 94 4988 1063 574 1083 589
1603449850 2206 4127 2877 1840 430 2226 534 4020 2917 2559 876 4618 3557 3081 94 4988 1063 574 1083 589
1603699554 2206 4127 2877 1840 430 2226 540 4020 2917 2559 876 4618 3557 3081 94 4988 1063 574 1083 589
1604044410 2206 4127 2923 1840 430 2226 540 4020 2917 2559 876 4618 3557 3081 94 4988 1063 574 1083 589
1604052654 2206 4127 3004 1840 430 2226 540 4020 2917 2559 876 4618 3557 3081 94 4988 1063 574 1083 589
1604656714 2206 4127 3066 1840 430 2226 540 4020 2917 2559 876 4618 3557 3081 94 4988 1063 574 1083 589
1605262991 2206 4127 3067 1840 430 2226 540 4020 2917 2559 876 4618 3557 3081 94 4988 1063 574 1083 589
1605270448 2206 4127 3268 1840 430 2226 540 4020 2917 2559 876 4618 3557 3081 94 4988 1063 574 1083 589
1605692351 2206 4127 3271 1840 430 2226 540 4020 2917 2559 876 4618 3557 3081 94 4988 1063 574 1083 589
1605855863 2206 4127 3271 1840 430 2226 540 4020 2917 2559 876 4618 3557 3081 94 4988 1063 574 1083 589
1605938677 2206 4127 3271 1840 512 2226 540 4020 2917 2559 876 4618 3557 3081 94 4988 1063 574 1083 589
1605939064 2206 4127 3271 1840 512 2226 540 4020 2917 2559 876 4618 3557 3081 94 4988 1063 574 1083 589
1605939183 2206 4127 3271 1840 512 2226 540 4020 2917 2559 876 4618 3557 3081 94 4988 1063 574 1083 589
1606135564 2206 4127 3303 1840 512 2226 540 4020 2917 2559 876 4618 3557 3081 94 4988 1063 574 1083 589
1606168031 2206 4188 3303 1840 512 2226 540 4020 2917 2559 876 4618 3557 3081 94 4988 1063 574 1083 589
1606236905 2206 4188 3912 1840 512 2226 540 4020 2917 2559 876 4618 3557 3081 94 4988 1063 574 1083 589
1606286221 2206 4188 3912 1840 512 2226 540 4020 2917 2559 876 4618 3557 3081 94 4988 1063 574 1083 589
1606286251 2206 4188 3924 1840 512 2226 540 4020 2917 2559 876 4618 3557 3081 94 4988 1063 574 1083 589
1606293013 2206 4191 3924 1840 512 2226 540 4020 2917 2559 876 4618 3557 3081 94 4988 1063 574 1083 589
1606324976 2206 4191 3927 1840 512 2226 540 4020 2917 2559 876 4618 3557 3081 94 4988 1063 574 1083 589
1606490336 2206 4191 3952 1840 512 2226 540 4020 2917 2559 876 4618 3557 3081 94 4988 1063 574 1083 589
1606892862 2206 4191 3952 1840 512 2226 546 4020 2917 2559 876 4618 3557 3081 94 4988 1063 574 1083 589
1607058490 2206 4191 4027 1840 512 2226 546 4020 2917 2559 876 4618 3557 3081 94 4988 1063 574 1083 589
1607058584 2206 4191 4029 1840 512 2226 546 4020 2917 2559 876 4618 3557 3081 94 4988 1063 574 1083 589
1607110389 2206 4191 4050 1840 512 2226 546 4020 2917 2559 876 4618 3557 3081 94 4988 1063 574 1083 589
1607505551 2206 4191 4062 1840 512 2226 546 4020 2917 2559 876 4618 3557 3081 94 4988 1063 574 1083 589
1607513231 2206 4191 4065 1840 512 2226 546 4020 2917 2559 876 4618 3557 3081 94 4988 1063 574 1083 589
1607516385 2206 4191 4085 1840 512 2226 546 4020 2917 2559 876 4618 3557 3081 94 4988 1063 574 1083 589
1607941215 2206 4191 4085 1840 512 2226 546 4020 2917 2559 876 4618 3557 3081 94 4988 1063 574 1083 589
1608112743 2206 4191 4094 1840 512 2226 546 4020 2917 2559 876 4618 3557 3081 94 4988 1063 574 1083 589
1608392344 2206 4191 4094 1840 512 2226 546 4020 2917 2559 876 4618 3557 3081 94 4988 1063 574 1083 589
1610358724 2206 4191 4094 1840 512 2226 546 4020 2917 2559 876 4618 3557 3081 94 4988 1063 574 1083 589
1610526436 2206 4191 4094 1840 512 2226 546 4020 2917 2559 876 4618 3557 3081 94 4988 1063 574 1083 589
1610690040 2206 4191 4096 1840 512 2226 546 4020 2917 2559 876 4618 3557 3081 94 4988 1063 574 1083 589
1610690068 2206 4191 4097 1840 512 2226 546 4020 2917 2559 876 4618 3557 3081 94 4988 1063 574 1083 589
1610690141 2206 4191 4097 1840 512 2226 546 4020 2917 2559 876 4618 3557 3081 94 4988 1063 574 1083 589
1610694718 2206 4191 4102 1840 512 2226 546 4020 2917 2559 876 4618 3557 3081 94 4988 1063 574 1083 589
1610698945 2206 4191 4235 1840 512 2226 546 4020 2917 2559 876 4618 3557 3081 94 4988 1063 574 1083 589
1611304423 2206 4191 4308 1840 512 2226 546 4020 2917 2559 876 4618 3557 3081 94 4988 1063 574 1083 589
1611315612 2206 4191 4314 1840 512 2226 546 4020 2917 2559 876 4618 3557 3081 94 4988 1063 574 1083 589
1611339044 2206 4191 28715 1840 512 2226 546 4020 2917 2559 876 4618 3557 3081 94 4988 1063 574 1083 589
1611579992 2206 4191 28744 1840 512 2226 546 4020 2917 2559 876 4618 3557 3081 94 4988 1063 574 1083 589
1611592771 2206 4191 28746 1840 512 2226 546 4020 2917 2559 876 4618 3557 3081 94 4988 1063 574 1083 589
1611690502 2206 4191 28763 1840 512 2226 546 4020 2917 2559 876 4618 3557 3081 94 4988 1063 574 1083 589
1611777622 2206 4191 28769 1840 512 2226 546 4020 2917 2559 876 4618 3557 3081 94 4988 1063 574 1083 589
1611900735 2206 4191 28771 1840 512 2226 546 4020 2917 2559 876 4618 3557 3081 94 4988 1063 574 1083 589
1611900765 2206 4191 28851 1840 512 2226 546 4020 2917 2559 876 4618 3557 3081 94 4988 1063 574 1083 589
1612001458 2206 4191 28852 1840 512 2226 546 4020 2917 2559 876 4618 3557 3081 94 4988 1063 574 1083 589
1612026804 2206 4191 28880 1840 512 2226 546 4020 2917 2559 876 4618 3557 3081 94 4988 1063 574 1083 589
1612205495 2206 4191 28882 1840 512 2226 546 4020 2917 2559 876 4618 3557 3081 94 4988 1063 574 1083 589
1612246568 2206 4191 28882 1840 516 2226 546 4020 2917 2559 876 4618 3557 3081 94 4988 1063 574 1083 589
1612246674 2206 4191 28882 1840 632 2226 546 4020 2917 2559 876 4618 3557 3081 94 4988 1063 574 1083 589
1612336598 2206 4191 28882 1840 699 2226 546 4020 2917 2559 876 4618 3557 3081 94 4988 1063 574 1083 589
1612506002 2206 4191 28891 1840 699 2226 546 4020 2917 2559 876 4618 3557 3081 94 4988 1063 574 1083 589
1612854120 2206 4191 28891 1840 699 2226 546 4020 2917 2559 876 4618 3557 3081 94 4988 1063 574 1083 589
1612897228 2206 4191 28898 1840 699 2226 546 4020 2917 2559 876 4618 3557 3081 94 4988 1063 574 1083 589
1612897247 2206 4191 28899 1840 699 2226 546 4020 2917 2559 876 4618 3557 3081 94 4988 1063 574 1083 589
1612897272 2206 4191 28932 1840 699 2226 546 4020 2917 2559 876 4618 3557 3081 94 4988 1063 574 1083 589
1612897290 2206 4191 29017 1840 699 2226 546 4020 2917 2559 876 4618 3557 3081 94 4988 1063 574 1083 589
1613142344 2206 4191 29017 1840 880 2226 546 4020 2917 2559 876 4618 3557 3081 94 4988 1063 574 1083 589
1613142385 2206 4191 29228 1840 880 2226 546 4020 2917 2559 876 4618 3557 3081 94 4988 1063 574 1083 589
1613142431 2206 4191 29228 1840 880 2226 546 4020 2917 2559 876 4618 3557 3081 94 4988 1063 574 1083 589
1613154950 2206 4191 29228 1840 881 2226 546 4020 2917 2559 876 4618 3557 3081 94 4988 1063 574 1083 589
1613555676 2206 4191 29252 1840 881 2226 546 4020 2917 2559 876 4618 3557 3081 94 4988 1063 574 1083 589
1613585464 2206 4191 29252 1840 881 2226 546 4020 2917 2559 876 4618 3557 3081 94 4988 1063 574 1083 589
1613585497 2206 4191 29283 1840 881 2226 546 4020 2917 2559 876 4618 3557 3081 94 4988 1063 574 1083 589
1613673039 2206 4191 29283 1840 883 2226 546 4020 2917 2559 876 4618 3557 3081 94 4988 1063 574 1083 589
1613717090 2206 4191 29283 1840 883 2226 546 4020 2917 2559 876 4618 3557 3081 94 4988 1063 574 1083 589
1614027915 2206 4191 29283 1840 883 2226 546 4020 2917 2559 876 4618 3557 3081 94 4988 1063 574 1083 589
1614105218 2206 4191 29283 1840 931 2226 546 4020 2917 2559 876 4618 3557 3081 94 4988 1063 574 1083 589
1614105237 2206 4191 29283 1840 931 2226 546 4020 2917 2559 876 4618 3557 3081 94 4988 1063 574 1083 589
1614146219 2206 4191 29283 1840 931 2226 546 4020 2917 2559 876 4618 3557 3081 94 4988 1063 574 1083 589
1614490068 2206 4191 29323 1840 931 2226 546 4020 2917 2559 876 4618 3557 3081 94 4988 1063 574 1083 589
1614583593 2206 4191 29323 1840 931 2226 546 4020 2917 2559 876 4618 3557 3081 94 4988 1063 574 1083 589
1614837946 2206 4191 29329 1840 931 2226 546 4020 2917 2559 876 4618 3557 3081 94 4988 1063 574 1083 589
1614884644 2206 4191 29452 1840 931 2226 546 4020 2917 2559 876 4618 3557 3081 94 4988 1063 574 1083 589
1614920923 2206 4191 29452 1840 1138 2226 546 4020 2917 2559 876 4618 3557 3081 94 4988 1063 574 1083 589
1615369227 2206 4191 29812 1840 1138 2226 546 4020 2917 2559 876 4618 3557 3081 94 4988 1063 574 1083 589
1615549358 2206 4191 29818 1840 1138 2226 546 4020 2917 2559 876 4618 3557 3081 94 4988 1063 574 1083 589
1615549377 2206 4191 29818 1840 1138 2226 546 4020 2917 2559 876 4618 3557 3081 94 4988 1063 574 1083 589
1615812464 2206 4191 29818 1840 1138 2226 546 4020 2917 2559 876 4618 3557 3081 94 4988 1063 574 1083 589
1615967660 2206 4191 29974 1840 1138 2226 546 4020 2917 2559 876 4618 3557 3081 94 4988 1063 574 1083 589
1616134471 2206 4191 29974 1840 1138 2226 546 4020 2917 2559 876 4618 3557 3081 94 4988 1063 574 1083 589
1616159860 2206 4191 29974 1840 1138 2226 546 4020 2917 2559 876 4618 3557 3081 94 4988 1063 574 1083 589
1616392771 2206 4191 30300 1840 1138 2226 546 4020 2917 2559 876 4618 3557 3081 94 4988 1063 574 1083 589
1617787471 2206 4191 30300 1840 1171 2226 546 4020 2917 2559 876 4618 3557 3081 94 4988 1063 574 1083 589
1617944999 2206 4191 30300 1840 1171 2226 552 4020 2917 2559 876 4618 3557 3081 94 4988 1063 574 1083 589
1619087743 2206 4191 30300 1840 1171 2226 552 4020 2917 2559 876 4618 3557 3081 94 4988 1063 574 1083 589
1619755972 2206 4191 30307 1840 1171 2226 552 4020 2917 2559 876 4618 3557 3081 94 4988 1063 574 1083 589
1619756004 2206 4191 30307 1840 1171 2226 552 4020 2917 2559 876 4618 3557 3081 94 4988 1063 574 1083 589
1619772349 2206 4196 30307 1840 1171 2226 552 4020 2917 2559 876 4618 3557 3081 94 4988 1063 574 1083 589
1620115393 2206 4196 30307 1840 1171 2226 552 4020 2917 2559 876 4618 3557 3081 94 4988 1063 574 1083 589
1620234473 2206 4196 30307 1840 1173 2226 552 4020 2917 2559 876 4618 3557 3081 94 4988 1063 574 1083 589
1620240270 2206 4196 30307 1840 1173 2226 553 4020 2917 2559 876 4618 3557 3081 94 4988 1063 574 1083 589
1620734899 2206 4196 30307 1840 1173 2226 553 4020 2917 2559 876 4618 3557 3081 94 4988 1063 574 1083 589
1622714610 2206 4196 30307 1840 1173 2226 553 4020 2917 2559 876 4618 3557 3081 94 4988 1063 574 1083 589
