1505854480 0 0 0 0 0 0 0 0 0 0 0 0 0 0 0 0 0 0 0 0
1505866526 1 0 0 0 0 0 0 0 0 0 0 0 0 0 0 0 0 0 0 0
1506266448 2 0 0 0 0 0 0 0 0 0 0 0 0 0 0 0 0 0 0 0
1506378912 3 0 0 0 0 0 0 0 0 0 0 0 0 0 0 0 0 0 0 0
1506483165 3 0 0 0 0 0 0 0 0 0 0 0 0 0 0 0 0 0 0 0
1506525940 3 1 0 0 0 0 0 0 0 0 0 0 0 0 0 0 0 0 0 0
1506534648 4 1 0 0 0 0 0 0 0 0 0 0 0 0 0 0 0 0 0 0
1506699868 5 1 0 0 0 0 0 0 0 0 0 0 0 0 0 0 0 0 0 0
1506962723 6 1 0 0 0 0 0 0 0 0 0 0 0 0 0 0 0 0 0 0
1507094012 7 1 0 0 0 0 0 0 0 0 0 0 0 0 0 0 0 0 0 0
1507228613 7 1 0 0 0 0 0 0 0 1 0 0 0 0 0 0 0 0 0 0
1507235624 8 1 0 0 0 0 0 0 0 1 0 0 0 0 0 0 0 0 0 0
1507247566 8 1 0 0 0 0 0 0 0 2 0 0 0 0 0 0 0 0 0 0
1507251487 8 1 0 0 0 0 0 0 0 3 0 0 0 0 0 0 0 0 0 0
1507251553 8 1 0 0 0 0 0 0 0 4 0 0 0 0 0 0 0 0 0 0
1507308167 8 1 0 0 0 0 0 0 0 4 0 0 0 0 0 0 0 0 0 0
1507317620 8 1 0 0 0 0 0 0 0 4 0 0 0 0 0 0 0 0 0 0
1507669630 8 1 0 0 0 0 0 0 0 4 0 0 0 0 0 0 0 0 0 0
1507680466 9 1 0 0 0 0 0 0 0 4 0 0 0 0 0 0 0 0 0 0
1507756273 9 1 0 0 0 0 0 0 0 4 0 0 0 0 0 0 0 0 0 0
1507758709 9 1 0 0 0 0 0 0 0 5 0 0 0 0 0 0 0 0 0 0
1507759157 9 1 0 0 0 0 1 0 0 5 0 0 0 0 0 0 0 0 0 0
1507828189 9 1 0 0 0 0 1 0 0 5 0 0 0 0 0 0 0 0 0 0
1507915300 10 1 0 0 0 0 1 0 0 5 0 0 0 0 0 0 0 0 0 0
1508266209 10 1 0 0 0 0 1 0 0 5 0 0 0 0 0 0 0 0 0 0
1508272167 11 1 0 0 0 0 1 0 0 5 0 0 0 0 0 0 0 0 0 0
1508286567 12 1 0 0 0 0 1 0 0 5 0 0 0 0 0 0 0 0 0 0
1508784035 13 1 0 0 0 0 1 0 0 5 0 0 0 0 0 0 0 0 0 0
1508866669 14 1 0 0 0 0 1 0 0 5 0 0 0 0 0 0 0 0 0 0
1509042133 15 1 0 0 0 0 1 0 0 5 0 0 0 0 0 0 0 0 0 0
1509375395 16 1 0 0 0 0 1 0 0 6 0 0 0 0 0 0 0 0 0 0
1509404137 17 1 0 0 0 0 1 0 0 6 0 0 0 0 0 0 0 0 0 0
1509480488 18 1 0 0 0 0 1 0 0 6 0 0 0 0 0 0 0 0 0 0
1509484526 18 1 0 0 0 0 1 0 0 6 0 0 0 0 0 0 0 0 0 0
1509644794 19 1 0 0 0 0 1 0 0 6 0 0 0 0 0 0 0 0 0 0
1509652876 19 1 0 0 0 0 1 0 0 6 0 0 0 0 0 0 0 0 0 0
1509999838 19 1 0 0 0 0 1 0 0 7 0 0 0 0 0 0 0 0 0 0
1510001797 20 1 0 0 0 0 1 0 0 8 0 0 0 0 0 0 0 0 0 0
1510059200 21 1 0 0 0 0 1 0 0 8 0 0 0 0 0 0 0 0 0 0
1510159482 21 1 0 0 0 0 1 0 0 8 0 0 0 0 0 0 0 0 0 0
1510160435 21 1 0 0 0 0 1 0 0 8 0 0 0 0 0 0 0 0 0 0
1510162993 22 1 0 0 0 0 1 0 0 8 0 0 0 0 0 0 0 0 0 0
1510174558 23 1 0 0 0 0 1 0 0 8 0 0 0 0 0 0 0 0 0 0
1510324430 24 1 0 0 0 0 1 0 0 8 0 0 0 0 0 0 0 0 0 0
1510596269 25 1 0 0 0 0 1 0 0 8 0 0 0 0 0 0 0 0 0 0
1510619163 26 1 0 0 0 0 1 0 0 8 0 0 0 0 0 0 0 0 0 0
1510694267 27 1 0 0 0 0 1 0 0 8 0 0 0 0 0 0 0 0 0 0
1510779630 28 1 0 0 0 0 1 0 0 8 0 0 0 0 0 0 0 0 0 0
1510845666 29 1 0 0 0 0 1 0 0 8 0 0 0 0 0 0 0 0 0 0
1510933376 30 1 0 0 0 0 1 0 0 8 0 0 0 0 0 0 0 0 0 0
1511214830 31 1 0 0 0 0 1 0 0 8 0 0 0 0 0 0 0 0 0 0
1511365374 32 1 0 0 0 0 1 0 0 8 0 0 0 0 0 0 0 0 0 0
1511780725 33 1 0 0 0 0 1 0 0 8 0 0 0 0 0 0 0 0 0 0
1511847376 33 1 0 0 0 1 1 0 0 8 0 0 0 0 0 0 0 0 0 0
1511915873 33 1 0 0 0 2 1 0 0 8 0 0 0 0 0 0 0 0 0 0
1512154500 33 1 0 0 0 2 1 0 0 8 0 0 0 0 0 0 0 0 0 0
1512159620 34 1 0 0 0 2 1 0 0 8 0 0 0 0 0 0 0 0 0 0
1512186645 35 1 0 0 0 2 1 0 0 8 0 0 0 0 0 0 0 0 0 0
1512500328 36 1 0 0 0 2 1 0 0 8 0 0 0 0 0 0 0 0 0 0
1512585364 37 1 0 0 0 2 1 0 0 8 0 0 0 0 0 0 0 0 0 0
1512660303 38 1 0 0 0 2 1 0 0 8 0 0 0 0 0 0 0 0 0 0
1512810205 39 1 0 0 0 2 1 0 0 8 0 0 0 0 0 0 0 0 0 0
1513106631 40 1 0 0 0 2 1 0 0 8 0 0 0 0 0 0 0 0 0 0
1513195370 41 1 0 0 0 2 1 0 0 8 0 0 0 0 0 0 0 0 0 0
1513283772 42 1 0 0 0 2 1 0 0 8 0 0 0 0 0 0 0 0 0 0
1513365132 43 1 0 0 0 2 1 0 0 8 0 0 0 0 0 0 0 0 0 0
1513802086 44 1 0 0 0 2 1 0 0 8 0 0 0 0 0 0 0 0 0 0
1513913982 45 1 0 0 0 2 1 0 0 8 0 0 0 0 0 0 0 0 0 0
1513981536 45 1 0 0 0 2 1 0 0 8 0 0 1 0 0 0 0 0 0 0
1513982615 45 1 0 0 0 2 1 0 0 8 0 0 2 0 0 0 0 0 0 0
1514488591 46 1 0 0 0 2 1 0 0 8 0 0 2 0 0 0 0 0 0 0
1514911982 47 1 0 0 0 2 1 0 0 8 0 0 2 0 0 0 0 0 0 0
1515001978 48 1 0 0 0 2 1 0 0 8 0 0 2 0 0 0 0 0 0 0
1515167673 49 1 0 0 0 2 1 0 0 8 0 0 2 0 0 0 0 0 0 0
1515516383 50 1 0 0 0 2 1 0 0 8 0 0 2 0 0 0 0 0 0 0
1515556140 50 1 0 0 0 2 1 0 0 8 0 0 2 0 0 0 0 0 0 0
1515613628 51 1 0 0 0 2 1 0 0 8 0 0 2 0 0 0 0 0 0 0
1515771905 52 1 0 0 0 2 1 0 0 8 0 0 2 0 0 0 0 0 0 0
1516211627 53 1 0 0 0 2 1 0 0 8 0 0 2 0 0 0 0 0 0 0
1516308146 54 1 0 0 0 2 1 0 0 8 0 0 2 0 0 0 0 0 0 0
1516655449 55 1 0 0 0 2 1 0 0 8 0 0 2 0 0 0 0 0 0 0
1516727264 56 1 0 0 0 2 1 0 0 8 0 0 2 0 0 0 0 0 0 0
1516823922 57 1 0 0 0 2 1 0 0 8 0 0 2 0 0 0 0 0 0 0
1516845483 57 1 0 0 0 3 1 0 0 8 0 0 2 0 0 0 0 0 0 0
1516846681 57 1 0 0 0 3 1 0 0 8 0 0 2 0 0 0 0 0 0 0
1516906322 58 1 0 0 0 3 1 0 0 8 0 0 2 0 0 0 0 0 0 0
1517002284 58 1 0 0 0 3 1 0 0 8 0 0 2 0 0 0 0 0 0 0
1517207625 59 1 0 0 0 3 1 0 0 8 0 0 2 0 0 0 0 0 0 0
1517252897 59 1 0 0 0 3 1 0 0 8 0 0 3 0 0 0 0 0 0 0
1517259365 59 1 0 0 0 3 1 0 0 8 0 0 4 0 0 0 0 0 0 0
1517261454 59 1 0 0 0 3 1 0 0 8 0 0 5 0 0 0 0 0 0 0
1517262880 59 1 0 0 0 3 1 0 0 8 0 0 5 0 0 0 0 0 0 0
1517272124 60 1 0 0 0 3 1 0 0 8 0 0 5 0 0 0 0 0 0 0
1517339973 60 1 0 0 0 3 1 0 0 8 0 0 5 0 0 0 0 0 0 0
1517341227 60 1 0 0 0 3 1 0 0 8 0 0 6 0 0 0 0 0 0 0
1517342778 60 1 0 0 0 3 1 0 0 8 0 0 6 0 0 0 0 0 0 0
1517346325 61 1 0 0 0 3 1 0 0 8 0 0 6 0 0 0 0 0 0 0
1517362787 62 1 0 0 0 3 1 0 0 8 0 0 6 0 0 0 0 0 0 0
1517459699 63 1 0 0 0 3 1 0 0 8 0 0 6 0 0 0 0 0 0 0
1517596567 64 1 0 0 0 3 1 0 0 8 0 0 6 0 0 0 0 0 0 0
1517837925 65 1 0 0 0 3 1 0 0 8 0 0 6 0 0 0 0 0 0 0
1517928139 66 1 0 0 0 3 1 0 0 8 0 0 6 0 0 0 0 0 0 0
1518031309 67 1 0 0 0 3 1 0 0 8 0 0 6 0 0 0 0 0 0 0
1518166104 67 1 0 0 0 3 1 0 0 8 0 0 6 0 0 0 0 0 0 0
1518192723 67 2 0 0 0 3 1 0 0 8 0 0 6 0 0 0 0 0 0 0
1518193667 67 2 0 0 0 3 1 0 0 8 0 0 6 0 0 0 0 0 0 0
1518206214 68 2 0 0 0 3 1 0 0 8 0 0 6 0 0 0 0 0 0 0
1518502240 69 2 0 0 0 3 1 0 0 8 0 0 6 0 0 0 0 0 0 0
1518772395 70 2 0 0 0 3 1 0 0 8 0 0 6 0 0 0 0 0 0 0
1518810427 71 2 0 0 0 3 1 0 0 8 0 0 6 0 0 0 0 0 0 0
1519230730 72 2 0 0 0 3 1 0 0 8 0 0 6 0 0 0 0 0 0 0
1519317399 73 2 0 0 0 3 1 0 0 8 0 0 6 0 0 0 0 0 0 0
1519767527 74 2 0 0 0 3 1 0 0 8 0 0 6 0 0 0 0 0 0 0
1519937564 74 2 0 0 0 3 1 0 0 8 0 0 6 0 0 0 0 0 0 0
1520368219 75 2 0 0 0 3 1 0 0 8 0 0 6 0 0 0 0 0 0 0
1520548536 76 2 0 0 0 3 1 0 0 8 0 0 6 0 0 0 0 0 0 0
1520951306 77 2 0 0 0 3 1 0 0 8 0 0 6 0 0 0 0 0 0 0
1521146935 78 2 0 0 0 3 1 0 0 8 0 0 6 0 0 0 0 0 0 0
1521482816 79 2 0 0 0 3 1 0 0 8 0 0 6 0 0 0 0 0 0 0
1521491524 80 2 0 0 0 3 1 0 0 8 0 0 6 0 0 0 0 0 0 0
1521605415 81 2 0 0 0 3 1 0 0 8 0 0 6 0 0 0 0 0 0 0
1522102540 82 2 0 0 0 3 1 0 0 8 0 0 6 0 0 0 0 0 0 0
1522251719 83 2 0 0 0 3 1 0 0 8 0 0 6 0 0 0 0 0 0 0
1522442158 84 2 0 0 0 3 1 0 0 8 0 0 6 0 0 0 0 0 0 0
1522771155 85 2 0 0 0 3 1 0 0 8 0 0 6 0 0 0 0 0 0 0
1522792324 86 2 0 0 0 3 1 0 0 8 0 0 6 0 0 0 0 0 0 0
1523287809 87 2 0 0 0 3 1 0 0 8 0 0 6 0 0 0 0 0 0 0
1523293274 88 2 0 0 0 3 1 0 0 8 0 0 6 0 0 0 0 0 0 0
1523465562 89 2 0 0 0 3 1 0 0 8 0 0 6 0 0 0 0 0 0 0
1524056199 90 2 0 0 0 3 1 0 0 8 0 0 6 0 0 0 0 0 0 0
1524161504 90 2 0 0 0 3 1 0 0 8 0 0 6 0 0 0 0 0 0 0
1524241012 91 2 0 0 0 3 1 0 0 8 0 0 6 0 0 0 0 0 0 0
1524258124 91 2 0 0 0 3 1 0 0 8 0 0 6 0 0 0 0 0 0 0
1524496678 92 2 0 0 0 3 1 0 0 8 0 0 6 0 0 0 0 0 0 0
1524523821 93 2 0 0 0 3 1 0 0 8 0 0 6 0 0 0 0 0 0 0
1524677888 94 2 0 0 0 3 1 0 0 8 0 0 6 0 0 0 0 0 0 0
1524750478 95 2 0 0 0 3 1 0 0 8 0 0 6 0 0 0 0 0 0 0
1525113866 96 2 0 0 0 3 1 0 0 8 0 0 6 0 0 0 0 0 0 0
1525453136 97 2 0 0 0 3 1 0 0 8 0 0 6 0 0 0 0 0 0 0
1525547680 97 2 0 0 0 3 1 0 0 8 0 0 6 0 0 0 0 0 0 0
1525716741 98 2 0 0 0 3 1 0 0 8 0 0 6 0 0 0 0 0 0 0
1525798789 99 2 0 0 0 3 1 0 0 8 0 0 6 0 0 0 0 0 0 0
1525890898 99 2 0 0 0 3 1 0 0 8 0 0 6 0 0 0 0 0 0 0
1525899501 100 2 0 0 0 3 1 0 0 8 0 0 6 0 0 0 0 0 0 0
1525972561 101 2 0 0 0 3 1 0 0 8 0 0 6 0 0 0 0 0 0 0
1526042569 102 2 0 0 0 3 1 0 0 8 0 0 6 0 0 0 0 0 0 0
1526309878 103 2 0 0 0 3 1 0 0 8 0 0 6 0 0 0 0 0 0 0
1526330498 104 2 0 0 0 3 1 0 0 8 0 0 6 0 0 0 0 0 0 0
1526573157 105 2 0 0 0 3 1 0 0 8 0 0 6 0 0 0 0 0 0 0
1526657094 106 2 0 0 0 3 1 0 0 8 0 0 6 0 0 0 0 0 0 0
1527001063 107 2 0 0 0 3 1 0 0 8 0 0 6 0 0 0 0 0 0 0
1527032087 108 2 0 0 0 3 1 0 0 8 0 0 6 0 0 0 0 0 0 0
1527183194 109 2 0 0 0 3 1 0 0 8 0 0 6 0 0 0 0 0 0 0
1527794795 110 2 0 0 0 3 1 0 0 8 0 0 6 0 0 0 0 0 0 0
1528470888 111 2 0 0 0 3 1 0 0 8 0 0 6 0 0 0 0 0 0 0
1528793632 111 2 0 0 0 3 1 0 0 8 0 0 6 0 0 0 0 0 0 0
1528814897 111 3 0 0 0 3 1 0 0 8 0 0 6 0 0 0 0 0 0 0
1528915455 112 3 0 0 0 3 1 0 0 8 0 0 6 0 0 0 0 0 0 0
1529070382 113 3 0 0 0 3 1 0 0 8 0 0 6 0 0 0 0 0 0 0
1529353133 114 3 0 0 0 3 1 0 0 8 0 0 6 0 0 0 0 0 0 0
1529501123 115 3 0 0 0 3 1 0 0 8 0 0 6 0 0 0 0 0 0 0
1529610912 116 3 0 0 0 3 1 0 0 8 0 0 6 0 0 0 0 0 0 0
1529720208 116 3 0 0 0 4 1 0 0 8 0 0 6 0 0 0 0 0 0 0
1529943499 117 3 0 0 0 4 1 0 0 8 0 0 6 0 0 0 0 0 0 0
1530035135 118 3 0 0 0 4 1 0 0 8 0 0 6 0 0 0 0 0 0 0
1530120424 118 3 0 0 0 4 1 0 0 8 0 0 6 0 0 0 0 0 0 0
1530122306 119 3 0 0 0 4 1 0 0 8 0 0 6 0 0 0 0 0 0 0
1530206330 120 3 0 0 0 4 1 0 0 8 0 0 6 0 0 0 0 0 0 0
1530306035 121 3 0 0 0 4 1 0 0 8 0 0 6 0 0 0 0 0 0 0
1530634008 122 3 0 0 0 4 1 0 0 8 0 0 6 0 0 0 0 0 0 0
1530661209 122 3 0 0 0 4 1 0 0 8 0 0 6 0 0 0 0 0 0 0
1530794118 122 3 0 0 0 4 1 0 0 8 0 0 6 0 0 0 0 0 0 0
1531373744 122 3 0 0 0 5 1 0 0 8 0 0 6 0 0 0 0 0 0 0
1531416869 123 3 0 0 0 5 1 0 0 8 0 0 6 0 0 0 0 0 0 0
1531505604 124 3 0 0 0 5 1 0 0 8 0 0 6 0 0 0 1 0 0 0
1531850864 125 3 0 0 0 7 1 0 0 8 0 0 6 0 0 0 1 0 0 0
1531878785 125 3 0 0 0 8 1 0 0 8 0 0 6 0 0 0 1 0 0 0
1531878924 125 3 0 0 0 9 1 0 0 8 0 0 6 0 0 0 1 0 0 0
1531933617 126 3 0 0 0 9 1 0 0 8 0 0 6 0 0 0 1 0 0 0
1531940533 127 3 0 0 0 9 1 0 0 8 0 0 6 0 0 0 2 0 0 0
1532025932 128 3 0 0 0 9 1 0 0 8 0 0 6 0 0 0 2 0 0 0
1532359144 129 3 0 0 0 9 1 0 0 8 0 0 6 0 0 0 2 0 0 0
1532536643 130 3 0 0 0 9 1 0 0 8 0 0 6 0 0 0 2 0 0 0
1532958368 130 3 0 0 0 9 1 0 0 8 0 0 6 0 0 0 2 0 0 0
1533050080 130 3 0 0 0 9 1 0 0 8 0 0 6 0 0 0 2 0 0 0
1533067906 130 3 0 0 0 9 1 0 0 8 0 0 6 0 0 0 2 0 0 0
1533123252 131 3 0 0 0 9 1 0 0 8 0 0 6 0 0 0 2 0 0 0
1533146205 131 4 0 0 0 9 1 0 0 8 0 0 6 0 0 0 2 0 0 0
1533148673 131 5 0 0 0 9 1 0 0 8 0 0 6 0 0 0 2 0 0 0
1533229723 132 5 0 0 0 9 1 0 0 8 0 0 6 0 0 0 2 0 0 0
1533564430 133 5 0 0 0 9 1 0 0 8 0 0 6 0 0 0 2 0 0 0
1533667414 134 5 0 0 0 9 1 0 0 8 0 0 6 0 0 0 2 0 0 0
1533749917 134 5 0 0 0 9 1 0 0 8 0 0 6 0 0 0 2 0 0 0
1533839535 135 5 0 0 0 9 1 0 0 8 0 0 6 0 0 0 2 0 0 0
1533924946 136 5 0 0 0 9 1 0 0 8 0 0 6 0 0 0 2 0 0 0
1533939809 137 5 0 0 0 9 1 0 0 8 0 0 6 0 0 0 2 0 0 0
1534778312 138 5 0 0 0 9 1 0 0 8 0 0 6 0 0 0 2 0 0 0
1534863911 139 5 0 0 0 9 1 0 0 8 0 0 6 0 0 0 2 0 0 0
1534876262 140 5 0 0 0 9 1 0 0 8 0 0 6 0 0 0 2 0 0 0
1535046074 141 5 0 0 0 9 1 0 0 8 0 0 6 0 0 0 2 0 0 0
1535057052 142 5 0 0 0 9 1 0 0 8 0 0 6 0 0 0 2 0 0 0
1535068032 143 5 0 0 0 9 1 0 0 8 0 0 6 0 0 0 2 0 0 0
1535443521 144 5 0 0 0 9 1 0 0 8 0 0 6 0 0 0 2 0 0 0
1535470022 145 5 0 0 0 9 1 0 0 8 0 0 6 0 0 0 2 0 0 0
1535580540 146 5 0 0 0 9 1 0 0 8 0 0 6 0 0 0 2 0 0 0
1535656402 147 5 0 0 0 9 1 0 0 8 0 0 6 0 0 0 2 0 0 0
1536107136 147 5 0 0 0 10 1 0 0 8 0 0 6 0 0 0 2 0 0 0
1536168022 148 5 0 0 0 10 1 0 0 8 0 0 6 0 0 0 2 0 0 0
1536688428 148 5 0 0 0 10 1 0 0 9 0 0 6 0 0 0 2 0 0 0
1536690184 149 5 0 0 0 10 1 0 0 10 0 0 6 0 0 0 2 0 0 0
1536775405 150 5 0 0 0 10 1 0 0 10 0 0 6 0 0 0 2 0 0 0
1537815472 151 5 0 0 0 10 1 0 0 10 0 0 6 0 0 0 2 0 0 0
1537974464 152 5 0 0 0 10 1 0 0 10 0 0 6 0 0 0 2 0 0 0
1538076294 153 5 0 0 0 10 1 0 0 10 0 0 6 0 0 0 2 0 0 0
1538156151 153 5 0 0 0 10 1 0 0 10 0 0 6 0 0 0 2 0 0 0
1538156471 153 5 0 0 0 11 1 0 0 10 0 0 6 0 0 0 2 0 0 0
1538507358 154 5 0 0 0 11 1 0 0 10 0 0 6 0 0 0 2 0 0 0
1538668532 155 5 0 0 0 19 1 0 0 10 0 0 6 0 0 0 2 0 0 0
1539099384 156 5 0 0 0 20 1 0 0 10 0 0 6 0 0 0 2 0 0 0
1539184555 156 5 0 0 0 21 1 0 0 10 0 0 6 0 0 0 2 0 0 0
1539184824 156 5 0 0 0 22 1 0 0 10 0 0 6 0 0 0 2 0 0 0
1539199897 157 5 0 0 0 22 1 0 0 10 0 0 6 0 0 0 2 0 0 0
1539249605 157 5 0 0 0 23 1 0 0 10 0 0 6 0 0 0 2 0 0 0
1539352414 158 5 0 0 0 23 1 0 0 10 0 0 6 0 0 0 2 0 0 0
1539387725 158 5 0 0 0 24 1 0 0 10 0 0 6 0 0 0 2 0 0 0
1539628224 159 5 0 0 0 24 1 0 0 10 0 0 6 0 0 0 2 0 0 0
1539711215 160 5 0 0 0 24 1 0 0 10 0 0 6 0 0 0 2 0 0 0
1539884137 161 5 0 0 0 24 1 0 0 10 0 0 6 0 0 0 2 0 0 0
1540228223 161 5 0 0 0 24 1 0 0 10 0 0 6 0 0 0 2 0 0 0
1540231498 162 5 0 0 0 24 1 0 0 10 0 0 6 0 0 0 2 0 0 0
1540241553 162 5 0 0 0 24 1 0 0 10 0 0 6 0 0 0 2 0 0 0
1540322629 163 5 0 0 0 24 1 0 0 10 0 0 6 0 0 0 2 0 0 0
1540387923 164 5 0 0 0 24 1 0 0 10 0 0 6 0 0 0 2 0 0 0
1540506122 164 5 0 0 0 24 1 0 0 10 0 0 6 0 0 0 2 0 0 0
1540514826 165 5 0 0 0 24 1 0 0 10 0 0 6 0 0 0 2 0 0 0
1540911781 166 5 0 0 0 24 1 0 0 10 0 0 6 0 0 0 2 0 0 0
1540996445 166 5 0 0 0 24 1 0 0 10 0 0 6 0 0 0 3 0 0 0
1540998603 167 5 0 0 0 24 1 0 0 10 0 0 6 0 0 0 3 0 0 0
1541106022 168 5 0 0 0 24 1 0 0 10 0 0 6 0 0 0 3 0 0 0
1541538085 169 5 0 0 0 24 1 0 0 10 0 0 6 0 0 0 3 0 0 0
1541627536 170 5 0 0 0 24 1 0 0 10 0 0 6 0 0 0 3 0 0 0
1542144120 171 5 0 0 0 24 1 0 0 10 0 0 6 0 0 0 3 0 0 0
1542311700 172 5 0 0 0 24 1 0 0 10 0 0 6 0 0 0 3 0 0 0
1542404197 173 5 0 0 0 24 1 0 0 10 0 0 6 0 0 0 3 0 0 0
1542644098 174 5 0 0 0 24 1 0 0 10 0 0 6 0 0 0 3 0 0 0
1543357285 175 5 0 0 0 24 1 0 0 10 0 0 6 0 0 0 3 0 0 0
1543517036 176 5 0 0 0 24 1 0 0 10 0 0 6 0 0 0 3 0 0 0
1543866773 176 5 0 0 0 24 1 0 0 10 0 0 6 0 0 0 3 0 0 0
1543941688 176 5 0 0 0 24 1 0 0 10 0 0 6 0 0 0 3 0 0 0
1543950072 177 5 0 0 0 24 1 0 0 10 0 0 6 0 0 0 3 0 0 0
1544042261 178 5 0 0 0 24 1 0 0 10 0 0 6 0 0 0 3 0 0 0
1544129089 179 5 0 0 0 24 1 0 0 10 0 0 6 0 0 0 3 0 0 0
1544394352 180 5 0 0 0 24 1 0 0 10 0 0 6 0 0 0 3 0 0 0
1544631632 181 5 0 0 0 24 1 0 0 10 0 0 6 0 0 0 3 0 0 0
1544697219 181 5 0 0 0 24 1 0 0 10 0 0 6 0 0 0 3 0 0 0
1544725803 182 5 0 0 0 24 1 0 0 10 0 0 6 0 0 0 3 0 0 0
1545003157 183 5 0 0 0 24 1 0 0 10 0 0 6 0 0 0 3 0 0 0
1545306113 183 5 0 0 0 24 1 0 0 10 0 0 6 0 0 0 3 0 0 0
1545331885 183 5 0 0 0 24 1 0 0 10 0 0 6 0 0 0 3 0 0 0
1545338211 185 5 0 0 0 24 1 0 0 10 0 0 6 0 0 0 3 0 0 0
1545845497 186 5 0 0 0 24 1 0 0 10 0 0 6 0 0 0 3 0 0 0
1545907775 187 5 0 0 0 24 1 0 0 10 0 0 6 0 0 0 3 0 0 0
1546480533 187 5 0 0 0 24 1 0 0 10 0 0 6 0 0 0 3 0 0 0
1546880476 188 5 0 0 0 24 1 0 0 10 0 0 6 0 0 0 3 0 0 0
1547056548 189 5 0 0 0 24 1 0 0 10 0 0 6 0 0 0 3 0 0 0
1547152516 190 5 0 0 0 24 1 0 0 10 0 0 6 0 0 0 3 0 0 0
1547230599 191 5 0 0 0 24 1 0 0 10 0 0 6 0 0 0 3 0 0 0
1547570950 192 5 0 0 0 24 1 0 0 10 0 0 6 0 0 0 3 0 0 0
1547747302 193 5 0 0 0 24 1 0 0 10 0 0 6 0 0 0 3 0 0 0
1547826854 194 5 0 0 0 24 1 0 0 10 0 0 6 0 0 0 3 0 0 0
1548194022 194 5 0 0 0 24 1 0 0 10 0 0 6 0 0 0 3 0 0 0
1548261751 194 5 0 0 0 24 1 0 0 10 0 0 6 0 0 0 3 0 0 0
1548343420 195 5 0 0 0 24 1 0 0 10 0 0 6 0 0 0 3 0 0 0
1548453246 196 5 0 0 0 24 1 0 0 10 0 0 6 0 0 0 3 0 0 0
1548698816 196 5 0 0 0 24 1 0 0 10 0 0 6 0 0 0 3 0 0 0
1548706241 197 5 0 0 0 24 1 0 0 10 0 0 6 0 0 0 3 0 0 0
1548874783 198 5 0 0 0 24 1 0 0 10 0 0 6 0 0 0 3 0 0 0
1548909235 199 5 0 0 0 24 1 0 0 10 0 0 6 0 0 0 3 0 0 0
1549577586 200 5 0 0 0 24 1 0 0 10 0 0 6 0 0 0 3 0 0 0
1549995731 201 5 0 0 0 24 1 0 0 10 0 0 6 0 0 0 3 0 0 0
1550615349 202 5 0 0 0 24 1 0 0 10 0 0 6 0 0 0 3 0 0 0
1551124331 203 5 0 0 0 24 1 0 0 10 0 0 6 0 0 0 3 0 0 0
1551198169 204 5 0 0 0 24 1 0 0 10 0 0 6 0 0 0 3 0 0 0
1551374470 205 5 0 0 0 24 1 0 0 10 0 0 6 0 0 0 3 0 0 0
1551751537 206 5 0 0 0 24 1 0 0 10 0 0 6 0 0 0 3 0 0 0
1551901015 207 5 0 0 0 24 1 0 0 10 0 0 6 0 0 0 3 0 0 0
1552058873 207 5 0 0 0 24 1 0 0 10 0 0 6 0 0 0 3 0 0 0
1552075539 207 5 0 0 0 24 1 0 0 10 0 0 6 0 0 0 3 0 0 0
1552082810 208 5 0 0 0 24 1 0 0 10 0 0 6 0 0 0 3 0 0 0
1552415955 209 5 0 0 0 24 1 0 0 10 0 0 6 0 0 0 3 0 0 0
1552514383 210 5 0 0 0 24 1 0 0 10 0 0 6 0 0 0 3 0 0 0
1552660942 210 5 0 0 0 24 1 0 0 10 0 0 6 0 0 0 3 0 0 0
1553017058 210 6 0 0 0 24 1 0 0 10 0 0 6 0 0 0 3 0 0 0
1553019241 211 6 0 0 0 24 1 0 0 10 0 0 6 0 0 0 3 0 0 0
1553099679 212 6 0 0 0 24 1 0 0 10 0 0 6 0 0 0 3 0 0 0
1553282581 213 6 0 0 0 25 1 0 0 10 0 0 6 0 0 0 3 0 0 0
1553699141 214 6 0 0 0 25 1 0 0 10 0 0 6 0 0 0 3 0 0 0
1553796739 215 6 0 0 0 25 1 0 0 10 0 0 6 0 0 0 3 0 0 0
1554152788 216 6 0 0 0 25 1 0 0 10 0 0 6 0 0 0 3 0 0 0
1554390837 217 6 0 0 0 25 1 0 0 10 0 0 6 0 0 0 3 0 0 0
1554480322 218 6 0 0 0 25 1 0 0 10 0 0 6 0 0 0 3 0 0 0
1554742558 219 6 0 0 0 25 1 0 0 10 0 0 6 0 0 0 3 0 0 0
1554823352 220 6 0 0 0 25 1 0 0 10 0 0 6 0 0 0 3 0 0 0
1555006366 221 6 0 0 0 25 1 0 0 10 0 0 6 0 0 0 3 0 0 0
1555054000 222 6 0 0 0 25 1 0 0 10 0 0 6 0 0 0 3 0 0 0
1555441895 223 6 0 0 0 25 1 0 0 10 0 0 6 0 0 0 3 0 0 0
1556046253 224 6 0 0 0 25 1 0 0 10 0 0 6 0 0 0 3 0 0 0
1556095462 225 6 0 0 0 25 1 0 0 10 0 0 6 0 0 0 3 0 0 0
1556204518 226 6 0 0 0 25 1 0 0 10 0 0 6 0 0 0 3 0 0 0
1557259002 227 6 0 0 0 25 1 0 0 10 0 0 6 0 0 0 3 0 0 0
1557350443 228 6 0 0 0 25 1 0 0 10 0 0 6 0 0 0 3 0 0 0
1557517129 229 6 0 0 0 25 1 0 0 10 0 0 6 0 0 0 3 0 0 0
1557856419 230 6 0 0 0 25 1 0 0 10 0 0 6 0 0 0 3 0 0 0
1557948106 231 6 0 0 0 25 1 0 0 10 0 0 6 0 0 0 3 0 0 0
1558017615 232 6 0 0 0 25 1 0 0 10 0 0 6 0 0 0 3 0 0 0
1558115497 233 6 0 0 0 25 1 0 0 10 0 0 6 0 0 0 3 0 0 0
1558355392 234 6 0 0 0 25 1 0 0 10 0 0 6 0 0 0 3 0 0 0
1558526810 235 6 0 0 0 25 1 0 0 10 0 0 6 0 0 0 3 0 0 0
1558580615 235 6 0 0 0 25 1 0 0 10 0 0 7 0 0 0 3 0 0 0
1558631633 236 6 0 0 0 25 1 0 0 10 0 0 7 0 0 0 3 0 0 0
1558958905 236 6 0 0 0 25 1 0 0 10 0 0 7 0 0 0 3 0 0 0
1559230954 237 6 0 0 0 25 1 0 0 10 0 0 7 0 0 0 3 0 0 0
1559748467 238 6 0 0 0 25 1 0 0 10 0 0 7 0 0 0 4 0 0 0
1559895928 238 6 0 0 0 25 1 0 0 10 0 0 7 0 0 0 4 0 0 0
1559938068 238 6 0 0 0 25 1 0 0 10 0 0 7 0 0 0 5 0 0 0
1560134032 238 6 0 0 0 25 1 0 0 10 0 0 7 0 0 0 5 0 0 0
1560157064 239 6 0 0 0 25 1 0 0 10 0 0 7 0 0 0 5 0 0 0
1560204461 240 6 0 0 0 25 1 0 0 10 0 0 7 0 0 0 5 0 0 0
1560442482 241 6 0 0 0 25 1 0 0 10 0 0 7 0 0 0 5 0 0 0
1560879684 241 6 0 0 0 25 2 0 0 10 0 0 7 0 0 0 5 0 0 0
1560879821 241 6 0 0 0 25 3 0 0 10 0 0 7 0 0 0 5 0 0 0
1560888350 242 6 0 0 0 25 3 0 0 10 0 0 7 0 0 0 5 0 0 0
1561056196 242 6 0 0 0 25 3 0 0 10 0 0 7 0 0 0 5 0 0 0
1561056841 242 6 0 0 0 25 3 0 0 10 0 0 7 0 0 0 5 0 0 0
1561147902 243 6 0 0 0 25 3 0 0 10 0 0 7 0 0 0 5 0 0 0
1561153943 243 6 0 0 0 25 3 0 0 10 0 0 7 0 0 0 5 0 0 0
1561412843 243 6 0 0 0 25 3 0 0 10 0 0 7 0 0 0 5 0 0 0
1561423835 243 6 0 0 0 25 3 0 0 10 0 0 7 0 0 0 5 0 0 0
1561423955 243 6 0 0 0 25 3 0 0 10 0 0 7 0 0 0 5 0 0 0
1561426520 244 6 0 0 0 25 3 0 0 10 0 0 7 0 0 0 5 0 0 0
1561491164 245 6 0 0 0 25 3 0 0 10 0 0 7 0 0 0 5 0 0 0
1561681466 246 6 0 0 0 25 3 0 0 10 0 0 7 0 0 0 5 0 0 0
1562097048 247 6 0 0 0 25 3 0 0 10 0 0 7 0 0 0 5 0 0 0
1562181184 248 6 0 0 0 25 3 0 0 10 0 0 7 0 0 0 5 0 0 0
1562616268 248 6 0 0 0 25 3 0 0 10 0 0 7 0 0 0 5 0 0 0
1562683057 249 6 0 0 0 25 3 0 0 10 0 0 7 0 0 0 5 0 0 0
1563395747 250 6 0 0 0 25 3 0 0 10 0 0 7 0 0 0 5 0 0 0
1563465883 251 6 0 0 0 25 3 0 0 10 0 0 7 0 0 0 5 0 0 0
1563487669 252 6 0 0 0 25 3 0 0 10 0 0 7 0 0 0 5 0 0 0
1563910929 253 6 0 0 0 25 3 0 0 10 0 0 7 0 0 0 5 0 0 0
1564052637 254 6 0 0 0 25 3 0 0 10 0 0 7 0 0 0 5 0 0 0
1564497385 255 6 0 0 0 25 3 0 0 10 0 0 7 0 0 0 5 0 0 0
1564544849 256 6 0 0 0 25 3 0 0 10 0 0 7 0 0 0 5 0 0 0
1565029924 257 6 0 0 0 25 3 0 0 10 0 0 7 0 0 0 5 0 0 0
1565100815 258 6 0 0 0 25 3 0 0 10 0 0 7 0 0 0 5 0 0 0
1565129502 259 6 0 0 0 25 3 0 0 10 0 0 7 0 0 0 5 0 0 0
1565216726 260 6 0 0 0 25 3 0 0 10 0 0 7 0 0 0 5 0 0 0
1565287018 261 6 0 0 0 25 3 0 0 10 0 0 7 0 0 0 5 0 0 0
1565376864 262 6 0 0 0 25 3 0 0 10 0 0 7 0 0 0 5 0 0 0
1565613366 263 6 0 0 0 25 3 0 0 10 0 0 7 0 0 0 5 0 0 0
1565716816 264 6 0 0 0 25 3 0 0 10 0 0 7 0 0 0 5 0 0 0
1565888799 265 6 0 0 0 25 3 0 0 10 0 0 7 0 0 0 5 0 0 0
1565966293 265 6 0 0 0 25 3 0 0 10 0 0 7 0 0 0 5 0 0 0
1565966446 266 6 0 0 0 25 3 0 0 10 0 0 7 0 0 0 5 0 0 0
1566235638 267 6 0 0 0 25 3 0 0 10 0 0 7 0 0 0 5 0 0 0
1566326380 268 6 0 0 0 25 3 0 0 10 0 0 7 0 0 0 5 0 0 0
1566341589 269 6 0 0 0 25 3 0 0 10 0 0 7 0 0 0 5 0 0 0
1566585907 270 6 0 0 0 25 3 0 0 10 0 0 7 0 0 0 5 0 0 0
1566921816 271 6 0 0 0 25 3 0 0 10 0 0 7 0 0 0 5 0 0 0
1567191804 272 6 0 0 0 25 3 0 0 10 0 0 7 0 0 0 5 0 0 0
1567533209 273 6 0 0 0 25 3 0 0 10 0 0 7 0 0 0 5 0 0 0
1567562957 274 6 0 0 0 25 3 0 0 10 0 0 7 0 0 0 5 0 0 0
1567677298 275 6 0 0 0 25 3 0 0 10 0 0 7 0 0 0 5 0 0 0
1567761912 276 6 0 0 0 25 3 0 0 10 0 0 7 0 0 0 5 0 0 0
1568042410 277 6 0 0 0 25 3 0 0 10 0 0 7 0 0 0 5 0 0 0
1568148652 278 6 0 0 0 25 3 0 0 10 0 0 7 0 0 0 5 0 0 0
1568228270 279 6 0 0 0 25 3 0 0 10 0 0 7 0 0 0 5 0 0 0
1568749218 280 6 0 0 0 25 3 0 0 10 0 0 7 0 0 0 5 0 0 0
1568910454 281 6 0 0 0 25 3 0 0 10 0 0 7 0 0 0 5 0 0 0
1568988424 282 6 0 0 0 25 3 0 0 10 0 0 7 0 0 0 5 0 0 0
1569436162 283 6 0 0 0 25 3 0 0 10 0 0 7 0 0 0 5 0 0 0
1569867881 283 6 0 0 0 25 3 0 0 10 0 0 7 0 0 0 5 0 0 0
1569875040 284 6 0 0 0 25 3 0 0 10 0 0 7 0 0 0 5 0 0 0
1569887688 285 6 0 0 0 25 3 0 0 10 0 0 7 0 0 0 5 0 0 0
1569963237 286 6 0 0 0 25 3 0 0 10 0 0 7 0 0 0 5 0 0 0
1570054857 287 6 0 0 0 25 3 0 0 10 0 0 7 0 0 0 5 0 0 0
1570655277 287 6 0 0 0 25 3 0 0 10 0 0 7 0 0 0 5 0 0 0
1570740683 287 6 0 0 0 25 3 0 0 10 0 0 7 0 0 0 5 0 0 0
1571188720 288 6 0 0 0 25 3 0 0 10 0 0 7 0 0 0 5 0 0 0
1571266271 289 6 0 0 0 25 3 0 0 10 0 0 7 0 0 0 5 0 0 0
1571414789 290 6 0 0 0 25 3 0 0 10 0 0 7 0 0 0 5 0 0 0
1571678463 291 6 0 0 0 25 3 0 0 10 0 0 7 0 0 0 5 0 0 0
1571704486 291 6 0 0 0 26 3 0 0 10 0 0 7 0 0 0 5 0 0 0
1571762123 292 6 0 0 0 26 3 0 0 10 0 0 7 0 0 0 5 0 0 0
1571884539 293 6 0 0 0 26 3 0 0 10 0 0 7 0 0 0 5 0 0 0
1572447671 294 6 0 0 0 26 3 0 0 10 0 0 7 0 0 0 5 0 0 0
1572462295 294 6 0 0 0 26 3 0 0 10 0 0 7 0 0 0 5 0 0 0
1572547055 295 6 0 0 0 26 3 0 0 10 0 0 7 0 0 0 5 0 0 0
1572882364 296 6 0 0 0 26 3 0 0 10 0 0 7 0 0 0 5 0 0 0
1572976155 297 6 0 0 0 26 3 0 0 10 0 0 7 0 0 0 5 0 0 0
1573589868 297 6 0 0 0 26 3 0 0 10 0 0 7 0 0 0 5 0 0 0
1573664072 298 6 0 0 0 26 3 0 0 10 0 0 7 0 0 0 5 0 0 0
1573834032 299 6 0 0 0 26 3 0 0 10 0 0 7 0 0 0 5 0 0 0
1574103746 300 6 0 0 0 26 3 0 0 10 0 0 7 0 0 0 5 0 0 0
1574203439 301 6 0 0 0 26 3 0 0 10 0 0 7 0 0 0 5 0 0 0
1574286925 302 6 0 0 0 26 3 0 0 10 0 0 7 0 0 0 5 0 0 0
1574361022 303 6 0 0 0 26 3 0 0 10 0 0 7 0 0 0 5 0 0 0
1574707220 304 6 0 0 0 26 3 0 0 10 0 0 7 0 0 0 5 0 0 0
1574787619 305 6 0 0 0 26 3 0 0 10 0 0 7 0 0 0 5 0 0 0
1575312113 306 6 0 0 0 26 3 0 0 10 0 0 7 0 0 0 5 0 0 0
1575497623 307 6 0 0 0 26 3 0 0 10 0 0 7 0 0 0 5 0 0 0
1575639400 308 6 0 0 0 26 3 0 0 10 0 0 7 0 0 0 5 0 0 0
1575997412 309 6 0 0 0 26 3 0 0 10 0 0 7 0 0 0 5 0 0 0
1576175763 310 6 0 0 0 26 3 0 0 10 0 0 7 0 0 0 5 0 0 0
1576340647 311 6 0 0 0 26 3 0 0 10 0 0 7 0 0 0 5 0 0 0
1576698386 312 6 0 0 0 26 3 0 0 10 0 0 7 0 0 0 5 0 0 0
1576772408 312 6 0 0 0 26 3 0 0 10 0 0 7 0 0 0 5 0 0 0
1576785815 313 6 0 0 0 26 3 0 0 10 0 0 7 0 0 0 5 0 0 0
1578069670 314 6 0 0 0 26 3 0 0 10 0 0 7 0 0 0 5 0 0 0
1578339687 315 6 0 0 0 26 3 0 0 10 0 0 7 0 0 0 5 0 0 0
1578409009 316 6 0 0 0 26 3 0 0 10 0 0 7 0 0 0 5 0 0 0
1578592728 317 6 0 0 0 26 3 0 0 10 0 0 7 0 0 0 5 0 0 0
1578674555 318 6 0 0 0 26 3 0 0 10 0 0 7 0 0 0 5 0 0 0
1578942726 318 6 0 0 0 26 3 0 0 10 0 0 7 0 0 0 5 0 0 0
1579210719 319 6 0 0 0 26 3 0 0 10 0 0 7 0 0 0 5 0 0 0
1579897624 319 6 0 0 0 26 3 0 0 10 0 0 7 0 0 0 5 0 0 0
1580241011 320 6 0 0 0 26 3 0 0 10 0 0 7 0 0 0 5 0 0 0
1580399001 321 6 0 0 0 26 3 0 0 10 0 0 7 0 0 0 5 0 0 0
1580494152 322 6 0 0 0 26 3 0 0 10 0 0 7 0 0 0 5 0 0 0
1580854819 323 6 0 0 0 26 3 0 0 10 0 0 7 0 0 0 5 0 0 0
1580942280 324 6 0 0 0 26 3 0 0 10 0 0 7 0 0 0 5 0 0 0
1581025660 325 6 0 0 0 26 3 0 0 10 0 0 7 0 0 0 5 0 0 0
1581109567 326 6 0 0 0 26 3 0 0 10 0 0 7 0 0 0 5 0 0 0
1581358683 327 6 0 0 0 26 3 0 0 10 0 0 7 0 0 0 5 0 0 0
1581446848 328 6 0 0 0 26 3 0 0 10 0 0 7 0 0 0 5 0 0 0
1581605544 329 6 0 0 0 26 3 0 0 10 0 0 7 0 0 0 5 0 0 0
1581702085 330 6 0 0 0 26 3 0 0 10 0 0 7 0 0 0 5 0 0 0
1582231021 331 6 0 0 0 26 3 0 0 10 0 0 7 0 0 0 5 0 0 0
1582256184 331 6 0 0 0 26 3 0 0 10 0 0 7 0 0 0 5 0 0 0
1582301143 331 6 0 0 0 26 3 0 0 10 0 0 7 0 0 0 6 0 0 0
1582318296 332 6 0 0 0 26 3 0 0 10 0 0 7 0 0 0 6 0 0 0
1582649322 333 6 0 0 0 26 3 0 0 10 0 0 7 0 0 0 6 0 0 0
1582666051 333 6 0 0 0 26 3 0 0 10 0 0 7 0 0 0 6 0 0 0
1582921108 334 6 0 0 0 26 3 0 0 10 0 0 7 0 0 0 6 0 0 0
1583249219 334 6 0 0 0 26 3 0 0 10 0 0 7 0 0 0 6 0 0 0
1583263330 335 6 0 0 0 26 3 0 0 10 0 0 7 0 0 0 6 0 0 0
1583426237 336 6 0 0 0 26 3 0 0 10 0 0 7 0 0 0 6 0 0 0
1583437865 337 6 0 0 0 26 3 0 0 10 0 0 7 0 0 0 6 0 0 0
1583758540 337 6 0 0 0 26 3 0 0 10 0 0 7 0 0 0 6 0 0 0
1583779066 337 6 0 0 0 26 3 0 0 10 0 0 7 0 0 0 6 0 0 0
1583782471 338 6 0 0 0 26 3 0 0 10 0 0 7 0 0 0 6 0 0 0
1583857686 339 6 0 0 0 26 3 0 0 10 0 0 7 0 0 0 6 0 0 0
1584024103 339 6 0 0 0 26 3 0 0 10 0 0 7 0 0 0 6 0 0 0
1584031293 340 6 0 0 0 26 3 0 0 10 0 0 7 0 0 0 6 0 0 0
1584374783 341 6 0 0 0 26 3 0 0 10 0 0 7 0 0 0 6 0 0 0
1584520315 342 6 0 0 0 26 3 0 0 10 0 0 7 0 0 0 6 0 0 0
1584722862 343 6 0 0 0 26 3 0 0 10 0 0 7 0 0 0 6 0 0 0
1584994578 344 6 0 0 0 26 3 0 0 10 0 0 7 0 0 0 6 0 0 0
1585237750 345 6 0 0 0 26 3 0 0 10 0 0 7 0 0 0 6 0 0 0
1585683155 346 6 0 0 0 26 3 0 0 10 0 0 7 0 0 0 6 0 0 0
1585751547 347 6 0 0 0 26 3 0 0 10 0 0 7 0 0 0 6 0 0 0
1585945469 348 6 0 0 0 26 3 0 0 10 0 0 7 0 0 0 6 0 0 0
1586220657 348 6 0 0 0 26 3 0 0 10 0 0 7 0 0 0 6 0 0 0
1586231627 349 6 0 0 0 26 3 0 0 10 0 0 7 0 0 0 6 0 0 0
1586280510 350 6 0 0 0 26 3 0 0 10 0 0 7 0 0 0 6 0 0 0
1586550793 351 6 0 0 0 26 3 0 0 10 0 0 7 0 0 0 6 0 0 0
1586880884 351 6 0 0 0 26 3 0 0 10 0 0 7 0 0 0 6 0 0 0
1586899555 352 6 0 0 0 26 3 0 0 10 0 0 7 0 0 0 6 0 0 0
1586988834 353 6 0 0 0 26 3 0 0 10 0 0 7 0 0 0 6 0 0 0
1587136386 354 6 0 0 0 26 3 0 0 10 0 0 7 0 0 0 6 0 0 0
1587392427 355 6 0 0 0 26 3 0 0 10 0 0 7 0 0 0 6 0 0 0
1587414910 355 6 0 0 0 26 3 0 0 10 0 0 7 0 0 0 6 0 0 0
1587431960 356 6 0 0 0 26 3 0 0 10 0 0 7 0 0 0 6 0 0 0
1587577949 357 6 0 0 0 26 3 0 0 10 0 0 7 0 0 0 6 0 0 0
1587594593 357 6 0 0 0 26 3 0 0 10 0 0 7 0 0 0 6 0 0 0
1587733951 358 6 0 0 0 26 3 0 0 10 0 0 7 0 0 0 6 0 0 0
1588024665 359 6 0 0 0 26 3 0 0 10 0 0 7 0 0 0 6 0 0 0
1588293850 360 6 0 0 0 26 3 0 0 10 0 0 7 0 0 0 6 0 0 0
1588349633 361 6 0 0 0 26 3 0 0 10 0 0 7 0 0 0 6 0 0 0
1588690454 362 6 0 0 0 26 3 0 0 10 0 0 7 0 0 0 6 0 0 0
1588799301 363 6 0 0 0 26 3 0 0 10 0 0 7 0 0 0 6 0 0 0
1588873346 364 6 0 0 0 26 3 0 0 10 0 0 7 0 0 0 6 0 0 0
1588959360 365 6 0 0 0 26 3 0 0 10 0 0 7 0 0 0 6 0 0 0
1589321126 366 6 0 0 0 26 3 0 0 10 0 0 7 0 0 0 6 0 0 0
1589380410 367 6 0 0 0 26 3 0 0 10 0 0 7 0 0 0 6 0 0 0
1589413560 367 6 0 0 0 26 3 0 0 10 0 0 7 0 0 0 6 0 0 0
1589497460 368 6 0 0 0 26 3 0 0 10 0 0 7 0 0 0 6 0 0 0
1589556205 369 6 0 0 0 26 3 0 0 10 0 0 7 0 0 0 6 0 0 0
1589822630 369 6 0 0 0 26 3 0 0 10 0 0 7 0 0 0 6 0 0 0
1589849594 370 6 0 0 0 26 3 0 0 10 0 0 7 0 0 0 6 0 0 0
1589959417 371 6 0 0 0 26 3 0 0 10 0 0 7 0 0 0 6 0 0 0
1590515853 372 6 0 0 0 26 3 0 0 10 0 0 7 0 0 0 6 0 0 0
1590605081 373 6 0 0 0 26 3 0 0 10 0 0 7 0 0 0 6 0 0 0
1590693900 373 6 0 0 0 26 3 0 0 10 0 0 7 0 0 0 6 0 0 0
1590695724 374 6 0 0 0 26 3 0 0 10 0 0 7 0 0 0 6 0 0 0
1591121911 375 6 0 0 0 26 3 0 0 10 0 0 7 0 0 0 6 0 0 0
1591218193 376 6 0 0 0 26 3 0 0 10 0 0 7 0 0 0 6 0 0 0
1591304755 377 6 0 0 0 26 3 0 0 10 0 0 7 0 0 0 6 0 0 0
1591715832 378 6 0 0 0 26 3 0 0 10 0 0 7 0 0 0 6 0 0 0
1591828534 379 6 0 0 0 26 3 0 0 10 0 0 7 0 0 0 6 0 0 0
1591894589 380 6 0 0 0 26 3 0 0 10 0 0 7 0 0 0 6 0 0 0
1592207248 381 6 0 0 0 26 3 0 0 10 0 0 7 0 0 0 6 0 0 0
1592323975 382 6 0 0 0 26 3 0 0 10 0 0 7 0 0 0 6 0 0 0
1592338541 383 6 0 0 0 26 3 0 0 10 0 0 7 0 0 0 6 0 0 0
1592428611 384 6 0 0 0 26 3 0 0 10 0 0 7 0 0 0 6 0 0 0
1592845386 385 6 0 0 0 26 3 0 0 10 0 0 7 0 0 0 6 0 0 0
1593027971 386 6 0 0 0 26 3 0 0 10 0 0 7 0 0 0 6 0 0 0
1593547730 387 6 0 0 0 26 3 0 0 10 0 0 7 0 0 0 6 0 0 0
1593631667 388 6 0 0 0 26 3 0 0 10 0 0 7 0 0 0 6 0 0 0
1594135631 389 6 0 0 0 26 3 0 0 10 0 0 7 0 0 0 6 0 0 0
1594233399 389 6 0 0 0 26 3 0 0 10 0 0 7 0 0 0 6 0 0 0
1594233433 389 6 0 0 0 26 3 0 0 10 0 0 7 0 0 0 6 0 0 0
1594233865 389 6 0 0 0 26 3 0 0 10 0 0 7 0 0 0 6 0 0 0
1594307592 390 6 0 0 0 26 3 0 0 10 0 0 7 0 0 0 6 0 0 0
1594312917 390 6 0 0 0 26 3 0 0 10 0 0 7 0 0 0 6 0 0 0
1594312975 390 6 0 0 0 26 3 0 0 10 0 0 7 0 0 0 6 0 0 0
1594423390 390 6 0 0 0 26 4 0 0 10 0 0 7 0 0 0 6 0 0 0
1594588895 390 6 0 0 0 26 4 0 0 10 0 0 7 0 0 0 6 0 0 0
1594667409 391 6 0 0 0 26 4 0 0 10 0 0 7 0 0 0 6 0 0 0
1594671722 392 6 0 0 0 26 4 0 0 10 0 0 7 0 0 0 6 0 0 0
1594948460 393 6 0 0 0 26 4 0 0 10 0 0 7 0 0 0 6 0 0 0
1595021600 393 6 0 0 0 26 4 0 0 10 0 0 7 0 0 0 6 0 0 0
1595261299 394 6 0 0 0 26 4 0 0 10 0 0 7 0 0 0 6 0 0 0
1595352213 395 6 0 0 0 26 4 0 0 10 0 0 7 0 0 0 6 0 0 0
1595620852 396 6 0 0 0 26 4 0 0 10 0 0 7 0 0 0 6 0 0 0
1595877718 397 6 0 0 0 26 4 0 0 10 0 0 7 0 0 0 6 0 0 0
1595960019 398 6 0 0 0 26 4 0 0 10 0 0 7 0 0 0 6 0 0 0
1595970357 399 6 0 0 0 26 4 0 0 10 0 0 7 0 0 0 6 0 0 0
1596142730 400 6 0 0 0 26 4 0 0 10 0 0 7 0 0 0 6 0 0 0
1596403406 401 6 0 0 0 26 4 0 0 10 0 0 7 0 0 0 6 0 0 0
1596642985 402 6 0 0 0 26 4 0 0 10 0 0 7 0 0 0 6 0 0 0
1596763060 403 6 0 0 0 26 4 0 0 10 0 0 7 0 0 0 6 0 0 0
1596835904 404 6 0 0 0 26 4 0 0 10 0 0 7 0 0 0 6 0 0 0
1597167390 405 6 0 0 0 26 4 0 0 10 0 0 7 0 0 0 6 0 0 0
1597261999 406 6 0 0 0 26 4 0 0 10 0 0 7 0 0 0 6 0 0 0
1597352700 407 6 0 0 0 26 4 0 0 10 0 0 7 0 0 0 6 0 0 0
1597435031 408 6 0 0 0 26 4 0 0 10 0 0 7 0 0 0 6 0 0 0
1597703115 409 6 0 0 0 26 4 0 0 10 0 0 7 0 0 0 6 0 0 0
1597938895 410 6 0 0 0 26 4 0 0 10 0 0 7 0 0 0 6 0 0 0
1598042397 411 6 0 0 0 26 4 0 0 10 0 0 7 0 0 0 6 0 0 0
1598469917 412 6 0 0 0 26 4 0 0 10 0 0 7 0 0 0 6 0 0 0
1598493300 413 6 0 0 0 26 4 0 0 10 0 0 7 0 0 0 6 0 0 0
1598638147 414 6 0 0 0 26 4 0 0 10 0 0 7 0 0 0 6 0 0 0
1598978383 415 6 0 0 0 26 4 0 0 10 0 0 7 0 0 0 6 0 0 0
1599059712 416 6 0 0 0 26 4 0 0 10 0 0 7 0 0 0 6 0 0 0
1599162885 417 6 0 0 0 26 4 0 0 10 0 0 7 0 0 0 6 0 0 0
1599588559 418 6 0 0 0 26 4 0 0 10 0 0 7 0 0 0 6 0 0 0
1599703997 419 6 0 0 0 26 4 0 0 10 0 0 7 0 0 0 6 0 0 0
1599833705 420 6 0 0 0 26 4 0 0 10 0 0 7 0 0 0 6 0 0 0
1600093999 421 6 0 0 0 26 4 0 0 10 0 0 7 0 0 0 6 0 0 0
1600282516 422 6 0 0 0 26 4 0 0 10 0 0 7 0 0 0 6 0 0 0
1600469715 423 6 0 0 0 26 4 0 0 10 0 0 7 0 0 0 6 0 0 0
1600870019 424 6 0 0 0 26 4 0 0 10 0 0 7 0 0 0 6 0 0 0
1600975668 425 6 0 0 0 26 4 0 0 10 0 0 7 0 0 0 6 0 0 0
1601054965 426 6 0 0 0 26 4 0 0 10 0 0 7 0 0 0 6 0 0 0
1601408277 427 6 0 0 0 26 4 0 0 10 0 0 7 0 0 0 6 0 0 0
1601500124 428 6 0 0 0 26 4 0 0 10 0 0 7 0 0 0 6 0 0 0
1601586882 429 6 0 0 0 26 4 0 0 10 0 0 7 0 0 0 6 0 0 0
1601659047 430 6 0 0 0 26 4 0 0 10 0 0 7 0 0 0 6 0 0 0
1601911857 431 6 0 0 0 26 4 0 0 10 0 0 7 0 0 0 6 0 0 0
1602014261 432 6 0 0 0 26 4 0 0 10 0 0 7 0 0 0 6 0 0 0
1602170861 433 6 0 0 0 26 4 0 0 10 0 0 7 0 0 0 6 0 0 0
1602524108 434 6 0 0 0 26 4 0 0 10 0 0 7 0 0 0 6 0 0 0
1602602775 435 6 0 0 0 26 4 0 0 10 0 0 7 0 0 0 6 0 0 0
1602697502 436 6 0 0 0 26 4 0 0 10 0 0 7 0 0 0 6 0 0 0
1602899961 437 6 0 0 0 26 4 0 0 10 0 0 7 0 0 0 6 0 0 0
1603146326 438 6 0 0 0 26 4 0 0 10 0 0 7 0 0 0 6 0 0 0
1603263689 439 6 0 0 0 26 4 0 0 10 0 0 7 0 0 0 6 0 0 0
1603481509 440 6 0 0 0 26 4 0 0 10 0 0 7 0 0 0 6 0 0 0
1603731044 441 6 0 0 0 26 4 0 0 10 0 0 7 0 0 0 6 0 0 0
1603832937 442 6 0 0 0 26 4 0 0 10 0 0 7 0 0 0 6 0 0 0
1603904220 443 6 0 0 0 26 4 0 0 10 0 0 7 0 0 0 6 0 0 0
1604079524 444 6 0 0 0 26 4 0 0 10 0 0 7 0 0 0 6 0 0 0
1604363930 445 6 0 0 0 26 4 0 0 10 0 0 7 0 0 0 6 0 0 0
1604430928 446 6 0 0 0 26 4 0 0 10 0 0 7 0 0 0 6 0 0 0
1604596438 446 6 0 0 0 26 4 0 0 10 0 0 7 0 0 0 6 0 0 0
1604603660 447 6 0 0 0 26 4 0 0 10 0 0 8 0 0 0 6 0 0 0
1604923795 448 6 0 0 0 26 4 0 0 10 0 0 8 0 0 0 6 0 0 0
1605103129 449 6 0 0 0 26 4 0 0 10 0 0 8 0 0 0 6 0 0 0
1605286074 450 6 0 0 0 26 4 0 0 10 0 0 8 0 0 0 6 0 0 0
1605541027 450 6 0 0 0 26 4 0 0 10 0 0 8 0 0 0 6 0 0 0
1605564857 451 6 0 0 0 26 4 0 0 10 0 0 8 0 0 0 6 0 0 0
1605641113 452 6 0 0 0 26 4 0 0 10 0 0 8 0 0 0 6 0 0 0
1605814819 453 6 0 0 0 26 4 0 0 10 0 0 8 0 0 0 6 0 0 0
1605894775 454 6 0 0 0 26 4 0 0 10 0 0 8 0 0 0 6 0 0 0
1606179917 455 6 0 0 0 26 4 0 0 10 0 0 8 0 0 0 6 0 0 0
1606498856 456 6 0 0 0 26 4 0 0 10 0 0 8 0 0 0 6 0 0 0
1606800191 457 6 0 0 0 26 4 0 0 10 0 0 8 0 0 0 6 0 0 0
1607022568 458 6 0 0 0 26 4 0 0 10 0 0 8 0 0 0 6 0 0 0
1607363774 459 6 0 0 0 26 4 0 0 10 0 0 8 0 0 0 6 0 0 0
1607625321 460 6 0 0 0 26 4 0 0 10 0 0 8 0 0 0 6 0 0 0
1607726957 461 6 0 0 0 26 4 0 0 10 0 0 8 0 0 0 6 0 0 0
1607964834 462 6 0 0 0 26 4 0 0 10 0 0 8 0 0 0 6 0 0 0
1608011473 463 6 0 0 0 26 4 0 0 10 0 0 8 0 0 0 6 0 0 0
1608147541 464 6 0 0 0 26 4 0 0 10 0 0 8 0 0 0 6 0 0 0
1608211898 465 6 0 0 0 26 4 0 0 10 0 0 8 0 0 0 6 0 0 0
1608564278 466 6 0 0 0 26 4 0 0 10 0 0 8 0 0 0 6 0 0 0
1608647157 467 6 0 0 0 26 4 0 0 10 0 0 8 0 0 0 6 0 0 0
1608757161 468 6 0 0 0 26 4 0 0 10 0 0 8 0 0 0 6 0 0 0
1609367417 469 6 0 0 0 26 4 0 0 10 0 0 8 0 0 0 6 0 0 0
1609820025 470 6 0 0 0 26 4 0 0 10 0 0 8 0 0 0 6 0 0 0
1609891629 471 6 0 0 0 26 4 0 0 10 0 0 8 0 0 0 6 0 0 0
1610028617 472 6 0 0 0 26 4 0 0 10 0 0 8 0 0 0 6 0 0 0
1610125822 473 6 0 0 0 26 4 0 0 10 0 0 8 0 0 0 6 0 0 0
1610465780 474 6 0 0 0 26 4 0 0 10 0 0 8 0 0 0 6 0 0 0
1610555442 475 6 0 0 0 26 4 0 0 10 0 0 8 0 0 0 6 0 0 0
1610617008 476 6 0 0 0 26 4 0 0 10 0 0 8 0 0 0 6 0 0 0
1610778844 477 6 0 0 0 26 4 0 0 10 0 0 8 0 0 0 6 0 0 0
1611175162 478 6 0 0 0 26 4 0 0 10 0 0 8 0 0 0 6 0 0 0
1611259490 479 6 0 0 0 26 4 0 0 10 0 0 8 0 0 0 6 0 0 0
1611316403 480 6 0 0 0 26 4 0 0 10 0 0 8 0 0 0 6 0 0 0
1611860685 480 6 0 0 0 26 4 0 0 10 0 0 8 0 0 0 6 0 0 0
1611950970 481 6 0 0 0 26 4 0 0 10 0 0 8 0 0 0 6 0 0 0
1612016407 482 6 0 0 0 26 4 0 0 10 0 0 8 0 0 0 6 0 0 0
1612217361 483 6 0 0 0 26 4 0 0 10 0 0 8 0 0 0 6 0 0 0
1612361512 483 6 0 0 0 26 4 0 0 10 0 0 8 0 0 0 6 0 0 0
1612376295 484 6 0 0 0 26 4 0 0 10 0 0 8 0 0 0 6 0 0 0
1612748110 485 6 0 0 0 26 4 0 0 10 0 0 8 0 0 0 6 0 0 0
1612819210 486 6 0 0 0 26 4 0 0 10 0 0 8 0 0 0 6 0 0 0
1612975974 487 6 0 0 0 26 4 0 0 10 0 0 8 0 0 0 6 0 0 0
1613011624 488 6 0 0 0 26 4 0 0 10 0 0 8 0 0 0 6 0 0 0
1613075475 489 6 0 0 0 26 4 0 0 10 0 0 8 0 0 0 6 0 0 0
1613584129 490 6 0 0 0 26 4 0 0 10 0 0 8 0 0 0 6 0 0 0
1613696932 490 6 0 0 0 26 4 0 0 10 0 0 8 0 0 0 6 0 0 0
1613696945 490 6 0 0 0 26 4 0 0 10 0 0 8 0 0 0 6 0 0 0
1613696957 490 6 0 0 0 26 4 0 0 10 0 0 8 0 0 0 6 0 0 0
1613697044 491 6 0 0 0 26 4 0 0 10 0 0 8 0 0 0 6 0 0 0
1613759168 492 6 0 0 0 26 4 0 0 10 0 0 8 0 0 0 6 0 0 0
1614028725 493 6 0 0 0 26 4 0 0 10 0 0 8 0 0 0 6 0 0 0
1614095196 494 6 0 0 0 26 4 0 0 10 0 0 8 0 0 0 6 0 0 0
1614608679 495 6 0 0 0 26 4 0 0 10 0 0 8 0 0 0 6 0 0 0
1614724087 496 6 0 0 0 26 4 0 0 10 0 0 8 0 0 0 6 0 0 0
1614877807 497 6 0 0 0 26 4 0 0 10 0 0 8 0 0 0 6 0 0 0
1615388843 498 6 0 0 0 26 4 0 0 10 0 0 8 0 0 0 6 0 0 0
1616036891 499 6 0 0 0 26 4 0 0 10 0 0 8 0 0 0 6 0 0 0
1616092426 500 6 0 0 0 26 4 0 0 10 0 0 8 0 0 0 6 0 0 0
1616173501 501 6 0 0 0 26 4 0 0 10 0 0 8 0 0 0 6 0 0 0
1616537231 502 6 0 0 0 26 4 0 0 10 0 0 8 0 0 0 6 0 0 0
1616637111 503 6 0 0 0 26 4 0 0 10 0 0 8 0 0 0 6 0 0 0
1617057995 504 6 0 0 0 26 4 0 0 10 0 0 8 0 0 0 6 0 0 0
1617122651 504 6 0 0 0 26 4 0 0 10 0 0 8 0 0 0 6 0 0 0
1617122673 504 6 0 0 0 26 4 0 0 10 0 0 8 0 0 0 6 0 0 0
1617127014 505 6 0 0 0 26 4 0 0 10 0 0 8 0 0 0 6 0 0 0
1617248527 506 6 0 0 0 26 4 0 0 10 0 0 8 0 0 0 6 0 0 0
1617290543 507 6 0 0 0 26 4 0 0 10 0 0 8 0 0 0 6 0 0 0
1617641524 508 6 0 0 0 26 4 0 0 10 0 0 8 0 0 0 6 0 0 0
1617742659 509 6 0 0 0 26 4 0 0 10 0 0 8 0 0 0 6 0 0 0
1617983471 510 6 0 0 0 26 4 0 0 10 0 0 8 0 0 0 6 0 0 0
1618335263 511 6 0 0 0 26 4 0 0 10 0 0 8 0 0 0 6 0 0 0
1618369186 511 6 0 0 0 26 4 0 0 10 0 0 8 0 0 0 6 0 0 0
1618424360 512 6 0 0 0 26 4 0 0 10 0 0 8 0 0 0 6 0 0 0
1618540971 513 6 0 0 0 26 4 0 0 10 0 0 8 0 0 0 6 0 0 0
1618597533 514 6 0 0 0 26 4 0 0 10 0 0 8 0 0 0 6 0 0 0
1618928268 515 6 0 0 0 26 4 0 0 10 0 0 8 0 0 0 6 0 0 0
1619091035 516 6 0 0 0 26 4 0 0 10 0 0 8 0 0 0 6 0 0 0
1619179343 517 6 0 0 0 26 4 0 0 10 0 0 8 0 0 0 6 0 0 0
1619539914 518 6 0 0 0 26 4 0 0 10 0 0 8 0 0 0 6 0 0 0
1619544369 518 6 0 0 0 26 4 0 0 10 0 0 8 0 0 0 6 0 0 0
1619635769 519 6 0 0 0 26 4 0 0 10 0 0 8 0 0 0 6 0 0 0
1619804516 520 6 0 0 0 26 4 0 0 10 0 0 8 0 0 0 6 0 0 0
1620052659 521 6 0 0 0 26 4 0 0 10 0 0 8 0 0 0 6 0 0 0
1620147176 522 6 0 0 0 26 4 0 0 10 0 0 8 0 0 0 6 0 0 0
1620181393 523 6 0 0 0 26 4 0 0 10 0 0 8 0 0 0 6 0 0 0
1620311726 524 6 0 0 0 26 4 0 0 10 0 0 8 0 0 0 6 0 0 0
1620356881 525 6 0 0 0 26 4 0 0 10 0 0 8 0 0 0 6 0 0 0
1620676626 526 6 0 0 0 26 4 0 0 10 0 0 8 0 0 0 6 0 0 0
1620864066 527 6 0 0 0 26 4 0 0 10 0 0 8 0 0 0 6 0 0 0
1620930671 528 6 0 0 0 26 4 0 0 10 0 0 8 0 0 0 6 0 0 0
1621348890 529 6 0 0 0 26 4 0 0 10 0 0 8 0 0 0 6 0 0 0
1621454113 530 6 0 0 0 26 4 0 0 10 0 0 8 0 0 0 6 0 0 0
1621973766 531 6 0 0 0 26 4 0 0 10 0 0 8 0 0 0 6 0 0 0
1622136140 532 6 0 0 0 26 4 0 0 10 0 0 8 0 0 0 6 0 0 0
1622597569 533 6 0 0 0 26 4 0 0 10 0 0 8 0 0 0 6 0 0 0
1622665944 534 6 0 0 0 26 4 0 0 10 0 0 8 0 0 0 6 0 0 0
1622754341 535 6 0 0 0 26 4 0 0 10 0 0 8 0 0 0 6 0 0 0
1623202858 536 6 0 0 0 26 4 0 0 10 0 0 8 0 0 0 6 0 0 0
1623281200 536 6 0 0 0 26 4 0 0 10 0 0 8 0 0 0 6 0 0 0
1623356999 537 6 0 0 0 26 4 0 0 10 0 0 8 0 0 0 6 0 0 0
1623968670 538 6 0 0 0 26 4 0 0 10 0 0 8 0 0 0 6 0 0 0
1624342789 539 6 0 0 0 26 4 0 0 10 0 0 8 0 0 0 6 0 0 0
1624466681 540 6 0 0 0 26 4 0 0 10 0 0 8 0 0 0 6 0 0 0
1624553594 541 6 0 0 0 26 4 0 0 10 0 0 8 0 0 0 6 0 0 0
1625283740 542 6 0 0 0 26 4 0 0 10 0 0 8 0 0 0 6 0 0 0
1625784094 543 6 0 0 0 26 4 0 0 10 0 0 8 0 0 0 6 0 0 0
1626098654 544 6 0 0 0 26 4 0 0 10 0 0 8 0 0 0 6 0 0 0
1626741696 545 6 0 0 0 26 4 0 0 10 0 0 8 0 0 0 6 0 0 0
1626800326 545 6 0 0 0 26 4 0 0 10 0 0 8 0 0 0 6 0 0 0
1626896751 546 6 0 0 0 26 4 0 0 10 0 0 8 0 0 0 6 0 0 0
1627409736 547 6 0 0 0 26 4 0 0 10 0 0 8 0 0 0 6 0 0 0
1627571096 548 6 0 0 0 26 4 0 0 10 0 0 8 0 0 0 6 0 0 0
1627608831 548 6 0 0 0 26 4 0 0 10 0 0 8 0 0 0 6 0 0 0
1628256095 549 6 0 0 0 26 4 0 0 10 0 0 8 0 0 0 6 0 0 0
1628610764 550 6 0 0 0 26 4 0 0 10 0 0 8 0 0 0 6 0 0 0
1628708223 551 6 0 0 0 26 4 0 0 10 0 0 8 0 0 0 6 0 0 0
1628723764 552 6 0 0 0 26 4 0 0 10 0 0 8 0 0 0 6 0 0 0
1628876321 553 6 0 0 0 26 4 0 0 10 0 0 8 0 0 0 6 0 0 0
1629209215 553 6 0 0 0 26 4 0 0 10 0 0 8 0 0 0 6 0 0 0
1629230449 554 6 0 0 0 26 4 0 0 10 0 0 8 0 0 0 6 0 0 0
1629308525 555 6 0 0 0 26 4 0 0 10 0 0 8 0 0 0 6 0 0 0
1629405268 556 6 0 0 0 26 4 0 0 10 0 0 8 0 0 0 6 0 0 0
1629431534 557 6 0 0 0 26 4 0 0 10 0 0 8 0 0 0 6 0 0 0
1629524835 558 6 0 0 0 26 4 0 0 10 0 0 8 0 0 0 6 0 0 0
1629829086 559 6 0 0 0 26 4 0 0 10 0 0 8 0 0 0 6 0 0 0
1629918130 560 6 0 0 0 26 4 0 0 10 0 0 8 0 0 0 6 0 0 0
1630529317 561 6 0 0 0 26 4 0 0 10 0 0 8 0 0 0 6 0 0 0
1630606191 562 6 0 0 0 26 4 0 0 10 0 0 8 0 0 0 6 0 0 0
1631020215 563 6 0 0 0 26 4 0 0 10 0 0 8 0 0 0 6 0 0 0
1631220100 564 6 0 0 0 26 4 0 0 10 0 0 8 0 0 0 6 0 0 0
1631301721 565 6 0 0 0 26 4 0 0 10 0 0 8 0 0 0 6 0 0 0
1631577929 566 6 0 0 0 26 4 0 0 10 0 0 8 0 0 0 6 0 0 0
1631672110 567 6 0 0 0 26 4 0 0 10 0 0 8 0 0 0 6 0 0 0
1631722629 568 6 0 0 0 26 4 0 0 10 0 0 8 0 0 0 6 0 0 0
1632170136 569 6 0 0 0 26 4 0 0 10 0 0 8 0 0 0 6 0 0 0
1632340722 570 6 0 0 0 26 4 0 0 10 0 0 8 0 0 0 6 0 0 0
1632428582 571 6 0 0 0 26 4 0 0 10 0 0 8 0 0 0 6 0 0 1
1632504751 572 6 0 0 0 26 4 0 0 10 0 0 8 0 0 0 6 0 0 1
1632766012 572 6 0 0 0 26 4 0 0 10 0 0 8 0 0 0 6 0 0 1
1632933633 573 6 0 0 0 26 4 0 0 10 0 0 8 0 0 0 6 0 0 1
1633461715 573 6 0 0 0 26 4 0 0 10 0 0 8 0 0 0 6 0 0 2
1633555214 573 6 0 0 0 26 4 0 0 10 0 0 8 0 0 0 6 0 0 3
1633568130 574 6 0 0 0 26 4 0 0 10 0 0 8 0 0 0 6 0 0 3
1633704633 575 6 0 0 0 26 4 0 0 10 0 0 8 0 0 0 6 0 0 3
1633730410 576 6 0 0 0 26 4 0 0 10 0 0 8 0 0 0 6 0 0 3
1633991531 577 6 0 0 0 26 4 0 0 10 0 0 8 0 0 0 6 0 0 3
1634230912 578 6 0 0 0 26 4 0 0 10 0 0 8 0 0 0 6 0 0 3
1634570679 579 6 0 0 0 26 4 0 0 10 0 0 8 0 0 0 6 0 0 3
1634846508 579 6 0 0 0 26 4 0 0 10 0 0 8 0 0 0 6 0 0 3
1634879177 580 6 0 0 0 26 4 0 0 10 0 0 8 0 0 0 6 0 0 3
1635257351 580 6 0 0 0 26 4 0 0 10 0 0 8 0 0 0 6 0 0 4
1635366138 581 6 0 0 0 26 4 0 0 10 0 0 8 0 0 0 6 0 0 4
1635537114 581 6 0 0 0 26 4 0 0 10 0 0 8 0 0 0 6 0 0 5
1635807696 582 6 0 0 0 26 4 0 0 10 0 0 8 0 0 0 6 0 0 5
1635861517 583 6 0 0 0 26 4 0 0 10 0 0 8 0 0 0 6 0 0 5
1635954385 584 6 0 0 0 26 4 0 0 10 0 0 8 0 0 0 6 0 0 5
1636060359 585 6 0 0 0 26 4 0 0 10 0 0 8 0 0 0 6 0 0 5
1636482846 586 6 0 0 0 26 4 0 0 10 0 0 8 0 0 0 6 0 0 5
1636496091 587 6 0 0 0 26 4 0 0 10 0 0 8 0 0 0 6 0 0 5
1636579567 588 6 0 0 0 26 4 0 0 10 0 0 8 0 0 0 6 0 0 5
1637004563 589 6 0 0 0 26 4 0 0 10 0 0 8 0 0 0 6 0 0 5
1637087540 589 6 0 0 0 26 4 0 0 10 0 0 8 0 0 0 6 0 0 5
1637172084 590 6 0 0 0 26 4 0 0 10 0 0 8 0 0 0 6 0 0 5
1637291970 591 6 0 0 0 26 4 0 0 10 0 0 8 0 0 0 6 0 0 5
1637347561 592 6 0 0 0 26 4 0 0 10 0 0 8 0 0 0 6 0 0 5
1637598148 593 6 0 0 0 26 4 0 0 10 0 0 8 0 0 0 6 0 0 5
1637820068 594 6 0 0 0 26 4 0 0 10 0 0 8 0 0 0 6 0 0 5
1638309771 595 6 0 0 0 26 4 0 0 10 0 0 8 0 0 0 6 0 0 5
1638400087 596 6 0 0 0 26 4 0 0 10 0 0 8 0 0 0 6 0 0 5
1638554462 597 6 0 0 0 26 4 0 0 10 0 0 8 0 0 0 6 0 0 5
1639162253 597 6 0 0 0 26 4 0 0 10 0 0 8 0 0 0 6 0 0 5
1639435622 598 6 0 0 0 26 4 0 0 10 0 0 8 0 0 0 6 0 0 5
1639514535 599 6 0 0 0 26 4 0 0 10 0 0 8 0 0 0 6 0 0 5
1640018672 600 6 0 0 0 26 4 0 0 10 0 0 8 0 0 0 6 0 0 5
1640285975 601 6 0 0 0 26 4 0 0 10 0 0 8 0 0 0 6 0 0 5
1640719698 602 6 0 0 0 26 4 0 0 10 0 0 8 0 0 0 6 0 0 5
1641311984 603 6 0 0 0 26 4 0 0 10 0 0 8 0 0 0 6 0 0 5
1641348259 604 6 0 0 0 26 4 0 0 10 0 0 8 0 0 0 6 0 0 5
1641566574 604 6 0 0 0 26 4 0 0 10 0 0 8 0 0 0 6 0 0 5
1641566650 604 6 0 0 0 26 4 0 0 10 0 0 8 0 0 0 6 0 0 5
1641566706 604 6 0 0 0 26 4 0 0 10 0 0 8 0 0 0 6 0 0 5
1641840105 605 6 0 0 0 26 4 0 0 10 0 0 8 0 0 0 6 0 0 5
1642163120 606 6 0 0 0 26 4 0 0 10 0 0 8 0 0 0 6 0 0 5
1642539768 607 6 0 0 0 26 4 0 0 10 0 0 8 0 0 0 6 0 0 5
1642619090 608 6 0 0 0 26 4 0 0 10 0 0 8 0 0 0 6 0 0 5
1642795500 609 6 0 0 0 26 4 0 0 10 0 0 8 0 0 0 6 0 0 5
1643057772 610 6 0 0 0 26 4 0 0 10 0 0 8 0 0 0 6 0 0 5
1643306240 611 6 0 0 0 26 4 0 0 10 0 0 9 0 0 0 6 0 0 5
1643312625 612 6 0 0 0 26 4 0 0 10 0 0 9 0 0 0 6 0 0 5
1643389498 613 6 0 0 0 26 4 0 0 10 0 0 9 0 0 0 6 0 0 5
1643651411 614 6 0 0 0 26 4 0 0 10 0 0 9 0 0 0 6 0 0 5
1643752369 615 6 0 0 0 26 4 0 0 10 0 0 9 0 0 0 6 0 0 5
1643906785 616 6 0 0 0 26 4 0 0 10 0 0 9 0 0 0 6 0 0 5
1644253664 617 6 0 0 0 26 4 0 0 10 0 0 9 0 0 0 6 0 0 5
1644830768 618 6 0 0 0 26 4 0 0 10 0 0 9 0 0 0 6 0 0 5
1645128475 619 6 0 0 0 26 4 0 0 10 0 0 9 0 0 0 6 0 0 5
1645628192 620 6 0 0 0 26 4 0 0 10 0 0 9 0 0 0 6 0 0 5
1645655426 621 6 0 0 0 26 4 0 0 10 0 0 9 0 0 0 6 0 0 5
1646168530 622 6 0 0 0 26 4 0 0 10 0 0 9 0 0 0 6 0 0 5
1646318139 623 6 0 0 0 26 4 0 0 10 0 0 9 0 0 0 6 0 0 5
1646368753 624 6 0 0 0 26 4 0 0 10 0 0 9 0 0 0 6 0 0 5
1646720714 625 6 0 0 0 26 4 0 0 10 0 0 9 0 0 0 6 0 0 5
1646773276 625 6 0 0 0 26 4 0 0 10 0 0 9 0 0 0 6 0 0 5
1647272639 626 6 0 0 0 26 4 0 0 10 0 0 9 0 0 0 6 0 0 5
1647367945 627 6 0 0 0 26 4 0 0 10 0 0 9 0 0 0 6 0 0 5
1647449605 628 6 0 0 0 26 4 0 0 10 0 0 9 0 0 0 6 0 0 5
1647535412 629 6 0 0 0 26 4 0 0 10 0 0 9 0 0 0 6 0 0 5
1647547317 630 6 0 0 0 26 4 0 0 10 0 0 9 0 0 0 6 0 0 5
1647634210 630 6 0 0 0 26 4 0 0 10 0 0 9 0 0 0 6 0 0 5
1647639741 631 6 0 0 0 26 4 0 0 10 0 0 9 0 0 0 6 0 0 5
1647900968 632 6 0 0 0 26 4 0 0 10 0 0 9 0 0 0 6 0 0 5
1648067143 633 6 0 0 0 26 4 0 0 10 0 0 9 0 0 0 6 0 0 5
1648256191 633 6 0 0 0 26 4 0 0 10 0 0 9 0 0 0 6 0 0 5
1648498364 634 6 0 0 0 26 4 0 0 10 0 0 9 0 0 0 6 0 0 5
1648662536 635 6 0 0 0 26 4 0 0 10 0 0 9 0 0 0 6 0 0 5
1648670180 635 6 0 0 0 26 4 0 0 10 0 0 9 0 0 0 6 0 0 5
1648745322 636 6 0 0 0 26 4 0 0 10 0 0 9 0 0 0 6 0 0 5
1648773733 637 6 0 0 0 26 4 0 0 10 0 0 9 0 0 0 6 0 0 5
1649188839 638 6 0 0 0 26 4 0 0 10 0 0 9 0 0 0 6 0 0 5
1649267098 639 6 0 0 0 26 4 0 0 10 0 0 9 0 0 0 6 0 0 5
1649779456 640 6 0 0 0 26 4 0 0 10 0 0 9 0 0 0 6 0 0 5
1649940095 641 6 0 0 0 26 4 0 0 10 0 0 9 0 0 0 6 0 0 5
1650042759 642 6 0 0 0 26 4 0 0 10 0 0 9 0 0 0 6 0 0 5
1650401811 643 6 0 0 0 26 4 0 0 10 0 0 9 0 0 0 6 0 0 5
1650464438 644 6 0 0 0 26 4 0 0 10 0 0 9 0 0 0 6 0 0 5
1650654005 645 6 0 0 0 26 4 0 0 10 0 0 9 0 0 0 6 0 0 5
1650654496 645 6 0 0 0 26 4 0 1 10 0 0 9 0 0 0 6 0 0 5
1650895655 646 6 0 0 0 26 4 0 1 10 0 0 9 0 0 0 6 0 0 5
1650901242 646 7 0 0 0 26 4 0 1 10 0 0 9 0 0 0 6 0 0 5
1651236223 647 7 0 0 0 26 4 0 1 10 0 0 9 0 0 0 6 0 0 5
1651522072 648 7 0 0 0 26 4 0 1 10 0 0 9 0 0 0 6 0 0 5
1651594462 648 7 0 0 0 26 4 0 2 10 0 0 9 0 0 0 6 0 0 5
1651609553 649 7 0 0 0 26 4 0 2 10 0 0 9 0 0 0 6 0 0 5
1651681407 649 7 0 0 1 26 4 0 2 10 0 0 9 0 0 0 6 0 0 5
1651690405 649 7 0 1 1 26 4 0 2 10 0 0 9 0 0 0 6 0 0 5
1651691077 650 7 0 1 1 26 4 0 2 10 0 0 9 0 0 0 6 0 0 5
1651695683 651 7 0 1 1 26 4 0 2 10 0 0 9 0 0 0 6 0 0 5
1651723085 651 7 0 1 2 26 4 0 2 10 0 0 9 0 0 0 6 0 0 5
1651765367 651 7 0 1 3 26 4 0 2 10 0 0 9 0 0 0 6 0 0 5
1652210023 652 7 0 1 3 26 4 0 2 10 0 0 9 0 0 0 6 0 0 5
1652302146 653 7 0 1 3 26 4 0 2 10 0 0 9 0 0 0 6 0 0 5
1652331928 654 7 0 1 3 26 4 0 2 10 0 0 9 0 0 0 6 0 0 5
1652387913 654 7 0 1 3 26 4 0 2 10 0 0 9 0 0 1 6 0 0 5
1652396847 655 7 0 1 3 26 4 0 2 10 0 0 9 0 0 1 6 0 0 5
1652478625 655 7 0 1 3 26 4 0 2 10 0 0 9 0 0 1 6 0 0 5
1652739959 656 7 0 1 3 26 4 0 2 10 0 0 9 0 0 1 6 0 0 5
1652776970 657 7 0 1 3 26 4 0 2 10 0 0 9 0 0 1 6 0 0 5
1652777082 658 7 0 1 3 26 4 0 2 10 0 0 9 0 0 1 6 0 0 5
1652820562 658 7 0 1 4 26 4 0 2 10 0 0 9 0 0 1 6 0 0 5
1652826064 658 7 0 1 4 26 4 0 3 10 0 0 9 0 0 1 6 0 0 5
1652832609 659 7 0 1 4 26 4 0 3 10 0 0 9 0 0 1 6 0 0 5
1652893274 659 7 0 1 4 26 4 0 3 10 0 0 9 1 0 1 6 0 0 5
1652915628 659 8 0 1 4 26 4 0 3 10 0 0 9 1 0 1 6 0 0 5
1653009705 659 8 0 1 4 26 4 0 3 10 0 0 9 1 0 1 6 0 0 5
1653026009 660 8 0 1 4 26 4 0 3 10 0 0 9 1 0 1 6 0 0 5
1653088245 660 9 0 1 4 26 4 0 3 10 0 0 9 1 0 1 6 0 0 5
1653319865 661 9 0 1 4 26 4 0 3 10 0 0 9 1 0 1 6 0 0 5
1653320169 661 10 0 1 4 26 4 0 3 10 0 0 9 1 0 1 6 0 0 5
1653402236 661 10 0 1 4 26 4 0 3 10 0 0 9 1 0 2 6 0 0 5
1653511851 661 11 0 1 4 26 4 0 3 10 0 0 9 1 0 2 6 0 0 5
1653579162 662 11 0 1 4 26 4 0 3 10 0 0 9 1 0 2 6 0 0 5
1653580221 662 11 0 1 4 26 4 0 4 10 0 0 9 1 0 2 6 0 0 5
1653588379 663 11 0 1 4 26 4 0 4 10 0 0 9 1 0 2 6 0 0 5
1653668261 664 11 0 1 4 26 4 0 4 10 0 0 9 1 0 2 6 0 0 5
1653675124 665 11 0 1 4 26 4 0 4 10 0 0 9 1 0 2 6 0 0 5
1653686878 665 11 0 1 4 26 4 0 4 10 0 0 9 1 0 2 6 0 0 5
1653959464 665 11 0 1 4 26 4 0 4 10 0 0 9 1 0 2 6 0 0 5
1653974277 665 11 0 1 4 26 4 0 4 10 0 0 9 1 0 2 6 0 0 5
1653983185 666 11 0 1 4 26 4 0 4 10 0 0 9 1 0 2 6 0 0 5
1654009222 666 12 0 1 4 26 4 0 4 10 0 0 9 1 0 2 6 0 0 5
1654013605 666 12 0 2 4 26 4 0 4 10 0 0 9 1 0 2 6 0 0 5
1654024132 666 12 1 2 4 26 4 0 4 10 0 0 9 1 0 2 6 0 0 5
1654024805 666 12 2 2 4 26 4 0 4 10 0 0 9 1 0 2 6 0 0 5
1654030842 666 12 2 2 4 26 4 0 4 10 0 0 9 2 0 2 6 0 0 5
1654037960 666 12 2 2 4 26 4 0 4 10 0 0 9 2 0 2 6 0 0 5
1654181586 667 12 2 2 4 26 4 0 4 10 0 0 9 2 0 2 6 0 0 5
1654183338 667 12 2 2 4 26 4 0 4 10 0 0 9 2 0 2 6 0 0 5
1654189688 667 12 2 2 4 26 4 0 4 10 0 0 9 2 0 2 6 0 0 5
1654198008 667 12 2 2 5 26 4 0 4 10 0 0 9 2 0 2 6 0 0 5
1654204401 667 12 3 2 5 26 4 0 4 10 0 0 9 2 0 2 6 0 0 5
1654286495 667 12 3 2 5 26 4 0 4 10 0 0 9 2 0 2 6 0 0 5
1654526610 667 13 3 2 5 26 4 0 4 10 0 0 9 2 0 2 6 0 0 5
1654531763 667 14 3 2 5 26 4 0 4 10 0 0 9 2 0 2 6 0 0 5
1654532911 668 14 3 2 5 26 4 0 4 10 0 0 9 2 0 2 6 0 0 5
1654538523 668 14 3 3 5 26 4 0 4 10 0 0 9 2 0 2 6 0 0 5
1654539463 668 15 3 3 5 26 4 0 4 10 0 0 9 2 0 2 6 0 0 5
1654539999 668 16 3 3 5 26 4 0 4 10 0 0 9 2 0 2 6 0 0 5
1654543684 668 16 3 3 5 26 4 0 4 10 0 0 9 2 0 3 6 0 0 5
1654546416 668 16 3 3 5 26 4 0 4 10 0 0 9 2 0 3 6 0 0 5
1654611216 668 16 3 3 5 26 4 0 4 10 0 0 9 2 0 3 6 0 0 5
1654619519 668 16 4 3 5 26 4 0 4 10 0 0 9 2 0 3 6 0 0 5
1654717343 668 16 4 3 5 26 4 0 4 10 0 0 9 2 0 3 6 1 0 5
1654723360 668 16 4 3 5 26 4 0 4 10 0 0 9 2 0 3 6 1 0 5
1654769563 669 16 4 3 5 26 4 0 4 10 0 0 9 2 0 3 6 1 0 5
1654786178 669 17 4 3 5 26 4 0 4 10 0 0 9 2 0 3 6 1 0 5
1654798841 669 17 4 3 5 26 4 0 5 10 0 0 9 2 0 3 6 1 0 5
1654870700 670 17 4 3 5 26 4 0 5 10 0 0 9 2 0 3 6 1 0 5
1654879995 671 17 4 3 5 26 4 0 5 10 0 0 9 2 0 3 6 1 0 5
1654899151 671 17 4 3 6 26 4 0 5 10 0 0 9 2 0 3 6 1 0 5
1654928425 672 17 4 3 6 26 4 0 5 10 0 0 9 2 0 3 6 1 0 5
1655227386 673 17 4 3 6 26 4 0 5 10 0 0 9 2 0 3 6 1 0 5
1655236102 673 18 4 3 6 26 4 0 5 10 0 0 9 2 0 3 6 1 0 5
1655236729 673 19 4 3 6 26 4 0 5 10 0 0 9 2 0 3 6 1 0 5
1655237459 673 20 4 3 6 26 4 0 5 10 0 0 9 2 0 3 6 1 0 5
1655239861 673 21 4 3 6 26 4 0 5 10 0 0 9 2 0 3 6 1 0 5
1655245453 673 21 4 3 6 26 4 0 5 10 0 0 9 2 0 3 6 1 0 5
1655255059 673 22 4 3 6 26 4 0 5 10 0 0 9 2 0 3 6 1 0 5
1655304169 673 23 4 3 6 26 4 0 5 10 0 0 9 2 0 3 6 1 0 5
1655304823 673 24 4 3 6 26 4 0 5 10 0 0 9 2 0 3 6 1 0 5
1655339261 673 25 4 3 6 26 4 0 5 10 0 0 9 2 0 3 6 1 0 5
1655410641 673 25 4 3 6 26 4 0 6 10 0 0 9 2 0 3 6 1 0 5
1655413745 673 25 4 3 6 26 4 0 7 10 0 0 9 2 0 3 6 1 0 5
1655414933 673 25 4 3 6 26 4 0 7 10 0 0 9 2 0 3 6 1 0 5
1655422954 673 25 4 3 6 26 4 0 8 10 0 0 9 2 0 3 6 1 0 5
1655430350 673 26 4 3 6 26 4 0 8 10 0 0 9 2 0 3 6 1 0 5
1655824089 673 27 4 3 6 26 4 0 8 10 0 0 9 2 0 3 6 1 0 5
1655839667 673 27 4 3 6 26 4 0 8 10 0 0 9 2 0 3 6 1 0 5
1655914486 674 27 4 3 6 26 4 0 8 10 0 0 9 2 0 3 6 1 0 5
1655919546 674 28 4 3 6 26 4 0 8 10 0 0 9 2 0 3 6 1 0 5
1655931321 675 28 4 3 6 26 4 0 8 10 0 0 9 2 0 3 6 1 0 5
1656080301 675 28 4 3 6 26 5 0 8 10 0 0 9 2 0 3 6 1 0 5
1656083464 675 28 4 3 6 26 5 0 9 10 0 0 9 2 0 3 6 1 0 5
1656190949 676 28 4 3 6 26 5 0 9 10 0 0 9 2 0 3 6 1 0 5
1656520889 677 28 4 3 6 26 5 0 9 10 0 0 9 2 0 3 6 1 0 5
1656628472 677 28 4 3 6 26 5 0 9 10 0 0 9 2 0 3 6 2 0 5
1657039074 677 29 4 3 6 26 5 0 9 10 0 0 9 2 0 3 6 2 0 5
1657139977 677 29 4 3 6 26 5 0 9 10 0 0 9 2 0 3 6 3 0 5
1657159727 677 30 4 3 6 26 5 0 9 10 0 0 9 2 0 3 6 3 0 5
1657202434 678 30 4 3 6 26 5 0 9 10 0 0 9 2 0 3 6 3 0 5
1657556859 678 30 4 3 6 26 5 0 9 10 0 0 9 2 0 3 6 3 0 5
1657616996 678 31 4 3 6 26 5 0 9 10 0 0 9 2 0 3 6 3 0 5
1657642357 678 31 5 3 6 26 5 0 9 10 0 0 9 2 0 3 6 3 0 5
1657649811 679 31 5 3 6 26 5 0 9 10 0 0 9 2 0 3 6 3 0 5
1657661986 680 31 5 3 6 26 5 0 9 10 0 0 9 2 0 3 6 3 0 5
1657723664 680 31 6 3 6 26 5 0 9 10 0 0 9 2 0 3 6 3 0 5
1657727046 681 31 6 3 6 26 5 0 9 10 0 0 9 2 0 3 6 3 0 5
1657734120 682 31 6 3 6 26 5 0 9 10 0 0 9 2 0 3 6 3 0 5
1657816269 683 31 6 3 6 26 5 0 9 10 0 0 9 2 0 3 6 3 0 5
1657820053 683 31 6 3 6 26 5 0 9 10 0 0 9 2 0 3 6 4 0 5
1657917571 683 31 6 3 6 26 5 1 9 10 0 0 9 2 0 3 6 4 0 5
1657920370 683 31 6 3 6 26 5 1 10 10 0 0 9 2 0 3 6 4 0 5
1658153835 684 31 6 3 6 26 5 1 10 10 0 0 9 2 0 3 6 4 0 5
1658155042 684 31 6 3 6 26 5 2 10 10 0 0 9 2 0 3 6 4 0 5
1658172228 684 31 6 3 6 26 5 2 10 10 0 0 9 2 0 4 6 4 0 5
1658185519 685 31 6 3 6 26 5 2 10 10 0 0 9 2 0 4 6 4 0 5
1658208272 685 31 6 3 6 26 5 2 10 10 0 0 9 2 0 4 6 4 0 5
1658295467 685 31 6 3 6 26 5 2 10 10 0 0 9 2 0 4 6 4 0 5
1658347828 685 31 6 3 7 26 5 2 10 10 0 0 9 2 0 4 6 4 0 5
1658434692 685 31 6 3 7 26 5 2 10 10 0 0 9 2 0 4 6 4 0 5
1658507048 685 31 6 3 7 26 5 2 10 10 0 0 9 2 0 4 6 4 0 5
1658518892 686 31 6 3 7 26 5 2 10 10 0 0 9 2 0 4 6 4 0 5
1658778197 687 31 6 3 7 26 5 2 10 10 0 0 9 2 0 4 6 4 0 5
1658794794 688 31 6 3 7 26 5 2 10 10 0 0 9 2 0 4 6 4 0 5
1658855743 689 31 6 3 7 26 5 2 10 10 0 0 9 2 0 4 6 4 0 5
1658932605 689 31 7 3 7 26 5 2 10 10 0 0 9 2 0 4 6 4 0 5
1658954719 689 31 7 4 7 26 5 2 10 10 0 0 9 2 0 4 6 4 0 5
1659019506 690 31 7 4 7 26 5 2 10 10 0 0 9 2 0 4 6 4 0 5
1659130693 690 31 7 4 7 26 5 2 10 10 0 0 9 2 0 4 6 5 0 5
1659367777 691 31 7 4 7 26 5 2 10 10 0 0 9 2 0 4 6 5 0 5
1659614678 692 31 7 4 7 26 5 2 10 10 0 0 9 2 0 4 6 5 0 5
1659615596 693 31 7 4 7 26 5 2 10 10 0 0 9 2 0 4 6 5 0 5
1659618854 693 31 7 4 7 26 5 2 10 10 0 0 9 2 0 4 6 5 0 5
1659637188 693 31 7 4 7 26 5 2 10 10 0 0 9 2 0 4 6 6 0 5
1659662098 694 31 7 4 7 26 5 2 10 10 0 0 9 2 0 4 6 6 0 5
1659707765 695 31 7 4 7 26 5 2 10 10 0 0 9 2 0 4 6 6 0 5
1659719373 696 31 7 4 7 26 5 2 10 10 0 0 9 2 0 4 6 6 0 5
1660085498 696 31 7 4 7 26 6 2 10 10 0 0 9 2 0 4 6 6 0 5
1660112956 696 31 7 4 7 26 6 2 10 10 0 0 9 2 0 4 6 6 0 5
1660136455 697 31 7 4 7 26 6 2 10 10 0 0 9 2 0 4 6 6 0 5
1660169926 697 31 7 4 7 26 6 2 10 10 0 0 9 2 0 4 6 6 0 5
1660227913 697 31 8 4 7 26 6 2 10 10 0 0 9 2 0 4 6 6 0 5
1660242153 698 31 8 4 7 26 6 2 10 10 0 0 9 2 0 4 6 6 0 5
1660244104 698 31 8 4 7 26 6 2 10 10 0 0 9 2 0 4 6 6 0 5
1660250551 698 31 8 4 7 26 6 2 10 10 0 0 9 2 0 4 6 6 0 5
1660281739 698 31 8 4 7 26 6 2 10 10 0 0 9 2 0 4 6 6 0 5
1660314340 698 31 9 4 7 26 6 2 10 10 0 0 9 2 0 4 6 6 0 5
1660314805 698 31 10 4 7 26 6 2 10 10 0 0 9 2 0 4 6 6 0 5
1660572003 698 32 10 4 7 26 6 2 10 10 0 0 9 2 0 4 6 6 0 5
1660668644 699 32 10 4 7 26 6 2 10 10 0 0 9 2 0 4 6 6 0 5
1660673581 699 33 10 4 7 26 6 2 10 10 0 0 9 2 0 4 6 6 0 5
1660677655 700 33 10 4 7 26 6 2 10 10 0 0 9 2 0 4 6 6 0 5
1660750474 701 33 10 4 7 26 6 2 10 10 0 0 9 2 0 4 6 6 0 5
1660753076 702 33 10 4 7 26 6 2 10 10 0 0 9 2 0 4 6 6 0 5
1660755584 702 33 10 4 7 26 6 2 10 10 0 0 9 2 0 4 6 6 0 5
1660757085 703 33 10 4 7 26 6 2 10 10 0 0 9 2 0 4 6 6 0 5
1660757949 703 33 11 4 7 26 6 2 10 10 0 0 9 2 0 4 6 6 0 5
1660779593 704 33 11 4 7 26 6 2 10 10 0 0 9 2 0 4 6 6 0 5
1660844662 705 33 11 4 7 26 6 2 10 10 0 0 9 2 0 4 6 6 0 5
1660847877 706 33 11 4 7 26 6 2 10 10 0 0 9 2 0 4 6 6 0 5
1661196307 707 33 11 4 7 26 6 2 10 10 0 0 9 2 0 4 6 6 0 5
1661282840 708 33 11 4 7 26 6 2 10 10 0 0 9 2 0 4 6 6 0 5
1661346099 709 33 11 4 7 26 6 2 10 10 0 0 9 2 0 4 6 6 0 5
1661372298 709 33 11 4 8 26 6 2 10 10 0 0 9 2 0 4 6 6 0 5
1661462103 709 33 11 4 8 26 7 2 10 10 0 0 9 2 0 4 6 6 0 5
1661807306 710 33 11 4 8 26 7 2 10 10 0 0 9 2 0 4 6 6 0 5
1661807691 711 33 11 4 8 26 7 2 10 10 0 0 9 2 0 4 6 6 0 5
1661817134 711 34 11 4 8 26 7 2 10 10 0 0 9 2 0 4 6 6 0 5
1661880793 712 34 11 4 8 26 7 2 10 10 0 0 9 2 0 4 6 6 0 5
1661958066 713 34 11 4 8 26 7 2 10 10 0 0 9 2 0 4 6 6 0 5
1661967131 713 34 11 4 8 26 8 2 10 10 0 0 9 2 0 4 6 6 0 5
1661967561 714 34 11 4 8 26 8 2 10 10 0 0 9 2 0 4 6 6 0 5
1661974159 715 34 11 4 8 26 8 2 10 10 0 0 9 2 0 4 6 6 0 5
1661978640 715 35 11 4 8 26 8 2 10 10 0 0 9 2 0 4 6 6 0 5
1662048212 716 35 11 4 8 26 8 2 10 10 0 0 9 2 0 4 6 6 0 5
1662049153 717 35 11 4 8 26 8 2 10 10 0 0 9 2 0 4 6 6 0 5
1662052106 717 36 11 4 8 26 8 2 10 10 0 0 9 2 0 4 6 6 0 5
1662056581 718 36 11 4 8 26 8 2 10 10 0 0 9 2 0 4 6 6 0 5
1662059927 719 36 11 4 8 26 8 2 10 10 0 0 9 2 0 4 6 6 0 5
1662065090 720 36 11 4 8 26 8 2 10 10 0 0 9 2 0 4 6 6 0 5
1662065213 721 36 11 4 8 26 8 2 10 10 0 0 9 2 0 4 6 6 0 5
1662065216 722 36 11 4 8 26 8 2 10 10 0 0 9 2 0 4 6 6 0 5
1662069240 722 36 11 5 8 26 8 2 10 10 0 0 9 2 0 4 6 6 0 5
1662109477 722 36 11 5 8 26 8 2 10 10 0 0 9 2 0 4 6 6 0 5
1662126862 722 37 11 5 8 26 8 2 10 10 0 0 9 2 0 4 6 6 0 5
1662139950 722 38 11 5 8 26 8 2 10 10 0 0 9 2 0 4 6 6 0 5
1662143269 722 39 11 5 8 26 8 2 10 10 0 0 9 2 0 4 6 6 0 5
1662476388 722 39 12 5 8 26 8 2 10 10 0 0 9 2 0 4 6 6 0 5
1662490936 722 40 12 5 8 26 8 2 10 10 0 0 9 2 0 4 6 6 0 5
1662494320 723 40 12 5 8 26 8 2 10 10 0 0 9 2 0 4 6 6 0 5
1662495088 724 40 12 5 8 26 8 2 10 10 0 0 9 2 0 4 6 6 0 5
1662559112 724 41 12 5 8 26 8 2 10 10 0 0 9 2 0 4 6 6 0 5
1662581487 725 41 12 5 8 26 8 2 10 10 0 0 9 2 0 4 6 6 0 5
1662649633 725 42 12 5 8 26 8 2 10 10 0 0 9 2 0 4 6 6 0 5
1662664900 726 42 12 5 8 26 8 2 10 10 0 0 9 2 0 4 6 6 0 5
1662665270 727 42 12 5 8 26 8 2 10 10 0 0 9 2 0 4 6 6 0 5
1662668799 727 43 12 5 8 26 8 2 10 10 0 0 9 2 0 4 6 6 0 5
1662673261 727 44 12 5 8 26 8 2 10 10 0 0 9 2 0 4 6 6 0 5
1663023882 728 44 12 5 8 26 8 2 10 10 0 0 9 2 0 4 6 6 0 5
1663080640 729 44 12 5 8 26 8 2 10 10 0 0 9 2 0 4 6 6 0 5
1663087691 730 44 12 5 8 26 8 2 10 10 0 0 9 2 0 4 6 6 0 5
1663090582 730 44 12 6 8 26 8 2 10 10 0 0 9 2 0 4 6 6 0 5
1663094696 730 44 12 6 8 26 8 2 10 10 0 0 9 3 0 4 6 6 0 5
1663119267 731 44 12 6 8 26 8 2 10 10 0 0 9 3 0 4 6 6 0 5
1663136861 732 44 12 6 8 26 8 2 10 10 0 0 9 3 0 4 6 6 0 5
1663164767 733 44 12 6 8 26 8 2 10 10 0 0 9 3 0 4 6 6 0 5
1663172611 733 44 12 6 9 26 8 2 10 10 0 0 9 3 0 4 6 6 0 5
1663277379 734 44 12 6 9 26 8 2 10 10 0 0 9 3 0 4 6 6 0 5
1663367903 735 44 12 6 9 26 8 2 10 10 0 0 9 3 0 4 6 6 0 5
1663594104 735 44 12 6 10 26 8 2 10 10 0 0 9 3 0 4 6 6 0 5
1663605000 736 44 12 6 10 26 8 2 10 10 0 0 9 3 0 4 6 6 0 5
1663697051 737 44 12 6 10 26 8 2 10 10 0 0 9 3 0 4 6 6 0 5
1663704745 737 44 12 7 10 26 8 2 10 10 0 0 9 3 0 4 6 6 0 5
1663705456 738 44 12 7 10 26 8 2 10 10 0 0 9 3 0 4 6 6 0 5
1663706986 738 44 12 7 11 26 8 2 10 10 0 0 9 3 0 4 6 6 0 5
1663708855 739 44 12 7 11 26 8 2 10 10 0 0 9 3 0 4 6 6 0 5
1664128837 740 44 12 7 11 26 8 2 10 10 0 0 9 3 0 4 6 6 0 5
1664199408 741 44 12 7 11 26 8 2 10 10 0 0 9 3 0 4 6 6 0 5
1664207614 742 44 12 7 11 26 8 2 10 10 0 0 9 3 0 4 6 6 0 5
1664242991 743 44 12 7 11 26 8 2 10 10 0 0 9 3 0 4 6 6 0 5
1664387051 743 44 12 8 11 26 8 2 10 10 0 0 9 3 0 4 6 6 0 5
1664390009 744 44 12 8 11 26 8 2 10 10 0 0 9 3 0 4 6 6 0 5
1664399174 745 44 12 8 11 26 8 2 10 10 0 0 9 3 0 4 6 6 0 5
1664409362 746 44 12 8 11 26 8 2 10 10 0 0 9 3 0 4 6 6 0 5
1664463588 746 44 12 8 12 26 8 2 10 10 0 0 9 3 0 4 6 6 0 5
1664484148 746 44 12 8 12 26 8 2 10 10 0 0 9 3 0 4 6 6 0 5
1664492291 746 44 12 8 12 26 8 3 10 10 0 0 9 3 0 4 6 6 0 5
1664493701 747 44 12 8 12 26 8 3 10 10 0 0 9 3 0 4 6 6 0 5
1664497442 747 44 12 8 12 26 8 3 10 10 0 0 9 3 0 4 6 6 0 5
1664500493 747 44 12 8 12 26 8 4 10 10 0 0 9 3 0 4 6 6 0 5
1664501045 747 44 12 8 12 26 8 5 10 10 0 0 9 3 0 4 6 6 0 5
1664551088 747 44 12 8 12 26 8 6 10 10 0 0 9 3 0 4 6 6 0 5
1664554602 747 44 13 8 12 26 8 6 10 10 0 0 9 3 0 4 6 6 0 5
1664565087 748 44 13 8 12 26 8 6 10 10 0 0 9 3 0 4 6 6 0 5
1664611230 748 44 13 8 12 26 8 6 10 10 0 0 9 3 0 4 6 6 0 5
1664723551 748 44 13 8 12 26 8 6 10 10 0 0 9 3 0 4 6 6 1 5
1664807184 748 45 13 8 12 26 8 6 10 10 0 0 9 3 0 4 6 6 1 5
1664807880 748 45 14 8 12 26 8 6 10 10 0 0 9 3 0 4 6 6 1 5
1664819500 748 45 14 9 12 26 8 6 10 10 0 0 9 3 0 4 6 6 1 5
1664833630 749 45 14 9 12 26 8 6 10 10 0 0 9 3 0 4 6 6 1 5
1664843120 750 45 14 9 12 26 8 6 10 10 0 0 9 3 0 4 6 6 1 5
1664844316 750 45 14 9 12 26 8 6 10 10 0 0 9 3 0 4 6 6 1 5
1664851404 750 45 14 9 12 26 9 6 10 10 0 0 9 3 0 4 6 6 1 5
1664904124 750 45 14 9 12 26 9 6 10 10 0 0 9 3 0 4 6 6 1 5
1664907398 750 45 14 9 12 26 9 6 10 10 0 0 9 3 0 4 6 6 2 5
1664907662 750 45 14 9 12 26 9 6 10 10 0 0 9 3 0 4 6 6 3 5
1664915292 750 45 14 9 12 26 10 6 10 10 0 0 9 3 0 4 6 6 3 5
1664919482 751 45 14 9 12 26 10 6 10 10 0 0 9 3 0 4 6 6 3 5
1664980970 751 45 14 9 12 26 10 6 10 10 0 0 9 3 0 4 6 6 3 5
1664992755 751 45 14 9 13 26 10 6 10 10 0 0 9 3 0 4 6 6 3 5
1665003084 751 45 14 9 13 26 10 6 10 10 0 0 9 3 0 4 6 6 4 5
1665003662 751 45 14 9 13 26 10 6 10 10 0 0 9 3 0 4 6 6 5 5
1665067036 751 45 15 9 13 26 10 6 10 10 0 0 9 3 0 4 6 6 5 5
1665070412 751 45 16 9 13 26 10 6 10 10 0 0 9 3 0 4 6 6 5 5
1665071491 751 45 16 9 13 26 11 6 10 10 0 0 9 3 0 4 6 6 5 5
1665084693 752 45 16 9 13 26 11 6 10 10 0 0 9 3 0 4 6 6 5 5
1665140561 752 45 16 9 13 26 11 6 10 10 0 0 9 3 0 4 6 6 6 5
1665163648 753 45 16 9 13 26 11 6 10 10 0 0 9 3 0 4 6 6 6 5
1665166175 753 45 16 10 13 26 11 6 10 10 0 0 9 3 0 4 6 6 6 5
1665177684 754 45 16 10 13 26 11 6 10 10 0 0 9 3 0 4 6 6 6 5
1665427794 755 45 16 10 13 26 11 6 10 10 0 0 9 3 0 4 6 6 6 5
1665434298 756 45 16 10 13 26 11 6 10 10 0 0 9 3 0 4 6 6 6 5
1665438807 756 45 16 10 13 26 11 6 10 10 0 0 9 3 0 4 6 6 6 5
1665509237 757 45 16 10 13 26 11 6 10 10 0 0 9 3 0 4 6 6 6 5
1665542391 757 45 16 10 13 26 11 7 10 10 0 0 9 3 0 4 6 6 6 5
1665579144 758 45 16 10 13 26 11 7 10 10 0 0 9 3 0 4 6 6 6 5
1665596851 759 45 16 10 13 26 11 7 10 10 0 0 9 3 0 4 6 6 6 5
1665646749 759 45 16 10 13 26 11 7 10 10 0 0 9 3 0 4 6 6 6 5
1665673440 759 45 16 10 13 26 11 8 10 10 0 0 9 3 0 4 6 6 6 5
1665686492 759 45 16 10 13 26 11 9 10 10 0 0 9 3 0 4 6 6 6 5
1665695559 760 45 16 10 13 26 11 9 10 10 0 0 9 3 0 4 6 6 6 5
1665771529 760 45 16 10 13 26 11 9 10 10 0 0 9 3 0 4 6 6 6 5
1665771837 760 45 16 11 13 26 11 9 10 10 0 0 9 3 0 4 6 6 6 5
1665857696 760 45 16 11 13 26 11 9 10 10 0 0 9 3 0 4 6 6 6 5
1665994158 761 45 16 11 13 26 11 9 10 10 0 0 9 3 0 4 6 6 6 5
1666022607 761 45 17 11 13 26 11 9 10 10 0 0 9 3 0 4 6 6 6 5
1666036613 761 45 17 12 13 26 11 9 10 10 0 0 9 3 0 4 6 6 6 5
1666040020 762 45 17 12 13 26 11 9 10 10 0 0 9 3 0 4 6 6 6 5
1666046412 763 45 17 12 13 26 11 9 10 10 0 0 9 3 0 4 6 6 6 5
1666085669 763 45 17 12 13 26 12 9 10 10 0 0 9 3 0 4 6 6 6 5
1666118709 763 45 17 13 13 26 12 9 10 10 0 0 9 3 0 4 6 6 6 5
1666128101 764 45 17 13 13 26 12 9 10 10 0 0 9 3 0 4 6 6 6 5
1666210988 765 45 17 13 13 26 12 9 10 10 0 0 9 3 0 4 6 6 6 5
1666356178 766 45 17 13 13 26 12 9 10 10 0 0 9 3 0 4 6 6 6 5
1666392130 767 45 17 13 13 26 12 9 10 10 0 0 9 3 0 4 6 6 6 5
1666640918 768 45 17 13 13 26 12 9 10 10 0 0 9 3 0 4 6 6 6 5
1666721279 768 45 17 14 13 26 12 9 10 10 0 0 9 3 0 4 6 6 6 5
1666727746 769 45 17 14 13 26 12 9 10 10 0 0 9 3 0 4 6 6 6 5
1666797261 769 46 17 14 13 26 12 9 10 10 0 0 9 3 0 4 6 6 6 5
1666806688 769 47 17 14 13 26 12 9 10 10 0 0 9 3 0 4 6 6 6 5
1666858259 770 47 17 14 13 26 12 9 10 10 0 0 9 3 0 4 6 6 6 5
1666903492 770 47 17 14 13 26 12 9 10 10 0 0 9 3 0 4 6 6 6 5
1666927300 770 47 17 14 13 26 12 9 10 10 0 0 9 3 0 4 6 6 6 5
1666981266 770 48 17 14 13 26 12 9 10 10 0 0 9 3 0 4 6 6 6 5
1667229803 771 48 17 14 13 26 12 9 10 10 0 0 9 3 0 4 6 6 6 5
1667233627 772 48 17 14 13 26 12 9 10 10 0 0 9 3 0 4 6 6 6 5
1667240442 773 48 17 14 13 26 12 9 10 10 0 0 9 3 0 4 6 6 6 5
1667244686 774 48 17 14 13 26 12 9 10 10 0 0 9 3 0 4 6 6 6 5
1667326354 774 49 17 14 13 26 12 9 10 10 0 0 9 3 0 4 6 6 6 5
1667334401 774 49 17 15 13 26 12 9 10 10 0 0 9 3 0 4 6 6 6 5
1667394706 775 49 17 15 13 26 12 9 10 10 0 0 9 3 0 4 6 6 6 5
1667414673 775 49 17 15 13 26 12 9 10 10 0 0 9 3 0 4 6 6 6 5
1667424028 775 49 17 15 13 26 12 9 10 10 0 0 9 3 0 4 6 6 6 5
1667428074 775 49 17 15 13 26 12 9 10 10 0 0 9 3 0 4 6 6 6 5
1667486089 775 50 17 15 13 26 12 9 10 10 0 0 9 3 0 4 6 6 6 5
1667490918 775 50 18 15 13 26 12 9 10 10 0 0 9 3 0 4 6 6 6 5
1667491093 775 50 19 15 13 26 12 9 10 10 0 0 9 3 0 4 6 6 6 5
1667498952 775 51 19 15 13 26 12 9 10 10 0 0 9 3 0 4 6 6 6 5
1667524699 775 51 19 15 14 26 12 9 10 10 0 0 9 3 0 4 6 6 6 5
1667596353 775 51 19 15 15 26 12 9 10 10 0 0 9 3 0 4 6 6 6 5
1667746228 775 51 19 15 15 26 12 9 10 10 0 0 9 3 0 4 6 6 6 5
1667845862 776 51 19 15 15 26 12 9 10 10 0 0 9 3 0 4 6 6 6 5
1667852944 776 51 19 16 15 26 12 9 10 10 0 0 9 3 0 4 6 6 6 5
1667859120 776 51 19 16 16 26 12 9 10 10 0 0 9 3 0 4 6 6 6 5
1667895234 776 51 19 16 17 26 12 9 10 10 0 0 9 3 0 4 6 6 6 5
1668020342 777 51 19 16 17 26 12 9 10 10 0 0 9 3 0 4 6 6 6 5
1668022857 777 51 19 17 17 26 12 9 10 10 0 0 9 3 0 4 6 6 6 5
1668028109 777 52 19 17 17 26 12 9 10 10 0 0 9 3 0 4 6 6 6 5
1668045202 778 52 19 17 17 26 12 9 10 10 0 0 9 3 0 4 6 6 6 5
1668045965 778 53 19 17 17 26 12 9 10 10 0 0 9 3 0 4 6 6 6 5
1668108189 778 54 19 17 17 26 12 9 10 10 0 0 9 3 0 4 6 6 6 5
1668114002 778 54 19 18 17 26 12 9 10 10 0 0 9 3 0 4 6 6 6 5
1668122928 778 55 19 18 17 26 12 9 10 10 0 0 9 3 0 4 6 6 6 5
1668138773 778 56 19 18 17 26 12 9 10 10 0 0 9 3 0 4 6 6 6 5
1668201141 779 56 19 18 17 26 12 9 10 10 0 0 9 3 0 4 6 6 6 5
1668443272 780 56 19 18 17 26 12 9 10 10 0 0 9 3 0 4 6 6 6 5
1668443382 780 57 19 18 17 26 12 9 10 10 0 0 9 3 0 4 6 6 6 5
1668525688 780 57 19 18 17 26 12 9 10 10 0 0 9 3 0 4 6 6 6 5
1668532113 781 57 19 18 17 26 12 9 10 10 0 0 9 3 0 4 6 6 6 5
1668532783 782 57 19 18 17 26 12 9 10 10 0 0 9 3 0 4 6 6 6 5
1668542352 782 57 19 19 17 26 12 9 10 10 0 0 9 3 0 4 6 6 6 5
1668561314 782 57 19 19 17 26 12 9 10 10 0 0 9 3 0 4 6 6 6 5
1668610878 782 58 19 19 17 26 12 9 10 10 0 0 9 3 0 4 6 6 6 5
1668612256 782 58 19 19 18 26 12 9 10 10 0 0 9 3 0 4 6 6 6 5
1668618269 782 58 19 19 18 26 12 9 10 10 0 0 9 3 0 4 6 6 6 5
1668625521 783 58 19 19 18 26 12 9 10 10 0 0 9 3 0 4 6 6 6 5
1668625750 783 59 19 19 18 26 12 9 10 10 0 0 9 3 0 4 6 6 6 5
1668638838 783 59 19 19 19 26 12 9 10 10 0 0 9 3 0 4 6 6 6 5
1668716237 783 59 19 19 20 26 12 9 10 10 0 0 9 3 0 4 6 6 6 5
1668812341 783 59 19 19 21 26 12 9 10 10 0 0 9 3 0 4 6 6 6 5
1669046456 784 59 19 19 21 26 12 9 10 10 0 0 9 3 0 4 6 6 6 5
1669048502 784 59 19 20 21 26 12 9 10 10 0 0 9 3 0 4 6 6 6 5
1669094273 784 59 19 20 22 26 12 9 10 10 0 0 9 3 0 4 6 6 6 5
1669127777 785 59 19 20 22 26 12 9 10 10 0 0 9 3 0 4 6 6 6 5
1669151442 785 59 19 21 22 26 12 9 10 10 0 0 9 3 0 4 6 6 6 5
1669154206 786 59 19 21 22 26 12 9 10 10 0 0 9 3 0 4 6 6 6 5
1669232294 786 60 19 21 22 26 12 9 10 10 0 0 9 3 0 4 6 6 6 5
1669238794 786 60 19 21 22 26 12 9 10 10 0 0 9 3 0 4 6 6 6 5
1669624462 786 60 19 21 22 26 12 9 10 10 0 0 9 3 0 4 6 6 6 5
1669634579 787 60 19 21 22 26 12 9 10 10 0 0 9 3 0 4 6 6 6 5
1669649398 787 61 19 21 22 26 12 9 10 10 0 0 9 3 0 4 6 6 6 5
1669656974 787 62 19 21 22 26 12 9 10 10 0 0 9 3 0 4 6 6 6 5
1669658196 787 63 19 21 22 26 12 9 10 10 0 0 9 3 0 4 6 6 6 5
1669667226 788 63 19 21 22 26 12 9 10 10 0 0 9 3 0 4 6 6 6 5
1669670510 788 64 19 21 22 26 12 9 10 10 0 0 9 3 0 4 6 6 6 5
1669677267 788 64 19 21 23 26 12 9 10 10 0 0 9 3 0 4 6 6 6 5
1669741068 788 64 19 21 23 26 12 9 10 10 0 0 9 3 0 4 6 6 6 5
1669742344 788 65 19 21 23 26 12 9 10 10 0 0 9 3 0 4 6 6 6 5
1669747582 788 66 19 21 23 26 12 9 10 10 0 0 9 3 0 4 6 6 6 5
1669752666 788 67 19 21 23 26 12 9 10 10 0 0 9 3 0 4 6 6 6 5
1669757327 788 68 19 21 23 26 12 9 10 10 0 0 9 3 0 4 6 6 6 5
1669757473 789 68 19 21 23 26 12 9 10 10 0 0 9 3 0 4 6 6 6 5
1669823541 790 68 19 21 23 26 12 9 10 10 0 0 9 3 0 4 6 6 6 5
1669834718 790 69 19 21 23 26 12 9 10 10 0 0 9 3 0 4 6 6 6 5
1669841168 791 69 19 21 23 26 12 9 10 10 0 0 9 3 0 4 6 6 6 5
1669916239 791 69 19 21 23 26 12 9 10 10 0 0 9 3 0 4 6 6 6 5
1669918084 791 69 19 21 23 26 12 9 10 10 0 0 9 3 0 4 6 6 6 5
1669994854 791 69 19 21 23 26 12 9 10 10 0 0 9 3 0 4 6 6 6 5
1670000280 792 69 19 21 23 26 12 9 10 10 0 0 9 3 0 4 6 6 6 5
1670013834 792 70 19 21 23 26 12 9 10 10 0 0 9 3 0 4 6 6 6 5
1670271474 792 71 19 21 23 26 12 9 10 10 0 0 9 3 0 4 6 6 6 5
1670274637 792 72 19 21 23 26 12 9 10 10 0 0 9 3 0 4 6 6 6 5
1670351556 792 72 19 21 23 26 12 9 10 10 0 0 9 3 0 4 6 6 6 5
1670359132 792 72 19 21 23 26 12 9 10 10 0 0 9 3 1 4 6 6 6 5
1670359854 792 72 20 21 23 26 12 9 10 10 0 0 9 3 1 4 6 6 6 5
1670363758 792 72 20 21 23 26 12 9 10 10 0 0 9 3 2 4 6 6 6 5
1670426082 792 72 20 21 23 26 12 10 10 10 0 0 9 3 2 4 6 6 6 5
1670432072 792 73 20 21 23 26 12 10 10 10 0 0 9 3 2 4 6 6 6 5
1670446148 792 73 20 21 23 26 12 10 10 10 0 0 9 3 2 4 6 6 6 5
1670516741 793 73 20 21 23 26 12 10 10 10 0 0 9 3 2 4 6 6 6 5
1670520909 793 73 20 22 23 26 12 10 10 10 0 0 9 3 2 4 6 6 6 5
1670525990 793 73 20 22 23 26 12 10 10 10 0 0 9 3 2 5 6 6 6 5
1670535857 793 73 20 22 23 26 12 10 10 10 0 0 9 3 3 5 6 6 6 5
1670537712 793 73 20 23 23 26 12 10 10 10 0 0 9 3 3 5 6 6 6 5
1670553157 794 73 20 23 23 26 12 10 10 10 0 0 9 3 3 5 6 6 6 5
1670805808 794 74 20 23 23 26 12 10 10 10 0 0 9 3 3 5 6 6 6 5
1670865693 794 75 20 23 23 26 12 10 10 10 0 0 9 3 3 5 6 6 6 5
1670879740 794 76 20 23 23 26 12 10 10 10 0 0 9 3 3 5 6 6 6 5
1670882416 795 76 20 23 23 26 12 10 10 10 0 0 9 3 3 5 6 6 6 5
1670968656 795 76 20 23 23 26 12 10 10 10 0 0 9 3 3 5 6 6 6 5
1670973113 795 76 20 23 23 26 12 10 10 10 0 0 9 3 4 5 6 6 6 5
1671031742 795 76 21 23 23 26 12 10 10 10 0 0 9 3 4 5 6 6 6 5
1671140083 795 77 21 23 23 26 12 10 10 10 0 0 9 3 4 5 6 6 6 5
1671140920 795 77 21 23 23 26 12 10 10 10 0 0 9 4 4 5 6 6 6 5
1671149341 796 77 21 23 23 26 12 10 10 10 0 0 9 4 4 5 6 6 6 5
1671213537 797 77 21 23 23 26 12 10 10 10 0 0 9 4 4 5 6 6 6 5
1671307238 797 77 21 23 24 26 12 10 10 10 0 0 9 4 4 5 6 6 6 5
1671464591 797 77 21 23 24 26 12 10 10 10 0 0 9 4 4 5 6 6 6 5
1671464613 797 77 21 23 25 26 12 10 10 10 0 0 9 4 4 5 6 6 6 5
1671471731 797 78 21 23 25 26 12 10 10 10 0 0 9 4 4 5 6 6 6 5
1671475646 797 79 21 23 25 26 12 10 10 10 0 0 9 4 4 5 6 6 6 5
1671479601 797 79 21 24 25 26 12 10 10 10 0 0 9 4 4 5 6 6 6 5
1671495135 797 79 21 24 25 26 12 10 10 10 0 0 9 4 4 5 6 6 6 5
1671579478 798 79 21 24 25 26 12 10 10 10 0 0 9 4 4 5 6 6 6 5
1671585730 798 80 21 24 25 26 12 10 10 10 0 0 9 4 4 5 6 6 6 5
1671636699 798 81 21 24 25 26 12 10 10 10 0 0 9 4 4 5 6 6 6 5
1671652724 799 81 21 24 25 26 12 10 10 10 0 0 9 4 4 5 6 6 6 5
1671708397 800 81 21 24 25 26 12 10 10 10 0 0 9 4 4 5 6 6 6 5
1671723395 800 82 21 24 25 26 12 10 10 10 0 0 9 4 4 5 6 6 6 5
1671731395 800 82 21 24 25 26 12 10 10 10 0 0 9 4 4 5 6 6 6 5
1671734817 800 83 21 24 25 26 12 10 10 10 0 0 9 4 4 5 6 6 6 5
1671745637 800 83 21 24 25 26 12 10 10 10 0 0 9 4 4 5 6 6 6 5
1671749942 800 83 21 25 25 26 12 10 10 10 0 0 9 4 4 5 6 6 6 5
1672167247 801 83 21 25 25 26 12 10 10 10 0 0 9 4 4 5 6 6 6 5
1672185814 802 83 21 25 25 26 12 10 10 10 0 0 9 4 4 5 6 6 6 5
1672241479 803 83 21 25 25 26 12 10 10 10 0 0 9 4 4 5 6 6 6 5
1672246564 803 84 21 25 25 26 12 10 10 10 0 0 9 4 4 5 6 6 6 5
1672280661 803 84 21 25 25 26 12 10 10 10 0 0 9 4 4 5 6 6 6 5
1672778725 803 85 21 25 25 26 12 10 10 10 0 0 9 4 4 5 6 6 6 5
1672834237 804 85 21 25 25 26 12 10 10 10 0 0 9 4 4 5 6 6 6 5
1672851732 804 86 21 25 25 26 12 10 10 10 0 0 9 4 4 5 6 6 6 5
1672871091 804 87 21 25 25 26 12 10 10 10 0 0 9 4 4 5 6 6 6 5
1672938664 805 87 21 25 25 26 12 10 10 10 0 0 9 4 4 5 6 6 6 5
1672957258 805 87 21 26 25 26 12 10 10 10 0 0 9 4 4 5 6 6 6 5
1672965757 805 88 21 26 25 26 12 10 10 10 0 0 9 4 4 5 6 6 6 5
1673058485 805 88 22 26 25 26 12 10 10 10 0 0 9 4 4 5 6 6 6 5
1673114275 806 88 22 26 25 26 12 10 10 10 0 0 9 4 4 5 6 6 6 5
1673283649 806 88 23 26 25 26 12 10 10 10 0 0 9 4 4 5 6 6 6 5
1673287064 806 88 23 26 25 26 12 10 10 10 0 0 9 4 4 5 6 6 6 5
1673292533 806 88 23 26 25 26 12 11 10 10 0 0 9 4 4 5 6 6 6 5
1673303577 807 88 23 26 25 26 12 11 10 10 0 0 9 4 4 5 6 6 6 5
1673320083 808 88 23 26 25 26 12 11 10 10 0 0 9 4 4 5 6 6 6 5
1673371451 809 88 23 26 25 26 12 11 10 10 0 0 9 4 4 5 6 6 6 5
1673384845 809 88 23 26 25 26 12 12 10 10 0 0 9 4 4 5 6 6 6 5
1673455978 809 89 23 26 25 26 12 12 10 10 0 0 9 4 4 5 6 6 6 5
1673467434 810 89 23 26 25 26 12 12 10 10 0 0 9 4 4 5 6 6 6 5
1673478362 811 89 23 26 25 26 12 12 10 10 0 0 9 4 4 5 6 6 6 5
1673503872 812 89 23 26 25 26 12 12 10 10 0 0 9 4 4 5 6 6 6 5
1673557262 813 89 23 26 25 26 12 12 10 10 0 0 9 4 4 5 6 6 6 5
1673601779 813 89 23 26 26 26 12 12 10 10 0 0 9 4 4 5 6 6 6 5
1673974153 813 90 23 26 26 26 12 12 10 10 0 0 9 4 4 5 6 6 6 5
1673980469 813 90 23 27 26 26 12 12 10 10 0 0 9 4 4 5 6 6 6 5
1673987620 814 90 23 27 26 26 12 12 10 10 0 0 9 4 4 5 6 6 6 5
1673994652 814 90 23 27 27 26 12 12 10 10 0 0 9 4 4 5 6 6 6 5
1674063877 814 90 23 27 27 26 12 12 10 10 0 0 9 4 4 5 6 6 6 5
1674118029 815 90 23 27 27 26 12 12 10 10 0 0 9 4 4 5 6 6 6 5
1674125617 816 90 23 27 27 26 12 12 10 10 0 0 9 4 4 5 6 6 6 5
1674142436 816 91 23 27 27 26 12 12 10 10 0 0 9 4 4 5 6 6 6 5
1674147327 817 91 23 27 27 26 12 12 10 10 0 0 9 4 4 5 6 6 6 5
1674158684 817 92 23 27 27 26 12 12 10 10 0 0 9 4 4 5 6 6 6 5
1674159919 817 93 23 27 27 26 12 12 10 10 0 0 9 4 4 5 6 6 6 5
1674188362 817 94 23 27 27 26 12 12 10 10 0 0 9 4 4 5 6 6 6 5
1674204453 818 94 23 27 27 26 12 12 10 10 0 0 9 4 4 5 6 6 6 5
1674228005 818 94 23 27 27 26 12 13 10 10 0 0 9 4 4 5 6 6 6 5
1674239532 818 94 23 28 27 26 12 13 10 10 0 0 9 4 4 5 6 6 6 5
1674256374 818 95 23 28 27 26 12 13 10 10 0 0 9 4 4 5 6 6 6 5
1674438221 818 96 23 28 27 26 12 13 10 10 0 0 9 4 4 5 6 6 6 5
1674493824 819 96 23 28 27 26 12 13 10 10 0 0 9 4 4 5 6 6 6 5
1674503466 820 96 23 28 27 26 12 13 10 10 0 0 9 4 4 5 6 6 6 5
1674503979 820 96 23 29 27 26 12 13 10 10 0 0 9 4 4 5 6 6 6 5
1674580705 820 96 23 29 27 26 12 13 10 10 0 0 9 4 5 5 6 6 6 5
1674586107 820 96 23 29 28 26 12 13 10 10 0 0 9 4 5 5 6 6 6 5
1674598387 820 96 23 29 28 26 12 13 10 10 0 0 9 4 6 5 6 6 6 5
1674660150 820 96 23 29 28 26 12 14 10 10 0 0 9 4 6 5 6 6 6 5
1674660222 820 96 23 29 28 26 12 14 10 10 0 0 9 4 7 5 6 6 6 5
1674688760 820 96 23 29 28 26 12 14 10 10 0 0 9 4 7 5 6 6 6 5
1674688925 820 96 23 29 28 26 12 14 10 10 0 0 9 4 7 5 6 6 6 5
1674705454 820 96 23 29 28 26 12 15 10 10 0 0 9 4 7 5 6 6 6 5
1674750877 820 97 23 29 28 26 12 15 10 10 0 0 9 4 7 5 6 6 6 5
1674754997 821 97 23 29 28 26 12 15 10 10 0 0 9 4 7 5 6 6 6 5
1674771753 821 97 23 29 28 26 12 16 10 10 0 0 9 4 7 5 6 6 6 5
1674782425 821 97 24 29 28 26 12 16 10 10 0 0 9 4 7 5 6 6 6 5
1674845661 821 97 24 29 28 26 12 16 10 10 0 0 9 4 7 5 6 6 6 5
1674851815 821 97 24 29 28 26 12 17 10 10 0 0 9 4 7 5 6 6 6 5
1674942107 822 97 24 29 28 26 12 17 10 10 0 0 9 4 7 5 6 6 6 5
1675119579 822 97 24 30 28 26 12 17 10 10 0 0 9 4 7 5 6 6 6 5
1675180806 823 97 24 30 28 26 12 17 10 10 0 0 9 4 7 5 6 6 6 5
1675211832 824 97 24 30 28 26 12 17 10 10 0 0 9 4 7 5 6 6 6 5
1675266585 824 97 24 31 28 26 12 17 10 10 0 0 9 4 7 5 6 6 6 5
1675268695 824 98 24 31 28 26 12 17 10 10 0 0 9 4 7 5 6 6 6 5
1675327733 825 98 24 31 28 26 12 17 10 10 0 0 9 4 7 5 6 6 6 5
1675335907 826 98 24 31 28 26 12 17 10 10 0 0 9 4 7 5 6 6 6 5
1675353876 826 99 24 31 28 26 12 17 10 10 0 0 9 4 7 5 6 6 6 5
1675450501 826 99 24 31 28 26 12 17 10 10 0 0 9 4 7 5 6 6 6 5
1675468819 827 99 24 31 28 26 12 17 10 10 0 0 9 4 7 5 6 6 6 5
1675714277 827 99 24 31 28 26 12 17 10 10 0 0 9 4 7 5 6 6 6 5
1675725820 828 99 24 31 28 26 12 17 10 10 0 0 9 4 7 5 6 6 6 5
1675787738 828 99 24 31 28 26 12 17 10 10 0 0 9 4 7 5 6 6 6 5
1675854811 829 99 24 31 28 26 12 17 10 10 0 0 9 4 7 5 6 6 6 5
1675882192 830 99 24 31 28 26 12 17 10 10 0 0 9 4 7 5 6 6 6 5
1675980772 830 99 24 32 28 26 12 17 10 10 0 0 9 4 7 5 6 6 6 5
1676000705 830 100 24 32 28 26 12 17 10 10 0 0 9 4 7 5 6 6 6 5
1676039463 831 100 24 32 28 26 12 17 10 10 0 0 9 4 7 5 6 6 6 5
1676306053 832 100 24 32 28 26 12 17 10 10 0 0 9 4 7 5 6 6 6 5
1676319555 833 100 24 32 28 26 12 17 10 10 0 0 9 4 7 5 6 6 6 5
1676319705 833 100 25 32 28 26 12 17 10 10 0 1 9 4 7 5 6 6 6 5
1676401476 833 100 26 32 28 26 12 17 10 10 0 1 9 4 7 5 6 6 6 5
1676406641 833 100 26 33 28 26 12 17 10 10 0 1 9 4 7 5 6 6 6 5
1676412370 833 100 26 33 28 26 12 18 10 10 0 1 9 4 7 5 6 6 6 5
1676475618 833 101 26 33 28 26 12 18 10 10 0 1 9 4 7 5 6 6 6 5
1676487944 833 101 26 33 28 26 12 18 10 10 0 1 9 4 7 5 6 6 6 6
1676557415 834 101 26 33 28 26 12 18 10 10 0 1 9 4 7 5 6 6 6 6
1676565951 834 101 26 33 28 26 12 18 10 10 0 2 9 4 7 5 6 6 6 6
1676568667 834 101 26 33 28 26 12 18 10 10 0 3 9 4 7 5 6 6 6 6
1676577146 834 102 26 33 28 26 12 18 10 10 0 3 9 4 7 5 6 6 6 6
1676639830 834 103 26 33 28 26 12 18 10 10 0 4 9 4 7 5 6 6 6 6
1676671911 834 104 26 33 28 26 12 18 10 10 0 4 9 4 7 5 6 6 6 6
1676680526 834 104 27 33 28 26 12 18 10 10 0 4 9 4 7 5 6 6 6 6
1676680898 835 104 27 33 28 26 12 18 10 10 0 4 9 4 7 5 6 6 6 6
1676990516 835 104 27 33 28 26 12 18 10 10 0 6 9 4 7 5 6 6 6 6
1677007155 836 104 27 33 28 26 12 18 10 10 0 6 9 4 7 5 6 6 6 6
1677007260 836 104 27 34 28 26 12 18 10 10 0 6 9 4 7 5 6 6 6 6
1677010556 836 104 28 34 28 26 12 18 10 10 0 6 9 4 7 5 6 6 6 6
1677010632 836 104 29 34 28 26 12 18 10 10 0 7 9 4 7 5 6 6 6 6
1677082386 836 104 30 34 28 26 12 18 10 10 0 7 9 4 7 5 6 6 6 6
1677091230 837 104 30 34 28 26 12 18 10 10 0 7 9 4 7 5 6 6 6 6
1677091941 837 104 31 34 28 26 12 18 10 10 0 7 9 4 7 5 6 6 6 6
1677118034 838 104 31 34 28 26 12 18 10 10 0 7 9 4 7 5 6 6 6 6
1677135082 838 104 32 34 28 26 12 18 10 10 0 7 9 4 7 5 6 6 6 6
1677135400 838 104 33 34 28 26 12 18 10 10 0 7 9 4 7 5 6 6 6 6
1677174728 838 104 33 34 28 26 12 18 10 10 0 7 9 4 7 5 6 6 6 6
1677184202 839 104 33 34 28 26 12 18 10 10 0 7 9 4 7 5 6 6 6 6
1677186339 840 104 33 34 28 26 12 18 10 10 0 7 9 4 7 5 6 6 6 6
1677258646 841 104 33 34 28 26 12 18 10 10 0 7 9 4 7 5 6 6 6 6
1677275440 842 104 33 34 28 26 12 18 10 10 0 7 9 4 7 5 6 6 6 6
1677447546 842 104 33 34 28 26 12 18 10 10 0 7 9 4 7 5 6 6 6 6
1677511976 842 105 33 34 28 26 12 18 10 10 0 7 9 4 7 5 6 6 6 6
1677522196 843 105 33 34 28 26 12 18 10 10 0 7 9 4 7 5 6 6 6 6
1677529090 843 105 33 34 28 26 13 18 10 10 0 7 9 4 7 5 6 6 6 6
1677609167 844 105 33 34 28 26 13 18 10 10 0 7 9 4 7 5 6 6 6 6
1677610078 845 105 33 34 28 26 13 18 10 10 0 7 9 4 7 5 6 6 6 6
1677718473 845 105 33 34 28 26 14 18 10 10 0 7 9 4 7 5 6 6 6 6
1677722217 845 105 33 34 28 26 14 18 10 10 0 7 9 4 7 5 6 6 6 6
1677734987 845 106 34 34 28 26 14 18 10 10 0 7 9 4 7 5 6 6 6 6
1677780218 845 106 34 35 28 26 14 18 10 10 0 7 9 4 7 5 6 6 6 6
1677807122 845 107 34 35 28 26 14 18 10 10 0 7 9 4 7 5 6 6 6 6
1678127162 846 107 34 35 28 26 14 18 10 10 0 7 9 4 7 5 6 6 6 6
1678150898 847 107 34 35 28 26 14 18 10 10 0 8 9 4 7 5 6 6 6 6
1678292650 847 108 34 35 28 26 14 18 10 10 0 8 9 4 7 5 6 6 6 6
1678301550 847 108 34 35 28 26 15 18 10 10 0 8 9 4 7 5 6 6 6 6
1678306174 847 108 35 35 28 26 15 18 10 10 0 8 9 4 7 5 6 6 6 6
1678381829 847 108 35 35 28 26 15 18 10 10 0 8 9 4 7 5 6 6 6 6
1678390708 848 108 35 35 28 26 15 18 10 10 0 8 9 4 7 5 6 6 6 6
1678397940 849 108 35 35 28 26 15 18 10 10 0 8 9 4 7 5 6 6 6 6
1678484287 849 108 35 35 28 26 15 18 10 10 0 8 9 4 7 5 6 6 6 6
1678727412 849 108 35 35 28 26 15 18 10 10 0 8 9 4 7 5 6 6 6 6
1678733065 850 108 35 35 28 26 15 18 10 10 0 8 9 4 7 5 6 6 6 6
1678739040 850 109 35 35 28 26 15 18 10 10 0 8 9 4 7 5 6 6 6 6
1678752298 851 109 35 35 28 26 15 18 10 10 0 8 9 4 7 5 6 6 6 6
1678767731 851 109 35 35 28 26 16 18 10 10 0 8 9 4 7 5 6 6 6 6
1678808486 851 110 35 35 28 26 16 18 10 10 0 8 9 4 7 5 6 6 6 6
1678903796 851 110 35 35 28 26 16 18 10 10 0 8 9 4 7 5 6 6 6 6
1678907255 851 111 35 35 28 26 16 18 10 10 0 8 9 4 7 5 6 6 6 6
1678908163 851 112 35 35 28 26 16 18 10 10 0 8 9 4 7 5 6 6 6 6
1678916468 851 112 35 35 28 26 16 18 10 10 0 8 9 5 7 5 6 6 6 6
1678941284 852 112 35 35 28 26 16 18 10 10 0 8 9 5 7 5 6 6 6 6
1678983889 853 112 35 35 28 26 16 18 10 10 0 8 9 5 7 5 6 6 6 6
1678983891 853 112 35 35 28 26 16 18 10 10 0 8 9 5 7 5 6 6 6 6
1678994411 853 112 35 35 28 26 16 18 10 10 0 8 9 5 7 5 6 6 6 6
1679299859 853 112 35 35 28 26 16 18 10 10 0 8 9 5 7 5 6 6 6 6
1679324704 854 112 35 35 28 26 16 18 10 10 0 8 9 5 7 5 6 6 6 6
1679339933 854 113 35 35 28 26 16 18 10 10 0 8 9 5 7 5 6 6 6 6
1679346611 854 114 35 35 28 26 16 18 10 10 0 8 9 5 7 5 6 6 6 6
1679385870 854 114 35 35 28 26 17 18 10 10 0 8 9 5 7 5 6 6 6 6
1679409038 854 115 35 35 28 26 17 18 10 10 0 8 9 5 7 5 6 6 6 6
1679575339 855 115 35 35 28 26 17 18 10 10 0 8 9 5 7 5 6 6 6 6
1679580633 856 115 35 35 28 26 17 18 10 10 0 8 9 5 7 5 6 6 6 6
1679591558 856 116 35 35 28 26 17 18 10 10 0 8 9 5 7 5 6 6 6 6
1679649840 856 116 35 35 28 26 18 18 10 10 0 8 9 5 7 5 6 6 6 6
1679669297 857 116 35 35 28 26 18 18 10 10 0 8 9 5 7 5 6 6 6 6
1679683797 858 116 35 35 28 26 18 18 10 10 0 8 9 5 7 5 6 6 6 6
1679701923 859 116 35 35 28 26 18 18 10 10 0 8 9 5 7 5 6 6 6 6
1679702616 860 116 35 35 28 26 18 18 10 10 0 8 9 5 7 5 6 6 6 6
1679704834 861 116 35 35 28 26 18 18 10 10 0 8 9 5 7 5 6 6 6 6
1679705968 862 116 35 35 28 26 18 18 10 10 0 8 9 5 7 5 6 6 6 6
1679943045 863 116 35 35 28 26 18 18 10 10 0 8 9 5 7 5 6 6 6 6
1679947797 864 116 35 35 28 26 18 18 10 10 0 8 9 5 7 5 6 6 6 6
1679950883 864 116 35 35 28 26 18 18 10 10 1 8 9 5 7 5 6 6 6 6
1679958498 864 116 35 35 28 26 18 18 10 10 2 8 9 5 7 5 6 6 6 6
1679985925 864 116 35 36 28 26 18 18 10 10 2 8 9 5 7 5 6 6 6 6
1680055547 865 116 35 36 28 26 18 18 10 10 2 8 9 5 7 5 6 6 6 6
1680136526 865 116 35 36 28 26 18 18 10 10 3 8 9 5 7 5 6 6 6 6
1680199226 866 116 35 36 28 26 18 18 10 10 3 8 9 5 7 5 6 6 6 6
1680203363 866 117 35 36 28 26 18 18 10 10 3 8 9 5 7 5 6 6 6 6
1680207338 867 117 35 36 28 26 18 18 10 10 3 8 9 5 7 5 6 6 6 6
1680275292 867 118 35 36 28 26 18 18 10 10 3 8 9 5 7 5 6 6 6 6
1680283557 867 119 35 36 28 26 18 18 10 10 3 8 9 5 7 5 6 6 6 6
1680300026 867 119 35 36 28 26 18 18 10 10 4 8 9 5 7 5 6 6 6 6
1680325052 867 119 35 36 28 26 18 18 10 10 5 8 9 5 7 5 6 6 6 6
1680325411 867 119 35 36 28 26 18 18 10 10 6 8 9 5 7 5 6 6 6 6
1680352423 868 119 35 36 28 26 18 18 10 10 6 8 9 5 7 5 6 6 6 6
1680531366 868 120 35 36 28 26 18 18 10 10 6 8 9 5 7 5 6 6 6 6
1680548862 869 120 35 36 28 26 18 18 10 10 6 8 9 5 7 5 6 6 6 6
1680549291 869 121 35 36 28 26 18 18 10 10 6 8 9 5 7 5 6 6 6 6
1680555768 870 121 35 36 28 26 18 18 10 10 6 8 9 5 7 5 6 6 6 6
1680559402 870 122 35 36 28 26 18 18 10 10 6 8 9 5 7 5 6 6 6 6
1680663871 871 122 35 36 28 26 18 18 10 10 6 8 9 5 7 5 6 6 6 6
1680794351 871 123 35 36 28 26 18 18 10 10 6 8 9 5 7 5 6 6 6 6
1680806502 871 123 35 36 28 26 18 18 11 10 6 8 9 5 7 5 6 6 6 6
1680806601 871 123 35 36 28 26 19 18 11 10 6 8 9 5 7 5 6 6 6 6
1680810694 871 123 35 36 28 26 19 18 12 10 6 8 9 5 7 5 6 6 6 6
1680972729 871 124 35 36 28 26 19 18 12 10 6 8 9 5 7 5 6 6 6 6
1681142107 871 125 35 36 28 26 19 18 12 10 6 8 9 5 7 5 6 6 6 6
1681163865 872 125 35 36 28 26 19 18 12 10 6 8 9 5 7 5 6 6 6 6
1681260893 872 125 35 36 28 26 19 18 12 10 7 8 9 5 7 5 6 6 6 6
1681261102 872 125 35 36 28 26 19 18 12 10 8 8 9 5 7 5 6 6 6 6
1681265685 872 125 35 36 28 26 19 18 12 10 9 8 9 5 7 5 6 6 6 6
1681268063 872 125 35 36 28 26 19 18 12 10 10 8 9 5 7 5 6 6 6 6
1681307657 873 125 35 36 28 26 19 18 12 10 10 8 9 5 7 5 6 6 6 6
1681317459 873 126 35 36 28 26 19 18 12 10 10 8 9 5 7 5 6 6 6 6
1681318629 873 126 35 37 28 26 19 18 12 10 10 8 9 5 7 5 6 6 6 6
1681321830 874 126 35 37 28 26 19 18 12 10 10 8 9 5 7 5 6 6 6 6
1681331208 874 127 35 37 28 26 19 18 12 10 10 8 9 5 7 5 6 6 6 6
1681406713 874 128 35 37 28 26 19 18 12 10 10 8 9 5 7 5 6 6 6 6
1681423459 874 128 35 37 28 26 19 18 12 10 10 8 9 5 7 5 6 6 6 6
1681471677 875 128 35 37 28 26 19 18 12 10 10 8 9 5 7 5 6 6 6 6
1681498164 875 129 35 37 28 26 19 18 12 10 10 8 9 5 7 5 6 6 6 6
1681503099 875 130 35 37 28 26 19 18 12 10 10 8 9 5 7 5 6 6 6 6
1681802940 875 130 35 37 29 26 19 18 12 10 10 8 9 5 7 5 6 6 6 6
1681837516 876 130 35 37 29 26 19 18 12 10 10 8 9 5 7 5 6 6 6 6
1681850863 876 130 35 37 29 26 19 19 12 10 10 8 9 5 7 5 6 6 6 6
1681920087 876 131 35 37 29 26 19 19 12 10 10 9 9 5 7 5 6 6 6 6
1682013121 876 131 35 38 29 26 19 19 12 10 10 9 9 5 7 5 6 6 6 6
1682016615 876 131 35 39 29 26 19 19 12 10 10 9 9 5 7 5 6 6 6 6
1682018127 876 132 35 39 29 26 19 19 12 10 10 9 9 5 7 5 6 6 6 6
1682048177 877 132 35 39 29 26 19 19 12 10 10 9 9 5 7 5 6 6 6 6
1682347317 878 132 35 39 29 26 19 19 12 10 10 9 9 5 7 5 6 6 6 6
1682348644 879 132 35 39 29 26 19 19 12 10 10 9 9 5 7 5 6 6 6 6
1682350770 879 133 35 39 29 26 19 19 12 10 10 9 9 5 7 5 6 6 6 6
1682355598 879 133 36 39 29 26 19 19 12 10 10 9 9 5 7 5 6 6 6 6
1682359985 879 133 36 39 29 26 19 19 12 10 10 9 9 5 7 5 6 6 6 6
1682456286 879 133 37 39 29 26 19 19 12 10 10 9 9 5 7 5 6 6 6 6
1682612595 879 133 37 39 29 26 19 19 12 10 10 9 9 5 7 5 6 6 6 6
1682626209 879 133 37 39 29 26 19 19 12 10 10 9 9 5 7 5 6 6 6 6
1682712948 879 133 37 40 29 26 19 19 12 10 10 9 9 5 7 5 6 6 6 6
1682717869 879 133 37 40 30 26 19 19 12 10 10 9 9 5 7 5 6 6 6 6
1682970221 879 133 38 40 30 26 19 19 12 10 10 9 9 5 7 5 6 6 6 6
1682975251 879 133 38 40 31 26 19 19 12 10 10 9 9 5 7 5 6 6 6 6
1683039885 879 134 38 40 31 26 19 19 12 10 10 9 9 5 7 5 6 6 6 6
1683042696 879 134 38 40 31 26 19 19 12 10 10 9 9 5 7 5 6 6 6 6
1683049215 879 134 38 41 31 26 19 19 12 10 10 9 9 5 7 5 6 6 6 6
1683051190 879 134 38 41 31 26 19 19 12 10 10 9 9 5 7 5 6 6 6 6
1683124890 879 134 39 41 31 26 19 19 12 10 10 9 9 5 7 5 6 6 6 6
1683132972 880 134 39 41 31 26 19 19 12 10 10 9 9 5 7 5 6 6 6 6
1683215979 881 134 39 41 31 26 19 19 12 10 10 9 9 5 7 5 6 6 6 6
1683223732 881 134 39 42 31 26 19 19 12 10 10 9 9 5 7 5 6 6 6 6
1683229031 881 134 39 42 31 26 19 19 13 10 10 9 9 5 7 5 6 6 6 6
1683235556 882 134 39 42 31 26 19 19 13 10 10 9 9 5 7 5 6 6 6 6
1683317766 882 134 39 42 31 26 19 19 14 10 10 9 9 5 7 5 6 6 6 6
1683535298 883 134 39 42 31 26 19 19 14 10 10 9 9 5 7 5 6 6 6 6
1683559477 884 134 39 42 31 26 19 19 14 10 10 9 9 5 7 5 6 6 6 6
1683568385 884 135 39 42 31 26 19 19 14 10 10 9 9 5 7 5 6 6 6 6
1683590290 885 135 39 42 31 26 19 19 14 10 10 9 9 5 7 5 6 6 6 6
1683640205 885 136 39 42 31 26 19 19 14 10 10 9 9 5 7 5 6 6 6 6
1683752514 885 136 39 42 31 26 19 19 14 10 10 9 9 5 7 5 6 6 6 6
1683839051 886 136 39 42 31 26 19 19 14 10 10 9 9 5 7 5 6 6 6 6
1683906348 886 137 39 42 31 26 19 19 14 10 10 9 9 5 7 5 6 6 6 6
1684175685 886 138 40 42 31 26 19 19 14 10 10 9 9 5 7 5 6 6 6 6
1684180858 886 138 41 42 31 26 19 19 14 10 10 9 9 5 7 5 6 6 6 6
1684268072 886 138 41 42 31 26 19 19 14 10 10 9 9 5 7 5 6 6 6 6
1684355818 886 139 41 42 31 26 19 19 14 10 10 9 9 5 7 5 6 6 6 6
1684420510 886 139 42 42 31 26 19 19 14 10 10 9 9 5 7 5 6 6 6 6
1684463032 886 139 42 42 31 26 19 19 14 10 10 9 9 5 7 5 6 6 6 6
1684508523 886 140 42 42 31 26 19 19 14 10 10 9 9 5 7 5 6 6 6 6
1684538228 887 140 42 42 31 26 19 19 14 10 10 9 9 5 7 5 6 6 6 6
1684547614 887 140 42 42 32 26 19 19 14 10 10 9 9 5 7 5 6 6 6 6
1684778034 888 140 42 42 32 26 19 19 14 10 10 9 9 5 7 5 6 6 6 6
1684784295 889 140 42 42 32 26 19 19 14 10 10 9 9 5 7 5 6 6 6 6
1684790108 889 140 43 42 32 26 19 19 14 10 10 9 9 5 7 5 6 6 6 6
1684796719 890 140 43 42 32 26 19 19 14 10 10 9 9 5 7 5 6 6 6 6
1684801657 890 141 43 42 32 26 19 19 14 10 10 9 9 5 7 5 6 6 6 6
1684859231 890 141 43 42 32 26 19 19 14 10 10 9 9 5 7 5 6 6 6 6
1684881995 890 141 43 42 33 26 19 19 14 10 10 9 9 5 7 5 6 6 6 6
1684889076 890 141 44 42 33 26 19 19 14 10 10 9 9 5 7 5 6 6 6 6
1684910061 890 141 44 42 33 26 19 19 14 10 10 9 9 5 7 5 6 6 6 6
1684914062 890 141 44 42 33 26 19 19 14 10 10 9 9 5 7 5 6 6 6 6
1684937439 891 141 44 42 33 26 19 19 14 10 10 9 9 5 7 5 6 6 6 6
1684940644 891 141 45 42 33 26 19 19 14 10 10 9 9 5 7 5 6 6 6 6
1685023799 891 141 45 42 34 26 19 19 14 10 10 9 9 5 7 5 6 6 6 6
1685036443 891 141 45 42 34 26 19 19 14 10 10 9 9 5 7 6 6 6 6 6
1685039521 891 141 45 42 35 26 19 19 14 10 10 9 9 5 7 6 6 6 6 6
1685086080 892 141 45 42 35 26 19 19 14 10 10 9 9 5 7 6 6 6 6 6
1685119415 892 142 45 42 35 26 19 19 14 10 10 9 9 5 7 6 6 6 6 6
1685455316 892 142 45 42 35 26 19 19 14 10 10 9 9 5 7 6 6 6 6 6
1685485724 893 142 45 42 35 26 19 19 14 10 10 9 9 5 7 6 6 6 6 6
1685550694 894 142 45 42 35 26 19 19 14 10 10 9 9 5 7 6 6 6 6 6
1685560373 894 142 46 42 35 26 19 19 14 10 10 9 9 5 7 6 6 6 6 6
1685563582 894 142 46 42 35 26 19 19 14 10 10 9 9 5 7 6 6 6 6 6
1685605374 894 142 46 42 35 26 19 19 14 10 10 9 9 5 7 6 6 6 6 6
1685643532 894 142 47 42 35 26 19 19 14 10 10 9 9 5 7 6 6 6 6 6
1685645541 894 142 48 42 35 26 19 19 14 10 10 9 9 5 7 6 6 6 6 6
1685652696 895 142 48 42 35 26 19 19 14 10 10 9 9 5 7 6 6 6 6 6
1685732252 895 142 48 42 35 26 19 19 15 10 10 9 9 5 7 6 6 6 6 6
1685738970 896 142 48 42 35 26 19 19 15 10 10 9 9 5 7 6 6 6 6 6
1685875935 896 142 48 42 35 26 19 19 15 10 10 9 9 5 7 6 6 6 6 6
1685961366 897 142 48 42 35 26 19 19 15 10 10 9 9 5 7 6 6 6 6 6
1686000457 897 142 48 42 35 26 19 19 15 10 10 9 9 6 7 6 6 6 6 6
1686075839 898 142 48 42 35 26 19 19 15 10 10 9 9 6 7 6 6 6 6 6
1686147845 898 142 48 42 35 26 20 19 15 10 10 9 9 6 7 6 6 6 6 6
1686150048 898 142 49 42 35 26 20 19 15 10 10 9 9 6 7 6 6 6 6 6
1686160225 898 143 49 42 35 26 20 19 15 10 10 9 9 6 7 6 6 6 6 6
1686160335 898 143 50 42 35 26 20 19 15 10 10 9 9 6 7 6 6 6 6 6
1686188808 898 143 51 42 35 26 20 19 15 10 10 9 9 6 7 6 6 6 6 6
1686234514 898 143 52 42 35 26 20 19 15 10 10 9 9 6 7 6 6 6 6 6
1686282693 898 143 52 42 35 26 20 19 15 10 10 9 9 6 7 6 6 6 6 6
1686302844 899 143 52 42 35 26 20 19 15 10 10 9 9 6 7 6 6 6 6 6
1686321975 900 143 52 42 35 26 20 19 15 10 10 9 9 6 7 6 6 6 6 6
1686328647 901 143 52 42 35 26 20 19 15 10 10 9 9 6 7 6 6 6 6 6
1686328693 901 143 52 42 35 26 20 19 15 10 10 9 9 7 7 6 6 6 6 6
1686330646 902 143 52 42 35 26 20 19 15 10 10 9 9 7 7 6 6 6 6 6
1686337905 902 143 53 42 35 26 20 19 15 10 10 9 9 7 7 6 6 6 6 6
1686339489 902 143 53 42 35 26 20 19 15 10 10 9 9 7 7 6 6 6 6 6
1686567174 902 143 53 42 35 26 20 19 15 10 10 9 9 7 7 6 6 6 6 6
1686582696 902 144 53 42 35 26 20 19 15 10 10 9 9 7 7 6 6 6 6 6
1686583506 902 144 53 42 35 26 20 19 15 10 10 9 9 8 7 6 6 6 6 6
1686597218 903 144 53 42 35 26 20 19 15 10 10 9 9 8 7 6 6 6 6 6
1686602221 903 144 54 42 35 26 20 19 15 10 10 9 9 8 7 6 6 6 6 6
1686602598 904 144 54 42 35 26 20 19 15 10 10 9 9 8 7 6 6 6 6 6
1686610584 904 144 54 42 35 26 20 19 15 10 10 9 9 8 7 6 6 6 6 6
1686648341 905 144 54 42 35 26 20 19 15 10 10 9 9 8 7 6 6 6 6 6
1686667279 905 145 54 42 35 26 20 19 15 10 10 9 9 8 7 6 6 6 6 6
1686775264 906 145 54 42 35 26 20 19 15 10 10 9 9 8 7 6 6 6 6 6
1686842236 906 145 54 42 35 26 20 19 15 10 10 9 9 8 7 6 6 6 6 6
1686856693 907 145 54 42 35 26 20 19 15 10 10 9 9 8 7 6 6 6 6 6
1686856717 908 145 54 42 35 26 20 19 15 10 10 9 9 8 7 6 6 6 6 6
1686897629 909 145 54 42 35 26 20 19 15 10 10 9 9 8 7 6 6 6 6 6
1686905282 910 145 54 42 35 26 20 19 15 10 10 9 9 8 7 6 6 6 6 6
1686937280 910 146 54 42 35 26 20 19 15 10 10 9 9 8 7 6 6 6 6 6
1686980708 911 146 54 42 35 26 20 19 15 10 10 9 9 8 7 6 6 6 6 6
1687271360 912 146 54 42 35 26 20 19 15 10 10 9 9 8 7 6 6 6 6 6
1687283580 913 146 54 42 35 26 20 19 15 10 10 9 9 8 7 6 6 6 6 6
1687286885 914 146 54 42 35 26 20 19 15 10 10 9 9 8 7 6 6 6 6 6
1687291121 914 147 54 42 35 26 20 19 15 10 10 9 9 8 7 6 6 6 6 6
1687291131 914 148 54 42 35 26 20 19 15 10 10 9 9 8 7 6 6 6 6 6
1687321215 915 148 54 42 35 26 20 19 15 10 10 9 9 8 7 6 6 6 6 6
1687323827 916 148 54 42 35 26 20 19 15 10 10 9 9 8 7 6 6 6 6 6
1687362773 916 148 54 42 35 26 20 19 15 10 10 9 9 8 7 6 6 6 6 6
1687587038 917 148 54 42 35 26 20 19 15 10 10 9 9 8 7 6 6 6 6 6
1687800669 917 148 54 42 35 26 20 19 16 10 10 9 9 8 7 6 6 6 6 6
1687807838 917 149 54 42 35 26 20 19 16 10 10 9 9 8 7 6 6 6 6 6
1687911759 917 149 54 42 35 26 21 19 16 10 10 9 9 8 7 6 6 6 6 6
1687965109 918 149 54 42 35 26 21 19 16 10 10 9 9 8 7 6 6 6 6 6
1687975769 918 149 54 42 35 26 21 19 16 10 10 9 9 8 7 6 6 6 6 6
1687984472 919 149 54 42 35 26 21 19 16 10 10 9 9 8 7 6 6 6 6 6
1687996418 919 149 54 42 36 26 21 19 16 10 10 9 9 8 7 6 6 6 6 6
1688055956 920 149 54 42 36 26 21 19 16 10 10 9 9 8 7 6 6 6 6 6
1688060923 921 149 54 42 36 26 21 19 16 10 10 9 9 8 7 6 6 6 6 6
1688068719 922 149 54 42 36 26 21 19 16 10 10 9 9 8 7 6 6 6 6 6
1688069151 922 149 54 42 36 26 21 19 16 10 10 9 9 8 7 7 6 6 6 6
1688070433 923 149 54 42 36 26 21 19 16 10 10 9 9 8 7 7 6 6 6 6
1688073623 924 149 54 42 36 26 21 19 16 10 10 9 9 8 7 7 6 6 6 6
1688140267 924 149 54 43 36 26 21 19 16 10 10 9 9 8 7 7 6 6 6 6
1688142736 925 149 54 43 36 26 21 19 16 10 10 9 9 8 7 7 6 6 6 6
1688152074 925 149 54 44 36 26 21 19 16 10 10 9 9 8 7 7 6 6 6 6
1688155987 925 149 54 45 36 26 21 19 16 10 10 9 9 8 7 7 6 6 6 6
1688200630 926 149 54 45 36 26 21 19 16 10 10 9 9 8 7 7 6 6 6 6
1688571440 927 149 54 45 36 26 21 19 16 10 10 9 9 8 7 7 6 6 6 6
1688659642 927 149 54 45 36 26 21 19 16 10 10 9 9 8 7 7 6 6 6 6
1688659909 927 149 54 45 36 26 21 19 16 10 10 9 9 8 7 7 6 6 6 6
1688665798 928 149 54 45 36 26 21 19 16 10 10 9 9 8 7 7 6 6 6 6
1688732081 928 149 54 45 36 26 21 19 16 10 10 9 9 8 7 7 6 6 6 6
1688775324 928 149 55 45 36 26 21 19 16 10 10 9 9 8 7 7 6 6 6 6
1689007070 929 149 55 45 36 26 21 19 16 10 10 9 9 8 7 7 6 6 6 6
1689010647 929 150 55 45 36 26 21 19 16 10 10 9 9 8 7 7 6 6 6 6
1689098238 929 151 55 45 36 26 21 19 16 10 10 9 9 8 7 7 6 6 6 6
1689103802 929 151 55 45 36 26 21 19 16 10 10 9 9 8 7 7 6 6 6 6
1689107795 929 152 55 45 36 26 21 19 16 10 10 9 9 8 7 7 6 6 6 6
1689270670 930 152 55 45 36 26 21 19 16 10 10 9 9 8 7 7 6 6 6 6
1689278705 931 152 55 45 36 26 21 19 16 10 10 9 9 8 7 7 6 6 6 6
1689354909 932 152 55 45 36 26 21 19 16 10 10 9 9 8 7 7 6 6 6 6
1689610039 933 152 55 45 36 26 21 19 16 10 10 9 9 8 7 7 6 6 6 6
1689628014 933 152 55 46 36 26 21 19 16 10 10 9 9 8 7 7 6 6 6 6
1689714863 933 152 55 46 36 26 21 19 16 10 10 9 9 8 7 7 6 6 6 6
1689792175 933 152 55 47 36 26 21 19 16 10 10 9 9 8 7 7 6 6 6 6
1689872178 933 152 55 48 36 26 21 19 16 10 10 9 9 8 7 7 6 6 6 6
1689956199 933 152 55 48 36 26 21 19 16 10 10 9 9 8 7 7 6 6 6 6
1690313522 934 152 55 48 36 26 21 19 16 10 10 9 9 8 7 7 6 6 6 6
1690315465 934 153 55 48 36 26 21 19 16 10 10 9 9 8 7 7 6 6 6 6
1690383473 934 154 55 48 36 26 21 19 16 10 10 9 9 8 7 7 6 6 6 6
1690392794 934 154 55 49 36 26 21 19 16 10 10 9 9 8 7 7 6 6 6 6
1690400805 935 154 55 49 36 26 21 19 16 10 10 9 9 8 7 7 6 6 6 6
1690472696 935 155 55 49 36 26 21 19 16 10 10 9 9 8 7 7 6 6 6 6
1690488049 935 155 55 50 36 26 21 19 16 10 10 9 9 8 7 7 6 6 6 6
