1505854480 65475
1505866526 65763
1506266448 65561
1506378912 65429
1506525940 65429
1506534648 64497
1506699868 64523
1506962723 64522
1507094012 64522
1507235624 64562
1507308167 64570
1507680466 64567
1507759157 64574
1507828189 64571
1507915300 64630
1508266209 64635
1508272167 64651
1508286567 64655
1508784035 64750
1508866669 64836
1509042133 64840
1509374694 64849
1509404137 66079
1509480488 66079
1509644794 66079
1510001694 67952
1510001797 67971
1510059200 67962
1510160435 67961
1510162993 67961
1510174558 67961
1510324430 67983
1510596269 67983
1510619163 67984
1510694267 68012
1510779630 68000
1510845666 68001
1510933376 68025
1511214830 68025
1511365374 68306
1511386563 68306
1512154500 68325
1512159349 69267
1512159620 68329
1512186645 69270
1512500328 69270
1512585364 69276
1512660303 69276
1512810205 69276
1513106631 69278
1513195335 69085
1513195370 69284
1513283772 69137
1513365132 69186
1513802086 69323
1513913982 69358
1514488591 69104
1514911982 69135
1515001978 69358
1515167673 69891
1515516383 69927
1515556140 69927
1515613569 70037
1515613628 69927
1515771905 70050
1516211627 70318
1516308146 70303
1516655449 70304
1516727264 70313
1516823922 70587
1516906322 70585
1517002284 70585
1517207625 70584
1517272124 70610
1517339973 70599
1517342778 70607
1517346325 70622
1517362787 70631
1517459699 70619
1517596567 70625
1517837925 70916
1517928139 70946
1518031309 70948
1518193667 70955
1518206214 71088
1518502240 71082
1518772395 71096
1518810427 71096
1519230730 73276
1519317399 73283
1519767527 75487
1519937564 75487
1520368219 75515
1520548536 75515
1520951306 75511
1521146935 75526
1521482816 75524
1521491524 75554
1521605415 75584
1522102540 75599
1522251719 75599
1522442158 75601
1522771155 75641
1522792324 75642
1523287809 75649
1523293274 75665
1523465562 75763
1524056199 73993
1524241012 79113
1524258124 79113
1524496678 88317
1524523821 88514
1524677888 88544
1524750478 89231
1525113866 89316
1525453136 90780
1525716741 90792
1525798789 90793
1525899476 90805
1525899501 90804
1525972561 90819
1526042569 90818
1526309878 90779
1526330498 90941
1526573157 90961
1526657094 91882
1527001063 91890
1527032087 92110
1527183194 92285
1527794795 93815
1528470888 95341
1528814897 95343
1528915455 95913
1529070382 95927
1529353133 100013
1529501123 100006
1529610912 106211
1529943499 106585
1530035135 106630
1530120424 106628
1530122306 106902
1530206330 106891
1530306035 107081
1530634008 107132
1531416869 107425
1531499366 107425
1531505604 107425
1531850838 107412
1531850864 107427
1531933464 107416
1531933617 107412
1531938541 107460
1531940533 107418
1532025932 107596
1532359144 107596
1532536643 107607
1533050080 107607
1533123252 108436
1533148673 108439
1533229723 108368
1533564430 108368
1533667414 108462
1533749917 108461
1533839535 108554
1533924946 108552
1533939809 108553
1534778312 108630
1534863911 108633
1534876262 108633
1535046074 108909
1535057052 108899
1535068032 108899
1535443521 108917
1535470022 108920
1535580540 108927
1535656402 108928
1536168022 108931
1536690176 108956
1536690184 108931
1536775405 108984
1537815472 109012
1537974464 109012
1538076294 127708
1538156151 127717
1538156471 127717
1538507358 127820
1538668532 127840
1539032039 127890
1539199897 127973
1539352414 127982
1539628224 128156
1539711215 128156
1539884137 128156
1540231498 128231
1540322629 128242
1540343381 128260
1540387923 128242
1540514826 128269
1540853614 128309
1540911781 128272
1540996445 128312
1540998603 128335
1541106022 128359
1541538085 128613
1541627536 128643
1542144120 129096
1542311700 129119
1542404197 129022
1542644098 129036
1543357285 129839
1543517036 129848
1543950072 130591
1544042261 130833
1544129089 130760
1544394352 130751
1544631632 130783
1544725803 131064
1545003157 131187
1545337799 132235
1545338174 132318
1545338211 131270
1545845497 132228
1545907775 132238
1546880476 132330
1547056536 132402
1547056548 132330
1547152516 132405
1547230599 132422
1547570950 132429
1547747302 132429
1547826854 132470
1548261751 132494
1548343420 132701
1548453246 132735
1548698816 132703
1548706241 132700
1548874783 133017
1548909235 133025
1549577586 133167
1549995731 133168
1550615349 133284
1551124331 133308
1551198169 133315
1551374470 133185
1551751537 133589
1551901015 133662
1552058873 133662
1552075539 133730
1552082810 133960
1552415955 134012
1552514383 134044
1553017058 134050
1553019241 134626
1553099679 134815
1553282405 135047
1553282581 134992
1553699141 135307
1553796739 135393
1554152788 135446
1554390837 135507
1554480322 135501
1554742558 136106
1554823352 135600
1555006366 135574
1555054000 135829
1555441895 135687
1556046253 136294
1556095462 136294
1556204518 136347
1557259002 144780
1557350443 145748
1557517129 146134
1557856419 146203
1557948106 146211
1558017615 146238
1558115497 146256
1558355392 146239
1558526810 146239
1558580615 146259
1558631633 146260
1559230954 146593
1559748418 146601
1559748467 146593
1559938068 146601
1560157064 146705
1560196153 146699
1560442482 146723
1560879684 146723
1560879821 146723
1560888350 146991
1561147902 169493
1561423835 169493
1561423955 169493
1561426520 169633
1561491164 169657
1561681466 169808
1562097048 169933
1562181184 169985
1562616268 169985
1562683057 169824
1563395747 170335
1563465883 170371
1563487669 170316
1563910929 170346
1564052637 170370
1564497385 170400
1564544849 170422
1565029924 171541
1565100815 171545
1565129502 171594
1565216726 171583
1565287018 171607
1565376864 178728
1565613366 178731
1565716816 178756
1565888799 178738
1565966293 178768
1565966446 178757
1566235638 178917
1566326380 179027
1566341589 178968
1566585484 179126
1566585907 178969
1566921816 179133
1567191804 178961
1567533209 179000
1567562957 179000
1567677298 178905
1567761912 178898
1568042410 178990
1568148652 179063
1568228270 179063
1568749218 179063
1568910454 179259
1568988424 179578
1569436162 179590
1569867881 179590
1569875040 179590
1569887688 179610
1569963237 179610
1570054857 179764
1570655277 179769
1570740683 179771
1571188720 179965
1571266271 180122
1571414789 180969
1571678463 180973
1571704486 181001
1571762123 181093
1571884539 181462
1572447644 181732
1572462295 181732
1572547055 181827
1572882364 181830
1572976155 182093
1573589868 182093
1573664072 182479
1573834032 183041
1574103746 185705
1574203439 185724
1574286925 187322
1574361022 187454
1574707220 187414
1574787619 187485
1575312113 187571
1575497623 190640
1575639400 190642
1575997412 190840
1576175763 191706
1576340647 192257
1576698386 192355
1576772408 192355
1576785815 192448
1578069670 192546
1578339687 192233
1578409009 192543
1578592728 192815
1578674555 193012
1578942726 193012
1579210719 193977
1579897624 193977
1580241011 194879
1580399001 194879
1580494152 194952
1580854680 195039
1580854819 194952
1580942280 195074
1581025660 195088
1581109567 195076
1581358683 195234
1581446848 195202
1581605544 195190
1581702085 200202
1582231021 200206
1582256184 200208
1582301143 201721
1582318296 201717
1582649322 201837
1582666051 201874
1582921108 201904
1583249219 201912
1583263330 202253
1583426237 202329
1583437865 202329
1583758540 202336
1583779066 202345
1583782471 202568
1583857686 202568
1584024103 202593
1584031293 202573
1584374783 202544
1584520315 202871
1584722862 202957
1584994578 203093
1585237681 202873
1585237750 203093
1585683155 203455
1585751547 203467
1585945469 203645
1586220657 203649
1586231627 203471
1586280510 203470
1586550793 203488
1586880884 203488
1586899473 203489
1586899555 203485
1586988834 203471
1587136386 206523
1587392427 206508
1587414910 206508
1587431960 206508
1587577949 206509
1587594593 206510
1587733951 206534
1588024176 206536
1588024665 206534
1588293850 206742
1588349633 206751
1588690454 207666
1588799176 207715
1588799301 207666
1588873346 207830
1588959360 207942
1589321126 208095
1589380410 208091
1589413560 208091
1589497460 208010
1589556205 208035
1589822630 208056
1589849594 208196
1589959417 208291
1590515853 208303
1590605081 208304
1590693900 208329
1590695724 208328
1591121352 208996
1591121911 208330
1591218193 208894
1591304755 208914
1591715832 209064
1591828534 209198
1591894589 209226
1592207248 209435
1592323975 209426
1592336195 209513
1592428611 209983
1592845386 209982
1593027971 210068
1593547730 210592
1593631667 210672
1594135631 210740
1594307592 210818
1594423390 210817
1594588895 210827
1594667409 210930
1594671722 210933
1594948460 210951
1595021600 210952
1595261299 210927
1595352213 211006
1595620852 210918
1595877718 211036
1595960019 211030
1595970357 211042
1596142730 210987
1596403406 211303
1596642985 211310
1596763060 211312
1596835904 211313
1597167390 211543
1597261999 211553
1597352700 211706
1597435031 211709
1597703115 211786
1597938895 211922
1598042397 211922
1598469917 211933
1598493300 211934
1598638147 211934
1598978383 214961
1599059712 215160
1599162885 215357
1599588559 215357
1599703997 215439
1599833705 215466
1600093999 215470
1600282516 215477
1600469715 215480
1600809802 215517
1600870019 215480
1600975668 215517
1601054965 214933
1601408277 214905
1601498200 214943
1601500124 214905
1601586882 214944
1601659047 215022
1601911857 215022
1602014261 215023
1602170861 215040
1602524027 215450
1602524108 215030
1602602775 215459
1602697502 215481
1602899961 215606
1603146326 216137
1603263689 216208
1603481509 216397
1603731044 216421
1603832937 216441
1603904220 216359
1604079524 216369
1604363930 216369
1604430928 216375
1604596438 216374
1604602522 216372
1604603660 216377
1604923795 216381
1605103129 216381
1605286074 216391
1605541027 216391
1605564857 216402
1605641113 216389
1605814819 216603
1605894775 216617
1606179917 217361
1606498856 217432
1606800191 217421
1607022568 217435
1607363774 218897
1607625321 219070
1607726957 220278
1607964834 220271
1608011473 220298
1608145660 219900
1608147541 220301
1608211898 219906
1608554674 219909
1608564278 219906
1608647157 219932
1608757161 219997
1609367417 220383
1609820025 220392
1609891629 220375
1610028617 220377
1610125822 220470
1610465780 220536
1610555442 220556
1610617008 220556
1610778844 220577
1611175162 223804
1611259490 224145
1611316403 224152
1611860685 224154
1611950970 224998
1612016407 225027
1612217361 225043
1612361512 225042
1612376295 225104
1612748110 225184
1612819210 225193
1612975974 225221
1613011624 225219
1613075475 225219
1613584129 225255
1613696932 225259
1613696945 225264
1613696957 225267
1613697044 225289
1613759168 225326
1614028690 225334
1614028725 225335
1614095196 225334
1614608679 225428
1614724087 225432
1614877807 225457
1615388843 225526
1616036891 225654
1616092356 225654
1616092426 225654
1616173501 225654
1616537231 225683
1616637111 225693
1617057995 225885
1617122651 225890
1617122673 225891
1617127014 225716
1617248527 225771
1617290543 225782
1617641524 225784
1617742659 225758
1617983471 225750
1618335263 225816
1618369186 225817
1618424360 226110
1618540971 228247
1618597533 228272
1618928268 228499
1619091035 228761
1619179343 229099
1619539914 229307
1619544369 229307
1619635769 229444
1619804516 229679
1620052659 229692
1620147176 230398
1620181393 230420
1620311726 230567
1620356881 230734
1620676626 230793
1620864066 230974
1620930671 231024
1621348890 231057
1621454113 231066
1621973613 231191
1621973766 231066
1622136140 231196
1622597569 231235
1622665944 231253
1622754341 231349
1623202858 231375
1623281200 231445
1623356999 231544
1623968670 231592
1624342789 231622
1624466681 231745
1624553594 231713
1625283740 232093
1625784094 232074
1626098654 232089
1626741696 235498
1626800326 235500
1626896751 235547
1627409736 236626
1627571096 237327
1627608831 237415
1628255966 237634
1628256095 237413
1628610764 237828
1628708223 237821
1628723764 237846
1628876321 237857
1629209215 237857
1629230449 237867
1629308525 237879
1629405268 238303
1629431534 238303
1629524835 238307
1629829086 238308
1629918130 238262
1630529303 238348
1630529317 238267
1630606191 238323
1631020215 238329
1631220100 238423
1631301721 238470
1631577872 238776
1631577929 238470
1631672110 238777
1631722629 238860
1632170136 238874
1632340655 238917
1632340722 238875
1632428514 238947
1632428582 238933
1632504751 238998
1632766012 238998
1632933633 238994
1633461715 238996
1633555214 239086
1633568130 239099
1633704545 239112
1633704633 239112
1633730410 239259
1633991531 239283
1634230900 239266
1634230912 239253
1634570679 239282
1634846508 239283
1634879177 239314
1635257351 239320
1635366138 239612
1635537114 239640
1635807696 240430
1635861517 240429
1635954385 240450
1636060359 240792
1636482846 241635
1636496091 241618
1636579567 241630
1637004563 241630
1637087540 241630
1637172084 241772
1637291970 241781
1637347561 241880
1637598148 241985
1637820068 242184
1638309771 242211
1638400087 242226
1638554462 242263
1639162253 242266
1639435622 242322
1639514535 242689
1640018672 242807
1640285975 242815
1640719698 242832
1641311984 242837
1641348259 242846
1641566574 242844
1641566650 242846
1641566706 242888
1641840105 242924
1642163120 243026
1642539768 243100
1642619090 243516
1642795500 243534
1643057772 243706
1643306190 243712
1643306240 243712
1643312625 243714
1643389498 243721
1643651411 243705
1643752369 243713
1643906785 243647
1644253664 243077
1644830768 242558
1645128475 242722
1645628175 242752
1645628192 242724
1645655426 242764
1646168530 242813
1646318120 242843
1646318139 242814
1646368753 242888
1646720714 242913
1646773276 242927
1647272639 243002
1647367945 243028
1647449605 243035
1647535412 243036
1647547317 243037
1647634210 243037
1647639741 243361
1647900968 243404
1648067143 243448
1648256191 243449
1648498339 243374
1648498364 243444
1648662536 243790
1648670180 243795
1648745322 243799
1648773733 243862
1649188839 243879
1649267098 243902
1649779456 243857
1649940095 243860
1650042759 244081
1650401811 244271
1650464438 244271
1650654005 244271
1650654496 244271
1650895655 244269
1650901242 244272
1651236223 244272
1651522072 244272
1651594462 244273
1651609553 244274
1651681407 244277
1651690405 244282
1651691077 244278
1651695683 244282
1651723085 244281
1651765367 244284
1652210023 244274
1652302146 244276
1652331928 244276
1652387913 244298
1652396847 244308
1652478625 244340
1652739959 244349
1652776970 244366
1652777082 244363
1652820562 244362
1652826064 244368
1652832609 244369
1652893274 244376
1652915628 244418
1653009705 244417
1653026009 244417
1653088245 244419
1653319865 244435
1653320169 244435
1653402236 244436
1653511851 244437
1653579162 244492
1653580221 244615
1653588379 244616
1653668261 244623
1653675124 244623
1653974277 244627
1653983185 244623
1654009222 244620
1654013605 244751
1654024132 244751
1654024805 244752
1654030842 244773
1654037960 244777
1654181586 244777
1654183338 244851
1654189688 244842
1654198008 244842
1654204401 244847
1654286495 244848
1654526610 244859
1654531763 246225
1654532911 246303
1654538523 246325
1654539463 246325
1654539999 246326
1654543684 246335
1654611216 246312
1654619519 246338
1654717343 246335
1654723360 246376
1654769563 246338
1654786178 246403
1654798841 246403
1654870700 246403
1654879995 246403
1654899151 246402
1654928425 246402
1655227386 246388
1655236102 246396
1655236729 246400
1655237459 246411
1655239861 246419
1655245453 246419
1655255059 246420
1655304169 246417
1655304823 246419
1655339261 246436
1655410641 246419
1655413745 246429
1655414933 246429
1655422954 249402
1655430350 249420
1655824089 249420
1655839667 249424
1655914486 249424
1655919546 249424
1655931321 249432
1656080301 249432
1656083464 249432
1656190949 249436
1656520889 249436
1656628472 249451
1657039074 249452
1657139977 249437
1657159727 249440
1657202434 249441
1657616996 249434
1657642357 249437
1657649811 249441
1657661986 249437
1657723664 249439
1657727046 249439
1657734120 249489
1657816269 249489
1657820053 249502
1657917571 249563
1657920370 249557
1658153835 249612
1658155042 249609
1658172228 249609
1658185519 249610
1658208272 249618
1658347828 249617
1658507048 249617
1658518892 249618
1658778197 249618
1658794794 249619
1658855743 249619
1658932605 249624
1658954719 249704
1659019506 249729
1659130693 249729
1659367777 249737
1659614678 249769
1659615596 249794
1659618854 249762
1659637188 249702
1659662098 249965
1659707765 249999
1659719373 249999
1660085498 249999
1660136455 249999
1660227913 249993
1660242153 249972
1660314340 249982
1660314805 249982
1660572003 249989
1660668644 250006
1660673581 250008
1660677655 250013
1660750474 250046
1660753076 250096
1660757085 250101
1660757949 250101
1660779593 250125
1660844662 250124
1660847877 250124
1661196307 250132
1661282840 250132
1661346099 250128
1661372298 250128
1661462103 262495
1661807306 262500
1661807691 262506
1661817134 262523
1661880793 262521
1661958066 262538
1661967131 262538
1661967561 262538
1661974159 262747
1661978640 262749
1662048212 262752
1662049153 262792
1662052106 262752
1662056581 262755
1662059927 262756
1662065090 262787
1662065213 262788
1662065216 262788
1662069240 262787
1662126862 262766
1662139950 262767
1662143269 262768
1662476388 262769
1662490936 262772
1662494320 262774
1662495088 262821
1662559112 262818
1662581487 262820
1662649633 262820
1662664900 262836
1662665270 262843
1662668799 262853
1662673261 262852
1663023882 262897
1663080640 262898
1663087691 262899
1663090582 262876
1663094696 262880
1663119267 263258
1663136861 263280
1663164767 263295
1663172611 263356
1663277379 263527
1663367903 263527
1663594104 263543
1663605000 263615
1663697051 263653
1663704745 263659
1663705456 263674
1663706986 263675
1663708855 263698
1664128837 263696
1664199408 263918
1664207614 263926
1664242991 264013
1664387051 264136
1664390009 264167
1664399174 264170
1664409362 264169
1664463588 264216
1664484148 264220
1664492291 264219
1664493701 264223
1664500493 264232
1664501045 264232
1664551088 264232
1664554602 264232
1664565087 264326
1664807184 264335
1664807880 264323
1664819500 264348
1664833630 264354
1664843120 264314
1664851404 264313
1664915292 264332
1664919482 264333
1664980970 264378
1664992755 264380
1665067036 264385
1665070412 264387
1665071491 264387
1665084693 264392
1665163648 264392
1665166175 264394
1665177684 264398
1665427794 264384
1665434298 264456
1665438807 264459
1665509237 264511
1665542391 264516
1665579144 264669
1665596851 264669
1665646749 264630
1665673440 264668
1665686492 264630
1665695559 264647
1665771529 264711
1665771837 264711
1665994158 264970
1666022607 264970
1666036613 265100
1666040020 265103
1666046412 265130
1666085669 265367
1666118709 265367
1666128101 265368
1666210988 265368
1666356178 265368
1666392130 265414
1666640918 265432
1666721279 265452
1666727746 265602
1666797261 265602
1666806688 265601
1666858259 265601
1666903492 265575
1666927300 265597
1666981266 265804
1667229803 265801
1667233627 265801
1667240442 265820
1667244686 265822
1667326354 265835
1667334401 265876
1667394706 265876
1667414673 265873
1667428074 266133
1667486089 266105
1667490918 266105
1667491093 266105
1667498952 266086
1667524699 266093
1667596353 266101
1667746228 266104
1667845862 266244
1667852944 266254
1667859120 266303
1667895234 266300
1668020342 266356
1668022857 266405
1668028109 270700
1668045202 270731
1668045965 270736
1668108189 270790
1668114002 270840
1668122928 270842
1668138773 270856
1668201141 270858
1668443272 270865
1668443382 270869
1668525688 270890
1668532113 270062
1668532783 270067
1668542352 270214
1668561314 270214
1668610878 270215
1668612256 270264
1668618269 270265
1668625521 270336
1668625750 270062
1668638838 270056
1668716237 270974
1668812341 270974
1669046456 270975
1669048502 270990
1669094273 271254
1669127777 271254
1669151442 271265
1669154206 271265
1669232294 271302
1669238794 271302
1669624462 271302
1669634579 271307
1669649398 271306
1669656974 271309
1669658196 271316
1669667226 271546
1669670510 271546
1669677267 271580
1669741068 271378
1669742344 271387
1669747582 271387
1669752666 271388
1669757327 271387
1669757473 271387
1669823541 271387
1669834718 271405
1669841168 271405
1669916239 271401
1669918084 271424
1669994854 271424
1670000280 271437
1670013834 271453
1670271474 271409
1670274637 271462
1670359132 271695
1670359854 271695
1670363758 272213
1670426082 272229
1670432072 272232
1670446148 272355
1670516741 272363
1670520909 272359
1670525990 272297
1670535857 272311
1670537712 272302
1670553157 272306
1670805808 272815
1670865693 272819
1670879740 272820
1670882416 272818
1670968656 272848
1670973113 272984
1671031742 273027
1671140083 273187
1671140920 273188
1671149341 273203
1671213537 273184
1671307238 273184
1671464591 273186
1671464613 273213
1671471731 273216
1671475646 273219
1671479601 273466
1671495135 273469
1671579478 273552
1671585730 273552
1671636699 273589
1671652724 273587
1671708397 273588
1671723395 273589
1671731395 273588
1671734817 273591
1671745637 273591
1671749942 273606
1672167247 273606
1672185814 273606
1672241479 273610
1672246564 273612
1672778725 273613
1672834237 273757
1672851732 273759
1672871091 273756
1672938664 273758
1672949145 273770
1672965757 273777
1673058485 273776
1673114275 273792
1673283649 273795
1673287064 273795
1673292533 273827
1673303577 273828
1673320083 273826
1673371451 273827
1673384845 273842
1673455978 273843
1673467434 273844
1673478362 273844
1673503872 273844
1673557262 273832
1673601779 273866
1673974153 273866
1673980469 273899
1673987620 273897
1673994652 273937
1674063877 273939
1674118029 273939
1674125617 273939
1674142436 273931
1674147327 273930
1674158684 273929
1674159919 273932
1674188362 273932
1674204453 274018
1674228005 274104
1674239532 274112
1674256374 273449
1674438221 273451
1674493824 273459
1674503466 273458
1674503979 273458
1674580705 273605
1674586107 273606
1674598387 273606
1674660150 273805
1674660222 273822
1674705454 273826
1674750877 273824
1674754997 273830
1674771753 274093
1674782425 274105
1674845661 274108
1674851815 274120
1674942107 274120
1675119579 274183
1675180806 274120
1675211832 274121
1675266585 274184
1675268695 274159
1675327733 274239
1675335907 274159
1675353876 274171
1675450501 274172
1675468819 274172
1675725820 274184
1675787738 274184
1675854811 274183
1675882192 274200
1675980772 274255
1676000705 274686
1676039463 274694
1676306053 274696
1676319555 274706
1676319705 274708
1676401476 274708
1676406641 274716
1676412370 274711
1676475618 274711
1676557415 274711
1676577146 274805
1676639830 274935
1676671911 274935
1676680526 274935
1676680898 274935
1677007155 274945
1677007260 274990
1677010556 274991
1677010632 274991
1677082386 274992
1677091230 275014
1677091941 274989
1677118034 274994
1677135082 274988
1677135400 274988
1677174728 274989
1677184202 274945
1677186339 274953
1677258646 274955
1677275440 274955
1677511976 273939
1677522196 273942
1677529090 273876
1677609167 273901
1677610078 273771
1677718473 273763
1677722217 273754
1677734974 273754
1677734987 273754
1677780218 273797
1677807122 273793
1678127162 273806
1678150898 273807
1678292650 273937
1678301550 274123
1678306174 274125
1678381829 274128
1678390708 274130
1678397940 274000
1678484287 274001
1678727412 274015
1678733065 274064
1678739040 274063
1678752298 274094
1678767731 274096
1678808486 274134
1678903796 274134
1678907255 274134
1678908163 274131
1678916468 274206
1678941284 274211
1678983889 274213
1678983891 274227
1678994411 274229
1679299859 274235
1679324704 274236
1679339933 274237
1679346611 274808
1679385870 274893
1679409038 275055
1679575339 275055
1679580633 275061
1679591558 275069
1679649840 275083
1679669297 275126
1679683797 275193
1679701923 275235
1679702616 275240
1679704834 275409
1679705968 275434
1679943045 275434
1679947797 275474
1679950883 275469
1679958498 275464
1679985925 275464
1680055547 275464
1680136526 275446
1680199226 275449
1680203363 275451
1680207338 275453
1680275292 275453
1680283557 275512
1680300026 275502
1680325052 275516
1680325411 275521
1680352423 275531
1680531366 275655
1680548862 275655
1680549291 275606
1680555768 275818
1680559402 275818
1680663871 275821
1680794351 275846
1680806502 275846
1680806601 275869
1680810694 275877
1680972729 276016
1681142107 276024
1681163865 276033
1681260893 276020
1681261102 276009
1681265685 276005
1681268063 275995
1681307657 276029
1681317459 276022
1681318629 276136
1681321830 276136
1681331208 276180
1681406713 276189
1681423459 276205
1681471677 276291
1681498164 276290
1681503099 276238
1681802940 276261
1681837516 276325
1681850863 276339
1681920087 276310
1682013121 276317
1682016615 276317
1682018127 276321
1682048177 276321
1682347317 276327
1682348644 276357
1682350770 276482
1682355598 276480
1682456286 276481
1682612595 276458
1682712948 276655
1682717869 276673
1682970221 276673
1682975251 276692
1683039885 276694
1683042696 276730
1683049215 276792
1683124890 276792
1683132972 276910
1683215979 276926
1683223732 276960
1683229031 277008
1683235556 276960
1683317766 277008
1683535298 277007
1683559477 277009
1683568385 277011
1683590290 277011
1683640205 277010
1683752514 277011
1683839051 277011
1683906348 277022
1684175657 277008
1684175685 277032
1684180858 277024
1684268072 277067
1684355818 277103
1684420510 277103
1684508523 277198
1684538228 277239
1684547614 277301
1684778034 277302
1684784295 277423
1684790108 277431
1684796719 277423
1684801657 277439
1684859231 277449
1684881995 277416
1684889076 277416
1684937439 277416
1684940644 277426
1685023799 277426
1685036443 277563
1685039521 277505
1685086080 277530
1685119415 277529
1685485724 277544
1685550694 277545
1685560373 277545
1685605374 277543
1685643532 277544
1685645541 277545
1685652696 277714
1685732252 277700
1685738970 277750
1685961366 277751
1686000457 277966
1686075839 277980
1686147845 278020
1686150048 278021
1686160225 278018
1686160335 278020
1686188808 278025
1686234514 278027
1686302844 278036
1686321975 278042
1686328647 278055
1686328693 278034
1686330646 278039
1686337905 278026
1686339489 278034
1686582696 278034
1686583506 278025
1686597218 278137
1686602221 278140
1686602598 278099
1686610584 278291
1686648341 278278
1686667279 278278
1686775264 278302
1686842236 278283
1686856693 278282
1686856717 278309
1686897629 278309
1686905282 278346
1686937280 278328
1686980708 278330
1687271360 278840
1687283580 278833
1687286885 278829
1687291121 278833
1687291131 278834
1687321215 278835
1687323827 278860
1687362773 278898
1687587038 278923
1687800669 278924
1687807838 278924
1687911759 278959
1687965109 278924
1687975769 278992
1687984472 279027
1687996418 279047
1688055956 279193
1688060923 279193
1688068719 279203
1688069151 279217
1688070433 279219
1688073623 279227
1688140267 279244
1688142736 279236
1688152074 279219
1688155987 279238
1688200630 279248
1688571440 279249
1688659642 279237
1688659909 279271
1688665798 279271
1688775324 279276
1689007070 279276
1689010647 279272
1689098238 278778
1689103802 278782
1689107795 278819
1689270670 278827
1689278705 278837
1689354909 278863
1689610039 278868
1689628014 278944
1689714863 278946
1689792175 278946
1689872178 278960
1689956199 278961
1690313522 278962
1690315465 278976
1690383473 278977
1690392794 279074
1690400805 279075
1690472696 279082
1690488049 279084
