1166468978 0 1 0 0 0 0 0 0 0 0 0 0 0 0 0 0 0 0 0 0
1174506849 0 2 0 0 0 0 0 0 0 0 0 0 0 0 0 0 0 0 0 0
1174511217 0 3 0 0 0 0 0 0 0 0 0 0 0 0 0 0 0 0 0 0
1174522541 0 4 0 0 0 0 0 0 0 0 0 0 0 0 0 0 0 0 0 0
1174522693 0 5 0 0 0 0 0 0 0 0 0 0 0 0 0 0 0 0 0 0
1175118847 0 6 0 0 0 0 0 0 0 0 0 0 0 0 0 0 0 0 0 0
1177103793 0 7 0 0 0 0 0 0 0 0 0 0 0 0 0 0 0 0 0 0
1181692782 0 8 0 0 0 0 0 0 0 0 0 0 0 0 0 0 0 0 0 0
1187207094 0 9 0 0 0 0 0 0 0 0 0 0 0 0 0 0 0 0 0 0
1192738106 0 10 0 0 0 0 0 0 0 0 0 0 0 0 0 0 0 0 0 0
1206648667 0 11 0 0 0 0 0 0 0 0 0 0 0 0 0 0 0 0 0 0
1216769379 0 12 0 0 0 0 0 0 0 0 0 0 0 0 0 0 0 0 0 0
1219279859 0 13 0 0 0 0 0 0 0 0 0 0 0 0 0 0 0 0 0 0
1221852725 0 14 0 0 0 0 0 0 0 0 0 0 0 0 0 0 0 0 0 0
1239832624 0 15 0 0 0 0 0 0 0 0 0 0 0 0 0 0 0 0 0 0
1247867032 0 16 0 0 0 0 0 0 0 0 0 0 0 0 0 0 0 0 0 0
1252628150 0 17 0 0 0 0 0 0 0 0 0 0 0 0 0 0 0 0 0 0
1257870831 0 18 0 0 0 0 0 0 0 0 0 0 0 0 0 0 0 0 0 0
1262658345 0 19 0 0 0 0 0 0 0 0 0 0 0 0 0 0 0 0 0 0
1268181453 0 20 0 0 0 0 0 0 0 0 0 0 0 0 0 0 0 0 0 0
1273268029 0 21 0 0 0 0 0 0 0 0 0 0 0 0 0 0 0 0 0 0
1284663222 0 22 0 0 0 0 0 0 0 0 0 0 0 0 0 0 0 0 0 0
1287019063 0 23 0 0 0 0 0 0 0 0 0 0 0 0 0 0 0 0 0 0
1289949660 0 24 0 0 0 0 0 0 0 0 0 0 0 0 0 0 0 0 0 0
1295042308 0 25 0 0 0 0 0 0 0 0 0 0 0 0 0 0 0 0 0 0
1295915801 0 26 0 0 0 0 0 0 0 0 0 0 0 0 0 0 0 0 0 0
1299053117 0 27 0 0 0 0 0 0 0 0 0 0 0 0 0 0 0 0 0 0
1299191184 0 28 0 0 0 0 0 0 0 0 0 0 0 0 0 0 0 0 0 0
1303413763 0 29 0 0 0 0 0 0 0 0 0 0 0 0 0 0 0 0 0 0
1305840751 0 30 0 0 0 0 0 0 0 0 0 0 0 0 0 0 0 0 0 0
1311833947 0 31 0 0 0 0 0 0 0 0 0 0 0 0 0 0 0 0 0 0
1311911339 0 32 0 0 0 0 0 0 0 0 0 0 0 0 0 0 0 0 0 0
1311913609 0 33 0 0 0 0 0 0 0 0 0 0 0 0 0 0 0 0 0 0
1311918194 0 34 0 0 0 0 0 0 0 0 0 0 0 0 0 0 0 0 0 0
1311979790 0 35 0 0 0 0 0 0 0 0 0 0 0 0 0 0 0 0 0 0
1311994558 0 36 0 0 0 0 0 0 0 0 0 0 0 0 0 0 0 0 0 0
1311994678 0 37 0 0 0 0 0 0 0 0 0 0 0 0 0 0 0 0 0 0
1312416159 0 38 0 0 0 0 0 0 0 0 0 0 0 0 0 0 0 0 0 0
1312416172 0 39 0 0 0 0 0 0 0 0 0 0 0 0 0 0 0 0 0 0
1313667560 0 40 0 0 0 0 0 0 0 0 0 0 0 0 0 0 0 0 0 0
1320361721 0 41 0 0 0 0 0 0 0 0 0 0 0 0 0 0 0 0 0 0
1320361759 0 42 0 0 0 0 0 0 0 0 0 0 0 0 0 0 0 0 0 0
1320361789 0 43 0 0 0 0 0 0 0 0 0 0 0 0 0 0 0 0 0 0
1320361884 0 44 0 0 0 0 0 0 0 0 0 0 0 0 0 0 0 0 0 0
1320361972 0 45 0 0 0 0 0 0 0 0 0 0 0 0 0 0 0 0 0 0
1320362181 0 46 0 0 0 0 0 0 0 0 0 0 0 0 0 0 0 0 0 0
1320362280 0 47 0 0 0 0 0 0 0 0 0 0 0 0 0 0 0 0 0 0
1320362732 0 48 0 0 0 0 0 0 0 0 0 0 0 0 0 0 0 0 0 0
1320362910 0 49 0 0 0 0 0 0 0 0 0 0 0 0 0 0 0 0 0 0
1320363421 0 50 0 0 0 0 0 0 0 0 0 0 0 0 0 0 0 0 0 0
1322704709 0 51 0 0 0 0 0 0 0 0 0 0 0 0 0 0 0 0 0 0
1324441732 0 52 0 0 0 0 0 0 0 0 0 0 0 0 0 0 0 0 0 0
1327535980 0 53 0 0 0 0 0 0 0 0 0 0 0 0 0 0 0 0 0 0
1328222984 0 54 0 0 0 0 0 0 0 0 0 0 0 0 0 0 0 0 0 0
1338304751 1 54 0 0 0 0 0 0 0 0 0 0 0 0 0 0 0 0 0 0
1352665955 2 54 0 0 0 0 0 0 0 0 0 0 0 0 0 0 0 0 0 0
1352666001 3 54 0 0 0 0 0 0 0 0 0 0 0 0 0 0 0 0 0 0
1353422902 4 54 0 0 0 0 0 0 0 0 0 0 0 0 0 0 0 0 0 0
1358176313 5 54 0 0 0 0 0 0 0 0 0 0 0 0 0 0 0 0 0 0
1366482934 6 54 0 0 0 0 0 0 0 0 0 0 0 0 0 0 0 0 0 0
1366496076 7 54 0 0 0 0 0 0 0 0 0 0 0 0 0 0 0 0 0 0
1366498177 9 54 0 0 0 0 0 0 0 0 0 0 0 0 0 0 0 0 0 0
1366499512 10 54 0 0 0 0 0 0 0 0 0 0 0 0 0 0 0 0 0 0
1366509935 11 54 0 0 0 0 0 0 0 0 0 0 0 0 0 0 0 0 0 0
1366510183 12 54 0 0 0 0 0 0 0 0 0 0 0 0 0 0 0 0 0 0
1366511905 13 54 0 0 0 0 0 0 0 0 0 0 0 0 0 0 0 0 0 0
1369177568 14 54 0 0 0 0 0 0 0 0 0 0 0 0 0 0 0 0 0 0
1369216924 15 54 0 0 0 0 0 0 0 0 0 0 0 0 0 0 0 0 0 0
1375311350 16 54 0 0 0 0 0 0 0 0 0 0 0 0 0 0 0 0 0 0
1375311681 17 54 0 0 0 0 0 0 0 0 0 0 0 0 0 0 0 0 0 0
1375312215 18 54 0 0 0 0 0 0 0 0 0 0 0 0 0 0 0 0 0 0
1375312633 19 54 0 0 0 0 0 0 0 0 0 0 0 0 0 0 0 0 0 0
1375312673 20 54 0 0 0 0 0 0 0 0 0 0 0 0 0 0 0 0 0 0
1375313260 21 54 0 0 0 0 0 0 0 0 0 0 0 0 0 0 0 0 0 0
1375314766 22 54 0 0 0 0 0 0 0 0 0 0 0 0 0 0 0 0 0 0
1375315596 23 54 0 0 0 0 0 0 0 0 0 0 0 0 0 0 0 0 0 0
1375318033 24 54 0 0 0 0 0 0 0 0 0 0 0 0 0 0 0 0 0 0
1375318772 25 54 0 0 0 0 0 0 0 0 0 0 0 0 0 0 0 0 0 0
1375319077 26 54 0 0 0 0 0 0 0 0 0 0 0 0 0 0 0 0 0 0
1375324307 27 54 0 0 0 0 0 0 0 0 0 0 0 0 0 0 0 0 0 0
1375325189 28 54 0 0 0 0 0 0 0 0 0 0 0 0 0 0 0 0 0 0
1375325639 29 54 0 0 0 0 0 0 0 0 0 0 0 0 0 0 0 0 0 0
1379711663 29 54 0 0 0 0 0 0 0 0 0 0 0 0 0 0 0 0 0 0
1382475807 29 54 0 0 0 0 0 0 0 0 0 0 0 0 0 0 0 0 0 0
1383612991 30 54 0 0 0 0 0 0 0 0 0 0 0 0 0 0 0 0 0 0
1383652577 31 54 0 0 0 0 0 0 0 0 0 0 0 0 0 0 0 0 0 0
1383653009 32 54 0 0 0 0 0 0 0 0 0 0 0 0 0 0 0 0 0 0
1383653392 33 54 0 0 0 0 0 0 0 0 0 0 0 0 0 0 0 0 0 0
1383771363 34 54 0 0 0 0 0 0 0 0 0 0 0 0 0 0 0 0 0 0
1385137867 34 54 0 0 0 0 0 0 0 0 0 1 0 0 0 0 0 0 0 0
1385137960 34 54 0 0 0 0 0 0 0 0 0 2 0 0 0 0 0 0 0 0
1385571880 34 54 0 0 0 0 0 0 0 1 0 2 0 0 0 0 0 0 0 0
1385571906 34 54 0 0 0 0 0 0 0 2 0 2 0 0 0 0 0 0 0 0
1385574679 35 54 0 0 0 0 0 0 0 2 0 2 0 0 0 0 0 0 0 0
1394803751 36 54 0 0 0 0 0 0 0 2 0 2 0 0 0 0 0 0 0 0
1394803822 37 54 0 0 0 0 0 0 0 2 0 2 0 0 0 0 0 0 0 0
1394813332 38 54 0 0 0 0 0 0 0 2 0 2 0 0 0 0 0 0 0 0
1394814591 39 54 0 0 0 0 0 0 0 2 0 2 0 0 0 0 0 0 0 0
1394829157 40 54 0 0 0 0 0 0 0 2 0 2 0 0 0 0 0 0 0 0
1394829270 41 54 0 0 0 0 0 0 0 2 0 2 0 0 0 0 0 0 0 0
1394892933 42 54 0 0 0 0 0 0 0 2 0 2 0 0 0 0 0 0 0 0
1394893881 43 54 0 0 0 0 0 0 0 2 0 2 0 0 0 0 0 0 0 0
1395045495 43 54 0 0 0 0 0 0 0 2 0 2 0 0 0 0 0 0 0 0
1395058586 44 54 0 0 0 0 0 0 0 2 0 2 0 0 0 0 0 0 0 0
1395059728 45 54 0 0 0 0 0 0 0 2 0 2 0 0 0 0 0 0 0 0
1395059921 46 54 0 0 0 0 0 0 0 2 0 2 0 0 0 0 0 0 0 0
1395062264 47 54 0 0 0 0 0 0 0 2 0 2 0 0 0 0 0 0 0 0
1395062704 48 54 0 0 0 0 0 0 0 2 0 2 0 0 0 0 0 0 0 0
1395063206 49 54 0 0 0 0 0 0 0 2 0 2 0 0 0 0 0 0 0 0
1395063394 50 54 0 0 0 0 0 0 0 2 0 2 0 0 0 0 0 0 0 0
1395063528 51 54 0 0 0 0 0 0 0 2 0 2 0 0 0 0 0 0 0 0
1395063706 52 54 0 0 0 0 0 0 0 2 0 2 0 0 0 0 0 0 0 0
1395063843 53 54 0 0 0 0 0 0 0 2 0 2 0 0 0 0 0 0 0 0
1395072776 54 54 0 0 0 0 0 0 0 2 0 2 0 0 0 0 0 0 0 0
1395089688 55 54 0 0 0 0 0 0 0 2 0 2 0 0 0 0 0 0 0 0
1395090952 56 54 0 0 0 0 0 0 0 2 0 2 0 0 0 0 0 0 0 0
1395090991 57 54 0 0 0 0 0 0 0 2 0 2 0 0 0 0 0 0 0 0
1395091175 58 54 0 0 0 0 0 0 0 2 0 2 0 0 0 0 0 0 0 0
1395091224 59 54 0 0 0 0 0 0 0 2 0 2 0 0 0 0 0 0 0 0
1395091281 60 54 0 0 0 0 0 0 0 2 0 2 0 0 0 0 0 0 0 0
1395091319 61 54 0 0 0 0 0 0 0 2 0 2 0 0 0 0 0 0 0 0
1395091371 62 54 0 0 0 0 0 0 0 2 0 2 0 0 0 0 0 0 0 0
1395091621 63 54 0 0 0 0 0 0 0 2 0 2 0 0 0 0 0 0 0 0
1395092301 64 54 0 0 0 0 0 0 0 2 0 2 0 0 0 0 0 0 0 0
1395092950 65 54 0 0 0 0 0 0 0 2 0 2 0 0 0 0 0 0 0 0
1395179988 66 54 0 0 0 0 0 0 0 2 0 2 0 0 0 0 0 0 0 0
1395180190 67 54 0 0 0 0 0 0 0 2 0 2 0 0 0 0 0 0 0 0
1395180373 68 54 0 0 0 0 0 0 0 2 0 2 0 0 0 0 0 0 0 0
1395182399 69 54 0 0 0 0 0 0 0 2 0 2 0 0 0 0 0 0 0 0
1395228583 70 54 0 0 0 0 0 0 0 2 0 2 0 0 0 0 0 0 0 0
1395228930 71 54 0 0 0 0 0 0 0 2 0 2 0 0 0 0 0 0 0 0
1395239092 72 54 0 0 0 0 0 0 0 2 0 2 0 0 0 0 0 0 0 0
1395239228 72 54 0 0 0 0 0 0 0 2 0 2 0 0 0 0 0 0 0 1
1395240483 73 54 0 0 0 0 0 0 0 2 0 2 0 0 0 0 0 0 0 1
1395244543 74 54 0 0 0 0 0 0 0 2 0 2 0 0 0 0 0 0 0 1
1395244586 75 54 0 0 0 0 0 0 0 2 0 2 0 0 0 0 0 0 0 1
1395245102 76 54 0 0 0 0 0 0 0 2 0 2 0 0 0 0 0 0 0 1
1395245315 77 54 0 0 0 0 0 0 0 2 0 2 0 0 0 0 0 0 0 1
1395247616 78 54 0 0 0 0 0 0 0 2 0 2 0 0 0 0 0 0 0 1
1395247999 79 54 0 0 0 0 0 0 0 2 0 2 0 0 0 0 0 0 0 1
1395249336 80 54 0 0 0 0 0 0 0 2 0 2 0 0 0 0 0 0 0 1
1395250343 81 54 0 0 0 0 0 0 0 2 0 2 0 0 0 0 0 0 0 1
1395251792 82 54 0 0 0 0 0 0 0 2 0 2 0 0 0 0 0 0 0 1
1395281504 83 54 0 0 0 0 0 0 0 2 0 2 0 0 0 0 0 0 0 1
1395281593 84 54 0 0 0 0 0 0 0 2 0 2 0 0 0 0 0 0 0 1
1395284684 85 54 0 0 0 0 0 0 0 2 0 2 0 0 0 0 0 0 0 1
1395285777 86 54 0 0 0 0 0 0 0 2 0 2 0 0 0 0 0 0 0 1
1395285788 87 54 0 0 0 0 0 0 0 2 0 2 0 0 0 0 0 0 0 1
1395286033 88 54 0 0 0 0 0 0 0 2 0 2 0 0 0 0 0 0 0 1
1395286515 89 54 0 0 0 0 0 0 0 2 0 2 0 0 0 0 0 0 0 1
1395286739 90 54 0 0 0 0 0 0 0 2 0 2 0 0 0 0 0 0 0 1
1395286942 91 54 0 0 0 0 0 0 0 2 0 2 0 0 0 0 0 0 0 1
1395287361 92 54 0 0 0 0 0 0 0 2 0 2 0 0 0 0 0 0 0 1
1395287490 93 54 0 0 0 0 0 0 0 2 0 2 0 0 0 0 0 0 0 1
1395287630 94 54 0 0 0 0 0 0 0 2 0 2 0 0 0 0 0 0 0 1
1395288373 95 54 0 0 0 0 0 0 0 2 0 2 0 0 0 0 0 0 0 1
1395288542 96 54 0 0 0 0 0 0 0 2 0 2 0 0 0 0 0 0 0 1
1395289215 97 54 0 0 0 0 0 0 0 2 0 2 0 0 0 0 0 0 0 1
1395289497 98 54 0 0 0 0 0 0 0 2 0 2 0 0 0 0 0 0 0 1
1395290283 99 54 0 0 0 0 0 0 0 2 0 2 0 0 0 0 0 0 0 1
1395290581 100 54 0 0 0 0 0 0 0 2 0 2 0 0 0 0 0 0 0 1
1395331335 101 54 0 0 0 0 0 0 0 2 0 2 0 0 0 0 0 0 0 1
1395332110 102 54 0 0 0 0 0 0 0 2 0 2 0 0 0 0 0 0 0 1
1395332340 103 54 0 0 0 0 0 0 0 2 0 2 0 0 0 0 0 0 0 1
1395333174 104 54 0 0 0 0 0 0 0 2 0 2 0 0 0 0 0 0 0 1
1395333330 105 54 0 0 0 0 0 0 0 2 0 2 0 0 0 0 0 0 0 1
1395333434 106 54 0 0 0 0 0 0 0 2 0 2 0 0 0 0 0 0 0 1
1395346890 107 54 0 0 0 0 0 0 0 2 0 2 0 0 0 0 0 0 0 1
1395347070 108 54 0 0 0 0 0 0 0 2 0 2 0 0 0 0 0 0 0 1
1395347268 109 54 0 0 0 0 0 0 0 2 0 2 0 0 0 0 0 0 0 1
1395347351 110 54 0 0 0 0 0 0 0 2 0 2 0 0 0 0 0 0 0 1
1395348965 111 54 0 0 0 0 0 0 0 2 0 2 0 0 0 0 0 0 0 1
1395350735 112 54 0 0 0 0 0 0 0 2 0 2 0 0 0 0 0 0 0 1
1395450011 113 54 0 0 0 0 0 0 0 2 0 2 0 0 0 0 0 0 0 1
1395761396 115 54 0 0 0 0 0 0 0 2 0 2 0 0 0 0 0 0 0 1
1395862404 116 54 0 0 0 0 0 0 0 2 0 2 0 0 0 0 0 0 0 1
1395862621 117 54 0 0 0 0 0 0 0 2 0 2 0 0 0 0 0 0 0 1
1395882560 118 54 0 0 0 0 0 0 0 2 0 2 0 0 0 0 0 0 0 1
1395882589 122 54 0 0 0 0 0 0 0 2 0 2 0 0 0 0 0 0 0 1
1395883742 123 54 0 0 0 0 0 0 0 2 0 2 0 0 0 0 0 0 0 1
1395883830 124 54 0 0 0 0 0 0 0 2 0 2 0 0 0 0 0 0 0 1
1395884747 125 54 0 0 0 0 0 0 0 2 0 2 0 0 0 0 0 0 0 1
1396187188 126 54 0 0 0 0 0 0 0 2 0 2 0 0 0 0 0 0 0 1
1396188960 127 54 0 0 0 0 0 0 0 2 0 2 0 0 0 0 0 0 0 1
1396188995 128 54 0 0 0 0 0 0 0 2 0 2 0 0 0 0 0 0 0 1
1396189069 129 54 0 0 0 0 0 0 0 2 0 2 0 0 0 0 0 0 0 1
1396189106 130 54 0 0 0 0 0 0 0 2 0 2 0 0 0 0 0 0 0 1
1396190053 131 54 0 0 0 0 0 0 0 2 0 2 0 0 0 0 0 0 0 1
1396190080 132 54 0 0 0 0 0 0 0 2 0 2 0 0 0 0 0 0 0 1
1396190113 133 54 0 0 0 0 0 0 0 2 0 2 0 0 0 0 0 0 0 1
1396190462 134 54 0 0 0 0 0 0 0 2 0 2 0 0 0 0 0 0 0 1
1396190489 135 54 0 0 0 0 0 0 0 2 0 2 0 0 0 0 0 0 0 1
1396190664 136 54 0 0 0 0 0 0 0 2 0 2 0 0 0 0 0 0 0 1
1396886606 136 54 0 0 0 0 0 0 0 2 0 2 0 0 0 0 0 0 0 1
1396886897 137 54 0 0 0 0 0 0 0 2 0 2 0 0 0 0 0 0 0 1
1396886979 138 54 0 0 0 0 0 0 0 2 0 2 0 0 0 0 0 0 0 1
1398891424 138 54 0 0 0 0 0 0 0 2 0 2 0 1 0 0 0 0 0 1
1398899454 138 54 0 0 0 0 0 0 0 2 0 2 0 2 0 0 0 0 0 1
1398969603 139 54 0 0 0 0 0 0 0 2 0 2 0 2 0 0 0 0 0 1
1398970164 140 54 0 0 0 0 0 0 0 2 0 2 0 2 0 0 0 0 0 1
1398970193 141 54 0 0 0 0 0 0 0 2 0 2 0 2 0 0 0 0 0 1
1398970705 142 54 0 0 0 0 0 0 0 2 0 2 0 2 0 0 0 0 0 1
1398970776 143 54 0 0 0 0 0 0 0 2 0 2 0 2 0 0 0 0 0 1
1398970811 144 54 0 0 0 0 0 0 0 2 0 2 0 2 0 0 0 0 0 1
1398971776 145 54 0 0 0 0 0 0 0 2 0 2 0 2 0 0 0 0 0 1
1398973449 146 54 0 0 0 0 0 0 0 2 0 2 0 2 0 0 0 0 0 1
1399025525 147 54 0 0 0 0 0 0 0 2 0 2 0 2 0 0 0 0 0 1
1399025598 148 54 0 0 0 0 0 0 0 2 0 2 0 2 0 0 0 0 0 1
1399028435 149 54 0 0 0 0 0 0 0 2 0 2 0 2 0 0 0 0 0 1
1399039018 150 54 0 0 0 0 0 0 0 2 0 2 0 2 0 0 0 0 0 1
1405559681 151 54 0 0 0 0 0 0 0 2 0 2 0 2 0 0 0 0 0 1
1405561550 152 54 0 0 0 0 0 0 0 2 0 2 0 2 0 0 0 0 0 1
1405592496 153 54 0 0 0 0 0 0 0 2 0 2 0 2 0 0 0 0 0 1
1427200432 154 54 0 0 0 0 0 0 0 2 0 2 0 2 0 0 0 0 0 1
1427200462 155 54 0 0 0 0 0 0 0 2 0 2 0 2 0 0 0 0 0 1
1427200903 156 54 0 0 0 0 0 0 0 2 0 2 0 2 0 0 0 0 0 1
1427200973 157 54 0 0 0 0 0 0 0 2 0 2 0 2 0 0 0 0 0 1
1427201490 158 54 0 0 0 0 0 0 0 2 0 2 0 2 0 0 0 0 0 1
1427201731 159 54 0 0 0 0 0 0 0 2 0 2 0 2 0 0 0 0 0 1
1427201752 160 54 0 0 0 0 0 0 0 2 0 2 0 2 0 0 0 0 0 1
1427201903 161 54 0 0 0 0 0 0 0 2 0 2 0 2 0 0 0 0 0 1
1427201996 162 54 0 0 0 0 0 0 0 2 0 2 0 2 0 0 0 0 0 1
1427202830 163 54 0 0 0 0 0 0 0 2 0 2 0 2 0 0 0 0 0 1
1427203295 164 54 0 0 0 0 0 0 0 2 0 2 0 2 0 0 0 0 0 1
1427207983 165 54 0 0 0 0 0 0 0 2 0 2 0 2 0 0 0 0 0 1
1427207988 166 54 0 0 0 0 0 0 0 2 0 2 0 2 0 0 0 0 0 1
1427208011 167 54 0 0 0 0 0 0 0 2 0 2 0 2 0 0 0 0 0 1
1427208070 168 54 0 0 0 0 0 0 0 2 0 2 0 2 0 0 0 0 0 1
1427208112 169 54 0 0 0 0 0 0 0 2 0 2 0 2 0 0 0 0 0 1
1427208252 170 54 0 0 0 0 0 0 0 2 0 2 0 2 0 0 0 0 0 1
1427208297 171 54 0 0 0 0 0 0 0 2 0 2 0 2 0 0 0 0 0 1
1427208305 172 54 0 0 0 0 0 0 0 2 0 2 0 2 0 0 0 0 0 1
1427208539 173 54 0 0 0 0 0 0 0 2 0 2 0 2 0 0 0 0 0 1
1427209191 174 54 0 0 0 0 0 0 0 2 0 2 0 2 0 0 0 0 0 1
1427209475 175 54 0 0 0 0 0 0 0 2 0 2 0 2 0 0 0 0 0 1
1427209508 176 54 0 0 0 0 0 0 0 2 0 2 0 2 0 0 0 0 0 1
1427211386 177 54 0 0 0 0 0 0 0 2 0 2 0 2 0 0 0 0 0 1
1427214104 178 54 0 0 0 0 0 0 0 2 0 2 0 2 0 0 0 0 0 1
1427214571 179 54 0 0 0 0 0 0 0 2 0 2 0 2 0 0 0 0 0 1
1427214919 180 54 0 0 0 0 0 0 0 2 0 2 0 2 0 0 0 0 0 1
1427214973 181 54 0 0 0 0 0 0 0 2 0 2 0 2 0 0 0 0 0 1
1427216648 182 54 0 0 0 0 0 0 0 2 0 2 0 2 0 0 0 0 0 1
1427216820 183 54 0 0 0 0 0 0 0 2 0 2 0 2 0 0 0 0 0 1
1427219309 184 54 0 0 0 0 0 0 0 2 0 2 0 2 0 0 0 0 0 1
1427223270 185 54 0 0 0 0 0 0 0 2 0 2 0 2 0 0 0 0 0 1
1427223317 186 54 0 0 0 0 0 0 0 2 0 2 0 2 0 0 0 0 0 1
1427224398 187 54 0 0 0 0 0 0 0 2 0 2 0 2 0 0 0 0 0 1
1427224426 188 54 0 0 0 0 0 0 0 2 0 2 0 2 0 0 0 0 0 1
1427238440 189 54 0 0 0 0 0 0 0 2 0 2 0 2 0 0 0 0 0 1
1427238593 190 54 0 0 0 0 0 0 0 2 0 2 0 2 0 0 0 0 0 1
1427239894 191 54 0 0 0 0 0 0 0 2 0 2 0 2 0 0 0 0 0 1
1427240633 192 54 0 0 0 0 0 0 0 2 0 2 0 2 0 0 0 0 0 1
1427240674 193 54 0 0 0 0 0 0 0 2 0 2 0 2 0 0 0 0 0 1
1427240721 194 54 0 0 0 0 0 0 0 2 0 2 0 2 0 0 0 0 0 1
1427241650 195 54 0 0 0 0 0 0 0 2 0 2 0 2 0 0 0 0 0 1
1427241742 196 54 0 0 0 0 0 0 0 2 0 2 0 2 0 0 0 0 0 1
1427242486 197 54 0 0 0 0 0 0 0 2 0 2 0 2 0 0 0 0 0 1
1427252824 198 54 0 0 0 0 0 0 0 2 0 2 0 2 0 0 0 0 0 1
1427253202 199 54 0 0 0 0 0 0 0 2 0 2 0 2 0 0 0 0 0 1
1427253236 200 54 0 0 0 0 0 0 0 2 0 2 0 2 0 0 0 0 0 1
1427253456 201 54 0 0 0 0 0 0 0 2 0 2 0 2 0 0 0 0 0 1
1427291689 202 54 0 0 0 0 0 0 0 2 0 2 0 2 0 0 0 0 0 1
1427813598 203 54 0 0 0 0 0 0 0 2 0 2 0 2 0 0 0 0 0 1
1428073958 204 54 0 0 0 0 0 0 0 2 0 2 0 2 0 0 0 0 0 1
1432076199 204 54 0 0 0 0 0 0 0 2 0 2 0 2 0 0 0 0 0 1
1432078662 205 54 0 0 0 0 0 0 0 2 0 2 0 2 0 0 0 0 0 1
1445986858 206 54 0 0 0 0 0 0 0 2 0 2 0 2 0 0 0 0 0 1
1445991573 207 54 0 0 0 0 0 0 0 2 0 2 0 2 0 0 0 0 0 1
1446753817 207 54 0 0 0 0 0 0 0 2 0 2 0 2 0 0 0 0 0 1
1451563799 207 54 0 0 0 0 0 0 0 2 1 2 0 2 0 0 0 0 0 1
1451564186 207 54 0 0 0 0 0 0 0 2 2 2 0 2 0 0 0 0 0 1
1452605413 208 54 0 0 0 0 0 0 0 2 2 2 0 2 0 0 0 0 0 1
1454112583 208 54 0 0 0 0 0 0 0 2 2 2 0 2 0 0 0 0 0 1
1455299096 209 54 0 0 0 0 0 0 0 2 2 2 0 2 0 0 0 0 0 1
1455848204 209 54 0 0 0 1 0 0 0 2 2 2 0 2 0 0 0 0 0 1
1455875417 210 54 0 0 0 1 0 0 0 2 2 2 0 2 0 0 0 0 0 1
1455886745 211 54 0 0 0 1 0 0 0 2 2 2 0 2 0 0 0 0 0 1
1455888028 212 54 0 0 0 1 0 0 0 2 2 2 0 2 0 0 0 0 0 1
1455889407 213 54 0 0 0 1 0 0 0 2 2 2 0 2 0 0 0 0 0 1
1455889425 214 54 0 0 0 1 0 0 0 2 2 2 0 2 0 0 0 0 0 1
1456605374 214 54 0 0 0 1 0 0 0 2 2 2 0 2 0 0 0 0 0 1
1456762353 215 54 0 0 0 1 0 0 0 2 2 2 0 2 0 0 0 0 0 1
1456762511 216 54 0 0 0 1 0 0 0 2 2 2 0 2 0 0 0 0 0 1
1456765388 217 54 0 0 0 1 0 0 0 2 2 2 0 2 0 0 0 0 0 1
1456765935 218 54 0 0 0 1 0 0 0 2 2 2 0 2 0 0 0 0 0 1
1456768480 219 54 0 0 0 1 0 0 0 2 2 2 0 2 0 0 0 0 0 1
1456768726 220 54 0 0 0 1 0 0 0 2 2 2 0 2 0 0 0 0 0 1
1456773420 221 54 0 0 0 1 0 0 0 2 2 2 0 2 0 0 0 0 0 1
1456773501 222 54 0 0 0 1 0 0 0 2 2 2 0 2 0 0 0 0 0 1
1456774258 223 54 0 0 0 1 0 0 0 2 2 2 0 2 0 0 0 0 0 1
1456848105 224 54 0 0 0 1 0 0 0 2 2 2 0 2 0 0 0 0 0 1
1456862162 225 54 0 0 0 1 0 0 0 2 2 2 0 2 0 0 0 0 0 1
1456862214 226 54 0 0 0 1 0 0 0 2 2 2 0 2 0 0 0 0 0 1
1456862393 227 54 0 0 0 1 0 0 0 2 2 2 0 2 0 0 0 0 0 1
1456863022 230 54 0 0 0 1 0 0 0 2 2 2 0 2 0 0 0 0 0 1
1456866185 231 54 0 0 0 1 0 0 0 2 2 2 0 2 0 0 0 0 0 1
1456866250 232 54 0 0 0 1 0 0 0 2 2 2 0 2 0 0 0 0 0 1
1456868021 233 54 0 0 0 1 0 0 0 2 2 2 0 2 0 0 0 0 0 1
1456868064 234 54 0 0 0 1 0 0 0 2 2 2 0 2 0 0 0 0 0 1
1456868072 235 54 0 0 0 1 0 0 0 2 2 2 0 2 0 0 0 0 0 1
1456868148 236 54 0 0 0 1 0 0 0 2 2 2 0 2 0 0 0 0 0 1
1456869658 237 54 0 0 0 1 0 0 0 2 2 2 0 2 0 0 0 0 0 1
1456869689 238 54 0 0 0 1 0 0 0 2 2 2 0 2 0 0 0 0 0 1
1456869714 239 54 0 0 0 1 0 0 0 2 2 2 0 2 0 0 0 0 0 1
1456941139 240 54 0 0 0 1 0 0 0 2 2 2 0 2 0 0 0 0 0 1
1456941212 241 54 0 0 0 1 0 0 0 2 2 2 0 2 0 0 0 0 0 1
1457086299 242 54 0 0 0 1 0 0 0 2 2 2 0 2 0 0 0 0 0 1
1457086321 243 54 0 0 0 1 0 0 0 2 2 2 0 2 0 0 0 0 0 1
1459878621 243 54 0 0 0 1 0 0 0 2 2 2 0 2 0 0 1 0 0 1
1459879017 243 54 0 0 0 1 0 0 0 2 2 2 0 2 0 0 2 0 0 1
1459940147 244 54 0 0 0 1 0 0 0 2 2 2 0 2 0 0 2 0 0 1
1461675953 244 54 0 0 0 1 0 0 0 2 2 2 0 2 0 0 2 0 0 1
1461682016 245 54 0 0 0 1 0 0 0 2 2 2 0 2 0 0 2 0 0 1
1462916531 245 54 0 0 0 1 0 0 0 2 2 2 0 2 0 0 2 0 0 1
1462916726 246 54 0 0 0 1 0 0 0 2 2 2 0 2 0 0 2 0 0 1
1464778842 247 54 0 0 0 1 0 0 0 2 2 2 0 2 0 0 2 0 0 1
1467107822 247 54 0 0 0 1 0 0 0 2 2 2 0 2 0 0 2 0 0 1
1467112502 248 54 0 0 0 1 0 0 0 2 2 2 0 2 0 0 2 0 0 1
1468856660 248 54 1 0 0 1 0 0 0 2 2 2 0 2 0 0 2 0 0 1
1468858193 249 54 1 0 0 1 0 0 0 2 2 2 0 2 0 0 2 0 0 1
1469006194 249 54 2 0 0 1 0 0 0 2 2 2 0 2 0 0 2 0 0 1
1469006288 249 54 3 0 0 1 0 0 0 2 2 2 0 2 0 0 2 0 0 1
1469006654 250 54 3 0 0 1 0 0 0 2 2 2 0 2 0 0 2 0 0 1
1469815349 250 54 4 0 0 1 0 0 0 2 2 2 0 2 0 0 2 0 0 1
1470052271 250 54 5 0 0 1 0 0 0 2 2 2 0 2 0 0 2 0 0 1
1470052346 250 54 6 0 0 1 0 0 0 2 2 2 0 2 0 0 2 0 0 1
1470052486 250 54 7 0 0 1 0 0 0 2 2 2 0 2 0 0 2 0 0 1
1470059149 250 54 8 0 0 1 0 0 0 2 2 2 0 2 0 0 2 0 0 1
1470060629 251 54 8 0 0 1 0 0 0 2 2 2 0 2 0 0 2 0 0 1
1470067278 251 54 8 1 0 1 0 0 0 2 2 2 0 2 0 0 2 0 0 1
1470067526 252 54 8 1 0 1 0 0 0 2 2 2 0 2 0 0 2 0 0 1
1470077874 252 54 8 2 0 1 0 0 0 2 2 2 0 2 0 0 2 0 0 1
1470078283 253 54 8 2 0 1 0 0 0 2 2 2 0 2 0 0 2 0 0 1
1470127907 254 54 8 2 0 1 0 0 0 2 2 2 0 2 0 0 2 0 0 1
1470135616 254 54 8 3 0 1 0 0 0 2 2 2 0 2 0 0 2 0 0 1
1470136544 255 54 8 3 0 1 0 0 0 2 2 2 0 2 0 0 2 0 0 1
1470137074 256 54 8 3 0 1 0 0 0 2 2 2 0 2 0 0 2 0 0 1
1470137337 256 54 8 4 0 1 0 0 0 2 2 2 0 2 0 0 2 0 0 1
1470209095 256 54 8 5 0 1 0 0 0 2 2 2 0 2 0 0 2 0 0 1
1470209138 256 54 8 6 0 1 0 0 0 2 2 2 0 2 0 0 2 0 0 1
1472058188 256 54 8 6 0 1 0 0 0 2 2 2 0 2 0 0 2 0 0 1
1472621981 256 54 8 6 0 1 0 0 0 2 2 2 0 2 0 0 2 1 0 1
1474129044 257 54 8 6 0 1 0 0 0 2 2 2 0 2 0 0 2 1 0 1
1475652350 257 54 8 6 0 1 0 0 0 2 2 2 0 2 0 0 2 1 0 1
1476293022 257 54 8 6 0 1 0 0 0 2 2 2 0 2 0 0 2 1 0 1
1480024181 258 54 8 6 0 1 0 0 0 2 2 2 0 2 0 0 2 1 0 1
1480029418 261 54 8 6 0 1 0 0 0 2 2 2 0 2 0 0 2 1 0 1
1480062309 262 54 8 6 0 1 0 0 0 2 2 2 0 2 0 0 2 1 0 1
1480063808 263 54 8 6 0 1 0 0 0 2 2 2 0 2 0 0 2 1 0 1
1480065009 264 54 8 6 0 1 0 0 0 2 2 2 0 2 0 0 2 1 0 1
1480077339 265 54 8 6 0 1 0 0 0 2 2 2 0 2 0 0 2 1 0 1
1480081349 266 54 8 6 0 1 0 0 0 2 2 2 0 2 0 0 2 1 0 1
1480081649 267 54 8 6 0 1 0 0 0 2 2 2 0 2 0 0 2 1 0 1
1480081673 268 54 8 6 0 1 0 0 0 2 2 2 0 2 0 0 2 1 0 1
1480095458 269 54 8 6 0 1 0 0 0 2 2 2 0 2 0 0 2 1 0 1
1480097384 270 54 8 6 0 1 0 0 0 2 2 2 0 2 0 0 2 1 0 1
1480097419 271 54 8 6 0 1 0 0 0 2 2 2 0 2 0 0 2 1 0 1
1480097451 272 54 8 6 0 1 0 0 0 2 2 2 0 2 0 0 2 1 0 1
1480099707 273 54 8 6 0 1 0 0 0 2 2 2 0 2 0 0 2 1 0 1
1480099751 275 54 8 6 0 1 0 0 0 2 2 2 0 2 0 0 2 1 0 1
1480174665 276 54 8 6 0 1 0 0 0 2 2 2 0 2 0 0 2 1 0 1
1480195110 277 54 8 6 0 1 0 0 0 2 2 2 0 2 0 0 2 1 0 1
1480197333 278 54 8 6 0 1 0 0 0 2 2 2 0 2 0 0 2 1 0 1
1480415633 279 54 8 6 0 1 0 0 0 2 2 2 0 2 0 0 2 1 0 1
1483650447 279 54 8 6 0 1 0 0 0 2 2 2 0 2 0 0 2 1 0 1
1490731481 279 54 8 6 0 1 0 0 0 2 2 2 0 2 0 0 2 1 0 1
1494028886 279 54 8 6 0 1 0 0 0 2 2 2 0 2 0 1 2 1 0 1
1494504141 279 54 8 6 0 1 0 0 0 2 2 2 0 2 0 2 2 1 0 1
1494623488 279 54 8 6 0 1 0 0 0 2 2 2 0 2 0 2 2 1 0 1
1494930911 279 54 8 6 0 1 0 0 0 2 2 2 0 2 0 2 2 1 0 1
1499762717 280 54 8 6 0 1 0 0 0 2 2 2 0 2 0 2 2 1 0 1
1499783489 281 54 8 6 0 1 0 0 0 2 2 2 0 2 0 2 2 1 0 1
1499784061 282 54 8 6 0 1 0 0 0 2 2 2 0 2 0 2 2 1 0 1
1499786757 283 54 8 6 0 1 0 0 0 2 2 2 0 2 0 2 2 1 0 1
1499794234 284 54 8 6 0 1 0 0 0 2 2 2 0 2 0 2 2 1 0 1
1499808161 284 54 8 6 0 1 0 0 0 2 2 2 0 2 0 2 2 1 0 1
1499815841 285 54 8 6 0 1 0 0 0 2 2 2 0 2 0 2 2 1 0 1
1503819417 285 54 8 6 0 1 0 0 0 2 2 2 0 2 0 2 2 1 0 1
1504202006 286 54 8 6 0 1 0 0 0 2 2 2 0 2 0 2 2 1 0 1
1507218656 286 54 8 6 0 1 0 0 0 2 2 2 0 2 0 2 2 1 0 1
1509697277 286 54 8 6 0 1 0 0 0 2 2 2 0 2 0 2 2 1 0 1
1515180691 286 54 8 6 0 2 0 0 0 2 2 2 0 2 0 2 2 1 0 1
1515303152 286 54 8 6 0 3 0 0 0 2 2 2 0 2 0 2 2 1 0 1
1517230811 286 54 8 6 0 3 1 0 0 2 2 2 0 2 0 2 2 1 0 1
1517401982 286 54 8 6 0 3 3 0 0 2 2 2 0 2 0 2 2 1 0 1
1530828917 286 54 8 6 0 3 3 0 0 2 2 2 0 2 0 2 2 1 0 1
1530829401 287 54 8 6 0 3 3 0 0 2 2 2 0 2 0 2 2 1 0 1
1530829416 288 54 8 6 0 3 3 0 0 2 2 2 0 2 0 2 2 1 0 1
1530829475 289 54 8 6 0 3 3 0 0 2 2 2 0 2 0 2 2 1 0 1
1537838690 289 54 8 6 0 3 3 0 0 2 2 2 0 2 0 2 2 1 1 1
1538142749 290 54 8 6 0 3 3 0 0 2 2 2 0 2 0 2 2 1 1 1
1538143243 292 54 8 6 0 3 3 0 0 2 2 2 0 2 0 2 2 1 1 1
1538145885 293 54 8 6 0 3 3 0 0 2 2 2 0 2 0 2 2 1 1 1
1538146682 294 54 8 6 0 3 3 0 0 2 2 2 0 2 0 2 2 1 1 1
1538364077 295 54 8 6 0 3 3 0 0 2 2 2 0 2 0 2 2 1 1 1
1538364502 296 54 8 6 0 3 3 0 0 2 2 2 0 2 0 2 2 1 1 1
1539588156 297 54 8 6 0 3 3 0 0 2 2 2 0 2 0 2 2 1 1 1
1539593790 298 54 8 6 0 3 3 0 0 2 2 2 0 2 0 2 2 1 1 1
1541778542 299 54 8 6 0 3 3 0 0 2 2 2 0 2 0 2 2 1 1 1
1541780041 300 54 8 6 0 3 3 0 0 2 2 2 0 2 0 2 2 1 1 1
1541785602 301 54 8 6 0 3 3 0 0 2 2 2 0 2 0 2 2 1 1 1
1541969063 302 54 8 6 0 3 3 0 0 2 2 2 0 2 0 2 2 1 1 1
1541969100 303 54 8 6 0 3 3 0 0 2 2 2 0 2 0 2 2 1 1 1
1541970578 304 54 8 6 0 3 3 0 0 2 2 2 0 2 0 2 2 1 1 1
1541970598 305 54 8 6 0 3 3 0 0 2 2 2 0 2 0 2 2 1 1 1
1541971021 306 54 8 6 0 3 3 0 0 2 2 2 0 2 0 2 2 1 1 1
1541971260 307 54 8 6 0 3 3 0 0 2 2 2 0 2 0 2 2 1 1 1
1541972612 308 54 8 6 0 3 3 0 0 2 2 2 0 2 0 2 2 1 1 1
1543621722 308 54 8 6 0 3 3 0 0 2 2 2 1 2 0 2 2 1 1 1
1543621814 308 54 8 6 0 3 3 0 0 2 2 2 2 2 0 2 2 1 1 1
1543623651 309 54 8 6 0 3 3 0 0 2 2 2 2 2 0 2 2 1 1 1
1544005737 310 54 8 6 0 3 3 0 0 2 2 2 2 2 0 2 2 1 1 1
1544005974 311 54 8 6 0 3 3 0 0 2 2 2 2 2 0 2 2 1 1 1
1548439139 312 54 8 6 0 3 3 0 0 2 2 2 2 2 0 2 2 1 1 1
1568658000 312 54 8 6 1 3 3 0 0 2 2 2 2 2 0 2 2 1 1 1
1569583747 312 54 8 6 1 3 3 0 0 2 2 2 2 2 0 2 2 1 1 1
1569765470 313 54 8 6 1 3 3 0 0 2 2 2 2 2 0 2 2 1 1 1
1569767496 313 54 8 6 1 3 3 0 0 2 2 2 2 2 0 2 2 1 1 1
1572552994 313 54 8 6 2 3 3 0 0 2 2 2 2 2 0 2 2 1 1 1
1572553317 313 54 8 6 3 3 3 0 0 2 2 2 2 2 0 2 2 1 1 1
1573630333 313 54 8 6 3 3 3 0 0 2 2 2 2 2 0 2 2 1 1 1
1579113815 313 54 8 6 3 3 3 0 0 2 2 2 2 2 0 2 2 1 1 1
1584516030 313 54 8 6 3 3 3 0 0 2 2 2 2 2 0 2 2 1 1 1
1586205101 313 54 8 6 3 3 3 1 0 2 2 2 2 2 0 2 2 1 1 1
1592014246 313 54 8 6 3 3 3 2 0 2 2 2 2 2 0 2 2 1 1 1
1592232449 313 54 8 6 3 3 3 3 0 2 2 2 2 2 0 2 2 1 1 1
1600447466 314 54 8 6 3 3 3 3 0 2 2 2 2 2 0 2 2 1 1 1
1600447486 315 54 8 6 3 3 3 3 0 2 2 2 2 2 0 2 2 1 1 1
1600447738 316 54 8 6 3 3 3 3 0 2 2 2 2 2 0 2 2 1 1 1
1600448131 317 54 8 6 3 3 3 3 0 2 2 2 2 2 0 2 2 1 1 1
1600845480 317 54 8 6 3 3 3 3 1 2 2 2 2 2 0 2 2 1 1 1
1600855074 317 54 8 6 3 3 3 3 2 2 2 2 2 2 0 2 2 1 1 1
1603931958 317 54 8 6 3 3 3 3 2 2 2 2 2 2 0 2 2 1 1 1
1625709248 317 54 8 6 3 3 3 3 2 2 2 2 2 2 0 2 2 1 1 1
1641682959 317 54 8 6 3 3 3 3 2 2 2 2 2 2 1 2 2 1 1 1
1644426812 317 54 8 6 3 3 3 3 2 2 2 2 2 2 2 2 2 1 1 1
