1166468978 0 0 0 0 0 0 0 0 0 0 0 0 0 0 0 0 0 0 0 0
1174506849 0 566 0 0 0 0 0 0 0 0 0 0 0 0 0 0 0 0 0 0
1174511217 0 566 0 0 0 0 0 0 0 0 0 0 0 0 0 0 0 0 0 0
1174522541 0 46156 0 0 0 0 0 0 0 0 0 0 0 0 0 0 0 0 0 0
1174522693 0 48548 0 0 0 0 0 0 0 0 0 0 0 0 0 0 0 0 0 0
1175118847 0 48873 0 0 0 0 0 0 0 0 0 0 0 0 0 0 0 0 0 0
1177103793 0 55224 0 0 0 0 0 0 0 0 0 0 0 0 0 0 0 0 0 0
1181692782 0 56543 0 0 0 0 0 0 0 0 0 0 0 0 0 0 0 0 0 0
1187207094 0 56835 0 0 0 0 0 0 0 0 0 0 0 0 0 0 0 0 0 0
1192738106 0 59471 0 0 0 0 0 0 0 0 0 0 0 0 0 0 0 0 0 0
1206648667 0 60321 0 0 0 0 0 0 0 0 0 0 0 0 0 0 0 0 0 0
1216769379 0 62815 0 0 0 0 0 0 0 0 0 0 0 0 0 0 0 0 0 0
1219279859 0 63661 0 0 0 0 0 0 0 0 0 0 0 0 0 0 0 0 0 0
1221852725 0 63787 0 0 0 0 0 0 0 0 0 0 0 0 0 0 0 0 0 0
1239832624 0 71413 0 0 0 0 0 0 0 0 0 0 0 0 0 0 0 0 0 0
1247867032 0 71464 0 0 0 0 0 0 0 0 0 0 0 0 0 0 0 0 0 0
1252628150 0 73211 0 0 0 0 0 0 0 0 0 0 0 0 0 0 0 0 0 0
1257870831 0 78419 0 0 0 0 0 0 0 0 0 0 0 0 0 0 0 0 0 0
1262658345 0 78904 0 0 0 0 0 0 0 0 0 0 0 0 0 0 0 0 0 0
1268181453 0 78926 0 0 0 0 0 0 0 0 0 0 0 0 0 0 0 0 0 0
1273268029 0 79058 0 0 0 0 0 0 0 0 0 0 0 0 0 0 0 0 0 0
1284663222 0 79183 0 0 0 0 0 0 0 0 0 0 0 0 0 0 0 0 0 0
1287019063 0 79373 0 0 0 0 0 0 0 0 0 0 0 0 0 0 0 0 0 0
1289949660 0 105153 0 0 0 0 0 0 0 0 0 0 0 0 0 0 0 0 0 0
1295042308 0 105444 0 0 0 0 0 0 0 0 0 0 0 0 0 0 0 0 0 0
1295915801 0 105714 0 0 0 0 0 0 0 0 0 0 0 0 0 0 0 0 0 0
1299053117 0 105836 0 0 0 0 0 0 0 0 0 0 0 0 0 0 0 0 0 0
1299191184 0 105871 0 0 0 0 0 0 0 0 0 0 0 0 0 0 0 0 0 0
1303413763 0 106136 0 0 0 0 0 0 0 0 0 0 0 0 0 0 0 0 0 0
1305840751 0 106151 0 0 0 0 0 0 0 0 0 0 0 0 0 0 0 0 0 0
1311833947 0 106157 0 0 0 0 0 0 0 0 0 0 0 0 0 0 0 0 0 0
1311911339 0 106827 0 0 0 0 0 0 0 0 0 0 0 0 0 0 0 0 0 0
1311913609 0 113430 0 0 0 0 0 0 0 0 0 0 0 0 0 0 0 0 0 0
1311918194 0 113430 0 0 0 0 0 0 0 0 0 0 0 0 0 0 0 0 0 0
1311979790 0 113501 0 0 0 0 0 0 0 0 0 0 0 0 0 0 0 0 0 0
1311994558 0 113507 0 0 0 0 0 0 0 0 0 0 0 0 0 0 0 0 0 0
1311994678 0 113562 0 0 0 0 0 0 0 0 0 0 0 0 0 0 0 0 0 0
1312416159 0 113578 0 0 0 0 0 0 0 0 0 0 0 0 0 0 0 0 0 0
1312416172 0 113579 0 0 0 0 0 0 0 0 0 0 0 0 0 0 0 0 0 0
1313667560 0 113596 0 0 0 0 0 0 0 0 0 0 0 0 0 0 0 0 0 0
1320361721 0 113722 0 0 0 0 0 0 0 0 0 0 0 0 0 0 0 0 0 0
1320361759 0 113751 0 0 0 0 0 0 0 0 0 0 0 0 0 0 0 0 0 0
1320361789 0 113754 0 0 0 0 0 0 0 0 0 0 0 0 0 0 0 0 0 0
1320361884 0 113755 0 0 0 0 0 0 0 0 0 0 0 0 0 0 0 0 0 0
1320361972 0 113757 0 0 0 0 0 0 0 0 0 0 0 0 0 0 0 0 0 0
1320362181 0 114708 0 0 0 0 0 0 0 0 0 0 0 0 0 0 0 0 0 0
1320362280 0 114724 0 0 0 0 0 0 0 0 0 0 0 0 0 0 0 0 0 0
1320362732 0 114803 0 0 0 0 0 0 0 0 0 0 0 0 0 0 0 0 0 0
1320362910 0 114803 0 0 0 0 0 0 0 0 0 0 0 0 0 0 0 0 0 0
1320363421 0 114803 0 0 0 0 0 0 0 0 0 0 0 0 0 0 0 0 0 0
1322704709 0 114811 0 0 0 0 0 0 0 0 0 0 0 0 0 0 0 0 0 0
1324441732 0 114849 0 0 0 0 0 0 0 0 0 0 0 0 0 0 0 0 0 0
1327535980 0 114946 0 0 0 0 0 0 0 0 0 0 0 0 0 0 0 0 0 0
1328222984 0 114948 0 0 0 0 0 0 0 0 0 0 0 0 0 0 0 0 0 0
1338304751 3 114948 0 0 0 0 0 0 0 0 0 0 0 0 0 0 0 0 0 0
1352665955 12 114948 0 0 0 0 0 0 0 0 0 0 0 0 0 0 0 0 0 0
1352666001 12 114948 0 0 0 0 0 0 0 0 0 0 0 0 0 0 0 0 0 0
1353422902 562 114948 0 0 0 0 0 0 0 0 0 0 0 0 0 0 0 0 0 0
1358176313 563 114948 0 0 0 0 0 0 0 0 0 0 0 0 0 0 0 0 0 0
1366482934 570 114948 0 0 0 0 0 0 0 0 0 0 0 0 0 0 0 0 0 0
1366496076 572 114948 0 0 0 0 0 0 0 0 0 0 0 0 0 0 0 0 0 0
1366498177 606 114948 0 0 0 0 0 0 0 0 0 0 0 0 0 0 0 0 0 0
1366499512 606 114948 0 0 0 0 0 0 0 0 0 0 0 0 0 0 0 0 0 0
1366509935 927 114948 0 0 0 0 0 0 0 0 0 0 0 0 0 0 0 0 0 0
1366510183 953 114948 0 0 0 0 0 0 0 0 0 0 0 0 0 0 0 0 0 0
1366511905 989 114948 0 0 0 0 0 0 0 0 0 0 0 0 0 0 0 0 0 0
1369177568 1179 114948 0 0 0 0 0 0 0 0 0 0 0 0 0 0 0 0 0 0
1369216924 1182 114948 0 0 0 0 0 0 0 0 0 0 0 0 0 0 0 0 0 0
1375311350 1313 114948 0 0 0 0 0 0 0 0 0 0 0 0 0 0 0 0 0 0
1375311681 1314 114948 0 0 0 0 0 0 0 0 0 0 0 0 0 0 0 0 0 0
1375312215 1315 114948 0 0 0 0 0 0 0 0 0 0 0 0 0 0 0 0 0 0
1375312633 1317 114948 0 0 0 0 0 0 0 0 0 0 0 0 0 0 0 0 0 0
1375312673 1334 114948 0 0 0 0 0 0 0 0 0 0 0 0 0 0 0 0 0 0
1375313260 1339 114948 0 0 0 0 0 0 0 0 0 0 0 0 0 0 0 0 0 0
1375314766 1388 114948 0 0 0 0 0 0 0 0 0 0 0 0 0 0 0 0 0 0
1375315596 1394 114948 0 0 0 0 0 0 0 0 0 0 0 0 0 0 0 0 0 0
1375318033 1457 114948 0 0 0 0 0 0 0 0 0 0 0 0 0 0 0 0 0 0
1375318772 1464 114948 0 0 0 0 0 0 0 0 0 0 0 0 0 0 0 0 0 0
1375319077 1469 114948 0 0 0 0 0 0 0 0 0 0 0 0 0 0 0 0 0 0
1375324307 1562 114948 0 0 0 0 0 0 0 0 0 0 0 0 0 0 0 0 0 0
1375325189 1576 114948 0 0 0 0 0 0 0 0 0 0 0 0 0 0 0 0 0 0
1375325639 1577 114948 0 0 0 0 0 0 0 0 0 0 0 0 0 0 0 0 0 0
1379711663 1577 114948 0 0 0 0 0 0 0 0 0 0 0 0 0 0 0 0 0 0
1382475807 1577 114948 0 0 0 0 0 0 0 0 0 0 0 0 0 0 0 0 0 0
1383612991 1577 114948 0 0 0 0 0 0 0 0 0 0 0 0 0 0 0 0 0 0
1383652577 1577 114948 0 0 0 0 0 0 0 0 0 0 0 0 0 0 0 0 0 0
1383653009 1585 114948 0 0 0 0 0 0 0 0 0 0 0 0 0 0 0 0 0 0
1383653392 1586 114948 0 0 0 0 0 0 0 0 0 0 0 0 0 0 0 0 0 0
1383771363 1590 114948 0 0 0 0 0 0 0 0 0 0 0 0 0 0 0 0 0 0
1385137867 1590 114948 0 0 0 0 0 0 0 0 0 6 0 0 0 0 0 0 0 0
1385137960 1590 114948 0 0 0 0 0 0 0 0 0 178 0 0 0 0 0 0 0 0
1385571880 1590 114948 0 0 0 0 0 0 0 2 0 178 0 0 0 0 0 0 0 0
1385571906 1590 114948 0 0 0 0 0 0 0 4 0 178 0 0 0 0 0 0 0 0
1385574679 1590 114948 0 0 0 0 0 0 0 4 0 178 0 0 0 0 0 0 0 0
1394803751 1592 114948 0 0 0 0 0 0 0 4 0 178 0 0 0 0 0 0 0 0
1394803822 1674 114948 0 0 0 0 0 0 0 4 0 178 0 0 0 0 0 0 0 0
1394813332 1692 114948 0 0 0 0 0 0 0 4 0 178 0 0 0 0 0 0 0 0
1394814591 1756 114948 0 0 0 0 0 0 0 4 0 178 0 0 0 0 0 0 0 0
1394829157 1958 114948 0 0 0 0 0 0 0 4 0 178 0 0 0 0 0 0 0 0
1394829270 1958 114948 0 0 0 0 0 0 0 4 0 178 0 0 0 0 0 0 0 0
1394892933 2957 114948 0 0 0 0 0 0 0 4 0 178 0 0 0 0 0 0 0 0
1394893881 2966 114948 0 0 0 0 0 0 0 4 0 178 0 0 0 0 0 0 0 0
1395045495 2966 114948 0 0 0 0 0 0 0 4 0 178 0 0 0 0 0 0 0 0
1395058586 2966 114948 0 0 0 0 0 0 0 4 0 178 0 0 0 0 0 0 0 0
1395059728 3006 114948 0 0 0 0 0 0 0 4 0 178 0 0 0 0 0 0 0 0
1395059921 3008 114948 0 0 0 0 0 0 0 4 0 178 0 0 0 0 0 0 0 0
1395062264 3094 114948 0 0 0 0 0 0 0 4 0 178 0 0 0 0 0 0 0 0
1395062704 3096 114948 0 0 0 0 0 0 0 4 0 178 0 0 0 0 0 0 0 0
1395063206 3098 114948 0 0 0 0 0 0 0 4 0 178 0 0 0 0 0 0 0 0
1395063394 3101 114948 0 0 0 0 0 0 0 4 0 178 0 0 0 0 0 0 0 0
1395063528 3101 114948 0 0 0 0 0 0 0 4 0 178 0 0 0 0 0 0 0 0
1395063706 3103 114948 0 0 0 0 0 0 0 4 0 178 0 0 0 0 0 0 0 0
1395063843 3103 114948 0 0 0 0 0 0 0 4 0 178 0 0 0 0 0 0 0 0
1395072776 3157 114948 0 0 0 0 0 0 0 4 0 178 0 0 0 0 0 0 0 0
1395089688 3158 114948 0 0 0 0 0 0 0 4 0 178 0 0 0 0 0 0 0 0
1395090952 3169 114948 0 0 0 0 0 0 0 4 0 178 0 0 0 0 0 0 0 0
1395090991 3185 114948 0 0 0 0 0 0 0 4 0 178 0 0 0 0 0 0 0 0
1395091175 3266 114948 0 0 0 0 0 0 0 4 0 178 0 0 0 0 0 0 0 0
1395091224 3293 114948 0 0 0 0 0 0 0 4 0 178 0 0 0 0 0 0 0 0
1395091281 3297 114948 0 0 0 0 0 0 0 4 0 178 0 0 0 0 0 0 0 0
1395091319 3314 114948 0 0 0 0 0 0 0 4 0 178 0 0 0 0 0 0 0 0
1395091371 3314 114948 0 0 0 0 0 0 0 4 0 178 0 0 0 0 0 0 0 0
1395091621 3315 114948 0 0 0 0 0 0 0 4 0 178 0 0 0 0 0 0 0 0
1395092301 3317 114948 0 0 0 0 0 0 0 4 0 178 0 0 0 0 0 0 0 0
1395092950 3347 114948 0 0 0 0 0 0 0 4 0 178 0 0 0 0 0 0 0 0
1395179988 3360 114948 0 0 0 0 0 0 0 4 0 178 0 0 0 0 0 0 0 0
1395180190 3731 114948 0 0 0 0 0 0 0 4 0 178 0 0 0 0 0 0 0 0
1395180373 3732 114948 0 0 0 0 0 0 0 4 0 178 0 0 0 0 0 0 0 0
1395182399 4229 114948 0 0 0 0 0 0 0 4 0 178 0 0 0 0 0 0 0 0
1395228583 4231 114948 0 0 0 0 0 0 0 4 0 178 0 0 0 0 0 0 0 0
1395228930 4234 114948 0 0 0 0 0 0 0 4 0 178 0 0 0 0 0 0 0 0
1395239092 4296 114948 0 0 0 0 0 0 0 4 0 178 0 0 0 0 0 0 0 0
1395239228 4296 114948 0 0 0 0 0 0 0 4 0 178 0 0 0 0 0 0 0 459
1395240483 4299 114948 0 0 0 0 0 0 0 4 0 178 0 0 0 0 0 0 0 459
1395244543 4301 114948 0 0 0 0 0 0 0 4 0 178 0 0 0 0 0 0 0 459
1395244586 4305 114948 0 0 0 0 0 0 0 4 0 178 0 0 0 0 0 0 0 459
1395245102 4323 114948 0 0 0 0 0 0 0 4 0 178 0 0 0 0 0 0 0 459
1395245315 4323 114948 0 0 0 0 0 0 0 4 0 178 0 0 0 0 0 0 0 459
1395247616 4338 114948 0 0 0 0 0 0 0 4 0 178 0 0 0 0 0 0 0 459
1395247999 4340 114948 0 0 0 0 0 0 0 4 0 178 0 0 0 0 0 0 0 459
1395249336 4345 114948 0 0 0 0 0 0 0 4 0 178 0 0 0 0 0 0 0 459
1395250343 4356 114948 0 0 0 0 0 0 0 4 0 178 0 0 0 0 0 0 0 459
1395251792 4356 114948 0 0 0 0 0 0 0 4 0 178 0 0 0 0 0 0 0 459
1395281504 4637 114948 0 0 0 0 0 0 0 4 0 178 0 0 0 0 0 0 0 459
1395281593 4637 114948 0 0 0 0 0 0 0 4 0 178 0 0 0 0 0 0 0 459
1395284684 4640 114948 0 0 0 0 0 0 0 4 0 178 0 0 0 0 0 0 0 459
1395285777 4641 114948 0 0 0 0 0 0 0 4 0 178 0 0 0 0 0 0 0 459
1395285788 4647 114948 0 0 0 0 0 0 0 4 0 178 0 0 0 0 0 0 0 459
1395286033 4653 114948 0 0 0 0 0 0 0 4 0 178 0 0 0 0 0 0 0 459
1395286515 4833 114948 0 0 0 0 0 0 0 4 0 178 0 0 0 0 0 0 0 459
1395286739 4835 114948 0 0 0 0 0 0 0 4 0 178 0 0 0 0 0 0 0 459
1395286942 4855 114948 0 0 0 0 0 0 0 4 0 178 0 0 0 0 0 0 0 459
1395287361 5065 114948 0 0 0 0 0 0 0 4 0 178 0 0 0 0 0 0 0 459
1395287490 5065 114948 0 0 0 0 0 0 0 4 0 178 0 0 0 0 0 0 0 459
1395287630 5066 114948 0 0 0 0 0 0 0 4 0 178 0 0 0 0 0 0 0 459
1395288373 5066 114948 0 0 0 0 0 0 0 4 0 178 0 0 0 0 0 0 0 459
1395288542 5067 114948 0 0 0 0 0 0 0 4 0 178 0 0 0 0 0 0 0 459
1395289215 5072 114948 0 0 0 0 0 0 0 4 0 178 0 0 0 0 0 0 0 459
1395289497 5082 114948 0 0 0 0 0 0 0 4 0 178 0 0 0 0 0 0 0 459
1395290283 5082 114948 0 0 0 0 0 0 0 4 0 178 0 0 0 0 0 0 0 459
1395290581 5083 114948 0 0 0 0 0 0 0 4 0 178 0 0 0 0 0 0 0 459
1395331335 5093 114948 0 0 0 0 0 0 0 4 0 178 0 0 0 0 0 0 0 459
1395332110 5094 114948 0 0 0 0 0 0 0 4 0 178 0 0 0 0 0 0 0 459
1395332340 5095 114948 0 0 0 0 0 0 0 4 0 178 0 0 0 0 0 0 0 459
1395333174 5129 114948 0 0 0 0 0 0 0 4 0 178 0 0 0 0 0 0 0 459
1395333330 5133 114948 0 0 0 0 0 0 0 4 0 178 0 0 0 0 0 0 0 459
1395333434 5133 114948 0 0 0 0 0 0 0 4 0 178 0 0 0 0 0 0 0 459
1395346890 5161 114948 0 0 0 0 0 0 0 4 0 178 0 0 0 0 0 0 0 459
1395347070 5161 114948 0 0 0 0 0 0 0 4 0 178 0 0 0 0 0 0 0 459
1395347268 5161 114948 0 0 0 0 0 0 0 4 0 178 0 0 0 0 0 0 0 459
1395347351 5161 114948 0 0 0 0 0 0 0 4 0 178 0 0 0 0 0 0 0 459
1395348965 5180 114948 0 0 0 0 0 0 0 4 0 178 0 0 0 0 0 0 0 459
1395350735 5180 114948 0 0 0 0 0 0 0 4 0 178 0 0 0 0 0 0 0 459
1395450011 5180 114948 0 0 0 0 0 0 0 4 0 178 0 0 0 0 0 0 0 459
1395761396 5198 114948 0 0 0 0 0 0 0 4 0 178 0 0 0 0 0 0 0 459
1395862404 5198 114948 0 0 0 0 0 0 0 4 0 178 0 0 0 0 0 0 0 459
1395862621 5201 114948 0 0 0 0 0 0 0 4 0 178 0 0 0 0 0 0 0 459
1395882560 5219 114948 0 0 0 0 0 0 0 4 0 178 0 0 0 0 0 0 0 459
1395882589 5246 114948 0 0 0 0 0 0 0 4 0 178 0 0 0 0 0 0 0 459
1395883742 5246 114948 0 0 0 0 0 0 0 4 0 178 0 0 0 0 0 0 0 459
1395883830 5246 114948 0 0 0 0 0 0 0 4 0 178 0 0 0 0 0 0 0 459
1395884747 5255 114948 0 0 0 0 0 0 0 4 0 178 0 0 0 0 0 0 0 459
1396187188 5255 114948 0 0 0 0 0 0 0 4 0 178 0 0 0 0 0 0 0 459
1396188960 5283 114948 0 0 0 0 0 0 0 4 0 178 0 0 0 0 0 0 0 459
1396188995 5283 114948 0 0 0 0 0 0 0 4 0 178 0 0 0 0 0 0 0 459
1396189069 5284 114948 0 0 0 0 0 0 0 4 0 178 0 0 0 0 0 0 0 459
1396189106 5295 114948 0 0 0 0 0 0 0 4 0 178 0 0 0 0 0 0 0 459
1396190053 5297 114948 0 0 0 0 0 0 0 4 0 178 0 0 0 0 0 0 0 459
1396190080 5297 114948 0 0 0 0 0 0 0 4 0 178 0 0 0 0 0 0 0 459
1396190113 5297 114948 0 0 0 0 0 0 0 4 0 178 0 0 0 0 0 0 0 459
1396190462 5304 114948 0 0 0 0 0 0 0 4 0 178 0 0 0 0 0 0 0 459
1396190489 5304 114948 0 0 0 0 0 0 0 4 0 178 0 0 0 0 0 0 0 459
1396190664 5304 114948 0 0 0 0 0 0 0 4 0 178 0 0 0 0 0 0 0 459
1396886606 5304 114948 0 0 0 0 0 0 0 4 0 178 0 0 0 0 0 0 0 459
1396886897 5304 114948 0 0 0 0 0 0 0 4 0 178 0 0 0 0 0 0 0 459
1396886979 5304 114948 0 0 0 0 0 0 0 4 0 178 0 0 0 0 0 0 0 459
1398891424 5304 114948 0 0 0 0 0 0 0 4 0 178 0 2 0 0 0 0 0 459
1398899454 5304 114948 0 0 0 0 0 0 0 4 0 178 0 5 0 0 0 0 0 459
1398969603 5304 114948 0 0 0 0 0 0 0 4 0 178 0 5 0 0 0 0 0 459
1398970164 5312 114948 0 0 0 0 0 0 0 4 0 178 0 5 0 0 0 0 0 459
1398970193 5312 114948 0 0 0 0 0 0 0 4 0 178 0 5 0 0 0 0 0 459
1398970705 5320 114948 0 0 0 0 0 0 0 4 0 178 0 5 0 0 0 0 0 459
1398970776 5320 114948 0 0 0 0 0 0 0 4 0 178 0 5 0 0 0 0 0 459
1398970811 5320 114948 0 0 0 0 0 0 0 4 0 178 0 5 0 0 0 0 0 459
1398971776 5325 114948 0 0 0 0 0 0 0 4 0 178 0 5 0 0 0 0 0 459
1398973449 5325 114948 0 0 0 0 0 0 0 4 0 178 0 5 0 0 0 0 0 459
1399025525 5329 114948 0 0 0 0 0 0 0 4 0 178 0 5 0 0 0 0 0 459
1399025598 5329 114948 0 0 0 0 0 0 0 4 0 178 0 5 0 0 0 0 0 459
1399028435 5349 114948 0 0 0 0 0 0 0 4 0 178 0 5 0 0 0 0 0 459
1399039018 5493 114948 0 0 0 0 0 0 0 4 0 178 0 5 0 0 0 0 0 459
1405559681 5496 114948 0 0 0 0 0 0 0 4 0 178 0 5 0 0 0 0 0 459
1405561550 5499 114948 0 0 0 0 0 0 0 4 0 178 0 5 0 0 0 0 0 459
1405592496 5505 114948 0 0 0 0 0 0 0 4 0 178 0 5 0 0 0 0 0 459
1427200432 5509 114948 0 0 0 0 0 0 0 4 0 178 0 5 0 0 0 0 0 459
1427200462 5576 114948 0 0 0 0 0 0 0 4 0 178 0 5 0 0 0 0 0 459
1427200903 5630 114948 0 0 0 0 0 0 0 4 0 178 0 5 0 0 0 0 0 459
1427200973 5630 114948 0 0 0 0 0 0 0 4 0 178 0 5 0 0 0 0 0 459
1427201490 6303 114948 0 0 0 0 0 0 0 4 0 178 0 5 0 0 0 0 0 459
1427201731 6303 114948 0 0 0 0 0 0 0 4 0 178 0 5 0 0 0 0 0 459
1427201752 6303 114948 0 0 0 0 0 0 0 4 0 178 0 5 0 0 0 0 0 459
1427201903 6308 114948 0 0 0 0 0 0 0 4 0 178 0 5 0 0 0 0 0 459
1427201996 6311 114948 0 0 0 0 0 0 0 4 0 178 0 5 0 0 0 0 0 459
1427202830 6327 114948 0 0 0 0 0 0 0 4 0 178 0 5 0 0 0 0 0 459
1427203295 6328 114948 0 0 0 0 0 0 0 4 0 178 0 5 0 0 0 0 0 459
1427207983 6328 114948 0 0 0 0 0 0 0 4 0 178 0 5 0 0 0 0 0 459
1427207988 6328 114948 0 0 0 0 0 0 0 4 0 178 0 5 0 0 0 0 0 459
1427208011 6328 114948 0 0 0 0 0 0 0 4 0 178 0 5 0 0 0 0 0 459
1427208070 6332 114948 0 0 0 0 0 0 0 4 0 178 0 5 0 0 0 0 0 459
1427208112 6337 114948 0 0 0 0 0 0 0 4 0 178 0 5 0 0 0 0 0 459
1427208252 6383 114948 0 0 0 0 0 0 0 4 0 178 0 5 0 0 0 0 0 459
1427208297 6384 114948 0 0 0 0 0 0 0 4 0 178 0 5 0 0 0 0 0 459
1427208305 6384 114948 0 0 0 0 0 0 0 4 0 178 0 5 0 0 0 0 0 459
1427208539 6384 114948 0 0 0 0 0 0 0 4 0 178 0 5 0 0 0 0 0 459
1427209191 6385 114948 0 0 0 0 0 0 0 4 0 178 0 5 0 0 0 0 0 459
1427209475 6385 114948 0 0 0 0 0 0 0 4 0 178 0 5 0 0 0 0 0 459
1427209508 6386 114948 0 0 0 0 0 0 0 4 0 178 0 5 0 0 0 0 0 459
1427211386 6395 114948 0 0 0 0 0 0 0 4 0 178 0 5 0 0 0 0 0 459
1427214104 6400 114948 0 0 0 0 0 0 0 4 0 178 0 5 0 0 0 0 0 459
1427214571 6402 114948 0 0 0 0 0 0 0 4 0 178 0 5 0 0 0 0 0 459
1427214919 6419 114948 0 0 0 0 0 0 0 4 0 178 0 5 0 0 0 0 0 459
1427214973 6429 114948 0 0 0 0 0 0 0 4 0 178 0 5 0 0 0 0 0 459
1427216648 6430 114948 0 0 0 0 0 0 0 4 0 178 0 5 0 0 0 0 0 459
1427216820 6431 114948 0 0 0 0 0 0 0 4 0 178 0 5 0 0 0 0 0 459
1427219309 6432 114948 0 0 0 0 0 0 0 4 0 178 0 5 0 0 0 0 0 459
1427223270 6437 114948 0 0 0 0 0 0 0 4 0 178 0 5 0 0 0 0 0 459
1427223317 6471 114948 0 0 0 0 0 0 0 4 0 178 0 5 0 0 0 0 0 459
1427224398 6493 114948 0 0 0 0 0 0 0 4 0 178 0 5 0 0 0 0 0 459
1427224426 6494 114948 0 0 0 0 0 0 0 4 0 178 0 5 0 0 0 0 0 459
1427238440 6499 114948 0 0 0 0 0 0 0 4 0 178 0 5 0 0 0 0 0 459
1427238593 6500 114948 0 0 0 0 0 0 0 4 0 178 0 5 0 0 0 0 0 459
1427239894 6501 114948 0 0 0 0 0 0 0 4 0 178 0 5 0 0 0 0 0 459
1427240633 6505 114948 0 0 0 0 0 0 0 4 0 178 0 5 0 0 0 0 0 459
1427240674 6507 114948 0 0 0 0 0 0 0 4 0 178 0 5 0 0 0 0 0 459
1427240721 6508 114948 0 0 0 0 0 0 0 4 0 178 0 5 0 0 0 0 0 459
1427241650 6526 114948 0 0 0 0 0 0 0 4 0 178 0 5 0 0 0 0 0 459
1427241742 6527 114948 0 0 0 0 0 0 0 4 0 178 0 5 0 0 0 0 0 459
1427242486 6528 114948 0 0 0 0 0 0 0 4 0 178 0 5 0 0 0 0 0 459
1427252824 6592 114948 0 0 0 0 0 0 0 4 0 178 0 5 0 0 0 0 0 459
1427253202 6593 114948 0 0 0 0 0 0 0 4 0 178 0 5 0 0 0 0 0 459
1427253236 6594 114948 0 0 0 0 0 0 0 4 0 178 0 5 0 0 0 0 0 459
1427253456 6595 114948 0 0 0 0 0 0 0 4 0 178 0 5 0 0 0 0 0 459
1427291689 6700 114948 0 0 0 0 0 0 0 4 0 178 0 5 0 0 0 0 0 459
1427813598 6701 114948 0 0 0 0 0 0 0 4 0 178 0 5 0 0 0 0 0 459
1428073958 6709 114948 0 0 0 0 0 0 0 4 0 178 0 5 0 0 0 0 0 459
1432076199 6709 114948 0 0 0 0 0 0 0 4 0 178 0 5 0 0 0 0 0 459
1432078662 6709 114948 0 0 0 0 0 0 0 4 0 178 0 5 0 0 0 0 0 459
1445986858 6712 114948 0 0 0 0 0 0 0 4 0 178 0 5 0 0 0 0 0 459
1445991573 6715 114948 0 0 0 0 0 0 0 4 0 178 0 5 0 0 0 0 0 459
1446753817 6715 114948 0 0 0 0 0 0 0 4 0 178 0 5 0 0 0 0 0 459
1451563799 6715 114948 0 0 0 0 0 0 0 4 4 178 0 5 0 0 0 0 0 459
1451564186 6715 114948 0 0 0 0 0 0 0 4 8 178 0 5 0 0 0 0 0 459
1452605413 6715 114948 0 0 0 0 0 0 0 4 8 178 0 5 0 0 0 0 0 459
1454112583 6715 114948 0 0 0 0 0 0 0 4 8 178 0 5 0 0 0 0 0 459
1455299096 6715 114948 0 0 0 0 0 0 0 4 8 178 0 5 0 0 0 0 0 459
1455848204 6715 114948 0 0 0 124 0 0 0 4 8 178 0 5 0 0 0 0 0 459
1455875417 6715 114948 0 0 0 124 0 0 0 4 8 178 0 5 0 0 0 0 0 459
1455886745 6736 114948 0 0 0 124 0 0 0 4 8 178 0 5 0 0 0 0 0 459
1455888028 6737 114948 0 0 0 124 0 0 0 4 8 178 0 5 0 0 0 0 0 459
1455889407 6738 114948 0 0 0 124 0 0 0 4 8 178 0 5 0 0 0 0 0 459
1455889425 6739 114948 0 0 0 124 0 0 0 4 8 178 0 5 0 0 0 0 0 459
1456605374 6739 114948 0 0 0 124 0 0 0 4 8 178 0 5 0 0 0 0 0 459
1456762353 6740 114948 0 0 0 124 0 0 0 4 8 178 0 5 0 0 0 0 0 459
1456762511 6764 114948 0 0 0 124 0 0 0 4 8 178 0 5 0 0 0 0 0 459
1456765388 6767 114948 0 0 0 124 0 0 0 4 8 178 0 5 0 0 0 0 0 459
1456765935 6774 114948 0 0 0 124 0 0 0 4 8 178 0 5 0 0 0 0 0 459
1456768480 6774 114948 0 0 0 124 0 0 0 4 8 178 0 5 0 0 0 0 0 459
1456768726 6781 114948 0 0 0 124 0 0 0 4 8 178 0 5 0 0 0 0 0 459
1456773420 6788 114948 0 0 0 124 0 0 0 4 8 178 0 5 0 0 0 0 0 459
1456773501 6790 114948 0 0 0 124 0 0 0 4 8 178 0 5 0 0 0 0 0 459
1456774258 6793 114948 0 0 0 124 0 0 0 4 8 178 0 5 0 0 0 0 0 459
1456848105 6795 114948 0 0 0 124 0 0 0 4 8 178 0 5 0 0 0 0 0 459
1456862162 6796 114948 0 0 0 124 0 0 0 4 8 178 0 5 0 0 0 0 0 459
1456862214 6797 114948 0 0 0 124 0 0 0 4 8 178 0 5 0 0 0 0 0 459
1456862393 6797 114948 0 0 0 124 0 0 0 4 8 178 0 5 0 0 0 0 0 459
1456863022 7175 114948 0 0 0 124 0 0 0 4 8 178 0 5 0 0 0 0 0 459
1456866185 7177 114948 0 0 0 124 0 0 0 4 8 178 0 5 0 0 0 0 0 459
1456866250 7245 114948 0 0 0 124 0 0 0 4 8 178 0 5 0 0 0 0 0 459
1456868021 7245 114948 0 0 0 124 0 0 0 4 8 178 0 5 0 0 0 0 0 459
1456868064 7248 114948 0 0 0 124 0 0 0 4 8 178 0 5 0 0 0 0 0 459
1456868072 7248 114948 0 0 0 124 0 0 0 4 8 178 0 5 0 0 0 0 0 459
1456868148 7248 114948 0 0 0 124 0 0 0 4 8 178 0 5 0 0 0 0 0 459
1456869658 7273 114948 0 0 0 124 0 0 0 4 8 178 0 5 0 0 0 0 0 459
1456869689 7274 114948 0 0 0 124 0 0 0 4 8 178 0 5 0 0 0 0 0 459
1456869714 7274 114948 0 0 0 124 0 0 0 4 8 178 0 5 0 0 0 0 0 459
1456941139 7282 114948 0 0 0 124 0 0 0 4 8 178 0 5 0 0 0 0 0 459
1456941212 7282 114948 0 0 0 124 0 0 0 4 8 178 0 5 0 0 0 0 0 459
1457086299 7282 114948 0 0 0 124 0 0 0 4 8 178 0 5 0 0 0 0 0 459
1457086321 7282 114948 0 0 0 124 0 0 0 4 8 178 0 5 0 0 0 0 0 459
1459878621 7282 114948 0 0 0 124 0 0 0 4 8 178 0 5 0 0 80 0 0 459
1459879017 7282 114948 0 0 0 124 0 0 0 4 8 178 0 5 0 0 81 0 0 459
1459940147 7282 114948 0 0 0 124 0 0 0 4 8 178 0 5 0 0 81 0 0 459
1461675953 7282 114948 0 0 0 124 0 0 0 4 8 178 0 5 0 0 81 0 0 459
1461682016 7282 114948 0 0 0 124 0 0 0 4 8 178 0 5 0 0 81 0 0 459
1462916531 7282 114948 0 0 0 124 0 0 0 4 8 178 0 5 0 0 81 0 0 459
1462916726 7282 114948 0 0 0 124 0 0 0 4 8 178 0 5 0 0 81 0 0 459
1464778842 7283 114948 0 0 0 124 0 0 0 4 8 178 0 5 0 0 81 0 0 459
1467107822 7283 114948 0 0 0 124 0 0 0 4 8 178 0 5 0 0 81 0 0 459
1467112502 7283 114948 0 0 0 124 0 0 0 4 8 178 0 5 0 0 81 0 0 459
1468856660 7283 114948 2 0 0 124 0 0 0 4 8 178 0 5 0 0 81 0 0 459
1468858193 7283 114948 2 0 0 124 0 0 0 4 8 178 0 5 0 0 81 0 0 459
1469006194 7283 114948 3 0 0 124 0 0 0 4 8 178 0 5 0 0 81 0 0 459
1469006288 7283 114948 5 0 0 124 0 0 0 4 8 178 0 5 0 0 81 0 0 459
1469006654 7283 114948 5 0 0 124 0 0 0 4 8 178 0 5 0 0 81 0 0 459
1469815349 7283 114948 100 0 0 124 0 0 0 4 8 178 0 5 0 0 81 0 0 459
1470052271 7283 114948 116 0 0 124 0 0 0 4 8 178 0 5 0 0 81 0 0 459
1470052346 7283 114948 137 0 0 124 0 0 0 4 8 178 0 5 0 0 81 0 0 459
1470052486 7283 114948 140 0 0 124 0 0 0 4 8 178 0 5 0 0 81 0 0 459
1470059149 7283 114948 142 0 0 124 0 0 0 4 8 178 0 5 0 0 81 0 0 459
1470060629 7283 114948 142 0 0 124 0 0 0 4 8 178 0 5 0 0 81 0 0 459
1470067278 7283 114948 142 16 0 124 0 0 0 4 8 178 0 5 0 0 81 0 0 459
1470067526 7285 114948 142 16 0 124 0 0 0 4 8 178 0 5 0 0 81 0 0 459
1470077874 7285 114948 142 47 0 124 0 0 0 4 8 178 0 5 0 0 81 0 0 459
1470078283 7286 114948 142 47 0 124 0 0 0 4 8 178 0 5 0 0 81 0 0 459
1470127907 7288 114948 142 47 0 124 0 0 0 4 8 178 0 5 0 0 81 0 0 459
1470135616 7288 114948 142 62 0 124 0 0 0 4 8 178 0 5 0 0 81 0 0 459
1470136544 7289 114948 142 62 0 124 0 0 0 4 8 178 0 5 0 0 81 0 0 459
1470137074 7299 114948 142 62 0 124 0 0 0 4 8 178 0 5 0 0 81 0 0 459
1470137337 7299 114948 142 63 0 124 0 0 0 4 8 178 0 5 0 0 81 0 0 459
1470209095 7299 114948 142 67 0 124 0 0 0 4 8 178 0 5 0 0 81 0 0 459
1470209138 7299 114948 142 70 0 124 0 0 0 4 8 178 0 5 0 0 81 0 0 459
1472058188 7299 114948 142 70 0 124 0 0 0 4 8 178 0 5 0 0 81 0 0 459
1472621981 7299 114948 142 70 0 124 0 0 0 4 8 178 0 5 0 0 81 1 0 459
1474129044 7322 114948 142 70 0 124 0 0 0 4 8 178 0 5 0 0 81 1 0 459
1475652350 7322 114948 142 70 0 124 0 0 0 4 8 178 0 5 0 0 81 1 0 459
1476293022 7322 114948 142 70 0 124 0 0 0 4 8 178 0 5 0 0 81 1 0 459
1480024181 7328 114948 142 70 0 124 0 0 0 4 8 178 0 5 0 0 81 1 0 459
1480029418 7380 114948 142 70 0 124 0 0 0 4 8 178 0 5 0 0 81 1 0 459
1480062309 7411 114948 142 70 0 124 0 0 0 4 8 178 0 5 0 0 81 1 0 459
1480063808 7441 114948 142 70 0 124 0 0 0 4 8 178 0 5 0 0 81 1 0 459
1480065009 7442 114948 142 70 0 124 0 0 0 4 8 178 0 5 0 0 81 1 0 459
1480077339 7454 114948 142 70 0 124 0 0 0 4 8 178 0 5 0 0 81 1 0 459
1480081349 7467 114948 142 70 0 124 0 0 0 4 8 178 0 5 0 0 81 1 0 459
1480081649 7573 114948 142 70 0 124 0 0 0 4 8 178 0 5 0 0 81 1 0 459
1480081673 7579 114948 142 70 0 124 0 0 0 4 8 178 0 5 0 0 81 1 0 459
1480095458 7579 114948 142 70 0 124 0 0 0 4 8 178 0 5 0 0 81 1 0 459
1480097384 7628 114948 142 70 0 124 0 0 0 4 8 178 0 5 0 0 81 1 0 459
1480097419 7632 114948 142 70 0 124 0 0 0 4 8 178 0 5 0 0 81 1 0 459
1480097451 7633 114948 142 70 0 124 0 0 0 4 8 178 0 5 0 0 81 1 0 459
1480099707 7641 114948 142 70 0 124 0 0 0 4 8 178 0 5 0 0 81 1 0 459
1480099751 7680 114948 142 70 0 124 0 0 0 4 8 178 0 5 0 0 81 1 0 459
1480174665 7681 114948 142 70 0 124 0 0 0 4 8 178 0 5 0 0 81 1 0 459
1480195110 7681 114948 142 70 0 124 0 0 0 4 8 178 0 5 0 0 81 1 0 459
1480197333 7685 114948 142 70 0 124 0 0 0 4 8 178 0 5 0 0 81 1 0 459
1480415633 7687 114948 142 70 0 124 0 0 0 4 8 178 0 5 0 0 81 1 0 459
1483650447 7687 114948 142 70 0 124 0 0 0 4 8 178 0 5 0 0 81 1 0 459
1490731481 7687 114948 142 70 0 124 0 0 0 4 8 178 0 5 0 0 81 1 0 459
1494028886 7687 114948 142 70 0 124 0 0 0 4 8 178 0 5 0 1 81 1 0 459
1494504141 7687 114948 142 70 0 124 0 0 0 4 8 178 0 5 0 15 81 1 0 459
1494623488 7687 114948 142 70 0 124 0 0 0 4 8 178 0 5 0 15 81 1 0 459
1494930911 7687 114948 142 70 0 124 0 0 0 4 8 178 0 5 0 15 81 1 0 459
1499762717 7688 114948 142 70 0 124 0 0 0 4 8 178 0 5 0 15 81 1 0 459
1499783489 7693 114948 142 70 0 124 0 0 0 4 8 178 0 5 0 15 81 1 0 459
1499784061 7708 114948 142 70 0 124 0 0 0 4 8 178 0 5 0 15 81 1 0 459
1499786757 7760 114948 142 70 0 124 0 0 0 4 8 178 0 5 0 15 81 1 0 459
1499794234 7789 114948 142 70 0 124 0 0 0 4 8 178 0 5 0 15 81 1 0 459
1499808161 7789 114948 142 70 0 124 0 0 0 4 8 178 0 5 0 15 81 1 0 459
1499815841 7797 114948 142 70 0 124 0 0 0 4 8 178 0 5 0 15 81 1 0 459
1503819417 7797 114948 142 70 0 124 0 0 0 4 8 178 0 5 0 15 81 1 0 459
1504202006 7914 114948 142 70 0 124 0 0 0 4 8 178 0 5 0 15 81 1 0 459
1507218656 7914 114948 142 70 0 124 0 0 0 4 8 178 0 5 0 15 81 1 0 459
1509697277 7914 114948 142 70 0 124 0 0 0 4 8 178 0 5 0 15 81 1 0 459
1515180691 7914 114948 142 70 0 153 0 0 0 4 8 178 0 5 0 15 81 1 0 459
1515303152 7914 114948 142 70 0 155 0 0 0 4 8 178 0 5 0 15 81 1 0 459
1517230811 7914 114948 142 70 0 155 6 0 0 4 8 178 0 5 0 15 81 1 0 459
1517401982 7914 114948 142 70 0 155 37 0 0 4 8 178 0 5 0 15 81 1 0 459
1530828917 7914 114948 142 70 0 155 37 0 0 4 8 178 0 5 0 15 81 1 0 459
1530829401 7919 114948 142 70 0 155 37 0 0 4 8 178 0 5 0 15 81 1 0 459
1530829416 7919 114948 142 70 0 155 37 0 0 4 8 178 0 5 0 15 81 1 0 459
1530829475 7920 114948 142 70 0 155 37 0 0 4 8 178 0 5 0 15 81 1 0 459
1537838690 7920 114948 142 70 0 155 37 0 0 4 8 178 0 5 0 15 81 1 6 459
1538142749 7920 114948 142 70 0 155 37 0 0 4 8 178 0 5 0 15 81 1 6 459
1538143243 7925 114948 142 70 0 155 37 0 0 4 8 178 0 5 0 15 81 1 6 459
1538145885 7972 114948 142 70 0 155 37 0 0 4 8 178 0 5 0 15 81 1 6 459
1538146682 7975 114948 142 70 0 155 37 0 0 4 8 178 0 5 0 15 81 1 6 459
1538364077 7976 114948 142 70 0 155 37 0 0 4 8 178 0 5 0 15 81 1 6 459
1538364502 7993 114948 142 70 0 155 37 0 0 4 8 178 0 5 0 15 81 1 6 459
1539588156 8002 114948 142 70 0 155 37 0 0 4 8 178 0 5 0 15 81 1 6 459
1539593790 8006 114948 142 70 0 155 37 0 0 4 8 178 0 5 0 15 81 1 6 459
1541778542 8008 114948 142 70 0 155 37 0 0 4 8 178 0 5 0 15 81 1 6 459
1541780041 8010 114948 142 70 0 155 37 0 0 4 8 178 0 5 0 15 81 1 6 459
1541785602 8016 114948 142 70 0 155 37 0 0 4 8 178 0 5 0 15 81 1 6 459
1541969063 8021 114948 142 70 0 155 37 0 0 4 8 178 0 5 0 15 81 1 6 459
1541969100 8022 114948 142 70 0 155 37 0 0 4 8 178 0 5 0 15 81 1 6 459
1541970578 8023 114948 142 70 0 155 37 0 0 4 8 178 0 5 0 15 81 1 6 459
1541970598 8045 114948 142 70 0 155 37 0 0 4 8 178 0 5 0 15 81 1 6 459
1541971021 8060 114948 142 70 0 155 37 0 0 4 8 178 0 5 0 15 81 1 6 459
1541971260 8060 114948 142 70 0 155 37 0 0 4 8 178 0 5 0 15 81 1 6 459
1541972612 8061 114948 142 70 0 155 37 0 0 4 8 178 0 5 0 15 81 1 6 459
1543621722 8061 114948 142 70 0 155 37 0 0 4 8 178 1 5 0 15 81 1 6 459
1543621814 8061 114948 142 70 0 155 37 0 0 4 8 178 1 5 0 15 81 1 6 459
1543623651 8061 114948 142 70 0 155 37 0 0 4 8 178 1 5 0 15 81 1 6 459
1544005737 8069 114948 142 70 0 155 37 0 0 4 8 178 1 5 0 15 81 1 6 459
1544005974 8070 114948 142 70 0 155 37 0 0 4 8 178 1 5 0 15 81 1 6 459
1548439139 8074 114948 142 70 0 155 37 0 0 4 8 178 1 5 0 15 81 1 6 459
1568658000 8074 114948 142 70 2 155 37 0 0 4 8 178 1 5 0 15 81 1 6 459
1569583747 8074 114948 142 70 2 155 37 0 0 4 8 178 1 5 0 15 81 1 6 459
1569765470 8102 114948 142 70 2 155 37 0 0 4 8 178 1 5 0 15 81 1 6 459
1569767496 8102 114948 142 70 2 155 37 0 0 4 8 178 1 5 0 15 81 1 6 459
1572552994 8102 114948 142 70 15 155 37 0 0 4 8 178 1 5 0 15 81 1 6 459
1572553317 8102 114948 142 70 17 155 37 0 0 4 8 178 1 5 0 15 81 1 6 459
1573630333 8102 114948 142 70 17 155 37 0 0 4 8 178 1 5 0 15 81 1 6 459
1579113815 8102 114948 142 70 17 155 37 0 0 4 8 178 1 5 0 15 81 1 6 459
1584516030 8102 114948 142 70 17 155 37 0 0 4 8 178 1 5 0 15 81 1 6 459
1586205101 8102 114948 142 70 17 155 37 0 0 4 8 178 1 5 0 15 81 1 6 459
1592014246 8102 114948 142 70 17 155 37 15 0 4 8 178 1 5 0 15 81 1 6 459
1592232449 8102 114948 142 70 17 155 37 18 0 4 8 178 1 5 0 15 81 1 6 459
1600447466 8102 114948 142 70 17 155 37 18 0 4 8 178 1 5 0 15 81 1 6 459
1600447486 8102 114948 142 70 17 155 37 18 0 4 8 178 1 5 0 15 81 1 6 459
1600447738 8106 114948 142 70 17 155 37 18 0 4 8 178 1 5 0 15 81 1 6 459
1600448131 8106 114948 142 70 17 155 37 18 0 4 8 178 1 5 0 15 81 1 6 459
1600845480 8106 114948 142 70 17 155 37 18 1 4 8 178 1 5 0 15 81 1 6 459
1600855074 8106 114948 142 70 17 155 37 18 3 4 8 178 1 5 0 15 81 1 6 459
1603931958 8106 114948 142 70 17 155 37 18 3 4 8 178 1 5 0 15 81 1 6 459
1625709248 8106 114948 142 70 17 155 37 18 3 4 8 178 1 5 0 15 81 1 6 459
1641682959 8106 114948 142 70 17 155 37 18 3 4 8 178 1 5 1 15 81 1 6 459
1644426812 8106 114948 142 70 17 155 37 18 3 4 8 178 1 5 3 15 81 1 6 459
