1404858559 1 0 0 0 0 0 0 0 0 0 0 0 0 0 0 0 0 0 0 0
1404874226 2 0 0 0 0 0 0 0 0 0 0 0 0 0 0 0 0 0 0 0
1404874471 3 0 0 0 0 0 0 0 0 0 0 0 0 0 0 0 0 0 0 0
1404874884 4 0 0 0 0 0 0 0 0 0 0 0 0 0 0 0 0 0 0 0
1404874970 5 0 0 0 0 0 0 0 0 0 0 0 0 0 0 0 0 0 0 0
1404875082 6 0 0 0 0 0 0 0 0 0 0 0 0 0 0 0 0 0 0 0
1404920481 7 0 0 0 0 0 0 0 0 0 0 0 0 0 0 0 0 0 0 0
1404923181 8 0 0 0 0 0 0 0 0 0 0 0 0 0 0 0 0 0 0 0
1405393723 9 0 0 0 0 0 0 0 0 0 0 0 0 0 0 0 0 0 0 0
1405394024 10 0 0 0 0 0 0 0 0 0 0 0 0 0 0 0 0 0 0 0
1405394121 11 0 0 0 0 0 0 0 0 0 0 0 0 0 0 0 0 0 0 0
1405394484 12 0 0 0 0 0 0 0 0 0 0 0 0 0 0 0 0 0 0 0
1405395521 13 0 0 0 0 0 0 0 0 0 0 0 0 0 0 0 0 0 0 0
1405442934 14 0 0 0 0 0 0 0 0 0 0 0 0 0 0 0 0 0 0 0
1405446304 15 0 0 0 0 0 0 0 0 0 0 0 0 0 0 0 0 0 0 0
1405446775 16 0 0 0 0 0 0 0 0 0 0 0 0 0 0 0 0 0 0 0
1406553145 17 0 0 0 0 0 0 0 0 0 0 0 0 0 0 0 0 0 0 0
1406840259 18 0 0 0 0 0 0 0 0 0 0 0 0 0 0 0 0 0 0 0
1407437364 19 0 0 0 0 0 0 0 0 0 0 0 0 0 0 0 0 0 0 0
1407513685 20 0 0 0 0 0 0 0 0 0 0 0 0 0 0 0 0 0 0 0
1407515378 21 0 0 0 0 0 0 0 0 0 0 0 0 0 0 0 0 0 0 0
1407789026 22 0 0 0 0 0 0 0 0 0 0 0 0 0 0 0 0 0 0 0
1407789465 23 0 0 0 0 0 0 0 0 0 0 0 0 0 0 0 0 0 0 0
1408433057 23 0 0 0 0 0 0 0 0 0 0 0 0 0 0 0 0 1 0 0
1408463650 24 0 0 0 0 0 0 0 0 0 0 0 0 0 0 0 0 1 0 0
1408797256 25 0 0 0 0 0 0 0 0 0 0 0 0 0 0 0 0 1 0 0
1409840750 26 0 0 0 0 0 0 0 0 0 0 0 0 0 0 0 0 1 0 0
1412115581 27 0 0 0 0 0 0 0 0 0 0 0 0 0 0 0 0 1 0 0
1412115935 28 0 0 0 0 0 0 0 0 0 0 0 0 0 0 0 0 1 0 0
1412116178 29 0 0 0 0 0 0 0 0 0 0 0 0 0 0 0 0 1 0 0
1412116235 30 0 0 0 0 0 0 0 0 0 0 0 0 0 0 0 0 1 0 0
1412542845 31 0 0 0 0 0 0 0 0 0 0 0 0 0 0 0 0 1 0 0
1412544214 32 0 0 0 0 0 0 0 0 0 0 0 0 0 0 0 0 1 0 0
1412601798 33 0 0 0 0 0 0 0 0 0 0 0 0 0 0 0 0 1 0 0
1413940506 34 0 0 0 0 0 0 0 0 0 0 0 0 0 0 0 0 1 0 0
1413940574 35 0 0 0 0 0 0 0 0 0 0 0 0 0 0 0 0 1 0 0
1414979509 36 0 0 0 0 0 0 0 0 0 0 0 0 0 0 0 0 1 0 0
1414980594 37 0 0 0 0 0 0 0 0 0 0 0 0 0 0 0 0 1 0 0
1416577455 38 0 0 0 0 0 0 0 0 0 0 0 0 0 0 0 0 1 0 0
1416975145 39 0 0 0 0 0 0 0 0 0 0 0 0 0 0 0 0 1 0 0
1417570572 40 0 0 0 0 0 0 0 0 0 0 0 0 0 0 0 0 1 0 0
1418594783 41 0 0 0 0 0 0 0 0 0 0 0 0 0 0 0 0 1 0 0
1422216266 42 0 0 0 0 0 0 0 0 0 0 0 0 0 0 0 0 1 0 0
1422216385 43 0 0 0 0 0 0 0 0 0 0 0 0 0 0 0 0 1 0 0
1422644820 44 0 0 0 0 0 0 0 0 0 0 0 0 0 0 0 0 1 0 0
1422656373 45 0 0 0 0 0 0 0 0 0 0 0 0 0 0 0 0 1 0 0
1422670992 46 0 0 0 0 0 0 0 0 0 0 0 0 0 0 0 0 1 0 0
1423265326 46 0 0 0 0 0 0 0 0 0 0 0 0 0 0 0 0 1 0 0
1423537765 47 0 0 0 0 0 0 0 0 0 0 0 0 0 0 0 0 1 0 0
1423538146 48 0 0 0 0 0 0 0 0 0 0 0 0 0 0 0 0 1 0 0
1423540434 49 0 0 0 0 0 0 0 0 0 0 0 0 0 0 0 0 1 0 0
1423540903 50 0 0 0 0 0 0 0 0 0 0 0 0 0 0 0 0 1 0 0
1423541041 51 0 0 0 0 0 0 0 0 0 0 0 0 0 0 0 0 1 0 0
1424292558 51 0 0 0 0 0 0 0 0 0 0 0 0 0 0 0 0 1 1 0
1424292705 51 0 0 0 0 0 0 0 0 0 0 0 0 0 0 0 0 1 2 0
1424375329 51 0 0 0 0 0 0 0 0 0 0 0 0 0 0 0 0 1 2 0
1424396893 52 0 0 0 0 0 0 0 0 0 0 0 0 0 0 0 0 1 2 0
1424448771 53 0 0 0 0 0 0 0 0 0 0 0 0 0 0 0 0 1 2 0
1424748052 54 0 0 0 0 0 0 0 0 0 0 0 0 0 0 0 0 1 2 0
1424748404 55 0 0 0 0 0 0 0 0 0 0 0 0 0 0 0 0 1 2 0
1424989123 56 0 0 0 0 0 0 0 0 0 0 0 0 0 0 0 0 1 2 0
1424989402 57 0 0 0 0 0 0 0 0 0 0 0 0 0 0 0 0 1 2 0
1425387932 57 0 0 0 0 0 0 0 0 0 0 0 0 0 0 0 0 1 2 0
1425410081 58 0 0 0 0 0 0 0 0 0 0 0 0 0 0 0 0 1 2 0
1425412862 59 0 0 0 0 0 0 0 0 0 0 0 0 0 0 0 0 1 2 0
1425412977 63 0 0 0 0 0 0 0 0 0 0 0 0 0 0 0 0 1 2 0
1427234962 64 0 0 0 0 0 0 0 0 0 0 0 0 0 0 0 0 1 2 0
1427311584 65 0 0 0 0 0 0 0 0 0 0 0 0 0 0 0 0 1 2 0
1427316918 66 0 0 0 0 0 0 0 0 0 0 0 0 0 0 0 0 1 2 0
1427317578 67 0 0 0 0 0 0 0 0 0 0 0 0 0 0 0 0 1 2 0
1427685571 67 0 0 0 1 0 0 0 0 0 0 0 0 0 0 0 0 1 2 0
1427726773 68 0 0 0 1 0 0 0 0 0 0 0 0 0 0 0 0 1 2 0
1427726805 69 0 0 0 1 0 0 0 0 0 0 0 0 0 0 0 0 1 2 0
1427727110 70 0 0 0 1 0 0 0 0 0 0 0 0 0 0 0 0 1 2 0
1427727986 71 0 0 0 1 0 0 0 0 0 0 0 0 0 0 0 0 1 2 0
1428706207 72 0 0 0 1 0 0 0 0 0 0 0 0 0 0 0 0 1 2 0
1428706458 73 0 0 0 1 0 0 0 0 0 0 0 0 0 0 0 0 1 2 0
1428719555 74 0 0 0 1 0 0 0 0 0 0 0 0 0 0 0 0 1 2 0
1428719730 75 0 0 0 1 0 0 0 0 0 0 0 0 0 0 0 0 1 2 0
1428719762 76 0 0 0 1 0 0 0 0 0 0 0 0 0 0 0 0 1 2 0
1428891601 77 0 0 0 1 0 0 0 0 0 0 0 0 0 0 0 0 1 2 0
1430140836 78 0 0 0 1 0 0 0 0 0 0 0 0 0 0 0 0 1 2 0
1430271653 79 0 0 0 1 0 0 0 0 0 0 0 0 0 0 0 0 1 2 0
1431050235 79 0 0 0 1 0 0 0 0 0 0 0 0 0 0 0 0 1 2 0
1431050278 80 0 0 0 1 0 0 0 0 0 0 0 0 0 0 0 0 1 2 0
1432000164 81 0 0 0 1 0 0 0 0 0 0 0 0 0 0 0 0 1 2 0
1432000310 82 0 0 0 1 0 0 0 0 0 0 0 0 0 0 0 0 1 2 0
1432060900 83 0 0 0 1 0 0 0 0 0 0 0 0 0 0 0 0 1 2 0
1432130157 84 0 0 0 1 0 0 0 0 0 0 0 0 0 0 0 0 1 2 0
1433363733 85 0 0 0 1 0 0 0 0 0 0 0 0 0 0 0 0 1 2 0
1433864417 86 0 0 0 1 0 0 0 0 0 0 0 0 0 0 0 0 1 2 0
1434059983 87 0 0 0 1 0 0 0 0 0 0 0 0 0 0 0 0 1 2 0
1434146828 88 0 0 0 1 0 0 0 0 0 0 0 0 0 0 0 0 1 2 0
1434826830 89 0 0 0 1 0 0 0 0 0 0 0 0 0 0 0 0 1 2 0
1434826909 90 0 0 0 1 0 0 0 0 0 0 0 0 0 0 0 0 1 2 0
1434827014 91 0 0 0 1 0 0 0 0 0 0 0 0 0 0 0 0 1 2 0
1434827058 92 0 0 0 1 0 0 0 0 0 0 0 0 0 0 0 0 1 2 0
1434828003 93 0 0 0 1 0 0 0 0 0 0 0 0 0 0 0 0 1 2 0
1434829028 94 0 0 0 1 0 0 0 0 0 0 0 0 0 0 0 0 1 2 0
1437406814 94 0 0 0 1 0 0 0 0 0 0 0 0 0 0 0 0 1 2 1
1438091924 95 0 0 0 1 0 0 0 0 0 0 0 0 0 0 0 0 1 2 1
1438610584 96 0 0 0 1 0 0 0 0 0 0 0 0 0 0 0 0 1 2 1
1438613850 97 0 0 0 1 0 0 0 0 0 0 0 0 0 0 0 0 1 2 1
1440496150 97 0 0 0 1 0 0 0 0 0 0 0 0 0 0 0 0 1 2 1
1440534944 98 0 0 0 1 0 0 0 0 0 0 0 0 0 0 0 0 1 2 1
1440535421 99 0 0 0 1 0 0 0 0 0 0 0 0 0 0 0 0 1 2 1
1440535643 100 0 0 0 1 0 0 0 0 0 0 0 0 0 0 0 0 1 2 1
1440535805 101 0 0 0 1 0 0 0 0 0 0 0 0 0 0 0 0 1 2 1
1440537196 101 0 0 0 1 0 0 0 0 0 0 0 0 0 0 0 0 1 2 1
1440538803 102 0 0 0 1 0 0 0 0 0 0 0 0 0 0 0 0 1 2 1
1440598303 103 0 0 0 1 0 0 0 0 0 0 0 0 0 0 0 0 1 2 1
1440598814 104 0 0 0 1 0 0 0 0 0 0 0 0 0 0 0 0 1 2 1
1442437602 105 0 0 0 1 0 0 0 0 0 0 0 0 0 0 0 0 1 2 1
1442438699 106 0 0 0 1 0 0 0 0 0 0 0 0 0 0 0 0 1 2 1
1442439003 107 0 0 0 1 0 0 0 0 0 0 0 0 0 0 0 0 1 2 1
1442441743 107 0 0 0 1 0 0 0 0 0 0 0 0 0 0 0 0 1 2 2
1442455884 108 0 0 0 1 0 0 0 0 0 0 0 0 0 0 0 0 1 2 2
1442455914 109 0 0 0 1 0 0 0 0 0 0 0 0 0 0 0 0 1 2 2
1442457215 110 0 0 0 1 0 0 0 0 0 0 0 0 0 0 0 0 1 2 2
1442457980 111 0 0 0 1 0 0 0 0 0 0 0 0 0 0 0 0 1 2 2
1442458666 112 0 0 0 1 0 0 0 0 0 0 0 0 0 0 0 0 1 2 2
1442458769 113 0 0 0 1 0 0 0 0 0 0 0 0 0 0 0 0 1 2 2
1442930028 114 0 0 0 1 0 0 0 0 0 0 0 0 0 0 0 0 1 2 2
1442942835 115 0 0 0 1 0 0 0 0 0 0 0 0 0 0 0 0 1 2 2
1442943149 116 0 0 0 1 0 0 0 0 0 0 0 0 0 0 0 0 1 2 2
1443368906 116 0 0 0 1 0 0 0 0 0 0 0 0 0 0 0 0 1 2 2
1443469372 117 0 0 0 1 0 0 0 0 0 0 0 0 0 0 0 0 1 2 2
1445466141 117 0 0 0 1 0 0 0 0 0 0 0 0 0 0 0 0 1 2 2
1445475023 118 0 0 0 1 0 0 0 0 0 0 0 0 0 0 0 0 1 2 2
1445475123 119 0 0 0 1 0 0 0 0 0 0 0 0 0 0 0 0 1 2 2
1445719923 120 0 0 0 1 0 0 0 0 0 0 0 0 0 0 0 0 1 2 2
1445720427 121 0 0 0 1 0 0 0 0 0 0 0 0 0 0 0 0 1 2 2
1445720781 122 0 0 0 1 0 0 0 0 0 0 0 0 0 0 0 0 1 2 2
1445741314 122 0 0 0 1 0 0 0 0 0 0 0 0 0 0 0 0 2 2 2
1445748449 123 0 0 0 1 0 0 0 0 0 0 0 0 0 0 0 0 2 2 2
1445798053 124 0 0 0 1 0 0 0 0 0 0 0 0 0 0 0 0 2 2 2
1445798251 125 0 0 0 1 0 0 0 0 0 0 0 0 0 0 0 0 2 2 2
1445996985 126 0 0 0 1 0 0 0 0 0 0 0 0 0 0 0 0 2 2 2
1447426418 127 0 0 0 1 0 0 0 0 0 0 0 0 0 0 0 0 2 2 2
1447428184 128 0 0 0 1 0 0 0 0 0 0 0 0 0 0 0 0 2 2 2
1447428275 129 0 0 0 1 0 0 0 0 0 0 0 0 0 0 0 0 2 2 2
1448114573 130 0 0 0 1 0 0 0 0 0 0 0 0 0 0 0 0 2 2 2
1448114679 131 0 0 0 1 0 0 0 0 0 0 0 0 0 0 0 0 2 2 2
1448489786 132 0 0 0 1 0 0 0 0 0 0 0 0 0 0 0 0 2 2 2
1448489820 133 0 0 0 1 0 0 0 0 0 0 0 0 0 0 0 0 2 2 2
1453147836 133 0 0 0 2 0 0 0 0 0 0 0 0 0 0 0 0 2 2 2
1453147895 133 0 0 0 3 0 0 0 0 0 0 0 0 0 0 0 0 2 2 2
1453147919 133 0 0 0 4 0 0 0 0 0 0 0 0 0 0 0 0 2 2 2
1453149004 134 0 0 0 4 0 0 0 0 0 0 0 0 0 0 0 0 2 2 2
1453769333 135 0 0 0 4 0 0 0 0 0 0 0 0 0 0 0 0 2 2 2
1453777658 136 0 0 0 4 0 0 0 0 0 0 0 0 0 0 0 0 2 2 2
1453920586 137 0 0 0 4 0 0 0 0 0 0 0 0 0 0 0 0 2 2 2
1453920836 138 0 0 0 4 0 0 0 0 0 0 0 0 0 0 0 0 2 2 2
1455593926 139 0 0 0 4 0 0 0 0 0 0 0 0 0 0 0 0 2 2 2
1456196625 140 0 0 0 4 0 0 0 0 0 0 0 0 0 0 0 0 2 2 2
1456196688 141 0 0 0 4 0 0 0 0 0 0 0 0 0 0 0 0 2 2 2
1456834192 141 0 0 0 4 0 0 0 0 0 0 0 0 0 0 0 0 2 2 2
1456844521 142 0 0 0 4 0 0 0 0 0 1 0 0 0 0 0 0 2 2 2
1456964318 142 0 1 0 4 0 0 0 0 0 1 0 0 0 0 0 0 2 2 2
1457480507 142 0 2 0 4 0 0 0 0 0 1 0 0 0 0 0 0 2 2 2
1457641406 142 0 4 0 4 0 0 0 0 0 1 0 0 0 0 0 0 2 2 2
1457644221 142 0 5 0 4 0 0 0 0 0 1 0 0 0 0 0 0 2 2 2
1457644234 142 0 6 0 4 0 0 0 0 0 1 0 0 0 0 0 0 2 2 2
1457647351 142 0 7 0 4 0 0 0 0 0 1 0 0 0 0 0 0 2 2 2
1457647372 142 0 8 0 4 0 0 0 0 0 1 0 0 0 0 0 0 2 2 2
1457647379 142 0 9 0 4 0 0 0 0 0 1 0 0 0 0 0 0 2 2 2
1457647840 142 0 9 0 4 0 0 0 0 0 2 0 0 0 0 0 0 2 2 2
1457648072 142 0 9 0 4 0 0 0 0 0 3 0 0 0 0 0 0 2 2 2
1458508146 142 0 10 0 4 0 0 0 0 0 3 0 0 0 0 0 0 2 2 2
1458508258 142 0 10 0 4 0 0 0 0 0 4 0 0 0 0 0 0 2 2 2
1458605190 142 0 11 0 4 0 0 0 0 0 4 0 0 0 0 0 0 2 2 2
1458655244 143 0 11 0 4 0 0 0 0 0 4 0 0 0 0 0 0 2 2 2
1458748508 144 0 11 0 4 0 0 0 0 0 4 0 0 0 0 0 0 2 2 2
1458748810 145 0 11 0 4 0 0 0 0 0 4 0 0 0 0 0 0 2 2 2
1460204988 145 0 11 1 4 0 0 0 0 0 4 0 0 0 0 0 0 2 2 2
1460211231 146 0 11 1 4 0 0 0 0 0 4 0 0 0 0 0 0 2 2 2
1460211599 147 0 11 1 4 0 0 0 0 0 4 0 0 0 0 0 0 2 2 2
1460270186 147 1 11 1 4 0 0 0 0 0 4 0 0 0 0 0 0 2 2 2
1460307212 148 1 11 1 4 0 0 0 0 0 4 0 0 0 0 0 0 2 2 2
1460307309 149 1 11 1 4 0 0 0 0 0 4 0 0 0 0 0 0 2 2 2
1460315106 150 1 11 1 4 0 0 0 0 0 4 0 0 0 0 0 0 2 2 2
1463004567 151 1 11 1 4 0 0 0 0 0 4 0 0 0 0 0 0 2 2 2
1466370214 152 1 11 1 4 0 0 0 0 0 4 0 0 0 0 0 0 2 2 2
1466370528 153 1 11 1 4 0 0 0 0 0 4 0 0 0 0 0 0 2 2 2
1466727851 154 1 11 1 4 0 0 0 0 0 4 0 0 0 0 0 0 2 2 2
1466728003 155 1 11 1 4 0 0 0 0 0 4 0 0 0 0 0 0 2 2 2
1466728117 157 1 11 1 4 0 0 0 0 0 4 0 0 0 0 0 0 2 2 2
1468241690 157 1 11 1 4 0 0 0 0 0 4 0 0 0 0 0 0 2 2 2
1468292082 158 1 11 1 4 0 0 0 0 0 4 0 0 0 0 0 0 2 2 2
1468292235 160 1 11 1 4 0 0 0 0 0 4 0 0 0 0 0 0 2 2 2
1468377424 161 1 11 1 4 0 0 0 0 0 4 0 0 0 0 0 0 2 2 2
1468378147 162 1 11 1 4 0 0 0 0 0 4 0 0 0 0 0 0 2 2 2
1468378515 163 1 11 1 4 0 0 0 0 0 4 0 0 0 0 0 0 2 2 2
1468591697 163 1 11 1 4 0 0 0 0 0 4 1 0 0 0 0 0 2 2 2
1468592312 163 1 11 1 4 0 0 0 0 0 4 2 0 0 0 0 0 2 2 2
1468592435 163 1 11 1 4 0 0 0 0 0 4 3 0 0 0 0 0 2 2 2
1468613274 164 1 11 1 4 0 0 0 0 0 4 3 0 0 0 0 0 2 2 2
1468783796 166 1 11 1 4 0 0 0 0 0 4 3 0 0 0 0 0 2 2 2
1468786880 167 1 11 1 4 0 0 0 0 0 4 3 0 0 0 0 0 2 2 2
1468787031 168 1 11 1 4 0 0 0 0 0 4 3 0 0 0 0 0 2 2 2
1468787085 169 1 11 1 4 0 0 0 0 0 4 3 0 0 0 0 0 2 2 2
1468787684 170 1 11 1 4 0 0 0 0 0 4 3 0 0 0 0 0 2 2 2
1469399139 170 1 11 2 4 0 0 0 0 0 4 3 0 0 0 0 0 2 2 2
1469993963 170 1 11 3 4 0 0 0 0 0 4 3 0 0 0 0 0 2 2 2
1469995671 170 1 11 4 4 0 0 0 0 0 4 3 0 0 0 0 0 2 2 2
1469995706 170 1 11 5 4 0 0 0 0 0 4 3 0 0 0 0 0 2 2 2
1469996120 170 1 11 6 4 0 0 0 0 0 4 3 0 0 0 0 0 2 2 2
1469997839 170 1 11 7 4 0 0 0 0 0 4 3 0 0 0 0 0 2 2 2
1469999264 170 1 11 8 4 0 0 0 0 0 4 3 0 0 0 0 0 2 2 2
1469999608 170 1 11 9 4 0 0 0 0 0 4 3 0 0 0 0 0 2 2 2
1470167734 171 1 11 9 4 0 0 0 0 0 4 3 0 0 0 0 0 2 2 2
1470664933 172 1 11 9 4 0 0 0 0 0 4 3 0 0 0 0 0 2 2 2
1470665738 173 1 11 9 4 0 0 0 0 0 4 3 0 0 0 0 0 2 2 2
1470709880 174 1 11 9 4 0 0 0 0 0 4 3 0 0 0 0 0 2 2 2
1470710118 175 1 11 9 4 0 0 0 0 0 4 3 0 0 0 0 0 2 2 2
1470825317 175 1 11 9 4 0 0 0 0 0 4 3 0 0 0 0 0 2 2 2
1470836876 176 1 11 9 4 0 0 0 0 0 4 3 0 0 0 0 0 2 2 2
1471531359 177 1 11 9 4 0 0 0 0 0 4 3 0 0 0 0 0 2 2 2
1471942408 177 2 11 9 4 0 0 0 0 0 4 3 0 0 0 0 0 2 2 2
1471942526 177 4 11 9 4 0 0 0 0 0 4 3 0 0 0 0 0 2 2 2
1471961181 178 4 11 9 4 0 0 0 0 0 4 3 0 0 0 0 0 2 2 2
1471961345 179 4 11 9 4 0 0 0 0 0 4 3 0 0 0 0 0 2 2 2
1472187604 179 5 11 9 4 0 0 0 0 0 4 3 0 0 0 0 0 2 2 2
1472194799 179 6 11 9 4 0 0 0 0 0 4 3 0 0 0 0 0 2 2 2
1472196973 179 7 11 9 4 0 0 0 0 0 4 3 0 0 0 0 0 2 2 2
1472197218 179 8 11 9 4 0 0 0 0 0 4 3 0 0 0 0 0 2 2 2
1472288331 179 9 11 9 4 0 0 0 0 0 4 3 0 0 0 0 0 2 2 2
1472323836 180 9 11 9 4 0 0 0 0 0 4 3 0 0 0 0 0 2 2 2
1472386879 180 10 11 9 4 0 0 0 0 0 4 3 0 0 0 0 0 2 2 2
1472411594 181 10 11 9 4 0 0 0 0 0 4 3 0 0 0 0 0 2 2 2
1472417168 182 10 11 9 4 0 0 0 0 0 4 3 0 0 0 0 0 2 2 2
1472417662 183 10 11 9 4 0 0 0 0 0 4 3 0 0 0 0 0 2 2 2
1472466155 183 11 11 9 4 0 0 0 0 0 4 3 0 0 0 0 0 2 2 2
1472468324 183 12 11 9 4 0 0 0 0 0 4 3 0 0 0 0 0 2 2 2
1472469038 183 13 11 9 4 0 0 0 0 0 4 3 0 0 0 0 0 2 2 2
1472469979 183 14 11 9 4 0 0 0 0 0 4 3 0 0 0 0 0 2 2 2
1472470662 183 15 11 9 4 0 0 0 0 0 4 3 0 0 0 0 0 2 2 2
1472471323 183 16 11 9 4 0 0 0 0 0 4 3 0 0 0 0 0 2 2 2
1472610502 184 16 11 9 4 0 0 0 0 0 4 3 0 0 0 0 0 2 2 2
1473813726 185 16 11 9 4 0 0 0 0 0 4 3 0 0 0 0 0 2 2 2
1473818134 186 16 11 9 4 0 0 0 0 0 4 3 0 0 0 0 0 2 2 2
1473818682 187 16 11 9 4 0 0 0 0 0 4 3 0 0 0 0 0 2 2 2
1473818914 188 16 11 9 4 0 0 0 0 0 4 3 0 0 0 0 0 2 2 2
1473818980 189 16 11 9 4 0 0 0 0 0 4 3 0 0 0 0 0 2 2 2
1473820085 190 16 11 9 4 0 0 0 0 0 4 3 0 0 0 0 0 2 2 2
1473947929 191 16 11 9 4 0 0 0 0 0 4 3 0 0 0 0 0 2 2 2
1473948606 192 16 11 9 4 0 0 0 0 0 4 3 0 0 0 0 0 2 2 2
1476309278 193 16 11 9 4 0 0 0 0 0 4 3 0 0 0 0 0 2 2 2
1476466364 193 16 11 9 5 0 0 0 0 0 4 3 0 0 0 0 0 2 2 2
1476467618 194 16 11 9 5 0 0 0 0 0 4 3 0 0 0 0 0 2 2 2
1477529172 195 16 11 9 5 0 0 0 0 0 4 3 0 0 0 0 0 2 2 2
1478020820 195 16 11 9 5 0 0 0 0 0 4 3 0 0 0 0 0 2 2 2
1478027826 196 16 11 9 5 0 0 0 0 0 4 3 0 0 0 0 0 2 2 2
1479446197 197 16 11 9 5 0 0 0 0 0 4 3 0 0 0 0 0 2 2 2
1479446588 198 16 11 9 5 0 0 0 0 0 4 3 0 0 0 0 0 2 2 2
1479446731 199 16 11 9 5 0 0 0 0 0 4 3 0 0 0 0 0 2 2 2
1479479311 200 16 11 9 5 0 0 0 0 0 4 3 0 0 0 0 0 2 2 2
1479480580 201 16 11 9 5 0 0 0 0 0 4 3 0 0 0 0 0 2 2 2
1481576158 202 16 11 9 5 0 0 0 0 0 4 3 0 0 0 0 0 2 2 2
1482442057 205 16 11 9 5 0 0 0 0 0 4 3 0 0 0 0 0 2 2 2
1482442574 206 16 11 9 5 0 0 0 0 0 4 3 0 0 0 0 0 2 2 2
1482447773 207 16 11 9 5 0 0 0 0 0 4 3 0 0 0 0 0 2 2 2
1482453249 208 16 11 9 5 0 0 0 0 0 4 3 0 0 0 0 0 2 2 2
1483009392 208 16 11 9 5 0 0 0 0 0 4 3 0 0 0 0 0 2 2 2
1483038848 209 16 11 9 5 0 0 0 0 0 4 3 0 0 0 0 0 2 2 2
1483038976 210 16 11 9 5 0 0 0 0 0 4 3 0 0 0 0 0 2 2 2
1483039454 211 16 11 9 5 0 0 0 0 0 4 3 0 0 0 0 0 2 2 2
1484027680 211 16 11 9 5 0 0 0 0 0 4 3 0 0 0 0 0 2 2 2
1484060880 212 16 11 9 5 0 0 0 0 0 4 3 0 0 0 0 0 2 2 2
1484821430 212 16 11 9 5 0 0 0 0 0 4 3 0 0 0 0 0 2 2 2
1485821756 212 17 11 9 5 0 0 0 0 0 4 3 0 0 0 0 0 2 2 2
1485878190 213 17 11 9 5 0 0 0 0 0 4 3 0 0 0 0 0 2 2 2
1485883952 214 17 11 9 5 0 0 0 0 0 4 3 0 0 0 0 0 2 2 2
1485903818 215 17 11 9 5 0 0 0 0 0 4 3 0 0 0 0 0 2 2 2
1494571572 215 18 11 9 5 0 0 0 0 0 4 3 0 0 0 0 0 2 2 2
1494612711 216 18 11 9 5 0 0 0 0 0 4 3 0 0 0 0 0 2 2 2
1494612918 217 18 11 9 5 0 0 0 0 0 4 3 0 0 0 0 0 2 2 2
1494748606 217 18 11 9 5 0 0 0 0 0 4 3 0 0 0 0 0 2 2 2
1494791484 218 18 11 9 5 0 0 0 0 0 4 3 0 0 0 0 0 2 2 2
1494819464 218 18 11 9 5 0 0 0 0 0 4 3 0 0 0 0 1 2 2 2
1494821793 218 18 11 9 5 0 0 0 0 0 4 3 0 0 0 0 2 2 2 2
1494860051 219 18 11 9 5 0 0 0 0 0 4 3 0 0 0 0 2 2 2 2
1494860204 220 18 11 9 5 0 0 0 0 0 4 3 0 0 0 0 2 2 2 2
1495042700 221 18 11 9 5 0 0 0 0 0 4 3 0 0 0 0 2 2 2 2
1495042900 222 18 11 9 5 0 0 0 0 0 4 3 0 0 0 0 2 2 2 2
1495411221 222 19 11 9 5 0 0 0 0 0 4 3 0 0 0 0 2 2 2 2
1495413845 222 20 11 9 5 0 0 0 0 0 4 3 0 0 0 0 2 2 2 2
1495413978 222 21 11 9 5 0 0 0 0 0 4 3 0 0 0 0 2 2 2 2
1495467531 224 21 11 9 5 0 0 0 0 0 4 3 0 0 0 0 2 2 2 2
1496167119 225 21 11 9 5 0 0 0 0 0 4 3 0 0 0 0 2 2 2 2
1496277493 225 22 11 9 5 0 0 0 0 0 4 3 0 0 0 0 2 2 2 2
1496277525 225 23 11 9 5 0 0 0 0 0 4 3 0 0 0 0 2 2 2 2
1496277794 225 24 11 9 5 0 0 0 0 0 4 3 0 0 0 0 2 2 2 2
1496278847 225 25 11 9 5 0 0 0 0 0 4 3 0 0 0 0 2 2 2 2
1496283987 226 25 11 9 5 0 0 0 0 0 4 3 0 0 0 0 2 2 2 2
1496284694 227 25 11 9 5 0 0 0 0 0 4 3 0 0 0 0 2 2 2 2
1496285019 228 25 11 9 5 0 0 0 0 0 4 3 0 0 0 0 2 2 2 2
1496369145 229 25 11 9 5 0 0 0 0 0 4 3 0 0 0 0 2 2 2 2
1496369676 230 25 11 9 5 0 0 0 0 0 4 3 0 0 0 0 2 2 2 2
1496370184 231 25 11 9 5 0 0 0 0 0 4 3 0 0 0 0 2 2 2 2
1496370721 232 25 11 9 5 0 0 0 0 0 4 3 0 0 0 0 2 2 2 2
1496441800 233 25 11 9 5 0 0 0 0 0 4 3 0 0 0 0 2 2 2 2
1497967495 234 25 11 9 5 0 0 0 0 0 4 3 0 0 0 0 2 2 2 2
1500403999 234 25 11 9 6 0 0 0 0 0 4 3 0 0 0 0 2 2 2 2
1500407088 235 25 11 9 6 0 0 0 0 0 4 3 0 0 0 0 2 2 2 2
1502907633 235 25 11 9 6 0 0 0 0 0 4 3 0 0 0 0 2 2 2 2
1502934815 237 25 11 9 6 0 0 0 0 0 4 3 0 0 0 0 2 2 2 2
1503323974 238 25 11 9 6 0 0 0 0 0 4 3 0 0 0 0 2 2 2 2
1503475302 238 25 11 9 6 0 0 0 0 0 4 3 0 0 0 0 2 2 2 2
1503476369 238 25 11 9 6 0 0 0 0 0 4 3 0 0 0 0 2 2 2 2
1503752502 239 25 11 9 6 0 0 0 0 0 4 3 0 0 0 0 2 2 2 2
1503752935 240 25 11 9 6 0 0 0 0 0 4 3 0 0 0 0 2 2 2 2
1503863836 241 25 11 9 6 0 0 0 0 0 4 3 0 0 0 0 2 2 2 2
1505150696 241 25 11 9 6 0 0 0 0 0 4 3 0 0 0 0 2 2 2 2
1505253558 242 25 11 9 6 0 0 0 0 0 4 3 0 0 0 0 2 2 2 2
1505947278 243 25 11 9 6 0 0 0 0 0 4 3 0 0 0 0 2 2 2 2
1506004765 244 25 11 9 6 0 0 0 0 0 4 3 0 0 0 0 2 2 2 2
1506006928 245 25 11 9 6 0 0 0 0 0 4 3 0 0 0 0 2 2 2 2
1506013506 246 25 11 9 6 0 0 0 0 0 4 3 0 0 0 0 2 2 2 2
1506015461 247 25 11 9 6 0 0 0 0 0 4 3 0 0 0 0 2 2 2 2
1506215627 248 25 11 9 6 0 0 0 0 0 4 3 0 0 0 0 2 2 2 2
1506277325 249 25 11 9 6 0 0 0 0 0 4 3 0 0 0 0 2 2 2 2
1506282190 250 25 11 9 6 0 0 0 0 0 4 3 0 0 0 0 2 2 2 2
1506288887 251 25 11 9 6 0 0 0 0 0 4 3 0 0 0 0 2 2 2 2
1506607847 252 25 11 9 6 0 0 0 0 0 4 3 0 0 0 0 2 2 2 2
1506609705 253 25 11 9 6 0 0 0 0 0 4 3 0 0 0 0 2 2 2 2
1507322103 254 25 11 9 6 0 0 0 0 0 4 3 0 0 0 0 2 2 2 2
1507322419 255 25 11 9 6 0 0 0 0 0 4 3 0 0 0 0 2 2 2 2
1507383563 255 25 11 9 6 1 0 0 0 0 4 3 0 0 0 0 2 2 2 2
1507384510 255 25 11 9 6 2 0 0 0 0 4 3 0 0 0 0 2 2 2 2
1507421290 256 25 11 9 6 2 0 0 0 0 4 3 0 0 0 0 2 2 2 2
1507454567 256 25 11 9 6 3 0 0 0 0 4 3 0 0 0 0 2 2 2 2
1507455391 256 25 11 9 6 4 0 0 0 0 4 3 0 0 0 0 2 2 2 2
1508307441 256 25 11 9 6 5 0 0 0 0 4 3 0 0 0 0 2 2 2 2
1508307457 256 25 11 9 6 6 0 0 0 0 4 3 0 0 0 0 2 2 2 2
1508307758 256 25 11 9 6 7 0 0 0 0 4 3 0 0 0 0 2 2 2 2
1508337831 257 25 11 9 6 7 0 0 0 0 4 3 0 0 0 0 2 2 2 2
1508360888 258 25 11 9 6 7 0 0 0 0 4 3 0 0 0 0 2 2 2 2
1508376635 259 25 11 9 6 7 0 0 0 0 4 3 0 0 0 0 2 2 2 2
1509385795 260 25 11 9 6 7 0 0 0 0 4 3 0 0 0 0 2 2 2 2
1509392731 261 25 11 9 6 7 0 0 0 0 4 3 0 0 0 0 2 2 2 2
1509994475 262 25 11 9 6 7 0 0 0 0 4 3 0 0 0 0 2 2 2 2
1510001464 263 25 11 9 6 7 0 0 0 0 4 3 0 0 0 0 2 2 2 2
1510259368 264 25 11 9 6 7 0 0 0 0 4 3 0 0 0 0 2 2 2 2
1510283004 264 26 11 9 6 7 0 0 0 0 4 3 0 0 0 0 2 2 2 2
1510323845 265 26 11 9 6 7 0 0 0 0 4 3 0 0 0 0 2 2 2 2
1510323929 266 26 11 9 6 7 0 0 0 0 4 3 0 0 0 0 2 2 2 2
1511313641 266 27 11 9 6 7 0 0 0 0 4 3 0 0 0 0 2 2 2 2
1511357102 267 27 11 9 6 7 0 0 0 0 4 3 0 0 0 0 2 2 2 2
1515714267 268 27 11 9 6 7 0 0 0 0 4 3 0 0 0 0 2 2 2 2
1515714683 269 27 11 9 6 7 0 0 0 0 4 3 0 0 0 0 2 2 2 2
1516038349 270 27 11 9 6 7 0 0 0 0 4 3 0 0 0 0 2 2 2 2
1516042146 272 27 11 9 6 7 0 0 0 0 4 3 0 0 0 0 2 2 2 2
1516199473 273 27 11 9 6 7 0 0 0 0 4 3 0 0 0 0 2 2 2 2
1516400076 273 27 11 9 6 7 0 0 0 0 4 3 0 0 1 0 2 2 2 2
1516470171 274 27 11 9 6 7 0 0 0 0 4 3 0 0 1 0 2 2 2 2
1516470405 275 27 11 9 6 7 0 0 0 0 4 3 0 0 1 0 2 2 2 2
1516556054 276 27 11 9 6 7 0 0 0 0 4 3 0 0 1 0 2 2 2 2
1516556456 277 27 11 9 6 7 0 0 0 0 4 3 0 0 1 0 2 2 2 2
1516622988 277 27 11 9 6 7 0 0 0 0 4 3 0 0 2 0 2 2 2 2
1516969339 277 27 11 9 6 7 0 0 0 0 4 3 0 0 3 0 2 2 2 2
1517767410 278 27 11 9 6 7 0 0 0 0 4 3 0 0 3 0 2 2 2 2
1517767741 279 27 11 9 6 7 0 0 0 0 4 3 0 0 3 0 2 2 2 2
1517768465 280 27 11 9 6 7 0 0 0 0 4 3 0 0 3 0 2 2 2 2
1517769104 281 27 11 9 6 7 0 0 0 0 4 3 0 0 3 0 2 2 2 2
1517883329 282 27 11 9 6 7 0 0 0 0 4 3 0 0 3 0 2 2 2 2
1517883785 283 27 11 9 6 7 0 0 0 0 4 3 0 0 3 0 2 2 2 2
1517883999 284 27 11 9 6 7 0 0 0 0 4 3 0 0 3 0 2 2 2 2
1518061786 285 27 11 9 6 7 0 0 0 0 4 3 0 0 3 0 2 2 2 2
1518381095 286 27 11 9 6 7 0 0 0 0 4 3 0 0 3 0 2 2 2 2
1518491680 287 27 11 9 6 7 0 0 0 0 4 3 0 0 3 0 2 2 2 2
1518491888 288 27 11 9 6 7 0 0 0 0 4 3 0 0 3 0 2 2 2 2
1519181600 289 27 11 9 6 7 0 0 0 0 4 3 0 0 3 0 2 2 2 2
1519245725 290 27 11 9 6 7 0 0 0 0 4 3 0 0 3 0 2 2 2 2
1519246043 291 27 11 9 6 7 0 0 0 0 4 3 0 0 3 0 2 2 2 2
1520520464 291 28 11 9 6 7 0 0 0 0 4 3 0 0 3 0 2 2 2 2
1520521791 292 28 11 9 6 7 0 0 0 0 4 3 0 0 3 0 2 2 2 2
1520522159 293 28 11 9 6 7 0 0 0 0 4 3 0 0 3 0 2 2 2 2
1520565724 294 28 11 9 6 7 0 0 0 0 4 3 0 0 3 0 2 2 2 2
1520566791 300 28 11 9 6 7 0 0 0 0 4 3 0 0 3 0 2 2 2 2
1520714212 301 28 11 9 6 7 0 0 0 0 4 3 0 0 3 0 2 2 2 2
1520719374 302 28 11 9 6 7 0 0 0 0 4 3 0 0 3 0 2 2 2 2
1520719901 303 28 11 9 6 7 0 0 0 0 4 3 0 0 3 0 2 2 2 2
1522418880 304 28 11 9 6 7 0 0 0 0 4 3 0 0 3 0 2 2 2 2
1522437950 305 28 11 9 6 7 0 0 0 0 4 3 0 0 3 0 2 2 2 2
1525439891 306 28 11 9 6 7 0 0 0 0 4 3 0 0 3 0 2 2 2 2
1525701307 307 28 11 9 6 7 0 0 0 0 4 3 0 0 3 0 2 2 2 2
1525701783 308 28 11 9 6 7 0 0 0 0 4 3 0 0 3 0 2 2 2 2
1533405256 308 28 11 9 7 7 0 0 0 0 4 3 0 0 3 0 2 2 2 2
1533411834 309 28 11 9 7 7 0 0 0 0 4 3 0 0 3 0 2 2 2 2
1533412355 310 28 11 9 7 7 0 0 0 0 4 3 0 0 3 0 2 2 2 2
1536979034 310 28 11 9 7 7 0 0 0 0 4 3 0 0 3 0 2 2 2 2
1537279698 311 28 11 9 7 7 0 0 0 0 4 3 0 0 3 0 2 2 2 2
1537279832 312 28 11 9 7 7 0 0 0 0 4 3 0 0 3 0 2 2 2 2
1538156051 312 28 11 9 7 7 0 0 0 0 4 3 0 0 3 0 2 2 2 2
1538228401 313 28 11 9 7 7 0 0 0 0 4 3 0 0 3 0 2 2 2 2
1539610511 314 28 11 9 7 7 0 0 0 0 4 3 0 0 3 0 2 2 2 2
1539611029 315 28 11 9 7 7 0 0 0 0 4 3 0 0 3 0 2 2 2 2
1539611112 316 28 11 9 7 7 0 0 0 0 4 3 0 0 3 0 2 2 2 2
1539611589 317 28 11 9 7 7 0 0 0 0 4 3 0 0 3 0 2 2 2 2
1539790871 317 28 11 9 7 7 0 0 0 0 4 3 0 0 3 0 2 2 2 2
1540217750 317 28 11 9 7 7 0 0 0 0 4 3 0 0 3 0 2 2 2 2
1540228093 318 28 11 9 7 7 0 0 0 0 4 3 0 0 3 0 2 2 2 2
1542435304 318 28 11 9 7 7 0 0 0 0 4 3 0 0 3 0 2 2 2 2
1542461804 319 28 11 9 7 7 0 0 0 0 4 3 0 0 3 0 2 2 2 2
1543209499 319 28 11 9 8 7 0 0 0 0 4 3 0 0 3 0 2 2 2 2
1543244674 320 28 11 9 8 7 0 0 0 0 4 3 0 0 3 0 2 2 2 2
1543244820 321 28 11 9 8 7 0 0 0 0 4 3 0 0 3 0 2 2 2 2
1544562686 322 28 11 9 8 7 0 0 0 0 4 3 0 0 3 0 2 2 2 2
1544565421 323 28 11 9 8 7 0 0 0 0 4 3 0 0 3 0 2 2 2 2
1544565567 324 28 11 9 8 7 0 0 0 0 4 3 0 0 3 0 2 2 2 2
1544581314 325 28 11 9 8 7 0 0 0 0 4 3 0 0 3 0 2 2 2 2
1544581529 326 28 11 9 8 7 0 0 0 0 4 3 0 0 3 0 2 2 2 2
1544582384 327 28 11 9 8 7 0 0 0 0 4 3 0 0 3 0 2 2 2 2
1544583944 328 28 11 9 8 7 0 0 0 0 4 3 0 0 3 0 2 2 2 2
1544796080 329 28 11 9 8 7 0 0 0 0 4 3 0 0 3 0 2 2 2 2
1544802448 330 28 11 9 8 7 0 0 0 0 4 3 0 0 3 0 2 2 2 2
1549748328 331 28 11 9 8 7 0 0 0 0 4 3 0 0 3 0 2 2 2 2
1549748910 332 28 11 9 8 7 0 0 0 0 4 3 0 0 3 0 2 2 2 2
1551735053 332 28 11 9 8 7 0 0 1 0 4 3 0 0 3 0 2 2 2 2
1551737671 332 28 11 9 8 7 0 0 2 0 4 3 0 0 3 0 2 2 2 2
1551741071 332 28 11 9 8 7 0 0 3 0 4 3 0 0 3 0 2 2 2 2
1551741516 332 28 11 9 8 7 0 0 4 0 4 3 0 0 3 0 2 2 2 2
1551896004 333 28 11 9 8 7 0 0 4 0 4 3 0 0 3 0 2 2 2 2
1551896138 334 28 11 9 8 7 0 0 4 0 4 3 0 0 3 0 2 2 2 2
1553664969 334 28 11 9 8 7 0 0 4 0 4 3 0 0 3 1 2 2 2 2
1553665514 334 28 11 9 8 7 0 0 4 0 4 3 0 0 3 2 2 2 2 2
1553821757 335 28 11 9 8 7 0 0 4 0 4 3 0 0 3 2 2 2 2 2
1553822869 335 28 11 9 8 7 0 0 4 0 4 3 0 0 3 2 2 2 2 2
1553822960 335 28 11 9 8 7 0 0 4 0 4 3 0 0 3 2 2 2 2 2
1553825196 335 28 11 9 8 7 0 0 4 0 4 3 0 0 3 3 2 2 2 2
1553884335 336 28 11 9 8 7 0 0 4 0 4 3 0 0 3 3 2 2 2 2
1553885665 337 28 11 9 8 7 0 0 4 0 4 3 0 0 3 3 2 2 2 2
1553885839 338 28 11 9 8 7 0 0 4 0 4 3 0 0 3 3 2 2 2 2
1553886251 339 28 11 9 8 7 0 0 4 0 4 3 0 0 3 3 2 2 2 2
1553890506 340 28 11 9 8 7 0 0 4 0 4 3 0 0 3 3 2 2 2 2
1553896729 341 28 11 9 8 7 0 0 4 0 4 3 0 0 3 3 2 2 2 2
1557798781 342 28 11 9 8 7 0 0 4 0 4 3 0 0 3 3 2 2 2 2
1566930626 342 28 11 9 8 7 0 0 4 0 4 3 0 0 3 3 2 2 2 2
1567037317 342 28 11 9 8 7 0 0 4 0 4 3 0 0 3 3 2 2 2 2
1567044935 343 28 11 9 8 7 0 0 4 0 4 3 0 0 3 3 2 2 2 2
1567045885 344 28 11 9 8 7 0 0 4 0 4 3 0 0 3 3 2 2 2 2
1567413831 344 28 11 9 8 7 0 0 4 0 4 3 0 0 3 3 2 2 2 2
1567455496 345 28 11 9 8 7 0 0 4 0 4 3 0 0 3 3 2 2 2 2
1567455932 346 28 11 9 8 7 0 0 4 0 4 3 0 0 3 3 2 2 2 2
1568167776 347 28 11 9 8 7 0 0 4 0 4 3 0 0 3 3 2 2 2 2
1568168792 348 28 11 9 8 7 0 0 4 0 4 3 0 0 3 3 2 2 2 2
1568168965 349 28 11 9 8 7 0 0 4 0 4 3 0 0 3 3 2 2 2 2
1568169302 350 28 11 9 8 7 0 0 4 0 4 3 0 0 3 3 2 2 2 2
1568224808 351 28 11 9 8 7 0 0 4 0 4 3 0 0 3 3 2 2 2 2
1568225179 352 28 11 9 8 7 0 0 4 0 4 3 0 0 3 3 2 2 2 2
1568312185 353 28 11 9 8 7 0 0 4 0 4 3 0 0 3 3 2 2 2 2
1568313098 354 28 11 9 8 7 0 0 4 0 4 3 0 0 3 3 2 2 2 2
1568685094 355 28 11 9 8 7 0 0 4 0 4 3 0 0 3 3 2 2 2 2
1570069354 356 28 11 9 8 7 0 0 4 0 4 3 0 0 3 3 2 2 2 2
1570070121 357 28 11 9 8 7 0 0 4 0 4 3 0 0 3 3 2 2 2 2
1570070855 358 28 11 9 8 7 0 0 4 0 4 3 0 0 3 3 2 2 2 2
1579663664 359 28 11 9 8 7 0 0 4 0 4 3 0 0 3 3 2 2 2 2
1579663678 360 28 11 9 8 7 0 0 4 0 4 3 0 0 3 3 2 2 2 2
1579663697 361 28 11 9 8 7 0 0 4 0 4 3 0 0 3 3 2 2 2 2
1579664732 362 28 11 9 8 7 0 0 4 0 4 3 0 0 3 3 2 2 2 2
1579668243 363 28 11 9 8 7 0 0 4 0 4 3 0 0 3 3 2 2 2 2
1579668477 364 28 11 9 8 7 0 0 4 0 4 3 0 0 3 3 2 2 2 2
1579669317 365 28 11 9 8 7 0 0 4 0 4 3 0 0 3 3 2 2 2 2
1584552578 365 28 11 9 8 7 0 0 4 0 4 3 0 1 3 3 2 2 2 2
1584554414 365 28 11 9 8 7 0 0 4 0 4 3 0 2 3 3 2 2 2 2
1584556449 365 28 11 9 8 7 0 0 4 0 4 3 0 3 3 3 2 2 2 2
1584568880 366 28 11 9 8 7 0 0 4 0 4 3 0 3 3 3 2 2 2 2
1592423138 367 28 11 9 8 7 0 0 4 0 4 3 0 3 3 3 2 2 2 2
1592423907 368 28 11 9 8 7 0 0 4 0 4 3 0 3 3 3 2 2 2 2
1604225636 368 28 11 9 8 7 0 0 4 1 4 3 0 3 3 3 2 2 2 2
1604225734 368 28 11 9 8 7 0 0 4 2 4 3 0 3 3 3 2 2 2 2
1604226289 368 28 11 9 8 7 0 0 4 3 4 3 0 3 3 3 2 2 2 2
1604336485 369 28 11 9 8 7 0 0 4 3 4 3 0 3 3 3 2 2 2 2
1604349151 369 28 11 9 8 7 0 0 4 4 4 3 0 3 3 3 2 2 2 2
1604375502 370 28 11 9 8 7 0 0 4 4 4 3 0 3 3 3 2 2 2 2
1607456662 371 28 11 9 8 7 0 0 4 4 4 3 0 3 3 3 2 2 2 2
1607465924 372 28 11 9 8 7 0 0 4 4 4 3 0 3 3 3 2 2 2 2
1612658817 373 28 11 9 8 7 0 0 4 4 4 3 0 3 3 3 2 2 2 2
1612661680 374 28 11 9 8 7 0 0 4 4 4 3 0 3 3 3 2 2 2 2
1612662006 375 28 11 9 8 7 0 0 4 4 4 3 0 3 3 3 2 2 2 2
1613012346 376 28 11 9 8 7 0 0 4 4 4 3 0 3 3 3 2 2 2 2
1613183648 377 28 11 9 8 7 0 0 4 4 4 3 0 3 3 3 2 2 2 2
1617493000 377 28 11 9 8 7 1 0 4 4 4 3 0 3 3 3 2 2 2 2
1617741155 377 28 11 9 8 7 2 0 4 4 4 3 0 3 3 3 2 2 2 2
1617741681 377 28 11 9 8 7 3 0 4 4 4 3 0 3 3 3 2 2 2 2
1617753332 377 28 11 9 8 7 4 0 4 4 4 3 0 3 3 3 2 2 2 2
1618267580 377 28 11 9 8 7 4 0 4 4 4 3 1 3 3 3 2 2 2 2
1618267670 377 28 11 9 8 7 4 0 4 4 4 3 2 3 3 3 2 2 2 2
1618268688 377 28 11 9 8 7 4 0 4 4 4 3 3 3 3 3 2 2 2 2
1621114760 381 28 11 9 8 7 4 0 4 4 4 3 3 3 3 3 2 2 2 2
1632878728 382 28 11 9 8 7 4 0 4 4 4 3 3 3 3 3 2 2 2 2
1632879216 383 28 11 9 8 7 4 0 4 4 4 3 3 3 3 3 2 2 2 2
1632879243 384 28 11 9 8 7 4 0 4 4 4 3 3 3 3 3 2 2 2 2
1632879685 385 28 11 9 8 7 4 0 4 4 4 3 3 3 3 3 2 2 2 2
1641440718 386 28 11 9 8 7 4 0 4 4 4 3 3 3 3 3 2 2 2 2
1641440995 387 28 11 9 8 7 4 0 4 4 4 3 3 3 3 3 2 2 2 2
1641441209 388 28 11 9 8 7 4 0 4 4 4 3 3 3 3 3 2 2 2 2
1651174078 389 28 11 9 8 7 4 0 4 4 4 3 3 3 3 3 2 2 2 2
1651240175 390 28 11 9 8 7 4 0 4 4 4 3 3 3 3 3 2 2 2 2
1651241188 391 28 11 9 8 7 4 0 4 4 4 3 3 3 3 3 2 2 2 2
1651588842 392 28 11 9 8 7 4 0 4 4 4 3 3 3 3 3 2 2 2 2
1651602062 393 28 11 9 8 7 4 0 4 4 4 3 3 3 3 3 2 2 2 2
1651602707 394 28 11 9 8 7 4 0 4 4 4 3 3 3 3 3 2 2 2 2
1651603281 395 28 11 9 8 7 4 0 4 4 4 3 3 3 3 3 2 2 2 2
1651603883 396 28 11 9 8 7 4 0 4 4 4 3 3 3 3 3 2 2 2 2
1651610258 397 28 11 9 8 7 4 0 4 4 4 3 3 3 3 3 2 2 2 2
1651613221 398 28 11 9 8 7 4 0 4 4 4 3 3 3 3 3 2 2 2 2
1651621600 399 28 11 9 8 7 4 0 4 4 4 3 3 3 3 3 2 2 2 2
1651625233 400 28 11 9 8 7 4 0 4 4 4 3 3 3 3 3 2 2 2 2
1651625862 401 28 11 9 8 7 4 0 4 4 4 3 3 3 3 3 2 2 2 2
1651626861 402 28 11 9 8 7 4 0 4 4 4 3 3 3 3 3 2 2 2 2
1651626926 403 28 11 9 8 7 4 0 4 4 4 3 3 3 3 3 2 2 2 2
1651884462 404 28 11 9 8 7 4 0 4 4 4 3 3 3 3 3 2 2 2 2
1651884770 405 28 11 9 8 7 4 0 4 4 4 3 3 3 3 3 2 2 2 2
1651884854 406 28 11 9 8 7 4 0 4 4 4 3 3 3 3 3 2 2 2 2
1651885142 407 28 11 9 8 7 4 0 4 4 4 3 3 3 3 3 2 2 2 2
1659577946 408 28 11 9 8 7 4 0 4 4 4 3 3 3 3 3 2 2 2 2
1659578550 409 28 11 9 8 7 4 0 4 4 4 3 3 3 3 3 2 2 2 2
1659624898 410 28 11 9 8 7 4 0 4 4 4 3 3 3 3 3 2 2 2 2
1659625572 411 28 11 9 8 7 4 0 4 4 4 3 3 3 3 3 2 2 2 2
1683061200 412 28 11 9 8 7 4 0 4 4 4 3 3 3 3 3 2 2 2 2
1683062144 413 28 11 9 8 7 4 0 4 4 4 3 3 3 3 3 2 2 2 2
1683062333 414 28 11 9 8 7 4 0 4 4 4 3 3 3 3 3 2 2 2 2
1683072796 415 28 11 9 8 7 4 0 4 4 4 3 3 3 3 3 2 2 2 2
1683122206 416 28 11 9 8 7 4 0 4 4 4 3 3 3 3 3 2 2 2 2
1683126535 417 28 11 9 8 7 4 0 4 4 4 3 3 3 3 3 2 2 2 2
1683664426 417 28 11 9 8 7 4 1 4 4 4 3 3 3 3 3 2 2 2 2
1683664535 417 28 11 9 8 7 4 2 4 4 4 3 3 3 3 3 2 2 2 2
1683664887 417 28 11 9 8 7 4 3 4 4 4 3 3 3 3 3 2 2 2 2
1683677700 417 28 11 9 8 7 4 4 4 4 4 3 3 3 3 3 2 2 2 2
1683679913 418 28 11 9 8 7 4 4 4 4 4 3 3 3 3 3 2 2 2 2
1683684814 419 28 11 9 8 7 4 4 4 4 4 3 3 3 3 3 2 2 2 2
1683686251 420 28 11 9 8 7 4 4 4 4 4 3 3 3 3 3 2 2 2 2
