1404858559 670
1404874226 860
1404874471 895
1404874884 922
1404874970 924
1404875082 930
1404920481 965
1404923181 973
1405393723 1047
1405394024 1103
1405394121 1103
1405394484 1078
1405395521 1093
1405442934 1089
1405446304 1089
1405446775 1093
1406553145 1095
1406840259 1108
1407437364 1043
1407513685 1105
1407515378 1167
1407789026 1173
1407789465 1184
1408463650 1184
1408797256 1184
1409840750 1184
1412115581 1234
1412115935 1243
1412116178 1247
1412116235 1247
1412542845 1261
1412544214 1288
1412601798 1348
1413940506 1348
1413940574 1352
1414979509 1396
1414980594 1396
1416577455 1396
1416975145 1445
1417570572 1445
1418594783 1451
1422216266 1680
1422216385 1694
1422644820 1695
1422656373 1767
1422670992 1789
1423537765 1789
1423538146 1789
1423540434 1852
1423540903 1852
1423541041 1856
1424396893 1856
1424748052 1869
1424989123 1820
1425410081 1870
1425412862 1881
1427727986 1883
1428706458 2382
1428719555 2385
1428719730 2385
1428719762 2386
1428891601 2391
1430140836 2412
1430271653 2412
1431050278 2414
1432000164 2290
1432000310 2294
1432060900 2301
1432130157 2304
1433363733 2291
1434826909 2418
1434827014 2418
1434827058 2418
1434828003 2418
1438610584 2424
1440534944 2440
1440535421 2448
1440535643 2448
1440535805 2447
1440598303 2447
1440598814 2449
1442458666 2573
1442458769 2573
1442930028 2573
1442942835 2576
1442943149 2580
1443469372 2580
1445475023 2581
1445475123 2581
1445719923 2581
1445720427 2575
1445720781 2561
1445748449 2565
1445798053 2565
1445798251 2574
1445996985 2562
1447428184 3066
1447428275 3070
1448114679 3074
1448489786 3080
1448489820 3080
1453149004 3115
1453769333 3115
1453920586 3152
1453920836 3157
1455593926 3245
1456196625 3282
1456196688 3282
1456844521 3283
1458655244 4085
1458748508 4208
1458748810 4213
1460211231 4270
1460211599 4275
1460307212 4276
1460307309 4281
1460315106 4312
1463004567 4314
1466370528 4316
1466728003 4363
1466728117 4368
1468292082 4388
1468292235 4393
1468377424 4756
1468786880 4764
1470664933 5261
1470665738 5266
1470836876 5266
1471961181 5289
1471961345 5294
1472323836 5302
1472411594 5334
1473818682 5936
1473818914 5936
1473818980 5936
1473820085 5936
1473947929 5936
1473948606 5941
1476309278 5941
1476467618 5941
1477529172 5941
1478027826 5941
1479446197 5941
1479446588 5941
1479446731 5941
1479479311 5950
1479480580 5952
1481576158 5952
1482442057 5952
1482453249 6012
1483038848 6022
1483039454 6022
1484060880 6022
1485878190 6022
1485883952 6032
1485903818 6046
1494612711 6046
1494612918 6050
1494860051 6089
1494860204 6093
1496284694 6127
1496285019 6134
1496369676 6177
1496370184 6176
1496370721 6183
1496441800 6301
1497967495 6301
1500407088 6341
1500407232 6345
1502934815 6341
1503323974 6342
1503752935 6351
1503863836 6358
1505253558 6358
1505947278 6364
1506013506 6354
1506015461 6362
1506215627 6365
1506282190 6381
1506288887 6380
1506609705 6446
1507322103 6450
1507322419 6462
1507421290 6510
1508337831 6527
1508376635 6554
1509392731 6554
1510001464 6554
1510259368 6558
1510323845 6558
1510323929 6562
1511357102 6563
1516038349 6643
1516042146 6785
1516199473 6789
1516556054 6801
1516556456 6807
1517768465 6903
1517769104 6951
1517883785 6961
1517883999 6966
1519245725 7014
1519246043 7020
1520521791 7110
1520522159 7115
1520566791 7130
1520719374 7188
1520719901 7199
1522437950 7203
1525701307 7216
1525701783 7222
1533411834 7222
1533412355 7226
1537279698 7226
1537279832 7230
1538228401 7230
1539611029 7231
1539611112 7235
1539611589 7235
1540228093 7235
1542461804 7235
1543244674 7235
1543244820 7239
1544565421 7244
1544565567 7250
1544802448 7300
1549748910 7308
1551896004 7669
1551896138 7674
1553885665 7674
1553885839 7678
1553886251 7677
1553896729 7680
1557798781 7736
1567044935 7739
1567045885 7759
1567455496 7759
1567455932 7763
1568685094 7755
1570070855 7747
1579669317 7755
1584568880 7823
1592423138 7822
1592423907 7822
1604336485 7871
1604375502 7873
1607456662 7875
1607465924 7875
1612658817 7879
1612661680 7879
1612662006 7879
1613012346 7879
1613183648 7883
1621114760 8078
1632879216 8064
1632879243 8068
1632879685 8067
1641440718 8071
1641440995 8071
1641441209 8067
1651884770 8981
1651884854 8981
1651885142 8981
1659578550 8986
1659625572 8997
1683072796 9021
1683126535 9021
1683679913 9037
1683684814 9041
1683686251 9041
