1404858559 670 0 0 0 0 0 0 0 0 0 0 0 0 0 0 0 0 0 0 0
1404874226 919 0 0 0 0 0 0 0 0 0 0 0 0 0 0 0 0 0 0 0
1404874471 956 0 0 0 0 0 0 0 0 0 0 0 0 0 0 0 0 0 0 0
1404874884 983 0 0 0 0 0 0 0 0 0 0 0 0 0 0 0 0 0 0 0
1404874970 985 0 0 0 0 0 0 0 0 0 0 0 0 0 0 0 0 0 0 0
1404875082 991 0 0 0 0 0 0 0 0 0 0 0 0 0 0 0 0 0 0 0
1404920481 1028 0 0 0 0 0 0 0 0 0 0 0 0 0 0 0 0 0 0 0
1404923181 1042 0 0 0 0 0 0 0 0 0 0 0 0 0 0 0 0 0 0 0
1405393723 1161 0 0 0 0 0 0 0 0 0 0 0 0 0 0 0 0 0 0 0
1405394024 1267 0 0 0 0 0 0 0 0 0 0 0 0 0 0 0 0 0 0 0
1405394121 1268 0 0 0 0 0 0 0 0 0 0 0 0 0 0 0 0 0 0 0
1405394484 1285 0 0 0 0 0 0 0 0 0 0 0 0 0 0 0 0 0 0 0
1405395521 1303 0 0 0 0 0 0 0 0 0 0 0 0 0 0 0 0 0 0 0
1405442934 1303 0 0 0 0 0 0 0 0 0 0 0 0 0 0 0 0 0 0 0
1405446304 1308 0 0 0 0 0 0 0 0 0 0 0 0 0 0 0 0 0 0 0
1405446775 1313 0 0 0 0 0 0 0 0 0 0 0 0 0 0 0 0 0 0 0
1406553145 1378 0 0 0 0 0 0 0 0 0 0 0 0 0 0 0 0 0 0 0
1406840259 1391 0 0 0 0 0 0 0 0 0 0 0 0 0 0 0 0 0 0 0
1407437364 1535 0 0 0 0 0 0 0 0 0 0 0 0 0 0 0 0 0 0 0
1407513685 1674 0 0 0 0 0 0 0 0 0 0 0 0 0 0 0 0 0 0 0
1407515378 1736 0 0 0 0 0 0 0 0 0 0 0 0 0 0 0 0 0 0 0
1407789026 1742 0 0 0 0 0 0 0 0 0 0 0 0 0 0 0 0 0 0 0
1407789465 1754 0 0 0 0 0 0 0 0 0 0 0 0 0 0 0 0 0 0 0
1408433057 1754 0 0 0 0 0 0 0 0 0 0 0 0 0 0 0 0 1 0 0
1408463650 1754 0 0 0 0 0 0 0 0 0 0 0 0 0 0 0 0 1 0 0
1408797256 1755 0 0 0 0 0 0 0 0 0 0 0 0 0 0 0 0 1 0 0
1409840750 1756 0 0 0 0 0 0 0 0 0 0 0 0 0 0 0 0 1 0 0
1412115581 1807 0 0 0 0 0 0 0 0 0 0 0 0 0 0 0 0 1 0 0
1412115935 1818 0 0 0 0 0 0 0 0 0 0 0 0 0 0 0 0 1 0 0
1412116178 1826 0 0 0 0 0 0 0 0 0 0 0 0 0 0 0 0 1 0 0
1412116235 1827 0 0 0 0 0 0 0 0 0 0 0 0 0 0 0 0 1 0 0
1412542845 1844 0 0 0 0 0 0 0 0 0 0 0 0 0 0 0 0 1 0 0
1412544214 1872 0 0 0 0 0 0 0 0 0 0 0 0 0 0 0 0 1 0 0
1412601798 1938 0 0 0 0 0 0 0 0 0 0 0 0 0 0 0 0 1 0 0
1413940506 1940 0 0 0 0 0 0 0 0 0 0 0 0 0 0 0 0 1 0 0
1413940574 1944 0 0 0 0 0 0 0 0 0 0 0 0 0 0 0 0 1 0 0
1414979509 2003 0 0 0 0 0 0 0 0 0 0 0 0 0 0 0 0 1 0 0
1414980594 2007 0 0 0 0 0 0 0 0 0 0 0 0 0 0 0 0 1 0 0
1416577455 2009 0 0 0 0 0 0 0 0 0 0 0 0 0 0 0 0 1 0 0
1416975145 2058 0 0 0 0 0 0 0 0 0 0 0 0 0 0 0 0 1 0 0
1417570572 2059 0 0 0 0 0 0 0 0 0 0 0 0 0 0 0 0 1 0 0
1418594783 2065 0 0 0 0 0 0 0 0 0 0 0 0 0 0 0 0 1 0 0
1422216266 2306 0 0 0 0 0 0 0 0 0 0 0 0 0 0 0 0 1 0 0
1422216385 2320 0 0 0 0 0 0 0 0 0 0 0 0 0 0 0 0 1 0 0
1422644820 2370 0 0 0 0 0 0 0 0 0 0 0 0 0 0 0 0 1 0 0
1422656373 2448 0 0 0 0 0 0 0 0 0 0 0 0 0 0 0 0 1 0 0
1422670992 2472 0 0 0 0 0 0 0 0 0 0 0 0 0 0 0 0 1 0 0
1423265326 2472 0 0 0 0 0 0 0 0 0 0 0 0 0 0 0 0 1 0 0
1423537765 2481 0 0 0 0 0 0 0 0 0 0 0 0 0 0 0 0 1 0 0
1423538146 2481 0 0 0 0 0 0 0 0 0 0 0 0 0 0 0 0 1 0 0
1423540434 2548 0 0 0 0 0 0 0 0 0 0 0 0 0 0 0 0 1 0 0
1423540903 2550 0 0 0 0 0 0 0 0 0 0 0 0 0 0 0 0 1 0 0
1423541041 2554 0 0 0 0 0 0 0 0 0 0 0 0 0 0 0 0 1 0 0
1424292558 2554 0 0 0 0 0 0 0 0 0 0 0 0 0 0 0 0 1 18 0
1424292705 2554 0 0 0 0 0 0 0 0 0 0 0 0 0 0 0 0 1 18 0
1424375329 2554 0 0 0 0 0 0 0 0 0 0 0 0 0 0 0 0 1 18 0
1424396893 2554 0 0 0 0 0 0 0 0 0 0 0 0 0 0 0 0 1 18 0
1424448771 2654 0 0 0 0 0 0 0 0 0 0 0 0 0 0 0 0 1 18 0
1424748052 2694 0 0 0 0 0 0 0 0 0 0 0 0 0 0 0 0 1 18 0
1424748404 2694 0 0 0 0 0 0 0 0 0 0 0 0 0 0 0 0 1 18 0
1424989123 2714 0 0 0 0 0 0 0 0 0 0 0 0 0 0 0 0 1 18 0
1424989402 2714 0 0 0 0 0 0 0 0 0 0 0 0 0 0 0 0 1 18 0
1425387932 2714 0 0 0 0 0 0 0 0 0 0 0 0 0 0 0 0 1 18 0
1425410081 2714 0 0 0 0 0 0 0 0 0 0 0 0 0 0 0 0 1 18 0
1425412862 2740 0 0 0 0 0 0 0 0 0 0 0 0 0 0 0 0 1 18 0
1425412977 3135 0 0 0 0 0 0 0 0 0 0 0 0 0 0 0 0 1 18 0
1427234962 3228 0 0 0 0 0 0 0 0 0 0 0 0 0 0 0 0 1 18 0
1427311584 3253 0 0 0 0 0 0 0 0 0 0 0 0 0 0 0 0 1 18 0
1427316918 3253 0 0 0 0 0 0 0 0 0 0 0 0 0 0 0 0 1 18 0
1427317578 3272 0 0 0 0 0 0 0 0 0 0 0 0 0 0 0 0 1 18 0
1427685571 3272 0 0 0 223 0 0 0 0 0 0 0 0 0 0 0 0 1 18 0
1427726773 3272 0 0 0 223 0 0 0 0 0 0 0 0 0 0 0 0 1 18 0
1427726805 3274 0 0 0 223 0 0 0 0 0 0 0 0 0 0 0 0 1 18 0
1427727110 3280 0 0 0 223 0 0 0 0 0 0 0 0 0 0 0 0 1 18 0
1427727986 3282 0 0 0 223 0 0 0 0 0 0 0 0 0 0 0 0 1 18 0
1428706207 3284 0 0 0 223 0 0 0 0 0 0 0 0 0 0 0 0 1 18 0
1428706458 3284 0 0 0 223 0 0 0 0 0 0 0 0 0 0 0 0 1 18 0
1428719555 3290 0 0 0 223 0 0 0 0 0 0 0 0 0 0 0 0 1 18 0
1428719730 3291 0 0 0 223 0 0 0 0 0 0 0 0 0 0 0 0 1 18 0
1428719762 3292 0 0 0 223 0 0 0 0 0 0 0 0 0 0 0 0 1 18 0
1428891601 3297 0 0 0 223 0 0 0 0 0 0 0 0 0 0 0 0 1 18 0
1430140836 3319 0 0 0 223 0 0 0 0 0 0 0 0 0 0 0 0 1 18 0
1430271653 3320 0 0 0 223 0 0 0 0 0 0 0 0 0 0 0 0 1 18 0
1431050235 3320 0 0 0 223 0 0 0 0 0 0 0 0 0 0 0 0 1 18 0
1431050278 3320 0 0 0 223 0 0 0 0 0 0 0 0 0 0 0 0 1 18 0
1432000164 3383 0 0 0 223 0 0 0 0 0 0 0 0 0 0 0 0 1 18 0
1432000310 3387 0 0 0 223 0 0 0 0 0 0 0 0 0 0 0 0 1 18 0
1432060900 3394 0 0 0 223 0 0 0 0 0 0 0 0 0 0 0 0 1 18 0
1432130157 3397 0 0 0 223 0 0 0 0 0 0 0 0 0 0 0 0 1 18 0
1433363733 3504 0 0 0 223 0 0 0 0 0 0 0 0 0 0 0 0 1 18 0
1433864417 3559 0 0 0 223 0 0 0 0 0 0 0 0 0 0 0 0 1 18 0
1434059983 3578 0 0 0 223 0 0 0 0 0 0 0 0 0 0 0 0 1 18 0
1434146828 3679 0 0 0 223 0 0 0 0 0 0 0 0 0 0 0 0 1 18 0
1434826830 3718 0 0 0 223 0 0 0 0 0 0 0 0 0 0 0 0 1 18 0
1434826909 3718 0 0 0 223 0 0 0 0 0 0 0 0 0 0 0 0 1 18 0
1434827014 3720 0 0 0 223 0 0 0 0 0 0 0 0 0 0 0 0 1 18 0
1434827058 3722 0 0 0 223 0 0 0 0 0 0 0 0 0 0 0 0 1 18 0
1434828003 3723 0 0 0 223 0 0 0 0 0 0 0 0 0 0 0 0 1 18 0
1434829028 3723 0 0 0 223 0 0 0 0 0 0 0 0 0 0 0 0 1 18 0
1437406814 3723 0 0 0 223 0 0 0 0 0 0 0 0 0 0 0 0 1 18 222
1438091924 3725 0 0 0 223 0 0 0 0 0 0 0 0 0 0 0 0 1 18 222
1438610584 3733 0 0 0 223 0 0 0 0 0 0 0 0 0 0 0 0 1 18 222
1438613850 3733 0 0 0 223 0 0 0 0 0 0 0 0 0 0 0 0 1 18 222
1440496150 3733 0 0 0 223 0 0 0 0 0 0 0 0 0 0 0 0 1 18 222
1440534944 3757 0 0 0 223 0 0 0 0 0 0 0 0 0 0 0 0 1 18 222
1440535421 3766 0 0 0 223 0 0 0 0 0 0 0 0 0 0 0 0 1 18 222
1440535643 3767 0 0 0 223 0 0 0 0 0 0 0 0 0 0 0 0 1 18 222
1440535805 3767 0 0 0 223 0 0 0 0 0 0 0 0 0 0 0 0 1 18 222
1440537196 3767 0 0 0 223 0 0 0 0 0 0 0 0 0 0 0 0 1 18 222
1440538803 3767 0 0 0 223 0 0 0 0 0 0 0 0 0 0 0 0 1 18 222
1440598303 3769 0 0 0 223 0 0 0 0 0 0 0 0 0 0 0 0 1 18 222
1440598814 3771 0 0 0 223 0 0 0 0 0 0 0 0 0 0 0 0 1 18 222
1442437602 3775 0 0 0 223 0 0 0 0 0 0 0 0 0 0 0 0 1 18 222
1442438699 3775 0 0 0 223 0 0 0 0 0 0 0 0 0 0 0 0 1 18 222
1442439003 3781 0 0 0 223 0 0 0 0 0 0 0 0 0 0 0 0 1 18 222
1442441743 3781 0 0 0 223 0 0 0 0 0 0 0 0 0 0 0 0 1 18 258
1442455884 3781 0 0 0 223 0 0 0 0 0 0 0 0 0 0 0 0 1 18 258
1442455914 3781 0 0 0 223 0 0 0 0 0 0 0 0 0 0 0 0 1 18 258
1442457215 3792 0 0 0 223 0 0 0 0 0 0 0 0 0 0 0 0 1 18 258
1442457980 3817 0 0 0 223 0 0 0 0 0 0 0 0 0 0 0 0 1 18 258
1442458666 3817 0 0 0 223 0 0 0 0 0 0 0 0 0 0 0 0 1 18 258
1442458769 3819 0 0 0 223 0 0 0 0 0 0 0 0 0 0 0 0 1 18 258
1442930028 3820 0 0 0 223 0 0 0 0 0 0 0 0 0 0 0 0 1 18 258
1442942835 3825 0 0 0 223 0 0 0 0 0 0 0 0 0 0 0 0 1 18 258
1442943149 3829 0 0 0 223 0 0 0 0 0 0 0 0 0 0 0 0 1 18 258
1443368906 3829 0 0 0 223 0 0 0 0 0 0 0 0 0 0 0 0 1 18 258
1443469372 3829 0 0 0 223 0 0 0 0 0 0 0 0 0 0 0 0 1 18 258
1445466141 3829 0 0 0 223 0 0 0 0 0 0 0 0 0 0 0 0 1 18 258
1445475023 3829 0 0 0 223 0 0 0 0 0 0 0 0 0 0 0 0 1 18 258
1445475123 3831 0 0 0 223 0 0 0 0 0 0 0 0 0 0 0 0 1 18 258
1445719923 3852 0 0 0 223 0 0 0 0 0 0 0 0 0 0 0 0 1 18 258
1445720427 3882 0 0 0 223 0 0 0 0 0 0 0 0 0 0 0 0 1 18 258
1445720781 3884 0 0 0 223 0 0 0 0 0 0 0 0 0 0 0 0 1 18 258
1445741314 3884 0 0 0 223 0 0 0 0 0 0 0 0 0 0 0 0 5 18 258
1445748449 3884 0 0 0 223 0 0 0 0 0 0 0 0 0 0 0 0 5 18 258
1445798053 3888 0 0 0 223 0 0 0 0 0 0 0 0 0 0 0 0 5 18 258
1445798251 3897 0 0 0 223 0 0 0 0 0 0 0 0 0 0 0 0 5 18 258
1445996985 3897 0 0 0 223 0 0 0 0 0 0 0 0 0 0 0 0 5 18 258
1447426418 4488 0 0 0 223 0 0 0 0 0 0 0 0 0 0 0 0 5 18 258
1447428184 4488 0 0 0 223 0 0 0 0 0 0 0 0 0 0 0 0 5 18 258
1447428275 4492 0 0 0 223 0 0 0 0 0 0 0 0 0 0 0 0 5 18 258
1448114573 4496 0 0 0 223 0 0 0 0 0 0 0 0 0 0 0 0 5 18 258
1448114679 4496 0 0 0 223 0 0 0 0 0 0 0 0 0 0 0 0 5 18 258
1448489786 4502 0 0 0 223 0 0 0 0 0 0 0 0 0 0 0 0 5 18 258
1448489820 4503 0 0 0 223 0 0 0 0 0 0 0 0 0 0 0 0 5 18 258
1453147836 4503 0 0 0 224 0 0 0 0 0 0 0 0 0 0 0 0 5 18 258
1453147895 4503 0 0 0 261 0 0 0 0 0 0 0 0 0 0 0 0 5 18 258
1453147919 4503 0 0 0 266 0 0 0 0 0 0 0 0 0 0 0 0 5 18 258
1453149004 4503 0 0 0 266 0 0 0 0 0 0 0 0 0 0 0 0 5 18 258
1453769333 4507 0 0 0 266 0 0 0 0 0 0 0 0 0 0 0 0 5 18 258
1453777658 4570 0 0 0 266 0 0 0 0 0 0 0 0 0 0 0 0 5 18 258
1453920586 4570 0 0 0 266 0 0 0 0 0 0 0 0 0 0 0 0 5 18 258
1453920836 4579 0 0 0 266 0 0 0 0 0 0 0 0 0 0 0 0 5 18 258
1455593926 4700 0 0 0 266 0 0 0 0 0 0 0 0 0 0 0 0 5 18 258
1456196625 4742 0 0 0 266 0 0 0 0 0 0 0 0 0 0 0 0 5 18 258
1456196688 4743 0 0 0 266 0 0 0 0 0 0 0 0 0 0 0 0 5 18 258
1456834192 4743 0 0 0 266 0 0 0 0 0 0 0 0 0 0 0 0 5 18 258
1456844521 4743 0 0 0 266 0 0 0 0 0 202 0 0 0 0 0 0 5 18 258
1456964318 4743 0 197 0 266 0 0 0 0 0 202 0 0 0 0 0 0 5 18 258
1457480507 4743 0 293 0 266 0 0 0 0 0 202 0 0 0 0 0 0 5 18 258
1457641406 4743 0 390 0 266 0 0 0 0 0 202 0 0 0 0 0 0 5 18 258
1457644221 4743 0 466 0 266 0 0 0 0 0 202 0 0 0 0 0 0 5 18 258
1457644234 4743 0 469 0 266 0 0 0 0 0 202 0 0 0 0 0 0 5 18 258
1457647351 4743 0 471 0 266 0 0 0 0 0 202 0 0 0 0 0 0 5 18 258
1457647372 4743 0 515 0 266 0 0 0 0 0 202 0 0 0 0 0 0 5 18 258
1457647379 4743 0 574 0 266 0 0 0 0 0 202 0 0 0 0 0 0 5 18 258
1457647840 4743 0 574 0 266 0 0 0 0 0 204 0 0 0 0 0 0 5 18 258
1457648072 4743 0 574 0 266 0 0 0 0 0 204 0 0 0 0 0 0 5 18 258
1458508146 4743 0 597 0 266 0 0 0 0 0 204 0 0 0 0 0 0 5 18 258
1458508258 4743 0 597 0 266 0 0 0 0 0 204 0 0 0 0 0 0 5 18 258
1458605190 4743 0 642 0 266 0 0 0 0 0 204 0 0 0 0 0 0 5 18 258
1458655244 4743 0 642 0 266 0 0 0 0 0 204 0 0 0 0 0 0 5 18 258
1458748508 4997 0 642 0 266 0 0 0 0 0 204 0 0 0 0 0 0 5 18 258
1458748810 5004 0 642 0 266 0 0 0 0 0 204 0 0 0 0 0 0 5 18 258
1460204988 5004 0 642 59 266 0 0 0 0 0 204 0 0 0 0 0 0 5 18 258
1460211231 5004 0 642 59 266 0 0 0 0 0 204 0 0 0 0 0 0 5 18 258
1460211599 5014 0 642 59 266 0 0 0 0 0 204 0 0 0 0 0 0 5 18 258
1460270186 5014 1 642 59 266 0 0 0 0 0 204 0 0 0 0 0 0 5 18 258
1460307212 5014 1 642 59 266 0 0 0 0 0 204 0 0 0 0 0 0 5 18 258
1460307309 5021 1 642 59 266 0 0 0 0 0 204 0 0 0 0 0 0 5 18 258
1460315106 5052 1 642 59 266 0 0 0 0 0 204 0 0 0 0 0 0 5 18 258
1463004567 5054 1 642 59 266 0 0 0 0 0 204 0 0 0 0 0 0 5 18 258
1466370214 5150 1 642 59 266 0 0 0 0 0 204 0 0 0 0 0 0 5 18 258
1466370528 5152 1 642 59 266 0 0 0 0 0 204 0 0 0 0 0 0 5 18 258
1466727851 5200 1 642 59 266 0 0 0 0 0 204 0 0 0 0 0 0 5 18 258
1466728003 5200 1 642 59 266 0 0 0 0 0 204 0 0 0 0 0 0 5 18 258
1466728117 5342 1 642 59 266 0 0 0 0 0 204 0 0 0 0 0 0 5 18 258
1468241690 5342 1 642 59 266 0 0 0 0 0 204 0 0 0 0 0 0 5 18 258
1468292082 5342 1 642 59 266 0 0 0 0 0 204 0 0 0 0 0 0 5 18 258
1468292235 6652 1 642 59 266 0 0 0 0 0 204 0 0 0 0 0 0 5 18 258
1468377424 6652 1 642 59 266 0 0 0 0 0 204 0 0 0 0 0 0 5 18 258
1468378147 6652 1 642 59 266 0 0 0 0 0 204 0 0 0 0 0 0 5 18 258
1468378515 6664 1 642 59 266 0 0 0 0 0 204 0 0 0 0 0 0 5 18 258
1468591697 6664 1 642 59 266 0 0 0 0 0 204 6 0 0 0 0 0 5 18 258
1468592312 6664 1 642 59 266 0 0 0 0 0 204 9 0 0 0 0 0 5 18 258
1468592435 6664 1 642 59 266 0 0 0 0 0 204 14 0 0 0 0 0 5 18 258
1468613274 6664 1 642 59 266 0 0 0 0 0 204 14 0 0 0 0 0 5 18 258
1468783796 6698 1 642 59 266 0 0 0 0 0 204 14 0 0 0 0 0 5 18 258
1468786880 6698 1 642 59 266 0 0 0 0 0 204 14 0 0 0 0 0 5 18 258
1468787031 6698 1 642 59 266 0 0 0 0 0 204 14 0 0 0 0 0 5 18 258
1468787085 6700 1 642 59 266 0 0 0 0 0 204 14 0 0 0 0 0 5 18 258
1468787684 6701 1 642 59 266 0 0 0 0 0 204 14 0 0 0 0 0 5 18 258
1469399139 6701 1 642 59 266 0 0 0 0 0 204 14 0 0 0 0 0 5 18 258
1469993963 6701 1 642 474 266 0 0 0 0 0 204 14 0 0 0 0 0 5 18 258
1469995671 6701 1 642 483 266 0 0 0 0 0 204 14 0 0 0 0 0 5 18 258
1469995706 6701 1 642 489 266 0 0 0 0 0 204 14 0 0 0 0 0 5 18 258
1469996120 6701 1 642 499 266 0 0 0 0 0 204 14 0 0 0 0 0 5 18 258
1469997839 6701 1 642 510 266 0 0 0 0 0 204 14 0 0 0 0 0 5 18 258
1469999264 6701 1 642 559 266 0 0 0 0 0 204 14 0 0 0 0 0 5 18 258
1469999608 6701 1 642 559 266 0 0 0 0 0 204 14 0 0 0 0 0 5 18 258
1470167734 6738 1 642 559 266 0 0 0 0 0 204 14 0 0 0 0 0 5 18 258
1470664933 6738 1 642 559 266 0 0 0 0 0 204 14 0 0 0 0 0 5 18 258
1470665738 6745 1 642 559 266 0 0 0 0 0 204 14 0 0 0 0 0 5 18 258
1470709880 6745 1 642 559 266 0 0 0 0 0 204 14 0 0 0 0 0 5 18 258
1470710118 6746 1 642 559 266 0 0 0 0 0 204 14 0 0 0 0 0 5 18 258
1470825317 6746 1 642 559 266 0 0 0 0 0 204 14 0 0 0 0 0 5 18 258
1470836876 6746 1 642 559 266 0 0 0 0 0 204 14 0 0 0 0 0 5 18 258
1471531359 6755 1 642 559 266 0 0 0 0 0 204 14 0 0 0 0 0 5 18 258
1471942408 6755 10 642 559 266 0 0 0 0 0 204 14 0 0 0 0 0 5 18 258
1471942526 6755 29 642 559 266 0 0 0 0 0 204 14 0 0 0 0 0 5 18 258
1471961181 6755 29 642 559 266 0 0 0 0 0 204 14 0 0 0 0 0 5 18 258
1471961345 6763 29 642 559 266 0 0 0 0 0 204 14 0 0 0 0 0 5 18 258
1472187604 6763 36 642 559 266 0 0 0 0 0 204 14 0 0 0 0 0 5 18 258
1472194799 6763 49 642 559 266 0 0 0 0 0 204 14 0 0 0 0 0 5 18 258
1472196973 6763 114 642 559 266 0 0 0 0 0 204 14 0 0 0 0 0 5 18 258
1472197218 6763 123 642 559 266 0 0 0 0 0 204 14 0 0 0 0 0 5 18 258
1472288331 6763 354 642 559 266 0 0 0 0 0 204 14 0 0 0 0 0 5 18 258
1472323836 6776 354 642 559 266 0 0 0 0 0 204 14 0 0 0 0 0 5 18 258
1472386879 6776 356 642 559 266 0 0 0 0 0 204 14 0 0 0 0 0 5 18 258
1472411594 6808 356 642 559 266 0 0 0 0 0 204 14 0 0 0 0 0 5 18 258
1472417168 6808 356 642 559 266 0 0 0 0 0 204 14 0 0 0 0 0 5 18 258
1472417662 6810 356 642 559 266 0 0 0 0 0 204 14 0 0 0 0 0 5 18 258
1472466155 6810 403 642 559 266 0 0 0 0 0 204 14 0 0 0 0 0 5 18 258
1472468324 6810 707 642 559 266 0 0 0 0 0 204 14 0 0 0 0 0 5 18 258
1472469038 6810 739 642 559 266 0 0 0 0 0 204 14 0 0 0 0 0 5 18 258
1472469979 6810 772 642 559 266 0 0 0 0 0 204 14 0 0 0 0 0 5 18 258
1472470662 6810 774 642 559 266 0 0 0 0 0 204 14 0 0 0 0 0 5 18 258
1472471323 6810 775 642 559 266 0 0 0 0 0 204 14 0 0 0 0 0 5 18 258
1472610502 6810 775 642 559 266 0 0 0 0 0 204 14 0 0 0 0 0 5 18 258
1473813726 6810 775 642 559 266 0 0 0 0 0 204 14 0 0 0 0 0 5 18 258
1473818134 6828 775 642 559 266 0 0 0 0 0 204 14 0 0 0 0 0 5 18 258
1473818682 6828 775 642 559 266 0 0 0 0 0 204 14 0 0 0 0 0 5 18 258
1473818914 6830 775 642 559 266 0 0 0 0 0 204 14 0 0 0 0 0 5 18 258
1473818980 6831 775 642 559 266 0 0 0 0 0 204 14 0 0 0 0 0 5 18 258
1473820085 6832 775 642 559 266 0 0 0 0 0 204 14 0 0 0 0 0 5 18 258
1473947929 6835 775 642 559 266 0 0 0 0 0 204 14 0 0 0 0 0 5 18 258
1473948606 6841 775 642 559 266 0 0 0 0 0 204 14 0 0 0 0 0 5 18 258
1476309278 6842 775 642 559 266 0 0 0 0 0 204 14 0 0 0 0 0 5 18 258
1476466364 6842 775 642 559 268 0 0 0 0 0 204 14 0 0 0 0 0 5 18 258
1476467618 6842 775 642 559 268 0 0 0 0 0 204 14 0 0 0 0 0 5 18 258
1477529172 6843 775 642 559 268 0 0 0 0 0 204 14 0 0 0 0 0 5 18 258
1478020820 6843 775 642 559 268 0 0 0 0 0 204 14 0 0 0 0 0 5 18 258
1478027826 6843 775 642 559 268 0 0 0 0 0 204 14 0 0 0 0 0 5 18 258
1479446197 6844 775 642 559 268 0 0 0 0 0 204 14 0 0 0 0 0 5 18 258
1479446588 6846 775 642 559 268 0 0 0 0 0 204 14 0 0 0 0 0 5 18 258
1479446731 6850 775 642 559 268 0 0 0 0 0 204 14 0 0 0 0 0 5 18 258
1479479311 6850 775 642 559 268 0 0 0 0 0 204 14 0 0 0 0 0 5 18 258
1479480580 6856 775 642 559 268 0 0 0 0 0 204 14 0 0 0 0 0 5 18 258
1481576158 6858 775 642 559 268 0 0 0 0 0 204 14 0 0 0 0 0 5 18 258
1482442057 6963 775 642 559 268 0 0 0 0 0 204 14 0 0 0 0 0 5 18 258
1482442574 6965 775 642 559 268 0 0 0 0 0 204 14 0 0 0 0 0 5 18 258
1482447773 6966 775 642 559 268 0 0 0 0 0 204 14 0 0 0 0 0 5 18 258
1482453249 6966 775 642 559 268 0 0 0 0 0 204 14 0 0 0 0 0 5 18 258
1483009392 6966 775 642 559 268 0 0 0 0 0 204 14 0 0 0 0 0 5 18 258
1483038848 6966 775 642 559 268 0 0 0 0 0 204 14 0 0 0 0 0 5 18 258
1483038976 6969 775 642 559 268 0 0 0 0 0 204 14 0 0 0 0 0 5 18 258
1483039454 6969 775 642 559 268 0 0 0 0 0 204 14 0 0 0 0 0 5 18 258
1484027680 6969 775 642 559 268 0 0 0 0 0 204 14 0 0 0 0 0 5 18 258
1484060880 6969 775 642 559 268 0 0 0 0 0 204 14 0 0 0 0 0 5 18 258
1484821430 6969 775 642 559 268 0 0 0 0 0 204 14 0 0 0 0 0 5 18 258
1485821756 6969 776 642 559 268 0 0 0 0 0 204 14 0 0 0 0 0 5 18 258
1485878190 6969 776 642 559 268 0 0 0 0 0 204 14 0 0 0 0 0 5 18 258
1485883952 6980 776 642 559 268 0 0 0 0 0 204 14 0 0 0 0 0 5 18 258
1485903818 6997 776 642 559 268 0 0 0 0 0 204 14 0 0 0 0 0 5 18 258
1494571572 6997 778 642 559 268 0 0 0 0 0 204 14 0 0 0 0 0 5 18 258
1494612711 6997 778 642 559 268 0 0 0 0 0 204 14 0 0 0 0 0 5 18 258
1494612918 7002 778 642 559 268 0 0 0 0 0 204 14 0 0 0 0 0 5 18 258
1494748606 7002 778 642 559 268 0 0 0 0 0 204 14 0 0 0 0 0 5 18 258
1494791484 7015 778 642 559 268 0 0 0 0 0 204 14 0 0 0 0 0 5 18 258
1494819464 7015 778 642 559 268 0 0 0 0 0 204 14 0 0 0 0 1 5 18 258
1494821793 7015 778 642 559 268 0 0 0 0 0 204 14 0 0 0 0 27 5 18 258
1494860051 7015 778 642 559 268 0 0 0 0 0 204 14 0 0 0 0 27 5 18 258
1494860204 7020 778 642 559 268 0 0 0 0 0 204 14 0 0 0 0 27 5 18 258
1495042700 7020 778 642 559 268 0 0 0 0 0 204 14 0 0 0 0 27 5 18 258
1495042900 7020 778 642 559 268 0 0 0 0 0 204 14 0 0 0 0 27 5 18 258
1495411221 7020 825 642 559 268 0 0 0 0 0 204 14 0 0 0 0 27 5 18 258
1495413845 7020 920 642 559 268 0 0 0 0 0 204 14 0 0 0 0 27 5 18 258
1495413978 7020 922 642 559 268 0 0 0 0 0 204 14 0 0 0 0 27 5 18 258
1495467531 7020 922 642 559 268 0 0 0 0 0 204 14 0 0 0 0 27 5 18 258
1496167119 7110 922 642 559 268 0 0 0 0 0 204 14 0 0 0 0 27 5 18 258
1496277493 7110 927 642 559 268 0 0 0 0 0 204 14 0 0 0 0 27 5 18 258
1496277525 7110 949 642 559 268 0 0 0 0 0 204 14 0 0 0 0 27 5 18 258
1496277794 7110 957 642 559 268 0 0 0 0 0 204 14 0 0 0 0 27 5 18 258
1496278847 7110 957 642 559 268 0 0 0 0 0 204 14 0 0 0 0 27 5 18 258
1496283987 7110 957 642 559 268 0 0 0 0 0 204 14 0 0 0 0 27 5 18 258
1496284694 7110 957 642 559 268 0 0 0 0 0 204 14 0 0 0 0 27 5 18 258
1496285019 7120 957 642 559 268 0 0 0 0 0 204 14 0 0 0 0 27 5 18 258
1496369145 7122 957 642 559 268 0 0 0 0 0 204 14 0 0 0 0 27 5 18 258
1496369676 7122 957 642 559 268 0 0 0 0 0 204 14 0 0 0 0 27 5 18 258
1496370184 7133 957 642 559 268 0 0 0 0 0 204 14 0 0 0 0 27 5 18 258
1496370721 7141 957 642 559 268 0 0 0 0 0 204 14 0 0 0 0 27 5 18 258
1496441800 7275 957 642 559 268 0 0 0 0 0 204 14 0 0 0 0 27 5 18 258
1497967495 7276 957 642 559 268 0 0 0 0 0 204 14 0 0 0 0 27 5 18 258
1500403999 7276 957 642 559 313 0 0 0 0 0 204 14 0 0 0 0 27 5 18 258
1500407088 7276 957 642 559 313 0 0 0 0 0 204 14 0 0 0 0 27 5 18 258
1502907633 7276 957 642 559 313 0 0 0 0 0 204 14 0 0 0 0 27 5 18 258
1502934815 7281 957 642 559 313 0 0 0 0 0 204 14 0 0 0 0 27 5 18 258
1503323974 7283 957 642 559 313 0 0 0 0 0 204 14 0 0 0 0 27 5 18 258
1503475302 7283 957 642 559 313 0 0 0 0 0 204 14 0 0 0 0 27 5 18 258
1503476369 7283 957 642 559 313 0 0 0 0 0 204 14 0 0 0 0 27 5 18 258
1503752502 7285 957 642 559 313 0 0 0 0 0 204 14 0 0 0 0 27 5 18 258
1503752935 7285 957 642 559 313 0 0 0 0 0 204 14 0 0 0 0 27 5 18 258
1503863836 7293 957 642 559 313 0 0 0 0 0 204 14 0 0 0 0 27 5 18 258
1505150696 7293 957 642 559 313 0 0 0 0 0 204 14 0 0 0 0 27 5 18 258
1505253558 7293 957 642 559 313 0 0 0 0 0 204 14 0 0 0 0 27 5 18 258
1505947278 7307 957 642 559 313 0 0 0 0 0 204 14 0 0 0 0 27 5 18 258
1506004765 7312 957 642 559 313 0 0 0 0 0 204 14 0 0 0 0 27 5 18 258
1506006928 7312 957 642 559 313 0 0 0 0 0 204 14 0 0 0 0 27 5 18 258
1506013506 7312 957 642 559 313 0 0 0 0 0 204 14 0 0 0 0 27 5 18 258
1506015461 7321 957 642 559 313 0 0 0 0 0 204 14 0 0 0 0 27 5 18 258
1506215627 7326 957 642 559 313 0 0 0 0 0 204 14 0 0 0 0 27 5 18 258
1506277325 7497 957 642 559 313 0 0 0 0 0 204 14 0 0 0 0 27 5 18 258
1506282190 7497 957 642 559 313 0 0 0 0 0 204 14 0 0 0 0 27 5 18 258
1506288887 7497 957 642 559 313 0 0 0 0 0 204 14 0 0 0 0 27 5 18 258
1506607847 7566 957 642 559 313 0 0 0 0 0 204 14 0 0 0 0 27 5 18 258
1506609705 7566 957 642 559 313 0 0 0 0 0 204 14 0 0 0 0 27 5 18 258
1507322103 7571 957 642 559 313 0 0 0 0 0 204 14 0 0 0 0 27 5 18 258
1507322419 7584 957 642 559 313 0 0 0 0 0 204 14 0 0 0 0 27 5 18 258
1507383563 7584 957 642 559 313 14 0 0 0 0 204 14 0 0 0 0 27 5 18 258
1507384510 7584 957 642 559 313 16 0 0 0 0 204 14 0 0 0 0 27 5 18 258
1507421290 7664 957 642 559 313 16 0 0 0 0 204 14 0 0 0 0 27 5 18 258
1507454567 7664 957 642 559 313 22 0 0 0 0 204 14 0 0 0 0 27 5 18 258
1507455391 7664 957 642 559 313 23 0 0 0 0 204 14 0 0 0 0 27 5 18 258
1508307441 7664 957 642 559 313 24 0 0 0 0 204 14 0 0 0 0 27 5 18 258
1508307457 7664 957 642 559 313 25 0 0 0 0 204 14 0 0 0 0 27 5 18 258
1508307758 7664 957 642 559 313 25 0 0 0 0 204 14 0 0 0 0 27 5 18 258
1508337831 7664 957 642 559 313 25 0 0 0 0 204 14 0 0 0 0 27 5 18 258
1508360888 7712 957 642 559 313 25 0 0 0 0 204 14 0 0 0 0 27 5 18 258
1508376635 7712 957 642 559 313 25 0 0 0 0 204 14 0 0 0 0 27 5 18 258
1509385795 7716 957 642 559 313 25 0 0 0 0 204 14 0 0 0 0 27 5 18 258
1509392731 7716 957 642 559 313 25 0 0 0 0 204 14 0 0 0 0 27 5 18 258
1509994475 7717 957 642 559 313 25 0 0 0 0 204 14 0 0 0 0 27 5 18 258
1510001464 7717 957 642 559 313 25 0 0 0 0 204 14 0 0 0 0 27 5 18 258
1510259368 7722 957 642 559 313 25 0 0 0 0 204 14 0 0 0 0 27 5 18 258
1510283004 7722 958 642 559 313 25 0 0 0 0 204 14 0 0 0 0 27 5 18 258
1510323845 7722 958 642 559 313 25 0 0 0 0 204 14 0 0 0 0 27 5 18 258
1510323929 7727 958 642 559 313 25 0 0 0 0 204 14 0 0 0 0 27 5 18 258
1511313641 7727 961 642 559 313 25 0 0 0 0 204 14 0 0 0 0 27 5 18 258
1511357102 7727 961 642 559 313 25 0 0 0 0 204 14 0 0 0 0 27 5 18 258
1515714267 7811 961 642 559 313 25 0 0 0 0 204 14 0 0 0 0 27 5 18 258
1515714683 7825 961 642 559 313 25 0 0 0 0 204 14 0 0 0 0 27 5 18 258
1516038349 7825 961 642 559 313 25 0 0 0 0 204 14 0 0 0 0 27 5 18 258
1516042146 8061 961 642 559 313 25 0 0 0 0 204 14 0 0 0 0 27 5 18 258
1516199473 8061 961 642 559 313 25 0 0 0 0 204 14 0 0 0 0 27 5 18 258
1516400076 8061 961 642 559 313 25 0 0 0 0 204 14 0 0 38 0 27 5 18 258
1516470171 8069 961 642 559 313 25 0 0 0 0 204 14 0 0 38 0 27 5 18 258
1516470405 8083 961 642 559 313 25 0 0 0 0 204 14 0 0 38 0 27 5 18 258
1516556054 8083 961 642 559 313 25 0 0 0 0 204 14 0 0 38 0 27 5 18 258
1516556456 8090 961 642 559 313 25 0 0 0 0 204 14 0 0 38 0 27 5 18 258
1516622988 8090 961 642 559 313 25 0 0 0 0 204 14 0 0 55 0 27 5 18 258
1516969339 8090 961 642 559 313 25 0 0 0 0 204 14 0 0 126 0 27 5 18 258
1517767410 8090 961 642 559 313 25 0 0 0 0 204 14 0 0 126 0 27 5 18 258
1517767741 8182 961 642 559 313 25 0 0 0 0 204 14 0 0 126 0 27 5 18 258
1517768465 8182 961 642 559 313 25 0 0 0 0 204 14 0 0 126 0 27 5 18 258
1517769104 8231 961 642 559 313 25 0 0 0 0 204 14 0 0 126 0 27 5 18 258
1517883329 8257 961 642 559 313 25 0 0 0 0 204 14 0 0 126 0 27 5 18 258
1517883785 8257 961 642 559 313 25 0 0 0 0 204 14 0 0 126 0 27 5 18 258
1517883999 8263 961 642 559 313 25 0 0 0 0 204 14 0 0 126 0 27 5 18 258
1518061786 8306 961 642 559 313 25 0 0 0 0 204 14 0 0 126 0 27 5 18 258
1518381095 8321 961 642 559 313 25 0 0 0 0 204 14 0 0 126 0 27 5 18 258
1518491680 8359 961 642 559 313 25 0 0 0 0 204 14 0 0 126 0 27 5 18 258
1518491888 8359 961 642 559 313 25 0 0 0 0 204 14 0 0 126 0 27 5 18 258
1519181600 8413 961 642 559 313 25 0 0 0 0 204 14 0 0 126 0 27 5 18 258
1519245725 8413 961 642 559 313 25 0 0 0 0 204 14 0 0 126 0 27 5 18 258
1519246043 8426 961 642 559 313 25 0 0 0 0 204 14 0 0 126 0 27 5 18 258
1520520464 8426 1057 642 559 313 25 0 0 0 0 204 14 0 0 126 0 27 5 18 258
1520521791 8426 1057 642 559 313 25 0 0 0 0 204 14 0 0 126 0 27 5 18 258
1520522159 8432 1057 642 559 313 25 0 0 0 0 204 14 0 0 126 0 27 5 18 258
1520565724 8447 1057 642 559 313 25 0 0 0 0 204 14 0 0 126 0 27 5 18 258
1520566791 8521 1057 642 559 313 25 0 0 0 0 204 14 0 0 126 0 27 5 18 258
1520714212 8523 1057 642 559 313 25 0 0 0 0 204 14 0 0 126 0 27 5 18 258
1520719374 8523 1057 642 559 313 25 0 0 0 0 204 14 0 0 126 0 27 5 18 258
1520719901 8535 1057 642 559 313 25 0 0 0 0 204 14 0 0 126 0 27 5 18 258
1522418880 8560 1057 642 559 313 25 0 0 0 0 204 14 0 0 126 0 27 5 18 258
1522437950 8560 1057 642 559 313 25 0 0 0 0 204 14 0 0 126 0 27 5 18 258
1525439891 8583 1057 642 559 313 25 0 0 0 0 204 14 0 0 126 0 27 5 18 258
1525701307 8583 1057 642 559 313 25 0 0 0 0 204 14 0 0 126 0 27 5 18 258
1525701783 8590 1057 642 559 313 25 0 0 0 0 204 14 0 0 126 0 27 5 18 258
1533405256 8590 1057 642 559 325 25 0 0 0 0 204 14 0 0 126 0 27 5 18 258
1533411834 8590 1057 642 559 325 25 0 0 0 0 204 14 0 0 126 0 27 5 18 258
1533412355 8595 1057 642 559 325 25 0 0 0 0 204 14 0 0 126 0 27 5 18 258
1536979034 8595 1057 642 559 325 25 0 0 0 0 204 14 0 0 126 0 27 5 18 258
1537279698 8595 1057 642 559 325 25 0 0 0 0 204 14 0 0 126 0 27 5 18 258
1537279832 8600 1057 642 559 325 25 0 0 0 0 204 14 0 0 126 0 27 5 18 258
1538156051 8600 1057 642 559 325 25 0 0 0 0 204 14 0 0 126 0 27 5 18 258
1538228401 8600 1057 642 559 325 25 0 0 0 0 204 14 0 0 126 0 27 5 18 258
1539610511 8601 1057 642 559 325 25 0 0 0 0 204 14 0 0 126 0 27 5 18 258
1539611029 8601 1057 642 559 325 25 0 0 0 0 204 14 0 0 126 0 27 5 18 258
1539611112 8711 1057 642 559 325 25 0 0 0 0 204 14 0 0 126 0 27 5 18 258
1539611589 8714 1057 642 559 325 25 0 0 0 0 204 14 0 0 126 0 27 5 18 258
1539790871 8714 1057 642 559 325 25 0 0 0 0 204 14 0 0 126 0 27 5 18 258
1540217750 8714 1057 642 559 325 25 0 0 0 0 204 14 0 0 126 0 27 5 18 258
1540228093 8714 1057 642 559 325 25 0 0 0 0 204 14 0 0 126 0 27 5 18 258
1542435304 8714 1057 642 559 325 25 0 0 0 0 204 14 0 0 126 0 27 5 18 258
1542461804 8714 1057 642 559 325 25 0 0 0 0 204 14 0 0 126 0 27 5 18 258
1543209499 8714 1057 642 559 326 25 0 0 0 0 204 14 0 0 126 0 27 5 18 258
1543244674 8714 1057 642 559 326 25 0 0 0 0 204 14 0 0 126 0 27 5 18 258
1543244820 8719 1057 642 559 326 25 0 0 0 0 204 14 0 0 126 0 27 5 18 258
1544562686 8727 1057 642 559 326 25 0 0 0 0 204 14 0 0 126 0 27 5 18 258
1544565421 8727 1057 642 559 326 25 0 0 0 0 204 14 0 0 126 0 27 5 18 258
1544565567 8734 1057 642 559 326 25 0 0 0 0 204 14 0 0 126 0 27 5 18 258
1544581314 8810 1057 642 559 326 25 0 0 0 0 204 14 0 0 126 0 27 5 18 258
1544581529 8810 1057 642 559 326 25 0 0 0 0 204 14 0 0 126 0 27 5 18 258
1544582384 8810 1057 642 559 326 25 0 0 0 0 204 14 0 0 126 0 27 5 18 258
1544583944 8818 1057 642 559 326 25 0 0 0 0 204 14 0 0 126 0 27 5 18 258
1544796080 8828 1057 642 559 326 25 0 0 0 0 204 14 0 0 126 0 27 5 18 258
1544802448 8828 1057 642 559 326 25 0 0 0 0 204 14 0 0 126 0 27 5 18 258
1549748328 8875 1057 642 559 326 25 0 0 0 0 204 14 0 0 126 0 27 5 18 258
1549748910 8875 1057 642 559 326 25 0 0 0 0 204 14 0 0 126 0 27 5 18 258
1551735053 8875 1057 642 559 326 25 0 0 349 0 204 14 0 0 126 0 27 5 18 258
1551737671 8875 1057 642 559 326 25 0 0 381 0 204 14 0 0 126 0 27 5 18 258
1551741071 8875 1057 642 559 326 25 0 0 392 0 204 14 0 0 126 0 27 5 18 258
1551741516 8875 1057 642 559 326 25 0 0 406 0 204 14 0 0 126 0 27 5 18 258
1551896004 8875 1057 642 559 326 25 0 0 406 0 204 14 0 0 126 0 27 5 18 258
1551896138 8881 1057 642 559 326 25 0 0 406 0 204 14 0 0 126 0 27 5 18 258
1553664969 8881 1057 642 559 326 25 0 0 406 0 204 14 0 0 126 17 27 5 18 258
1553665514 8881 1057 642 559 326 25 0 0 406 0 204 14 0 0 126 18 27 5 18 258
1553821757 8884 1057 642 559 326 25 0 0 406 0 204 14 0 0 126 18 27 5 18 258
1553822869 8884 1057 642 559 326 25 0 0 406 0 204 14 0 0 126 18 27 5 18 258
1553822960 8884 1057 642 559 326 25 0 0 406 0 204 14 0 0 126 18 27 5 18 258
1553825196 8884 1057 642 559 326 25 0 0 406 0 204 14 0 0 126 35 27 5 18 258
1553884335 8901 1057 642 559 326 25 0 0 406 0 204 14 0 0 126 35 27 5 18 258
1553885665 8901 1057 642 559 326 25 0 0 406 0 204 14 0 0 126 35 27 5 18 258
1553885839 8907 1057 642 559 326 25 0 0 406 0 204 14 0 0 126 35 27 5 18 258
1553886251 8907 1057 642 559 326 25 0 0 406 0 204 14 0 0 126 35 27 5 18 258
1553890506 8910 1057 642 559 326 25 0 0 406 0 204 14 0 0 126 35 27 5 18 258
1553896729 8910 1057 642 559 326 25 0 0 406 0 204 14 0 0 126 35 27 5 18 258
1557798781 8966 1057 642 559 326 25 0 0 406 0 204 14 0 0 126 35 27 5 18 258
1566930626 8966 1057 642 559 326 25 0 0 406 0 204 14 0 0 126 35 27 5 18 258
1567037317 8966 1057 642 559 326 25 0 0 406 0 204 14 0 0 126 35 27 5 18 258
1567044935 8966 1057 642 559 326 25 0 0 406 0 204 14 0 0 126 35 27 5 18 258
1567045885 9020 1057 642 559 326 25 0 0 406 0 204 14 0 0 126 35 27 5 18 258
1567413831 9020 1057 642 559 326 25 0 0 406 0 204 14 0 0 126 35 27 5 18 258
1567455496 9020 1057 642 559 326 25 0 0 406 0 204 14 0 0 126 35 27 5 18 258
1567455932 9025 1057 642 559 326 25 0 0 406 0 204 14 0 0 126 35 27 5 18 258
1568167776 9071 1057 642 559 326 25 0 0 406 0 204 14 0 0 126 35 27 5 18 258
1568168792 9078 1057 642 559 326 25 0 0 406 0 204 14 0 0 126 35 27 5 18 258
1568168965 9083 1057 642 559 326 25 0 0 406 0 204 14 0 0 126 35 27 5 18 258
1568169302 9088 1057 642 559 326 25 0 0 406 0 204 14 0 0 126 35 27 5 18 258
1568224808 9089 1057 642 559 326 25 0 0 406 0 204 14 0 0 126 35 27 5 18 258
1568225179 9089 1057 642 559 326 25 0 0 406 0 204 14 0 0 126 35 27 5 18 258
1568312185 9090 1057 642 559 326 25 0 0 406 0 204 14 0 0 126 35 27 5 18 258
1568313098 9091 1057 642 559 326 25 0 0 406 0 204 14 0 0 126 35 27 5 18 258
1568685094 9091 1057 642 559 326 25 0 0 406 0 204 14 0 0 126 35 27 5 18 258
1570069354 9100 1057 642 559 326 25 0 0 406 0 204 14 0 0 126 35 27 5 18 258
1570070121 9101 1057 642 559 326 25 0 0 406 0 204 14 0 0 126 35 27 5 18 258
1570070855 9101 1057 642 559 326 25 0 0 406 0 204 14 0 0 126 35 27 5 18 258
1579663664 9105 1057 642 559 326 25 0 0 406 0 204 14 0 0 126 35 27 5 18 258
1579663678 9113 1057 642 559 326 25 0 0 406 0 204 14 0 0 126 35 27 5 18 258
1579663697 9175 1057 642 559 326 25 0 0 406 0 204 14 0 0 126 35 27 5 18 258
1579664732 9176 1057 642 559 326 25 0 0 406 0 204 14 0 0 126 35 27 5 18 258
1579668243 9177 1057 642 559 326 25 0 0 406 0 204 14 0 0 126 35 27 5 18 258
1579668477 9178 1057 642 559 326 25 0 0 406 0 204 14 0 0 126 35 27 5 18 258
1579669317 9178 1057 642 559 326 25 0 0 406 0 204 14 0 0 126 35 27 5 18 258
1584552578 9178 1057 642 559 326 25 0 0 406 0 204 14 0 8 126 35 27 5 18 258
1584554414 9178 1057 642 559 326 25 0 0 406 0 204 14 0 60 126 35 27 5 18 258
1584556449 9178 1057 642 559 326 25 0 0 406 0 204 14 0 70 126 35 27 5 18 258
1584568880 9178 1057 642 559 326 25 0 0 406 0 204 14 0 70 126 35 27 5 18 258
1592423138 9183 1057 642 559 326 25 0 0 406 0 204 14 0 70 126 35 27 5 18 258
1592423907 9184 1057 642 559 326 25 0 0 406 0 204 14 0 70 126 35 27 5 18 258
1604225636 9184 1057 642 559 326 25 0 0 406 49 204 14 0 70 126 35 27 5 18 258
1604225734 9184 1057 642 559 326 25 0 0 406 50 204 14 0 70 126 35 27 5 18 258
1604226289 9184 1057 642 559 326 25 0 0 406 51 204 14 0 70 126 35 27 5 18 258
1604336485 9184 1057 642 559 326 25 0 0 406 51 204 14 0 70 126 35 27 5 18 258
1604349151 9184 1057 642 559 326 25 0 0 406 55 204 14 0 70 126 35 27 5 18 258
1604375502 9184 1057 642 559 326 25 0 0 406 55 204 14 0 70 126 35 27 5 18 258
1607456662 9186 1057 642 559 326 25 0 0 406 55 204 14 0 70 126 35 27 5 18 258
1607465924 9187 1057 642 559 326 25 0 0 406 55 204 14 0 70 126 35 27 5 18 258
1612658817 9192 1057 642 559 326 25 0 0 406 55 204 14 0 70 126 35 27 5 18 258
1612661680 9193 1057 642 559 326 25 0 0 406 55 204 14 0 70 126 35 27 5 18 258
1612662006 9194 1057 642 559 326 25 0 0 406 55 204 14 0 70 126 35 27 5 18 258
1613012346 9195 1057 642 559 326 25 0 0 406 55 204 14 0 70 126 35 27 5 18 258
1613183648 9199 1057 642 559 326 25 0 0 406 55 204 14 0 70 126 35 27 5 18 258
1617493000 9199 1057 642 559 326 25 104 0 406 55 204 14 0 70 126 35 27 5 18 258
1617741155 9199 1057 642 559 326 25 231 0 406 55 204 14 0 70 126 35 27 5 18 258
1617741681 9199 1057 642 559 326 25 325 0 406 55 204 14 0 70 126 35 27 5 18 258
1617753332 9199 1057 642 559 326 25 325 0 406 55 204 14 0 70 126 35 27 5 18 258
1618267580 9199 1057 642 559 326 25 325 0 406 55 204 14 3 70 126 35 27 5 18 258
1618267670 9199 1057 642 559 326 25 325 0 406 55 204 14 4 70 126 35 27 5 18 258
1618268688 9199 1057 642 559 326 25 325 0 406 55 204 14 5 70 126 35 27 5 18 258
1621114760 9337 1057 642 559 326 25 325 0 406 55 204 14 5 70 126 35 27 5 18 258
1632878728 9339 1057 642 559 326 25 325 0 406 55 204 14 5 70 126 35 27 5 18 258
1632879216 9339 1057 642 559 326 25 325 0 406 55 204 14 5 70 126 35 27 5 18 258
1632879243 9347 1057 642 559 326 25 325 0 406 55 204 14 5 70 126 35 27 5 18 258
1632879685 9348 1057 642 559 326 25 325 0 406 55 204 14 5 70 126 35 27 5 18 258
1641440718 9353 1057 642 559 326 25 325 0 406 55 204 14 5 70 126 35 27 5 18 258
1641440995 9354 1057 642 559 326 25 325 0 406 55 204 14 5 70 126 35 27 5 18 258
1641441209 9358 1057 642 559 326 25 325 0 406 55 204 14 5 70 126 35 27 5 18 258
1651174078 9402 1057 642 559 326 25 325 0 406 55 204 14 5 70 126 35 27 5 18 258
1651240175 9403 1057 642 559 326 25 325 0 406 55 204 14 5 70 126 35 27 5 18 258
1651241188 9403 1057 642 559 326 25 325 0 406 55 204 14 5 70 126 35 27 5 18 258
1651588842 9472 1057 642 559 326 25 325 0 406 55 204 14 5 70 126 35 27 5 18 258
1651602062 10121 1057 642 559 326 25 325 0 406 55 204 14 5 70 126 35 27 5 18 258
1651602707 10157 1057 642 559 326 25 325 0 406 55 204 14 5 70 126 35 27 5 18 258
1651603281 10251 1057 642 559 326 25 325 0 406 55 204 14 5 70 126 35 27 5 18 258
1651603883 10377 1057 642 559 326 25 325 0 406 55 204 14 5 70 126 35 27 5 18 258
1651610258 10413 1057 642 559 326 25 325 0 406 55 204 14 5 70 126 35 27 5 18 258
1651613221 10885 1057 642 559 326 25 325 0 406 55 204 14 5 70 126 35 27 5 18 258
1651621600 11642 1057 642 559 326 25 325 0 406 55 204 14 5 70 126 35 27 5 18 258
1651625233 11690 1057 642 559 326 25 325 0 406 55 204 14 5 70 126 35 27 5 18 258
1651625862 11698 1057 642 559 326 25 325 0 406 55 204 14 5 70 126 35 27 5 18 258
1651626861 11750 1057 642 559 326 25 325 0 406 55 204 14 5 70 126 35 27 5 18 258
1651626926 11755 1057 642 559 326 25 325 0 406 55 204 14 5 70 126 35 27 5 18 258
1651884462 11830 1057 642 559 326 25 325 0 406 55 204 14 5 70 126 35 27 5 18 258
1651884770 11830 1057 642 559 326 25 325 0 406 55 204 14 5 70 126 35 27 5 18 258
1651884854 11831 1057 642 559 326 25 325 0 406 55 204 14 5 70 126 35 27 5 18 258
1651885142 11832 1057 642 559 326 25 325 0 406 55 204 14 5 70 126 35 27 5 18 258
1659577946 11838 1057 642 559 326 25 325 0 406 55 204 14 5 70 126 35 27 5 18 258
1659578550 11838 1057 642 559 326 25 325 0 406 55 204 14 5 70 126 35 27 5 18 258
1659624898 11849 1057 642 559 326 25 325 0 406 55 204 14 5 70 126 35 27 5 18 258
1659625572 11849 1057 642 559 326 25 325 0 406 55 204 14 5 70 126 35 27 5 18 258
1683061200 11854 1057 642 559 326 25 325 0 406 55 204 14 5 70 126 35 27 5 18 258
1683062144 11883 1057 642 559 326 25 325 0 406 55 204 14 5 70 126 35 27 5 18 258
1683062333 11884 1057 642 559 326 25 325 0 406 55 204 14 5 70 126 35 27 5 18 258
1683072796 11884 1057 642 559 326 25 325 0 406 55 204 14 5 70 126 35 27 5 18 258
1683122206 11885 1057 642 559 326 25 325 0 406 55 204 14 5 70 126 35 27 5 18 258
1683126535 11885 1057 642 559 326 25 325 0 406 55 204 14 5 70 126 35 27 5 18 258
1683664426 11885 1057 642 559 326 25 325 3 406 55 204 14 5 70 126 35 27 5 18 258
1683664535 11885 1057 642 559 326 25 325 5 406 55 204 14 5 70 126 35 27 5 18 258
1683664887 11885 1057 642 559 326 25 325 20 406 55 204 14 5 70 126 35 27 5 18 258
1683677700 11885 1057 642 559 326 25 325 21 406 55 204 14 5 70 126 35 27 5 18 258
1683679913 11885 1057 642 559 326 25 325 21 406 55 204 14 5 70 126 35 27 5 18 258
1683684814 11890 1057 642 559 326 25 325 21 406 55 204 14 5 70 126 35 27 5 18 258
1683686251 11896 1057 642 559 326 25 325 21 406 55 204 14 5 70 126 35 27 5 18 258
