1645644364 0 0 1 0 0 0 0 0 0 0
1645649095 0 0 2 0 0 0 0 0 0 0
1648334628 0 0 3 0 0 0 0 0 0 0
1652819291 0 0 4 0 0 0 0 0 0 0
1653059830 1 0 5 0 0 0 0 0 0 0
1653230595 2 0 5 0 0 0 0 0 0 0
1654032641 2 0 6 0 0 0 0 0 0 0
1654104732 3 0 6 0 0 0 0 0 0 0
1654249547 4 0 6 0 0 0 0 0 0 0
1654296785 5 0 6 0 0 0 0 0 0 0
1654906851 6 0 6 0 0 0 0 0 0 0
1655264692 7 0 6 0 0 0 0 0 0 0
1655444318 8 0 6 0 0 0 0 0 0 0
1655745773 8 0 7 0 0 0 0 0 1 0
1655747914 8 0 8 0 0 0 0 0 1 0
1655783497 9 0 8 0 0 0 0 0 1 0
1655783515 10 0 8 0 0 0 0 0 1 0
1656385680 11 0 8 0 0 0 0 0 1 0
1659042860 12 0 8 0 0 0 0 0 1 0
1659044253 13 0 8 0 0 0 0 0 1 0
1659071773 14 0 8 0 0 0 0 0 1 0
1659152000 15 0 8 0 0 0 0 0 1 0
1659153708 16 0 8 0 0 0 0 0 1 0
1659374287 17 0 8 0 0 0 0 0 1 0
1659480856 18 0 8 0 0 0 0 0 1 0
1659564452 18 0 9 0 0 0 0 0 1 0
1659638900 19 3 9 0 0 0 0 0 1 0
1659732309 19 4 9 0 0 0 0 0 1 0
1659733698 19 5 9 0 0 0 0 0 1 0
1659733715 19 6 9 0 0 0 0 0 1 0
1659733952 19 7 9 0 0 0 0 0 1 0
1659916546 20 7 9 0 0 0 0 0 1 0
1661276813 20 8 9 0 0 0 0 0 1 0
1661575901 21 8 9 0 0 0 0 0 1 0
1662059357 22 8 9 0 0 0 0 0 1 0
1662067775 22 9 9 0 0 0 0 0 1 0
1662869978 22 10 9 0 0 0 0 0 1 0
1663096123 22 11 9 0 0 0 0 0 1 0
1663133734 23 11 9 0 0 0 0 0 1 0
1663624285 23 12 9 0 0 0 0 0 1 0
1664212814 23 13 9 0 0 0 0 0 1 0
1664214673 23 14 9 0 0 0 0 0 1 0
1664214686 23 15 9 0 0 0 0 0 1 0
1664838726 24 15 9 0 0 0 0 0 1 0
1664929378 24 16 9 0 0 0 0 0 1 0
1665158870 24 17 9 0 0 0 0 0 1 0
1665179674 24 18 9 0 0 0 0 0 1 0
1665182750 24 19 9 0 0 0 0 0 1 0
1667435168 25 19 9 0 0 0 0 0 1 0
1667455415 26 19 9 0 0 0 0 0 1 0
1667457528 27 19 9 0 0 0 0 0 1 0
1667492213 28 19 9 0 0 0 0 0 1 0
1667594570 29 19 9 0 0 0 0 0 1 0
1667893684 30 19 9 0 0 0 0 0 1 0
1668804568 31 19 9 0 0 0 0 0 1 0
1668812007 32 19 9 0 0 0 0 0 1 0
1668965622 33 19 9 0 0 1 0 0 1 0
1669255180 34 19 9 0 0 1 0 0 1 0
1669428736 35 19 9 0 0 1 0 0 1 0
1669837927 36 19 9 0 0 1 0 0 1 0
1669838167 37 19 9 0 0 1 0 0 1 0
1670112033 39 19 9 0 0 1 0 0 1 0
1670547408 40 19 9 0 0 1 0 0 1 0
1670549596 41 19 9 0 0 1 0 0 1 0
1670606490 42 19 9 0 0 2 0 0 1 0
1672817790 43 19 9 0 0 2 0 0 1 0
1672819006 44 19 9 0 0 2 0 0 1 0
1672971669 44 19 9 1 0 2 0 0 1 0
1673848428 45 19 9 1 0 2 0 0 1 0
1674036731 46 19 9 1 0 2 0 0 1 0
1674594700 47 19 9 1 0 2 0 0 1 0
1675141035 47 19 9 1 0 2 0 1 1 0
1675144637 47 19 9 4 0 2 0 1 1 0
1675316339 48 19 9 4 0 2 0 1 1 0
1675318015 49 19 9 4 0 2 0 1 1 0
1675601023 49 19 9 4 0 2 1 1 1 0
1675784119 50 19 9 4 0 2 1 1 1 0
1675884748 51 19 9 4 0 2 1 1 1 0
1675900397 52 19 9 4 0 2 1 1 1 0
1675900727 53 19 9 4 0 2 1 1 1 0
1675904698 54 19 9 4 0 2 1 1 1 0
1675987370 54 19 10 4 0 2 1 1 1 0
1676081314 55 19 10 4 0 2 1 1 1 0
1676509598 56 19 10 4 0 2 1 1 1 0
1676532322 57 19 10 4 0 2 1 1 1 0
1676651417 58 19 10 4 0 2 1 1 1 0
1676741772 59 19 10 4 0 2 1 1 1 0
1677143070 60 19 10 4 0 2 1 1 1 0
1677957496 61 19 10 4 0 2 1 1 1 0
1678227063 62 19 10 4 0 2 1 1 1 0
1679412547 62 19 11 4 0 2 1 1 1 0
1679416107 62 19 12 4 0 2 1 1 1 0
1679416827 62 19 13 4 0 2 1 1 1 0
1679507081 62 19 14 4 0 2 1 1 1 0
1679529007 62 19 15 4 0 2 1 1 1 0
1679628855 63 19 15 4 0 2 1 1 1 0
1680729135 64 19 15 4 0 2 1 1 1 0
1680733077 65 19 15 4 0 2 1 1 1 0
1680737703 66 19 15 4 0 2 1 1 1 0
1680979719 67 19 15 4 0 2 1 1 1 0
1681161893 68 19 16 4 0 2 1 1 1 0
1681171968 69 19 16 4 0 2 1 1 1 0
1681326168 70 19 16 4 0 2 1 1 1 0
1681340873 71 19 16 4 0 2 1 1 1 0
1681513776 71 19 16 5 0 2 1 1 1 0
1681775705 71 19 17 5 0 2 1 1 1 0
1682046995 71 19 17 5 0 2 1 1 1 1
1682354425 71 19 18 5 0 2 1 1 1 1
1683258307 71 19 18 5 1 2 1 1 1 1
1683308919 71 19 18 5 2 2 1 1 1 1
1683619600 71 19 18 7 2 2 1 1 1 1
1684858445 71 19 18 8 2 2 1 1 1 1
1684965132 72 19 18 8 2 2 1 1 1 1
1684973525 73 19 18 8 2 2 1 1 1 1
1684976414 74 19 18 8 2 2 1 1 1 1
1685050114 74 19 18 9 2 2 1 1 1 1
1686356487 74 19 18 10 2 2 1 1 1 1
1686356622 74 19 18 11 2 2 1 1 1 1
1686705158 74 19 18 12 2 2 1 1 1 1
1688438588 75 19 18 12 2 2 1 1 1 1
1689181756 76 19 18 12 2 2 1 1 1 1
1689183736 77 19 18 12 2 2 1 1 1 1
1689184588 78 19 18 12 2 2 1 1 1 1
