1568111174 1154
1571195448 1155
1571198445 1153
1571203104 1153
1573008010 1150
1573029286 1167
1573126627 1169
1573529721 1473
1573613614 1475
1574128863 1633
1577439554 1772
1577441003 1790
1578302210 1794
1578372255 1843
1578373273 1843
1579755121 1900
1579763246 1954
1581125970 1956
1583793466 2159
1583921890 2161
1585705887 2288
1586408540 2289
1587436182 2288
1588012357 2407
1588143805 2424
1588223816 2424
1588969979 2576
1589404454 2576
1589577256 2704
1590033120 2704
1590714029 2629
1591961693 2629
1594954404 2635
1595306278 2747
1595311525 2747
1596177447 2755
1596803025 2675
1596854006 2667
1597995389 2667
1601527760 2672
1601947837 2671
1602636080 2893
1602638905 2895
1604889867 2907
1604890331 2969
1611289240 2978
1612359560 2984
