1485259363 7292
1485866370 7293
1485866386 7302
1487166005 8008
1487177305 8015
1487177324 8035
1487180883 8005
1487184639 8023
1487185071 8023
1487673376 8024
1487673420 8040
1487673476 8043
1487686213 8045
1487686291 8053
1487697680 8102
1488305110 8102
1488305150 8116
1488305268 8142
1488305319 8393
1488886679 8511
1488890649 8550
1488898134 8597
1488906599 8638
1489490510 8643
1489498414 8700
1489506408 8701
1489507110 8702
1489507793 8738
1491316766 8772
1491323280 8769
1491323295 8769
1492109427 8881
1493727628 8604
1493727729 8605
1495719230 8609
1495722290 8605
1496145399 8625
1496153077 8631
1496154242 8606
1496174119 9282
1496914663 9407
1496914676 9438
1497362640 9438
1497367472 9439
1497374325 9436
1498085605 9631
1498551991 9631
1498558509 9649
1498558619 9651
1498558662 9649
1498578510 9655
1498588714 9783
1499187542 9804
1500384547 9816
1500385384 9966
1500994070 9997
1500998934 10067
1501608821 10152
1502801387 10175
1502810107 10330
1504693653 10331
1504697111 10341
1504716547 10492
1505331456 10496
1506442887 10496
1507112940 10496
1507112960 10496
1507114983 10502
1507119674 10482
1507123015 10492
1507123142 10492
1507639753 10511
1507650161 10805
1508260367 10831
1508863500 10834
1508863555 10918
1508863932 10905
1509722240 10914
1510920104 10993
1511889401 10996
1511889546 10997
1511889722 10995
1511889773 10998
1511889796 10998
1512467050 11001
1514899039 11000
1515514439 10996
1516110405 11033
1516116751 11061
1527144472 11061
1536672834 11065
1536672865 11111
1536673334 11111
1553076712 11111
1553164826 11111
1579002398 11113
1579014275 11184
1580218280 11268
1580222977 11267
1581411482 11275
1582035826 11274
1613144968 12526
1617365963 12526
1618487884 12539
1618494017 12526
1625572252 12534
1656783520 12539
1663886939 12539
1685018986 13072
1685432788 13072
1685433025 13119
1685502406 13119
1685525636 13119
1685525653 13119
1686193639 13119
1686280217 13119
1688094463 13119
1688094487 13119
1688181414 13119
1689649860 13119
