1637083669 4
1637094944 5
1637095157 227
1637095172 245
1637096362 369
1637100471 376
1638231889 376
1638289475 368
1638561514 407
1643139521 677
1643417994 1278
1643470787 1736
1643838740 1741
1644018990 1827
1644257003 1858
1644338395 1858
1644343136 1882
1644463210 1882
1644463715 1918
1644464657 1882
1644626428 1920
1644627543 1920
1644627633 1920
1644878376 1921
1645226431 1921
1645227408 1921
1646333748 1924
1647804107 1930
1647887534 1930
1650042049 1930
1652991187 1920
1653772206 1926
1654648934 1929
1654649581 1929
1658938235 1929
1658938934 1929
1667337153 2055
1667338593 2055
1667339092 2065
1667339466 2035
1667339757 2022
1667340110 2022
1667340783 2022
1673373121 2022
1673373452 2022
1673374019 2022
1673638270 2112
1673643948 2110
1673647010 2110
1673975972 2117
1673977029 2117
1673977870 2119
1674061143 2119
1674109171 2119
1680213357 2164
1680274104 2164
1680632421 2134
1680633910 2134
1680634303 2090
1680634983 1891
1680636591 1891
1680638655 1989
1680644094 2013
1689265985 2129
1689276809 2137
1689277079 2137
1689277912 2137
1689278189 2137
