1517420704 2 0 0 0 0 0 0 0 0 0 0 0 0 0 0 0 0 0 0 0
1517423123 3 0 0 0 0 0 0 0 0 0 0 0 0 0 0 0 0 0 0 0
1517423546 4 0 0 0 0 0 0 0 0 0 0 0 0 0 0 0 0 0 0 0
1517424831 4 0 0 0 0 0 0 0 0 0 0 1 0 0 0 0 0 0 0 0
1517425651 4 0 0 0 0 0 0 0 0 0 0 2 0 0 0 0 0 0 0 0
1517426626 4 0 0 0 0 0 0 0 0 0 0 3 0 0 0 0 0 0 0 0
1517429139 4 0 0 0 0 0 0 0 0 0 0 3 0 0 0 0 0 0 0 0
1517429308 4 0 1 0 0 0 0 0 0 0 0 3 0 0 0 0 0 0 0 0
1517599722 5 0 1 0 0 0 0 0 0 0 0 3 0 0 0 0 0 0 0 0
1517601023 5 0 2 0 0 0 0 0 0 0 0 3 0 0 0 0 0 0 0 0
1517626992 6 0 2 0 0 0 0 0 0 0 0 3 0 0 0 0 0 0 0 0
1517627510 6 0 3 0 0 0 0 0 0 0 0 3 0 0 0 0 0 0 0 0
1517850573 7 0 3 0 0 0 0 0 0 0 0 3 0 0 0 0 0 0 0 0
1517851118 7 0 4 0 0 0 0 0 0 0 0 3 0 0 0 0 0 0 0 0
1517855066 8 0 4 0 0 0 0 0 0 0 0 3 0 0 0 0 0 0 0 0
1517855161 8 0 5 0 0 0 0 0 0 0 0 3 0 0 0 0 0 0 0 0
1518017787 8 0 6 0 0 0 0 0 0 0 0 3 0 0 0 0 0 0 0 0
1518122893 10 0 6 0 0 0 0 0 0 0 0 3 0 0 0 0 0 0 0 0
1518181093 10 0 7 0 0 0 0 0 0 0 0 3 0 0 0 0 0 0 0 0
1518181190 11 0 7 0 0 0 0 0 0 0 0 3 0 0 0 0 0 0 0 0
1518557121 12 0 7 0 0 0 0 0 0 0 0 3 0 0 0 0 0 0 0 0
1518557170 12 0 8 0 0 0 0 0 0 0 0 3 0 0 0 0 0 0 0 0
1518557636 12 1 8 0 0 0 0 0 0 0 0 3 0 0 0 0 0 0 0 0
1518566942 12 1 9 0 0 0 0 0 0 0 0 3 0 0 0 0 0 0 0 0
1518567093 13 1 9 0 0 0 0 0 0 0 0 3 0 0 0 0 0 0 0 0
1518571634 14 1 9 0 0 0 0 0 0 0 0 3 0 0 0 0 0 0 0 0
1518572945 15 1 9 0 0 0 0 0 0 0 0 3 0 0 0 0 0 0 0 0
1518738914 16 1 9 0 0 0 0 0 0 0 0 3 0 0 0 0 0 0 0 0
1518739034 16 1 10 0 0 0 0 0 0 0 0 3 0 0 0 0 0 0 0 0
1518742005 17 1 10 0 0 0 0 0 0 0 0 3 0 0 0 0 0 0 0 0
1518742029 17 1 11 0 0 0 0 0 0 0 0 3 0 0 0 0 0 0 0 0
1519082661 18 1 11 0 0 0 0 0 0 0 0 3 0 0 0 0 0 0 0 0
1519083876 18 1 12 0 0 0 0 0 0 0 0 3 0 0 0 0 0 0 0 0
1519087816 19 1 12 0 0 0 0 0 0 0 0 3 0 0 0 0 0 0 0 0
1519327054 19 1 12 0 0 0 0 0 0 0 0 3 0 0 0 0 0 0 1 0
1519327287 19 1 13 0 0 0 0 0 0 0 0 3 0 0 0 0 0 0 1 0
1519382650 19 1 13 0 0 0 0 0 0 0 0 3 0 0 0 0 0 0 2 0
1519383189 19 1 13 0 0 0 0 0 0 0 0 3 0 0 0 0 0 0 3 0
1519612709 20 1 13 0 0 0 0 0 0 0 0 3 0 0 0 0 0 0 3 0
1519613370 20 1 14 0 0 0 0 0 0 0 0 3 0 0 0 0 0 0 3 0
1519677947 21 1 14 0 0 0 0 0 0 0 0 3 0 0 0 0 0 0 3 0
1519678025 21 1 15 0 0 0 0 0 0 0 0 3 0 0 0 0 0 0 3 0
1519766644 22 1 15 0 0 0 0 0 0 0 0 3 0 0 0 0 0 0 3 0
1519853461 23 1 15 0 0 0 0 0 0 0 0 3 0 0 0 0 0 0 3 0
1519853589 23 1 16 0 0 0 0 0 0 0 0 3 0 0 0 0 0 0 3 0
1519860899 24 1 16 0 0 0 0 0 0 0 0 3 0 0 0 0 0 0 3 0
1519861065 24 1 17 0 0 0 0 0 0 0 0 3 0 0 0 0 0 0 3 0
1520200221 24 2 17 0 0 0 0 0 0 0 0 3 0 0 0 0 0 0 3 0
1520201160 24 3 17 0 0 0 0 0 0 0 0 3 0 0 0 0 0 0 3 0
1520206587 24 4 17 0 0 0 0 0 0 0 0 3 0 0 0 0 0 0 3 0
1524486903 24 4 18 0 0 0 0 0 0 0 0 3 0 0 0 0 0 0 3 0
1524668293 24 4 19 0 0 0 0 0 0 0 0 3 0 0 0 0 0 0 3 0
1524687620 24 4 20 0 0 0 0 0 0 0 0 3 0 0 0 0 0 0 3 0
1524861557 24 4 21 0 0 0 0 0 0 0 0 3 0 0 0 0 0 0 3 0
1525183144 25 4 21 0 0 0 0 0 0 0 0 3 0 0 0 0 0 0 3 0
1525183310 25 4 22 0 0 0 0 0 0 0 0 3 0 0 0 0 0 0 3 0
1525692209 26 4 22 0 0 0 0 0 0 0 0 3 0 0 0 0 0 0 3 0
1525696286 27 4 22 0 0 0 0 0 0 0 0 3 0 0 0 0 0 0 3 0
1525979995 28 4 22 0 0 0 0 0 0 0 0 3 0 0 0 0 0 0 3 0
1526038260 28 4 23 0 0 0 0 0 0 0 0 3 0 0 0 0 0 0 3 0
1526062186 29 4 23 0 0 0 0 0 0 0 0 3 0 0 0 0 0 0 3 0
1526062343 29 4 24 0 0 0 0 0 0 0 0 3 0 0 0 0 0 0 3 0
1526083154 30 4 24 0 0 0 0 0 0 0 0 3 0 0 0 0 0 0 3 0
1526124415 30 4 25 0 0 0 0 0 0 0 0 3 0 0 0 0 0 0 3 0
1526129860 31 4 25 0 0 0 0 0 0 0 0 3 0 0 0 0 0 0 3 0
1526130004 31 4 26 0 0 0 0 0 0 0 0 3 0 0 0 0 0 0 3 0
1526145863 32 4 26 0 0 0 0 0 0 0 0 3 0 0 0 0 0 0 3 0
1526166924 32 4 27 0 0 0 0 0 0 0 0 3 0 0 0 0 0 0 3 0
1526385345 33 4 27 0 0 0 0 0 0 0 0 3 0 0 0 0 0 0 3 0
1526385435 33 4 28 0 0 0 0 0 0 0 0 3 0 0 0 0 0 0 3 0
1527198039 33 4 30 0 0 0 0 0 0 0 0 3 0 0 0 0 0 0 3 0
1527260076 33 4 31 0 0 0 0 0 0 0 0 3 0 0 0 0 0 0 3 0
1527260120 33 4 32 0 0 0 0 0 0 0 0 3 0 0 0 0 0 0 3 0
1527261129 34 4 32 0 0 0 0 0 0 0 0 3 0 0 0 0 0 0 3 0
1527261290 34 4 33 0 0 0 0 0 0 0 0 3 0 0 0 0 0 0 3 0
1528567693 34 4 33 0 0 0 0 0 0 0 0 3 0 0 0 0 0 0 3 0
1528718067 35 4 33 0 0 0 0 0 0 0 0 3 0 0 0 0 0 0 3 0
1529100138 36 4 33 0 0 0 0 0 0 0 0 3 0 0 0 0 0 0 3 0
1529101685 37 4 33 0 0 0 0 0 0 0 0 3 0 0 0 0 0 0 3 0
1529149325 38 4 33 0 0 0 0 0 0 0 0 3 0 0 0 0 0 0 3 0
1530147899 39 4 33 0 0 0 0 0 0 0 0 3 0 0 0 0 0 0 3 0
1530221634 40 4 33 0 0 0 0 0 0 0 0 3 0 0 0 0 0 0 3 0
1530224443 41 4 33 0 0 0 0 0 0 0 0 3 0 0 0 0 0 0 3 0
1530225918 42 4 33 0 0 0 0 0 0 0 0 3 0 0 0 0 0 0 3 0
1530246827 42 4 34 0 0 0 0 0 0 0 0 3 0 0 0 0 0 0 3 0
1530721201 43 4 34 0 0 0 0 0 0 0 0 3 0 0 0 0 0 0 3 0
1530721530 44 4 34 0 0 0 0 0 0 0 0 3 0 0 0 0 0 0 3 0
1530722514 45 4 34 0 0 0 0 0 0 0 0 3 0 0 0 0 0 0 3 0
1530722775 46 4 34 0 0 0 0 0 0 0 0 3 0 0 0 0 0 0 3 0
1530723441 47 4 34 0 0 0 0 0 0 0 0 3 0 0 0 0 0 0 3 0
1530958887 48 4 34 0 0 0 0 0 0 0 0 3 0 0 0 0 0 0 3 0
1530982920 48 4 35 0 0 0 0 0 0 0 0 3 0 0 0 0 0 0 3 0
1530984830 49 4 35 0 0 0 0 0 0 0 0 3 0 0 0 0 0 0 3 0
1531338054 49 4 36 0 0 0 0 0 0 0 0 3 0 0 0 0 0 0 3 0
1531339436 49 4 37 0 0 0 0 0 0 0 0 3 0 0 0 0 0 0 3 0
1531409388 52 4 38 0 0 0 0 0 0 0 0 3 0 0 0 0 0 0 3 0
1531409994 53 4 38 0 0 0 0 0 0 0 0 3 0 0 0 0 0 0 3 0
1531446033 54 4 38 0 0 0 0 0 0 0 0 3 0 0 0 0 0 0 3 0
1531580674 55 4 38 0 0 0 0 0 0 0 0 3 0 0 0 0 0 0 3 0
1531586109 56 4 38 0 0 0 0 0 0 0 0 3 0 0 0 0 0 0 3 0
1531589009 57 4 38 0 0 0 0 0 0 0 0 3 0 0 0 0 0 0 3 0
1531655699 57 4 39 0 0 0 0 0 0 0 0 3 0 0 0 0 0 0 3 0
1531662327 58 4 39 0 0 0 0 0 0 0 0 3 0 0 0 0 0 0 3 0
1531662677 59 4 39 0 0 0 0 0 0 0 0 3 0 0 0 0 0 0 3 0
1531675886 60 4 39 0 0 0 0 0 0 0 0 3 0 0 0 0 0 0 3 0
1532621750 60 4 39 0 0 0 0 0 0 0 0 3 0 0 0 0 0 0 3 0
1533461157 60 4 39 0 0 0 0 0 0 0 0 3 0 0 0 0 0 0 3 0
1533462446 61 4 39 0 0 0 0 0 0 0 0 3 0 0 0 0 0 0 3 0
1533463259 62 4 39 0 0 0 0 0 0 0 0 3 0 0 0 0 0 0 3 0
1533510249 63 4 39 0 0 0 0 0 0 0 0 3 0 0 0 0 0 0 3 0
1533608132 64 4 39 0 0 0 0 0 0 0 0 3 0 0 0 0 0 0 3 0
1533765441 65 4 39 0 0 0 0 0 0 0 0 3 0 0 0 0 0 0 3 0
1533778475 66 4 39 0 0 0 0 0 0 0 0 3 0 0 0 0 0 0 3 0
1533824997 67 4 39 0 0 0 0 0 0 0 0 3 0 0 0 0 0 0 3 0
1533832929 68 4 39 0 0 0 0 0 0 0 0 3 0 0 0 0 0 0 3 0
1533844298 69 4 39 0 0 0 0 0 0 0 0 3 0 0 0 0 0 0 3 0
1533856777 70 4 39 0 0 0 0 0 0 0 0 3 0 0 0 0 0 0 3 0
1533897298 71 4 39 0 0 0 0 0 0 0 0 3 0 0 0 0 0 0 3 0
1533901115 72 4 39 0 0 0 0 0 0 0 0 3 0 0 0 0 0 0 3 0
1533904242 73 4 39 0 0 0 0 0 0 0 0 3 0 0 0 0 0 0 3 0
1533914868 74 4 39 0 0 0 0 0 0 0 0 3 0 0 0 0 0 0 3 0
1533916155 75 4 39 0 0 0 0 0 0 0 0 3 0 0 0 0 0 0 3 0
1534038888 76 4 39 0 0 0 0 0 0 0 0 3 0 0 0 0 0 0 3 0
1534171932 77 4 39 0 0 0 0 0 0 0 0 3 0 0 0 0 0 0 3 0
1534184360 78 4 39 0 0 0 0 0 0 0 0 3 0 0 0 0 0 0 3 0
1534246865 78 4 40 0 0 0 0 0 0 0 0 3 0 0 0 0 0 0 3 0
1534247436 78 4 41 0 0 0 0 0 0 0 0 3 0 0 0 0 0 0 3 0
1534254919 79 4 41 0 0 0 0 0 0 0 0 3 0 0 0 0 0 0 3 0
1534256670 80 4 41 0 0 0 0 0 0 0 0 3 0 0 0 0 0 0 3 0
1534259420 81 4 41 0 0 0 0 0 0 0 0 3 0 0 0 0 0 0 3 0
1534283343 82 4 41 0 0 0 0 0 0 0 0 3 0 0 0 0 0 0 3 0
1534523807 83 4 41 0 0 0 0 0 0 0 0 3 0 0 0 0 0 0 3 0
1534785430 84 4 41 0 0 0 0 0 0 0 0 3 0 0 0 0 0 0 3 0
1534806345 85 4 41 0 0 0 0 0 0 0 0 3 0 0 0 0 0 0 3 0
1534813624 86 4 41 0 0 0 0 0 0 0 0 3 0 0 0 0 0 0 3 0
1534929752 87 4 41 0 0 0 0 0 0 0 0 3 0 0 0 0 0 0 3 0
1534962598 88 4 41 0 0 0 0 0 0 0 0 3 0 0 0 0 0 0 3 0
1535475428 88 4 42 0 0 0 0 0 0 0 0 3 0 0 0 0 0 0 3 0
1535480696 89 4 42 0 0 0 0 0 0 0 0 3 0 0 0 0 0 0 3 0
1536005459 90 4 42 0 0 0 0 0 0 0 0 3 0 0 0 0 0 0 3 0
1536015022 91 4 42 0 0 0 0 0 0 0 0 3 0 0 0 0 0 0 3 0
1536015825 92 4 42 0 0 0 0 0 0 0 0 3 0 0 0 0 0 0 3 0
1536065206 93 4 42 0 0 0 0 0 0 0 0 3 0 0 0 0 0 0 3 0
1536065273 94 4 42 0 0 0 0 0 0 0 0 3 0 0 0 0 0 0 3 0
1536884371 94 4 43 0 0 0 0 0 0 0 0 3 0 0 0 0 0 0 3 0
1536918279 94 4 44 0 0 0 0 0 0 0 0 3 0 0 0 0 0 0 3 0
1537035075 94 4 44 0 0 0 0 0 0 0 0 3 0 0 0 0 0 0 3 0
1537310025 94 4 45 0 0 0 0 0 0 0 0 3 0 0 0 0 0 0 3 0
1540334586 94 4 45 0 0 0 1 0 0 0 0 3 0 0 0 0 0 0 3 0
1540334680 94 4 45 0 0 0 2 0 0 0 0 3 0 0 0 0 0 0 3 0
1540406068 94 4 45 0 0 0 2 0 0 0 0 3 1 0 0 0 0 0 3 0
1540409837 94 4 45 0 0 0 2 0 0 0 0 3 2 0 0 0 0 0 3 0
1540418089 94 4 45 0 0 0 3 0 0 0 0 3 2 0 0 0 0 0 3 0
1540418375 94 4 45 0 0 0 4 0 0 0 0 3 2 0 0 0 0 0 3 0
1540570228 94 4 45 0 0 0 4 0 0 0 0 3 3 0 0 0 0 0 3 0
1543327248 94 4 45 0 0 0 4 0 0 0 0 3 3 0 0 0 0 0 3 0
1543403688 94 4 45 0 0 0 4 0 0 0 0 3 3 0 0 0 0 0 3 0
1543417067 94 4 45 0 0 0 4 0 0 0 0 3 3 0 0 0 0 0 3 0
1547469983 94 4 45 0 0 0 4 0 0 0 0 3 3 0 0 0 0 0 3 0
1548984097 94 4 45 0 0 0 4 0 0 0 0 3 3 0 0 0 0 0 3 0
1550072234 94 4 45 0 0 0 4 0 0 0 0 3 3 0 0 0 0 0 3 0
1550690340 94 4 45 0 0 0 4 0 0 0 1 3 3 0 0 0 0 0 3 0
1551814964 94 4 45 0 0 0 4 0 0 0 1 3 3 0 0 0 0 0 3 0
1552327362 94 4 45 0 0 0 4 0 0 0 1 3 3 0 0 0 0 0 3 0
1553040596 94 5 45 0 0 0 4 0 0 0 1 3 3 0 0 0 0 0 3 0
1553042003 94 5 45 0 0 0 4 0 0 0 1 3 3 0 0 0 0 0 3 0
1554164939 94 5 45 0 0 0 4 0 0 0 2 3 3 0 0 0 0 0 3 0
1554165157 94 5 45 0 0 0 4 0 0 0 3 3 3 0 0 0 0 0 3 0
1557935500 94 5 45 0 0 0 4 0 0 0 3 3 3 0 0 0 0 0 3 0
1558118171 94 5 45 0 0 0 5 0 0 0 3 3 3 0 0 0 0 0 3 0
1559247363 94 5 45 0 0 0 5 0 0 0 3 3 3 0 0 0 0 0 3 0
1559247383 94 5 45 0 0 0 5 0 0 1 3 3 3 0 0 0 0 0 3 0
1560319864 94 5 45 0 0 0 6 0 0 1 3 3 3 0 0 0 0 0 3 0
1560361953 94 5 45 0 0 0 7 0 0 1 3 3 3 0 0 0 0 0 3 0
1560379405 94 6 45 0 0 0 7 0 0 1 3 3 3 0 0 0 0 0 3 0
1560380192 94 6 45 0 0 0 8 0 0 1 3 3 3 0 0 0 0 0 3 0
1560380462 94 6 45 0 0 0 9 0 0 1 3 3 3 0 0 0 0 0 3 0
1560380664 94 7 45 0 0 0 9 0 0 1 3 3 3 0 0 0 0 0 3 0
1560380848 94 8 45 0 0 0 9 0 0 1 3 3 3 0 0 0 0 0 3 0
1560397468 94 8 45 0 0 0 10 0 0 1 3 3 3 0 0 0 0 0 3 0
1560397712 94 8 45 0 0 0 11 0 0 1 3 3 3 0 0 0 0 0 3 0
1560398952 94 8 45 0 0 0 12 0 0 1 3 3 3 0 0 0 0 0 3 0
1560399157 94 9 45 0 0 0 12 0 0 1 3 3 3 0 0 0 0 0 3 0
1560402359 94 10 45 0 0 0 12 0 0 1 3 3 3 0 0 0 0 0 3 0
1560402394 94 11 45 0 0 0 12 0 0 1 3 3 3 0 0 0 0 0 3 0
1560402538 94 12 45 0 0 0 12 0 0 1 3 3 3 0 0 0 0 0 3 0
1560402570 94 13 45 0 0 0 12 0 0 1 3 3 3 0 0 0 0 0 3 0
1561079055 94 13 45 0 0 0 13 0 0 1 3 3 3 0 0 0 0 0 3 0
1561081221 94 13 45 0 0 0 14 0 0 1 3 3 3 0 0 0 0 0 3 0
1561081499 94 14 45 0 0 0 14 0 0 1 3 3 3 0 0 0 0 0 3 0
1561081996 94 15 45 0 0 0 14 0 0 1 3 3 3 0 0 0 0 0 3 0
1562086590 94 16 45 0 0 0 14 0 0 1 3 3 3 0 0 0 0 0 3 0
1562090194 94 16 45 0 0 0 15 0 0 1 3 3 3 0 0 0 0 0 3 0
1562090690 94 17 45 0 0 0 15 0 0 1 3 3 3 0 0 0 0 0 3 0
1565362627 94 17 45 0 0 0 15 0 0 1 3 3 3 0 0 0 0 0 3 0
1565362650 94 17 45 0 0 0 16 0 0 1 3 3 3 0 0 0 0 0 3 0
1565479911 94 17 45 0 0 0 17 0 0 1 3 3 3 0 0 0 0 0 3 0
1565480065 94 18 45 0 0 0 17 0 0 1 3 3 3 0 0 0 0 0 3 0
1565648376 94 19 45 0 0 0 17 0 0 1 3 3 3 0 0 0 0 0 3 0
1565649598 94 20 45 0 0 0 17 0 0 1 3 3 3 0 0 0 0 0 3 0
1567201357 94 20 45 0 0 0 17 0 0 1 3 3 3 0 0 0 0 0 3 1
1567201409 94 20 45 0 0 0 17 0 0 1 3 3 3 0 0 0 0 0 3 1
1567779670 94 20 45 0 0 0 17 0 0 1 3 3 3 0 0 0 0 0 3 1
1567792490 94 21 45 0 0 0 17 0 0 1 3 3 3 0 0 0 0 0 3 1
1568232642 94 21 45 0 0 0 17 0 0 1 3 3 3 0 0 0 0 0 3 1
1568903517 94 21 45 0 0 0 17 0 0 1 3 3 3 0 0 0 0 0 3 2
1568952166 94 21 45 0 0 0 17 0 0 1 3 3 3 0 0 0 0 0 3 3
1569344486 94 22 45 0 0 0 17 0 0 1 3 3 3 0 0 0 0 0 3 3
1569607506 94 22 45 0 0 0 18 0 0 1 3 3 3 0 0 0 0 0 3 3
1569617885 94 23 45 0 0 0 18 0 0 1 3 3 3 0 0 0 0 0 3 3
1569617893 94 24 45 0 0 0 18 0 0 1 3 3 3 0 0 0 0 0 3 3
1569617911 94 25 45 0 0 0 18 0 0 1 3 3 3 0 0 0 0 0 3 3
1569620777 94 26 45 0 0 0 18 0 0 1 3 3 3 0 0 0 0 0 3 3
1569620916 94 27 45 0 0 0 18 0 0 1 3 3 3 0 0 0 0 0 3 3
1569620939 94 28 45 0 0 0 18 0 0 1 3 3 3 0 0 0 0 0 3 3
1569947716 94 28 45 0 0 0 19 0 0 1 3 3 3 0 0 0 0 0 3 3
1569949897 94 29 45 0 0 0 19 0 0 1 3 3 3 0 0 0 0 0 3 3
1570049190 94 29 45 0 0 0 20 0 0 1 3 3 3 0 0 0 0 0 3 3
1570058908 94 30 45 0 0 0 20 0 0 1 3 3 3 0 0 0 0 0 3 3
1570061286 94 31 45 0 0 0 20 0 0 1 3 3 3 0 0 0 0 0 3 3
1570061455 94 32 45 0 0 0 20 0 0 1 3 3 3 0 0 0 0 0 3 3
1570061785 94 33 45 0 0 0 20 0 0 1 3 3 3 0 0 0 0 0 3 3
1570084636 94 34 45 0 0 0 20 0 0 1 3 3 3 0 0 0 0 0 3 3
1570084721 94 35 45 0 0 0 20 0 0 1 3 3 3 0 0 0 0 0 3 3
1570084851 94 36 45 0 0 0 20 0 0 1 3 3 3 0 0 0 0 0 3 3
1570085863 94 37 45 0 0 0 20 0 0 1 3 3 3 0 0 0 0 0 3 3
1570085959 94 38 45 0 0 0 20 0 0 1 3 3 3 0 0 0 0 0 3 3
1570296276 94 39 45 0 0 0 20 0 0 1 3 3 3 0 0 0 0 0 3 3
1570297431 94 39 45 0 0 0 21 0 0 1 3 3 3 0 0 0 0 0 3 3
1570297481 94 39 45 0 0 0 22 0 0 1 3 3 3 0 0 0 0 0 3 3
1570297591 94 39 45 0 0 0 23 0 0 1 3 3 3 0 0 0 0 0 3 3
1570680086 94 39 45 0 0 0 24 0 0 1 3 3 3 0 0 0 0 0 3 3
1570742389 94 39 45 0 0 0 24 0 0 1 3 3 3 0 0 0 0 0 3 3
1571162402 94 40 45 0 0 0 24 0 0 1 3 3 3 0 0 0 0 0 3 3
1571299622 94 41 45 0 0 0 24 0 0 1 3 3 3 0 0 0 0 0 3 3
1572052108 94 42 45 0 0 0 24 0 0 1 3 3 3 0 0 0 0 0 3 3
1572304118 94 42 45 0 0 0 24 0 0 1 3 3 3 0 0 0 0 0 3 3
1572304240 94 43 45 0 0 0 24 0 0 1 3 3 3 0 0 0 0 0 3 3
1572306044 94 44 45 0 0 0 24 0 0 1 3 3 3 0 0 0 0 0 3 3
1572368745 94 45 45 0 0 0 24 0 0 1 3 3 3 0 0 0 0 0 3 3
1572369706 94 46 45 0 0 0 24 0 0 1 3 3 3 0 0 0 0 0 3 3
1575576037 94 46 45 0 0 0 24 0 1 1 3 3 3 0 0 0 0 0 3 3
1575578142 94 47 45 0 0 0 24 0 1 1 3 3 3 0 0 0 0 0 3 3
1575578254 94 48 45 0 0 0 24 0 1 1 3 3 3 0 0 0 0 0 3 3
1575669986 94 49 45 0 0 0 24 0 1 1 3 3 3 0 0 0 0 0 3 3
1575672469 94 50 45 0 0 0 24 0 1 1 3 3 3 0 0 0 0 0 3 3
1575672525 94 51 45 0 0 0 24 0 1 1 3 3 3 0 0 0 0 0 3 3
1579111678 94 52 45 0 0 0 24 0 1 1 3 3 3 0 0 0 0 0 3 3
1579112128 94 52 45 0 0 0 24 0 1 1 3 3 3 0 0 0 1 0 3 3
1579118840 94 53 45 0 0 0 24 0 1 1 3 3 3 0 0 0 1 0 3 3
1579119382 94 54 45 0 0 0 24 0 1 1 3 3 3 0 0 0 1 0 3 3
1579119429 94 55 45 0 0 0 24 0 1 1 3 3 3 0 0 0 1 0 3 3
1579126783 94 55 45 0 0 0 24 0 1 1 3 3 3 0 0 0 1 0 3 3
1579127035 94 55 45 0 0 0 24 0 2 1 3 3 3 0 0 0 1 0 3 3
1579127441 94 56 45 0 0 0 24 0 2 1 3 3 3 0 0 0 1 0 3 3
1579199221 94 56 45 0 0 0 24 1 2 1 3 3 3 0 0 0 1 0 3 3
1579220152 94 57 45 0 0 0 24 1 2 1 3 3 3 0 0 0 1 0 3 3
1581018941 94 57 45 0 0 0 24 1 2 1 3 3 3 0 0 0 1 0 3 3
1581358188 94 57 45 0 0 1 24 1 2 1 3 3 3 0 0 0 1 0 3 3
1581358931 94 58 45 0 0 1 24 1 2 1 3 3 3 0 0 0 1 0 3 3
1581360116 94 59 45 0 0 1 24 1 2 1 3 3 3 0 0 0 1 0 3 3
1581360147 94 60 45 0 0 1 24 1 2 1 3 3 3 0 0 0 1 0 3 3
1581360238 94 61 45 0 0 1 24 1 2 1 3 3 3 0 0 0 1 0 3 3
1581360277 94 62 45 0 0 1 24 1 2 1 3 3 3 0 0 0 1 0 3 3
1581711730 94 62 45 0 0 1 24 1 2 1 3 3 3 1 0 0 1 0 3 3
1582063690 94 63 45 0 0 1 24 1 2 1 3 3 3 1 0 0 1 0 3 3
1582064830 94 63 45 0 0 2 24 1 2 1 3 3 3 1 0 0 1 0 3 3
1582065992 94 64 45 0 0 2 24 1 2 1 3 3 3 1 0 0 1 0 3 3
1582581376 94 64 45 0 0 2 24 1 2 1 3 3 3 1 0 0 2 0 3 3
1582761809 94 64 45 0 0 2 24 1 2 1 3 3 3 1 0 0 2 0 3 3
1582816612 94 64 45 0 0 3 24 1 2 1 3 3 3 1 0 0 2 0 3 3
1582825467 94 64 45 0 0 4 24 1 2 1 3 3 3 1 0 0 2 0 3 3
1582826970 94 64 45 0 0 4 24 1 2 1 3 3 3 1 0 0 2 0 3 3
1582925192 94 65 45 0 0 4 24 1 2 1 3 3 3 1 0 0 2 0 3 3
1582925432 94 65 45 0 0 5 24 1 2 1 3 3 3 1 0 0 2 0 3 3
1583182062 94 65 45 0 0 6 24 1 2 1 3 3 3 1 0 0 2 0 3 3
1585927677 94 65 45 0 0 7 24 1 2 1 3 3 3 1 0 0 2 0 3 3
1585933830 94 65 45 0 0 8 24 1 2 1 3 3 3 1 0 0 2 0 3 3
1586206950 94 65 45 0 0 8 24 1 2 1 3 3 3 1 0 0 2 0 3 3
1586287229 94 65 45 0 0 8 24 1 2 1 3 3 3 1 0 0 2 0 3 3
1587054368 94 65 45 1 0 8 24 1 2 1 3 3 3 1 0 0 2 0 3 3
1588102880 94 65 45 1 0 8 24 1 2 1 3 3 3 1 0 0 3 0 3 3
1588801847 94 66 45 1 0 8 24 1 2 1 3 3 3 1 0 0 3 0 3 3
1588802353 94 67 45 1 0 8 24 1 2 1 3 3 3 1 0 0 3 0 3 3
1588803736 94 68 45 1 0 8 24 1 2 1 3 3 3 1 0 0 3 0 3 3
1588869890 94 68 45 1 0 9 24 1 2 1 3 3 3 1 0 0 3 0 3 3
1588883473 94 69 45 1 0 9 24 1 2 1 3 3 3 1 0 0 3 0 3 3
1589009791 94 69 45 1 0 9 24 1 2 1 3 3 3 1 0 0 3 0 3 3
1589009852 94 69 45 1 0 9 24 1 2 1 3 3 3 1 0 0 3 0 3 3
1589039251 94 69 45 1 0 10 24 1 2 1 3 3 3 1 0 0 3 0 3 3
1589041056 94 69 45 1 0 10 24 1 2 1 3 3 3 1 0 0 3 0 3 3
1589588022 94 69 45 1 0 11 24 1 2 1 3 3 3 1 0 0 3 0 3 3
1589600098 94 69 45 1 0 12 24 1 2 1 3 3 3 1 0 0 3 0 3 3
1592399150 94 69 45 1 0 12 24 1 3 1 3 3 3 1 0 0 3 0 3 3
1594835467 94 69 45 2 0 12 24 1 3 1 3 3 3 1 0 0 3 0 3 3
1595036057 94 69 45 2 0 12 24 1 3 1 3 3 3 1 0 0 3 0 3 3
1596469321 94 69 45 2 0 12 24 1 3 1 3 3 3 1 0 0 3 0 3 3
1599686517 94 69 45 2 0 12 24 1 3 1 3 3 3 1 0 0 3 0 3 3
1601505226 94 69 45 2 0 12 24 1 4 1 3 3 3 1 0 0 3 0 3 3
1601580090 94 69 45 2 0 12 24 1 4 1 3 3 3 1 0 0 3 0 3 3
1603848513 94 69 45 3 0 12 24 1 4 1 3 3 3 1 0 0 3 0 3 3
1604525220 94 69 45 4 0 12 24 1 4 1 3 3 3 1 0 0 3 0 3 3
1604526614 94 69 45 4 0 12 24 1 4 1 3 3 3 1 0 0 3 0 3 3
1604532310 94 69 45 5 0 12 24 1 4 1 3 3 3 1 0 0 3 0 3 3
1604700102 94 69 45 6 0 12 24 1 4 1 3 3 3 1 0 0 3 0 3 3
1605036416 94 69 45 6 0 13 24 1 4 1 3 3 3 1 0 0 3 0 3 3
1605107874 94 69 45 7 0 13 24 1 4 1 3 3 3 1 0 0 3 0 3 3
1605108324 94 69 45 7 0 13 24 1 4 1 3 3 3 1 0 0 3 0 3 3
1605145293 94 69 45 7 1 13 24 1 4 1 3 3 3 1 0 0 3 0 3 3
1605202135 94 69 45 8 1 13 24 1 4 1 3 3 3 1 0 0 3 0 3 3
1605474921 94 69 45 8 2 13 24 1 4 1 3 3 3 1 0 0 3 0 3 3
1605559431 94 70 45 8 2 13 24 1 4 1 3 3 3 1 0 0 3 0 3 3
1605630266 94 70 45 8 2 13 24 2 4 1 3 3 3 1 0 0 3 0 3 3
1605641205 94 70 45 8 2 14 24 2 4 1 3 3 3 1 0 0 3 0 3 3
1605732914 94 70 45 9 2 14 24 2 4 1 3 3 3 1 0 0 3 0 3 3
1605735517 94 70 45 10 2 14 24 2 4 1 3 3 3 1 0 0 3 0 3 3
1605909089 94 70 45 10 2 14 24 2 4 1 3 3 3 1 0 0 3 0 3 3
1606079696 94 70 45 10 2 14 24 2 4 1 3 3 3 1 0 0 3 0 3 3
1606153641 94 70 45 11 2 14 24 2 4 1 3 3 3 1 0 0 3 0 3 3
1606153650 94 70 45 12 2 14 24 2 4 1 3 3 3 1 0 0 3 0 3 3
1606230567 94 70 45 13 2 14 24 2 4 1 3 3 3 1 0 0 3 0 3 3
1606254102 94 70 45 14 2 14 24 2 4 1 3 3 3 1 0 0 3 0 3 3
1606329229 94 70 45 15 2 14 24 2 4 1 3 3 3 1 0 0 3 0 3 3
1607035872 94 71 45 15 2 14 24 2 4 1 3 3 3 1 0 0 3 0 3 3
1607101324 94 71 45 16 2 14 24 2 4 1 3 3 3 1 0 0 3 0 3 3
1607439247 94 71 45 17 2 14 24 2 4 1 3 3 3 1 0 0 3 0 3 3
1607522178 94 71 45 18 2 14 24 2 4 1 3 3 3 1 0 0 3 0 3 3
1607656273 94 71 45 18 3 14 24 2 4 1 3 3 3 1 0 0 3 0 3 3
1607978273 94 71 45 19 3 14 24 2 4 1 3 3 3 1 0 0 3 0 3 3
1608249810 94 72 45 19 3 14 24 2 4 1 3 3 3 1 0 0 3 0 3 3
1608397089 94 72 45 19 4 14 24 2 4 1 3 3 3 1 0 0 3 0 3 3
1608397751 94 72 45 19 5 14 24 2 4 1 3 3 3 1 0 0 3 0 3 3
1608643522 94 72 45 19 5 14 24 2 4 1 3 3 3 1 0 0 3 1 3 3
1608734399 94 72 45 19 5 14 24 2 4 1 3 3 3 1 0 0 3 1 3 3
1608829008 94 72 45 19 6 14 24 2 4 1 3 3 3 1 0 0 3 1 3 3
1609347135 94 72 45 19 6 15 24 2 4 1 3 3 3 1 0 0 3 1 3 3
1609349883 94 72 45 19 6 15 24 2 4 1 3 3 3 1 0 0 3 1 3 3
1609429882 94 72 45 20 6 15 24 2 4 1 3 3 3 1 0 0 3 1 3 3
1609444925 94 72 45 20 6 15 24 2 4 1 3 3 3 1 0 0 3 1 3 3
1609693497 94 72 45 21 6 15 24 2 4 1 3 3 3 1 0 0 3 1 3 3
1609880293 94 72 45 22 6 15 24 2 4 1 3 3 3 1 0 0 3 1 3 3
1609948818 94 72 45 22 6 16 24 2 4 1 3 3 3 1 0 0 3 1 3 3
1610127884 94 72 45 23 6 16 24 2 4 1 3 3 3 1 0 0 3 1 3 3
1610143559 94 72 45 24 6 16 24 2 4 1 3 3 3 1 0 0 3 1 3 3
1610377930 94 72 45 25 6 16 24 2 4 1 3 3 3 1 0 0 3 1 3 3
1610378880 94 72 45 26 6 16 24 2 4 1 3 3 3 1 0 0 3 1 3 3
1610555507 94 72 45 27 6 16 24 2 4 1 3 3 3 1 0 0 3 1 3 3
1610741948 94 72 45 27 7 16 24 2 4 1 3 3 3 1 0 0 3 1 3 3
1611106124 94 72 45 27 8 16 24 2 4 1 3 3 3 1 0 0 3 1 3 3
1611165293 94 72 45 28 8 16 24 2 4 1 3 3 3 1 0 0 3 1 3 3
1611425540 94 73 45 28 8 16 24 2 4 1 3 3 3 1 0 0 3 1 3 3
1611425577 94 74 45 28 8 16 24 2 4 1 3 3 3 1 0 0 3 1 3 3
1611590071 94 74 45 29 8 16 24 2 4 1 3 3 3 1 0 0 3 1 3 3
1611621370 94 75 45 29 8 16 24 2 4 1 3 3 3 1 0 0 3 1 3 3
1611671828 94 75 45 29 8 16 24 2 4 1 3 3 3 1 1 0 3 1 3 3
1611702168 94 75 45 29 8 16 24 2 4 1 3 3 3 1 2 0 3 1 3 3
1611853358 94 75 45 30 8 16 24 2 4 1 3 3 3 1 2 0 3 1 3 3
1611940421 94 76 45 30 8 16 24 2 4 1 3 3 3 1 2 0 3 1 3 3
1611940706 94 77 45 30 8 16 24 2 4 1 3 3 3 1 2 0 3 1 3 3
1611940834 94 78 45 30 8 16 24 2 4 1 3 3 3 1 2 0 3 1 3 3
1612286351 94 78 45 31 8 16 24 2 4 1 3 3 3 1 2 0 3 1 3 3
1612450316 94 78 45 31 8 16 24 2 4 1 3 3 3 1 2 0 3 1 3 3
1612450341 94 78 45 32 8 16 24 2 4 1 3 3 3 1 2 0 3 1 3 3
1612558285 94 78 45 33 8 16 24 2 4 1 3 3 3 1 2 0 3 1 3 3
1612834035 94 78 45 33 8 16 24 2 4 1 3 3 3 1 2 0 3 1 3 3
1613414608 94 78 45 34 8 16 24 2 4 1 3 3 3 1 2 0 3 1 3 3
1613577018 94 78 45 34 9 16 24 2 4 1 3 3 3 1 2 0 3 1 3 3
1613663722 94 78 45 34 10 16 24 2 4 1 3 3 3 1 2 0 3 1 3 3
1613665010 94 78 45 34 10 17 24 2 4 1 3 3 3 1 2 0 3 1 3 3
1613667422 94 78 45 35 10 17 24 2 4 1 3 3 3 1 2 0 3 1 3 3
1613681439 94 78 45 35 10 17 24 2 4 1 3 3 3 1 2 0 3 1 3 3
1613683433 94 78 45 35 11 17 24 2 4 1 3 3 3 1 2 0 3 1 3 3
1614690578 94 78 45 35 11 18 24 2 4 1 3 3 3 1 2 0 3 1 3 3
1615225108 94 78 45 35 11 19 24 2 4 1 3 3 3 1 2 0 3 1 3 3
1615565404 94 78 45 35 11 19 24 2 4 1 3 3 3 1 2 0 3 2 3 3
1615572978 94 78 45 35 11 19 24 2 4 1 3 3 3 1 2 0 3 2 3 3
1615915856 94 78 45 35 12 19 24 2 4 1 3 3 3 1 2 0 3 2 3 3
1615999318 94 78 45 36 12 19 24 2 4 1 3 3 3 1 2 0 3 2 3 3
1616005682 94 78 45 37 12 19 24 2 4 1 3 3 3 1 2 0 3 2 3 3
1616077538 94 78 45 38 12 19 24 2 4 1 3 3 3 1 2 0 3 2 3 3
1616257309 94 78 45 39 12 19 24 2 4 1 3 3 3 1 2 0 3 2 3 3
1616257388 94 78 45 40 12 19 24 2 4 1 3 3 3 1 2 0 3 2 3 3
1616555192 94 78 45 40 12 19 24 2 4 1 3 3 3 1 2 0 3 2 3 3
1617289970 94 78 45 41 12 19 24 2 4 1 3 3 3 1 2 0 3 2 3 3
1617290005 94 78 45 42 12 19 24 2 4 1 3 3 3 1 2 0 3 2 3 3
1617290028 94 78 45 42 12 19 24 2 4 1 3 3 3 1 3 0 3 2 3 3
1617322473 94 78 45 43 12 19 24 2 4 1 3 3 3 1 3 0 3 2 3 3
1618161920 94 78 45 43 12 19 24 2 4 1 3 3 3 1 3 0 3 2 3 3
1618347566 94 78 45 43 13 19 24 2 4 1 3 3 3 1 3 0 3 2 3 3
1618347606 94 78 45 43 14 19 24 2 4 1 3 3 3 1 3 0 3 2 3 3
1619356493 94 78 45 43 15 19 24 2 4 1 3 3 3 1 3 0 3 2 3 3
1619356526 94 78 45 43 16 19 24 2 4 1 3 3 3 1 3 0 3 2 3 3
1619356548 94 78 45 43 17 19 24 2 4 1 3 3 3 1 3 0 3 2 3 3
1619356578 94 78 45 43 17 19 24 2 4 1 3 3 3 1 3 0 3 2 3 3
1619356619 94 78 45 43 18 19 24 2 4 1 3 3 3 1 3 0 3 2 3 3
1619356710 94 78 45 43 18 19 24 2 4 1 3 3 3 1 3 0 3 2 3 3
1619457434 94 78 45 43 18 19 24 2 4 1 3 3 3 1 3 0 3 2 3 3
1621883759 94 78 45 43 19 19 24 2 4 1 3 3 3 1 3 0 3 2 3 3
1621883769 94 78 45 43 20 19 24 2 4 1 3 3 3 1 3 0 3 2 3 3
1622407232 94 78 45 43 20 20 24 2 4 1 3 3 3 1 3 0 3 2 3 3
1623183328 94 78 45 43 20 20 24 2 4 1 3 3 3 1 3 0 3 2 3 3
1625858714 94 78 45 43 20 20 24 2 4 2 3 3 3 1 3 0 3 2 3 3
1625858870 94 78 45 43 20 20 24 2 4 2 3 3 3 1 3 0 3 2 3 3
1625859499 94 78 45 43 21 20 24 2 4 2 3 3 3 1 3 0 3 2 3 3
1625873866 94 78 45 43 21 20 24 3 4 2 3 3 3 1 3 0 3 2 3 3
1625879294 94 78 45 43 21 20 24 3 4 2 3 3 3 1 3 0 3 2 3 3
1625879749 94 78 45 43 22 20 24 3 4 2 3 3 3 1 3 0 3 2 3 3
1625887853 94 78 45 43 22 20 24 3 4 2 3 3 3 1 3 0 3 2 3 3
1626116548 94 79 45 43 22 20 24 3 4 2 3 3 3 1 3 0 3 2 3 3
1626117178 94 80 45 43 22 20 24 3 4 2 3 3 3 1 3 0 3 2 3 3
1626886340 94 80 45 43 23 20 24 3 4 2 3 3 3 1 3 0 3 2 3 3
1626886460 94 80 45 43 24 20 24 3 4 2 3 3 3 1 3 0 3 2 3 3
1626961380 94 80 45 43 24 20 24 3 4 2 3 3 3 2 3 0 3 2 3 3
1627057937 94 80 45 43 25 20 24 3 4 2 3 3 3 2 3 0 3 2 3 3
1627164857 94 80 45 43 25 21 24 3 4 2 3 3 3 2 3 0 3 2 3 3
1628276386 94 80 45 43 25 21 24 3 4 2 3 3 3 2 3 0 3 2 3 3
1628276547 94 80 45 43 25 22 24 3 4 2 3 3 3 2 3 0 3 2 3 3
1628520680 94 80 45 43 25 22 24 3 4 3 3 3 3 2 3 0 3 2 3 3
1629248186 94 80 45 43 25 23 24 3 4 3 3 3 3 2 3 0 3 2 3 3
1630343621 94 80 45 43 25 23 24 3 4 3 3 3 3 2 3 0 3 3 3 3
1630343654 94 80 45 43 26 23 24 3 4 3 3 3 3 2 3 0 3 3 3 3
1630343687 94 80 45 43 27 23 24 3 4 3 3 3 3 2 3 0 3 3 3 3
1630691517 94 80 45 43 27 24 24 3 4 3 3 3 3 2 3 0 3 3 3 3
1630691532 94 80 45 43 27 24 24 3 4 3 3 3 3 2 3 0 3 3 3 3
1631299829 94 80 45 43 27 24 24 4 4 3 3 3 3 2 3 0 3 3 3 3
1631815172 94 80 45 43 27 24 24 5 4 3 3 3 3 2 3 0 3 3 3 3
1632254924 94 80 45 43 27 24 24 5 4 3 3 3 3 2 3 0 3 3 3 3
1633114509 94 80 45 43 27 24 24 5 4 3 3 3 3 2 3 0 3 3 3 3
1633117540 94 80 45 43 27 24 24 5 4 3 3 3 3 2 3 0 3 3 3 3
1635459247 94 80 45 43 27 24 24 5 4 3 3 3 3 2 3 1 3 3 3 3
1636142517 94 80 45 43 27 24 24 5 4 3 3 3 3 2 3 2 3 3 3 3
1636390655 94 80 45 43 27 25 24 5 4 3 3 3 3 2 3 2 3 3 3 3
1636390836 94 80 45 43 27 26 24 5 4 3 3 3 3 2 3 2 3 3 3 3
1636397447 94 80 45 43 27 27 24 5 4 3 3 3 3 2 3 2 3 3 3 3
1636397484 94 80 45 43 27 28 24 5 4 3 3 3 3 2 3 2 3 3 3 3
1636481565 94 80 45 43 27 28 24 5 4 3 3 3 3 2 3 2 3 3 3 3
1636482764 94 80 45 43 27 28 24 5 4 3 3 3 3 2 3 2 3 3 3 3
1637186636 94 80 45 43 28 28 24 5 4 3 3 3 3 2 3 2 3 3 3 3
1637346099 94 80 45 43 29 28 24 5 4 3 3 3 3 2 3 2 3 3 3 3
1637346127 94 80 45 43 30 28 24 5 4 3 3 3 3 2 3 2 3 3 3 3
1637346155 94 80 45 43 31 28 24 5 4 3 3 3 3 2 3 2 3 3 3 3
1637352657 94 80 45 43 31 28 24 5 4 3 3 3 3 2 3 2 3 3 3 3
1637598202 94 80 45 43 32 28 24 5 4 3 3 3 3 2 3 2 3 3 3 3
1637606915 94 80 45 43 32 28 24 5 4 3 3 3 3 2 3 2 3 3 3 3
1637609188 94 80 45 43 32 29 24 5 4 3 3 3 3 2 3 2 3 3 3 3
1637609944 94 80 45 43 33 29 24 5 4 3 3 3 3 2 3 2 3 3 3 3
1638192791 94 80 45 43 33 29 24 5 4 3 3 3 3 2 3 2 3 3 3 3
1638469310 94 80 45 43 33 30 24 5 4 3 3 3 3 2 3 2 3 3 3 3
1639166802 94 80 45 43 33 30 24 5 4 3 3 3 3 2 3 2 3 3 3 3
1639265077 94 80 45 43 33 30 24 5 4 4 3 3 3 2 3 2 3 3 3 3
1640022961 94 80 45 43 33 30 24 5 4 4 3 3 3 2 3 2 3 3 3 3
1641490124 94 80 45 43 33 30 24 5 4 4 3 3 3 3 3 2 3 3 3 3
1642190073 94 80 45 43 34 30 24 5 4 4 3 3 3 3 3 2 3 3 3 3
1642194265 94 80 45 43 35 30 24 5 4 4 3 3 3 3 3 2 3 3 3 3
1642222065 94 80 45 43 36 30 24 5 4 4 3 3 3 3 3 2 3 3 3 3
1642282666 94 80 45 43 37 30 24 5 4 4 3 3 3 3 3 2 3 3 3 3
1642364271 94 80 45 43 37 31 24 5 4 4 3 3 3 3 3 2 3 3 3 3
1643042065 94 80 45 43 37 31 24 5 4 4 3 3 3 3 3 2 3 3 3 3
1643042079 94 81 45 43 37 31 24 5 4 4 3 3 3 3 3 2 3 3 3 3
1643322162 94 81 45 43 38 31 24 5 4 4 3 3 3 3 3 2 3 3 3 3
1643400076 94 81 45 43 39 31 24 5 4 4 3 3 3 3 3 2 3 3 3 3
1643400590 94 81 45 43 39 31 24 5 4 4 3 3 3 3 3 2 3 3 3 3
1643402321 94 81 45 43 39 31 24 5 4 4 3 3 3 3 3 3 3 3 3 3
