1517420704 191 0 0 0 0 0 0 0 0 0 0 0 0 0 0 0 0 0 0 0
1517423123 222 0 0 0 0 0 0 0 0 0 0 0 0 0 0 0 0 0 0 0
1517423546 246 0 0 0 0 0 0 0 0 0 0 0 0 0 0 0 0 0 0 0
1517424831 246 0 0 0 0 0 0 0 0 0 0 10 0 0 0 0 0 0 0 0
1517425651 246 0 0 0 0 0 0 0 0 0 0 10 0 0 0 0 0 0 0 0
1517426626 246 0 0 0 0 0 0 0 0 0 0 10 0 0 0 0 0 0 0 0
1517429139 246 0 0 0 0 0 0 0 0 0 0 10 0 0 0 0 0 0 0 0
1517429308 246 0 0 0 0 0 0 0 0 0 0 10 0 0 0 0 0 0 0 0
1517599722 1163 0 0 0 0 0 0 0 0 0 0 10 0 0 0 0 0 0 0 0
1517601023 1163 0 0 0 0 0 0 0 0 0 0 10 0 0 0 0 0 0 0 0
1517626992 2510 0 0 0 0 0 0 0 0 0 0 10 0 0 0 0 0 0 0 0
1517627510 2510 0 0 0 0 0 0 0 0 0 0 10 0 0 0 0 0 0 0 0
1517850573 2848 0 0 0 0 0 0 0 0 0 0 10 0 0 0 0 0 0 0 0
1517851118 2848 0 0 0 0 0 0 0 0 0 0 10 0 0 0 0 0 0 0 0
1517855066 2871 0 0 0 0 0 0 0 0 0 0 10 0 0 0 0 0 0 0 0
1517855161 2871 0 0 0 0 0 0 0 0 0 0 10 0 0 0 0 0 0 0 0
1518017787 2871 0 132 0 0 0 0 0 0 0 0 10 0 0 0 0 0 0 0 0
1518122893 4538 0 132 0 0 0 0 0 0 0 0 10 0 0 0 0 0 0 0 0
1518181093 4538 0 132 0 0 0 0 0 0 0 0 10 0 0 0 0 0 0 0 0
1518181190 4539 0 132 0 0 0 0 0 0 0 0 10 0 0 0 0 0 0 0 0
1518557121 4577 0 132 0 0 0 0 0 0 0 0 10 0 0 0 0 0 0 0 0
1518557170 4577 0 132 0 0 0 0 0 0 0 0 10 0 0 0 0 0 0 0 0
1518557636 4577 10 132 0 0 0 0 0 0 0 0 10 0 0 0 0 0 0 0 0
1518566942 4577 10 132 0 0 0 0 0 0 0 0 10 0 0 0 0 0 0 0 0
1518567093 4578 10 132 0 0 0 0 0 0 0 0 10 0 0 0 0 0 0 0 0
1518571634 4587 10 132 0 0 0 0 0 0 0 0 10 0 0 0 0 0 0 0 0
1518572945 4588 10 132 0 0 0 0 0 0 0 0 10 0 0 0 0 0 0 0 0
1518738914 5097 10 132 0 0 0 0 0 0 0 0 10 0 0 0 0 0 0 0 0
1518739034 5097 10 132 0 0 0 0 0 0 0 0 10 0 0 0 0 0 0 0 0
1518742005 5159 10 132 0 0 0 0 0 0 0 0 10 0 0 0 0 0 0 0 0
1518742029 5159 10 132 0 0 0 0 0 0 0 0 10 0 0 0 0 0 0 0 0
1519082661 5711 10 132 0 0 0 0 0 0 0 0 10 0 0 0 0 0 0 0 0
1519083876 5711 10 132 0 0 0 0 0 0 0 0 10 0 0 0 0 0 0 0 0
1519087816 5830 10 132 0 0 0 0 0 0 0 0 10 0 0 0 0 0 0 0 0
1519327054 5830 10 132 0 0 0 0 0 0 0 0 10 0 0 0 0 0 0 11 0
1519327287 5830 10 132 0 0 0 0 0 0 0 0 10 0 0 0 0 0 0 11 0
1519382650 5830 10 132 0 0 0 0 0 0 0 0 10 0 0 0 0 0 0 14 0
1519383189 5830 10 132 0 0 0 0 0 0 0 0 10 0 0 0 0 0 0 14 0
1519612709 6159 10 132 0 0 0 0 0 0 0 0 10 0 0 0 0 0 0 14 0
1519613370 6159 10 132 0 0 0 0 0 0 0 0 10 0 0 0 0 0 0 14 0
1519677947 6265 10 132 0 0 0 0 0 0 0 0 10 0 0 0 0 0 0 14 0
1519678025 6265 10 132 0 0 0 0 0 0 0 0 10 0 0 0 0 0 0 14 0
1519766644 6267 10 132 0 0 0 0 0 0 0 0 10 0 0 0 0 0 0 14 0
1519853461 6396 10 132 0 0 0 0 0 0 0 0 10 0 0 0 0 0 0 14 0
1519853589 6396 10 132 0 0 0 0 0 0 0 0 10 0 0 0 0 0 0 14 0
1519860899 6473 10 132 0 0 0 0 0 0 0 0 10 0 0 0 0 0 0 14 0
1519861065 6473 10 132 0 0 0 0 0 0 0 0 10 0 0 0 0 0 0 14 0
1520200221 6473 16 132 0 0 0 0 0 0 0 0 10 0 0 0 0 0 0 14 0
1520201160 6473 69 132 0 0 0 0 0 0 0 0 10 0 0 0 0 0 0 14 0
1520206587 6473 71 132 0 0 0 0 0 0 0 0 10 0 0 0 0 0 0 14 0
1524486903 6473 71 138 0 0 0 0 0 0 0 0 10 0 0 0 0 0 0 14 0
1524668293 6473 71 254 0 0 0 0 0 0 0 0 10 0 0 0 0 0 0 14 0
1524687620 6473 71 264 0 0 0 0 0 0 0 0 10 0 0 0 0 0 0 14 0
1524861557 6473 71 327 0 0 0 0 0 0 0 0 10 0 0 0 0 0 0 14 0
1525183144 6485 71 327 0 0 0 0 0 0 0 0 10 0 0 0 0 0 0 14 0
1525183310 6485 71 327 0 0 0 0 0 0 0 0 10 0 0 0 0 0 0 14 0
1525692209 6705 71 327 0 0 0 0 0 0 0 0 10 0 0 0 0 0 0 14 0
1525696286 8647 71 327 0 0 0 0 0 0 0 0 10 0 0 0 0 0 0 14 0
1525979995 8691 71 327 0 0 0 0 0 0 0 0 10 0 0 0 0 0 0 14 0
1526038260 8691 71 327 0 0 0 0 0 0 0 0 10 0 0 0 0 0 0 14 0
1526062186 8705 71 327 0 0 0 0 0 0 0 0 10 0 0 0 0 0 0 14 0
1526062343 8705 71 327 0 0 0 0 0 0 0 0 10 0 0 0 0 0 0 14 0
1526083154 8709 71 327 0 0 0 0 0 0 0 0 10 0 0 0 0 0 0 14 0
1526124415 8709 71 327 0 0 0 0 0 0 0 0 10 0 0 0 0 0 0 14 0
1526129860 8710 71 327 0 0 0 0 0 0 0 0 10 0 0 0 0 0 0 14 0
1526130004 8710 71 327 0 0 0 0 0 0 0 0 10 0 0 0 0 0 0 14 0
1526145863 8723 71 327 0 0 0 0 0 0 0 0 10 0 0 0 0 0 0 14 0
1526166924 8723 71 327 0 0 0 0 0 0 0 0 10 0 0 0 0 0 0 14 0
1526385345 8724 71 327 0 0 0 0 0 0 0 0 10 0 0 0 0 0 0 14 0
1526385435 8724 71 327 0 0 0 0 0 0 0 0 10 0 0 0 0 0 0 14 0
1527198039 8724 71 605 0 0 0 0 0 0 0 0 10 0 0 0 0 0 0 14 0
1527260076 8724 71 605 0 0 0 0 0 0 0 0 10 0 0 0 0 0 0 14 0
1527260120 8724 71 606 0 0 0 0 0 0 0 0 10 0 0 0 0 0 0 14 0
1527261129 8737 71 606 0 0 0 0 0 0 0 0 10 0 0 0 0 0 0 14 0
1527261290 8737 71 606 0 0 0 0 0 0 0 0 10 0 0 0 0 0 0 14 0
1528567693 8737 71 606 0 0 0 0 0 0 0 0 10 0 0 0 0 0 0 14 0
1528718067 8739 71 606 0 0 0 0 0 0 0 0 10 0 0 0 0 0 0 14 0
1529100138 8746 71 606 0 0 0 0 0 0 0 0 10 0 0 0 0 0 0 14 0
1529101685 8841 71 606 0 0 0 0 0 0 0 0 10 0 0 0 0 0 0 14 0
1529149325 8869 71 606 0 0 0 0 0 0 0 0 10 0 0 0 0 0 0 14 0
1530147899 8898 71 606 0 0 0 0 0 0 0 0 10 0 0 0 0 0 0 14 0
1530221634 8998 71 606 0 0 0 0 0 0 0 0 10 0 0 0 0 0 0 14 0
1530224443 8998 71 606 0 0 0 0 0 0 0 0 10 0 0 0 0 0 0 14 0
1530225918 9005 71 606 0 0 0 0 0 0 0 0 10 0 0 0 0 0 0 14 0
1530246827 9005 71 975 0 0 0 0 0 0 0 0 10 0 0 0 0 0 0 14 0
1530721201 9024 71 975 0 0 0 0 0 0 0 0 10 0 0 0 0 0 0 14 0
1530721530 9053 71 975 0 0 0 0 0 0 0 0 10 0 0 0 0 0 0 14 0
1530722514 9064 71 975 0 0 0 0 0 0 0 0 10 0 0 0 0 0 0 14 0
1530722775 9066 71 975 0 0 0 0 0 0 0 0 10 0 0 0 0 0 0 14 0
1530723441 9107 71 975 0 0 0 0 0 0 0 0 10 0 0 0 0 0 0 14 0
1530958887 9277 71 975 0 0 0 0 0 0 0 0 10 0 0 0 0 0 0 14 0
1530982920 9277 71 1126 0 0 0 0 0 0 0 0 10 0 0 0 0 0 0 14 0
1530984830 9284 71 1126 0 0 0 0 0 0 0 0 10 0 0 0 0 0 0 14 0
1531338054 9284 71 1898 0 0 0 0 0 0 0 0 10 0 0 0 0 0 0 14 0
1531339436 9284 71 2064 0 0 0 0 0 0 0 0 10 0 0 0 0 0 0 14 0
1531409388 9306 71 2557 0 0 0 0 0 0 0 0 10 0 0 0 0 0 0 14 0
1531409994 9310 71 2557 0 0 0 0 0 0 0 0 10 0 0 0 0 0 0 14 0
1531446033 9342 71 2557 0 0 0 0 0 0 0 0 10 0 0 0 0 0 0 14 0
1531580674 9390 71 2557 0 0 0 0 0 0 0 0 10 0 0 0 0 0 0 14 0
1531586109 9426 71 2557 0 0 0 0 0 0 0 0 10 0 0 0 0 0 0 14 0
1531589009 9765 71 2557 0 0 0 0 0 0 0 0 10 0 0 0 0 0 0 14 0
1531655699 9765 71 2884 0 0 0 0 0 0 0 0 10 0 0 0 0 0 0 14 0
1531662327 9784 71 2884 0 0 0 0 0 0 0 0 10 0 0 0 0 0 0 14 0
1531662677 9848 71 2884 0 0 0 0 0 0 0 0 10 0 0 0 0 0 0 14 0
1531675886 9915 71 2884 0 0 0 0 0 0 0 0 10 0 0 0 0 0 0 14 0
1532621750 9915 71 2884 0 0 0 0 0 0 0 0 10 0 0 0 0 0 0 14 0
1533461157 9915 71 2884 0 0 0 0 0 0 0 0 10 0 0 0 0 0 0 14 0
1533462446 9930 71 2884 0 0 0 0 0 0 0 0 10 0 0 0 0 0 0 14 0
1533463259 9942 71 2884 0 0 0 0 0 0 0 0 10 0 0 0 0 0 0 14 0
1533510249 9953 71 2884 0 0 0 0 0 0 0 0 10 0 0 0 0 0 0 14 0
1533608132 10286 71 2884 0 0 0 0 0 0 0 0 10 0 0 0 0 0 0 14 0
1533765441 10466 71 2884 0 0 0 0 0 0 0 0 10 0 0 0 0 0 0 14 0
1533778475 10502 71 2884 0 0 0 0 0 0 0 0 10 0 0 0 0 0 0 14 0
1533824997 10511 71 2884 0 0 0 0 0 0 0 0 10 0 0 0 0 0 0 14 0
1533832929 10658 71 2884 0 0 0 0 0 0 0 0 10 0 0 0 0 0 0 14 0
1533844298 10870 71 2884 0 0 0 0 0 0 0 0 10 0 0 0 0 0 0 14 0
1533856777 11918 71 2884 0 0 0 0 0 0 0 0 10 0 0 0 0 0 0 14 0
1533897298 11938 71 2884 0 0 0 0 0 0 0 0 10 0 0 0 0 0 0 14 0
1533901115 12413 71 2884 0 0 0 0 0 0 0 0 10 0 0 0 0 0 0 14 0
1533904242 12599 71 2884 0 0 0 0 0 0 0 0 10 0 0 0 0 0 0 14 0
1533914868 12638 71 2884 0 0 0 0 0 0 0 0 10 0 0 0 0 0 0 14 0
1533916155 12651 71 2884 0 0 0 0 0 0 0 0 10 0 0 0 0 0 0 14 0
1534038888 12658 71 2884 0 0 0 0 0 0 0 0 10 0 0 0 0 0 0 14 0
1534171932 12659 71 2884 0 0 0 0 0 0 0 0 10 0 0 0 0 0 0 14 0
1534184360 12677 71 2884 0 0 0 0 0 0 0 0 10 0 0 0 0 0 0 14 0
1534246865 12677 71 2954 0 0 0 0 0 0 0 0 10 0 0 0 0 0 0 14 0
1534247436 12677 71 3873 0 0 0 0 0 0 0 0 10 0 0 0 0 0 0 14 0
1534254919 12845 71 3873 0 0 0 0 0 0 0 0 10 0 0 0 0 0 0 14 0
1534256670 12874 71 3873 0 0 0 0 0 0 0 0 10 0 0 0 0 0 0 14 0
1534259420 12900 71 3873 0 0 0 0 0 0 0 0 10 0 0 0 0 0 0 14 0
1534283343 13082 71 3873 0 0 0 0 0 0 0 0 10 0 0 0 0 0 0 14 0
1534523807 13331 71 3873 0 0 0 0 0 0 0 0 10 0 0 0 0 0 0 14 0
1534785430 13955 71 3873 0 0 0 0 0 0 0 0 10 0 0 0 0 0 0 14 0
1534806345 14036 71 3873 0 0 0 0 0 0 0 0 10 0 0 0 0 0 0 14 0
1534813624 14227 71 3873 0 0 0 0 0 0 0 0 10 0 0 0 0 0 0 14 0
1534929752 14499 71 3873 0 0 0 0 0 0 0 0 10 0 0 0 0 0 0 14 0
1534962598 14976 71 3873 0 0 0 0 0 0 0 0 10 0 0 0 0 0 0 14 0
1535475428 14976 71 3906 0 0 0 0 0 0 0 0 10 0 0 0 0 0 0 14 0
1535480696 14980 71 3906 0 0 0 0 0 0 0 0 10 0 0 0 0 0 0 14 0
1536005459 14997 71 3906 0 0 0 0 0 0 0 0 10 0 0 0 0 0 0 14 0
1536015022 15157 71 3906 0 0 0 0 0 0 0 0 10 0 0 0 0 0 0 14 0
1536015825 15157 71 3906 0 0 0 0 0 0 0 0 10 0 0 0 0 0 0 14 0
1536065206 15158 71 3906 0 0 0 0 0 0 0 0 10 0 0 0 0 0 0 14 0
1536065273 15158 71 3906 0 0 0 0 0 0 0 0 10 0 0 0 0 0 0 14 0
1536884371 15158 71 3910 0 0 0 0 0 0 0 0 10 0 0 0 0 0 0 14 0
1536918279 15158 71 3975 0 0 0 0 0 0 0 0 10 0 0 0 0 0 0 14 0
1537035075 15158 71 3975 0 0 0 0 0 0 0 0 10 0 0 0 0 0 0 14 0
1537310025 15158 71 4254 0 0 0 0 0 0 0 0 10 0 0 0 0 0 0 14 0
1540334586 15158 71 4254 0 0 0 2 0 0 0 0 10 0 0 0 0 0 0 14 0
1540334680 15158 71 4254 0 0 0 3 0 0 0 0 10 0 0 0 0 0 0 14 0
1540406068 15158 71 4254 0 0 0 3 0 0 0 0 10 4 0 0 0 0 0 14 0
1540409837 15158 71 4254 0 0 0 3 0 0 0 0 10 8 0 0 0 0 0 14 0
1540418089 15158 71 4254 0 0 0 5 0 0 0 0 10 8 0 0 0 0 0 14 0
1540418375 15158 71 4254 0 0 0 5 0 0 0 0 10 8 0 0 0 0 0 14 0
1540570228 15158 71 4254 0 0 0 5 0 0 0 0 10 12 0 0 0 0 0 14 0
1543327248 15158 71 4254 0 0 0 5 0 0 0 0 10 12 0 0 0 0 0 14 0
1543403688 15158 71 4254 0 0 0 5 0 0 0 0 10 12 0 0 0 0 0 14 0
1543417067 15158 71 4254 0 0 0 5 0 0 0 0 10 12 0 0 0 0 0 14 0
1547469983 15158 71 4254 0 0 0 5 0 0 0 0 10 12 0 0 0 0 0 14 0
1548984097 15158 71 4254 0 0 0 5 0 0 0 0 10 12 0 0 0 0 0 14 0
1550072234 15158 71 4254 0 0 0 5 0 0 0 0 10 12 0 0 0 0 0 14 0
1550690340 15158 71 4254 0 0 0 5 0 0 0 1 10 12 0 0 0 0 0 14 0
1551814964 15158 71 4254 0 0 0 5 0 0 0 1 10 12 0 0 0 0 0 14 0
1552327362 15158 71 4254 0 0 0 5 0 0 0 1 10 12 0 0 0 0 0 14 0
1553040596 15158 74 4254 0 0 0 5 0 0 0 1 10 12 0 0 0 0 0 14 0
1553042003 15158 74 4254 0 0 0 5 0 0 0 1 10 12 0 0 0 0 0 14 0
1554164939 15158 74 4254 0 0 0 5 0 0 0 62 10 12 0 0 0 0 0 14 0
1554165157 15158 74 4254 0 0 0 5 0 0 0 63 10 12 0 0 0 0 0 14 0
1557935500 15158 74 4254 0 0 0 5 0 0 0 63 10 12 0 0 0 0 0 14 0
1558118171 15158 74 4254 0 0 0 5 0 0 0 63 10 12 0 0 0 0 0 14 0
1559247363 15158 74 4254 0 0 0 5 0 0 0 63 10 12 0 0 0 0 0 14 0
1559247383 15158 74 4254 0 0 0 5 0 0 2 63 10 12 0 0 0 0 0 14 0
1560319864 15158 74 4254 0 0 0 5 0 0 2 63 10 12 0 0 0 0 0 14 0
1560361953 15158 74 4254 0 0 0 639 0 0 2 63 10 12 0 0 0 0 0 14 0
1560379405 15158 74 4254 0 0 0 639 0 0 2 63 10 12 0 0 0 0 0 14 0
1560380192 15158 74 4254 0 0 0 640 0 0 2 63 10 12 0 0 0 0 0 14 0
1560380462 15158 74 4254 0 0 0 643 0 0 2 63 10 12 0 0 0 0 0 14 0
1560380664 15158 74 4254 0 0 0 643 0 0 2 63 10 12 0 0 0 0 0 14 0
1560380848 15158 74 4254 0 0 0 643 0 0 2 63 10 12 0 0 0 0 0 14 0
1560397468 15158 74 4254 0 0 0 702 0 0 2 63 10 12 0 0 0 0 0 14 0
1560397712 15158 74 4254 0 0 0 703 0 0 2 63 10 12 0 0 0 0 0 14 0
1560398952 15158 74 4254 0 0 0 716 0 0 2 63 10 12 0 0 0 0 0 14 0
1560399157 15158 74 4254 0 0 0 716 0 0 2 63 10 12 0 0 0 0 0 14 0
1560402359 15158 141 4254 0 0 0 716 0 0 2 63 10 12 0 0 0 0 0 14 0
1560402394 15158 141 4254 0 0 0 716 0 0 2 63 10 12 0 0 0 0 0 14 0
1560402538 15158 143 4254 0 0 0 716 0 0 2 63 10 12 0 0 0 0 0 14 0
1560402570 15158 143 4254 0 0 0 716 0 0 2 63 10 12 0 0 0 0 0 14 0
1561079055 15158 143 4254 0 0 0 718 0 0 2 63 10 12 0 0 0 0 0 14 0
1561081221 15158 143 4254 0 0 0 719 0 0 2 63 10 12 0 0 0 0 0 14 0
1561081499 15158 143 4254 0 0 0 719 0 0 2 63 10 12 0 0 0 0 0 14 0
1561081996 15158 149 4254 0 0 0 719 0 0 2 63 10 12 0 0 0 0 0 14 0
1562086590 15158 149 4254 0 0 0 719 0 0 2 63 10 12 0 0 0 0 0 14 0
1562090194 15158 149 4254 0 0 0 725 0 0 2 63 10 12 0 0 0 0 0 14 0
1562090690 15158 149 4254 0 0 0 725 0 0 2 63 10 12 0 0 0 0 0 14 0
1565362627 15158 149 4254 0 0 0 725 0 0 2 63 10 12 0 0 0 0 0 14 0
1565362650 15158 149 4254 0 0 0 932 0 0 2 63 10 12 0 0 0 0 0 14 0
1565479911 15158 149 4254 0 0 0 962 0 0 2 63 10 12 0 0 0 0 0 14 0
1565480065 15158 149 4254 0 0 0 962 0 0 2 63 10 12 0 0 0 0 0 14 0
1565648376 15158 150 4254 0 0 0 962 0 0 2 63 10 12 0 0 0 0 0 14 0
1565649598 15158 150 4254 0 0 0 962 0 0 2 63 10 12 0 0 0 0 0 14 0
1567201357 15158 150 4254 0 0 0 962 0 0 2 63 10 12 0 0 0 0 0 14 2
1567201409 15158 150 4254 0 0 0 962 0 0 2 63 10 12 0 0 0 0 0 14 2
1567779670 15158 150 4254 0 0 0 962 0 0 2 63 10 12 0 0 0 0 0 14 2
1567792490 15158 150 4254 0 0 0 962 0 0 2 63 10 12 0 0 0 0 0 14 2
1568232642 15158 150 4254 0 0 0 962 0 0 2 63 10 12 0 0 0 0 0 14 2
1568903517 15158 150 4254 0 0 0 962 0 0 2 63 10 12 0 0 0 0 0 14 3
1568952166 15158 150 4254 0 0 0 962 0 0 2 63 10 12 0 0 0 0 0 14 6
1569344486 15158 150 4254 0 0 0 962 0 0 2 63 10 12 0 0 0 0 0 14 6
1569607506 15158 150 4254 0 0 0 962 0 0 2 63 10 12 0 0 0 0 0 14 6
1569617885 15158 152 4254 0 0 0 962 0 0 2 63 10 12 0 0 0 0 0 14 6
1569617893 15158 154 4254 0 0 0 962 0 0 2 63 10 12 0 0 0 0 0 14 6
1569617911 15158 154 4254 0 0 0 962 0 0 2 63 10 12 0 0 0 0 0 14 6
1569620777 15158 154 4254 0 0 0 962 0 0 2 63 10 12 0 0 0 0 0 14 6
1569620916 15158 160 4254 0 0 0 962 0 0 2 63 10 12 0 0 0 0 0 14 6
1569620939 15158 160 4254 0 0 0 962 0 0 2 63 10 12 0 0 0 0 0 14 6
1569947716 15158 160 4254 0 0 0 963 0 0 2 63 10 12 0 0 0 0 0 14 6
1569949897 15158 160 4254 0 0 0 963 0 0 2 63 10 12 0 0 0 0 0 14 6
1570049190 15158 160 4254 0 0 0 1044 0 0 2 63 10 12 0 0 0 0 0 14 6
1570058908 15158 160 4254 0 0 0 1044 0 0 2 63 10 12 0 0 0 0 0 14 6
1570061286 15158 165 4254 0 0 0 1044 0 0 2 63 10 12 0 0 0 0 0 14 6
1570061455 15158 167 4254 0 0 0 1044 0 0 2 63 10 12 0 0 0 0 0 14 6
1570061785 15158 167 4254 0 0 0 1044 0 0 2 63 10 12 0 0 0 0 0 14 6
1570084636 15158 200 4254 0 0 0 1044 0 0 2 63 10 12 0 0 0 0 0 14 6
1570084721 15158 201 4254 0 0 0 1044 0 0 2 63 10 12 0 0 0 0 0 14 6
1570084851 15158 210 4254 0 0 0 1044 0 0 2 63 10 12 0 0 0 0 0 14 6
1570085863 15158 233 4254 0 0 0 1044 0 0 2 63 10 12 0 0 0 0 0 14 6
1570085959 15158 236 4254 0 0 0 1044 0 0 2 63 10 12 0 0 0 0 0 14 6
1570296276 15158 237 4254 0 0 0 1044 0 0 2 63 10 12 0 0 0 0 0 14 6
1570297431 15158 237 4254 0 0 0 1050 0 0 2 63 10 12 0 0 0 0 0 14 6
1570297481 15158 237 4254 0 0 0 1050 0 0 2 63 10 12 0 0 0 0 0 14 6
1570297591 15158 237 4254 0 0 0 1050 0 0 2 63 10 12 0 0 0 0 0 14 6
1570680086 15158 237 4254 0 0 0 1052 0 0 2 63 10 12 0 0 0 0 0 14 6
1570742389 15158 237 4254 0 0 0 1052 0 0 2 63 10 12 0 0 0 0 0 14 6
1571162402 15158 259 4254 0 0 0 1052 0 0 2 63 10 12 0 0 0 0 0 14 6
1571299622 15158 260 4254 0 0 0 1052 0 0 2 63 10 12 0 0 0 0 0 14 6
1572052108 15158 409 4254 0 0 0 1052 0 0 2 63 10 12 0 0 0 0 0 14 6
1572304118 15158 409 4254 0 0 0 1052 0 0 2 63 10 12 0 0 0 0 0 14 6
1572304240 15158 423 4254 0 0 0 1052 0 0 2 63 10 12 0 0 0 0 0 14 6
1572306044 15158 652 4254 0 0 0 1052 0 0 2 63 10 12 0 0 0 0 0 14 6
1572368745 15158 660 4254 0 0 0 1052 0 0 2 63 10 12 0 0 0 0 0 14 6
1572369706 15158 668 4254 0 0 0 1052 0 0 2 63 10 12 0 0 0 0 0 14 6
1575576037 15158 668 4254 0 0 0 1052 0 6 2 63 10 12 0 0 0 0 0 14 6
1575578142 15158 670 4254 0 0 0 1052 0 6 2 63 10 12 0 0 0 0 0 14 6
1575578254 15158 674 4254 0 0 0 1052 0 6 2 63 10 12 0 0 0 0 0 14 6
1575669986 15158 679 4254 0 0 0 1052 0 6 2 63 10 12 0 0 0 0 0 14 6
1575672469 15158 683 4254 0 0 0 1052 0 6 2 63 10 12 0 0 0 0 0 14 6
1575672525 15158 687 4254 0 0 0 1052 0 6 2 63 10 12 0 0 0 0 0 14 6
1579111678 15158 688 4254 0 0 0 1052 0 6 2 63 10 12 0 0 0 0 0 14 6
1579112128 15158 688 4254 0 0 0 1052 0 6 2 63 10 12 0 0 0 1 0 14 6
1579118840 15158 690 4254 0 0 0 1052 0 6 2 63 10 12 0 0 0 1 0 14 6
1579119382 15158 695 4254 0 0 0 1052 0 6 2 63 10 12 0 0 0 1 0 14 6
1579119429 15158 697 4254 0 0 0 1052 0 6 2 63 10 12 0 0 0 1 0 14 6
1579126783 15158 697 4254 0 0 0 1052 0 6 2 63 10 12 0 0 0 1 0 14 6
1579127035 15158 697 4254 0 0 0 1052 0 8 2 63 10 12 0 0 0 1 0 14 6
1579127441 15158 743 4254 0 0 0 1052 0 8 2 63 10 12 0 0 0 1 0 14 6
1579199221 15158 743 4254 0 0 0 1052 5 8 2 63 10 12 0 0 0 1 0 14 6
1579220152 15158 772 4254 0 0 0 1052 5 8 2 63 10 12 0 0 0 1 0 14 6
1581018941 15158 772 4254 0 0 0 1052 5 8 2 63 10 12 0 0 0 1 0 14 6
1581358188 15158 772 4254 0 0 529 1052 5 8 2 63 10 12 0 0 0 1 0 14 6
1581358931 15158 774 4254 0 0 529 1052 5 8 2 63 10 12 0 0 0 1 0 14 6
1581360116 15158 777 4254 0 0 529 1052 5 8 2 63 10 12 0 0 0 1 0 14 6
1581360147 15158 778 4254 0 0 529 1052 5 8 2 63 10 12 0 0 0 1 0 14 6
1581360238 15158 779 4254 0 0 529 1052 5 8 2 63 10 12 0 0 0 1 0 14 6
1581360277 15158 780 4254 0 0 529 1052 5 8 2 63 10 12 0 0 0 1 0 14 6
1581711730 15158 780 4254 0 0 529 1052 5 8 2 63 10 12 2 0 0 1 0 14 6
1582063690 15158 785 4254 0 0 529 1052 5 8 2 63 10 12 2 0 0 1 0 14 6
1582064830 15158 785 4254 0 0 978 1052 5 8 2 63 10 12 2 0 0 1 0 14 6
1582065992 15158 791 4254 0 0 978 1052 5 8 2 63 10 12 2 0 0 1 0 14 6
1582581376 15158 791 4254 0 0 978 1052 5 8 2 63 10 12 2 0 0 106 0 14 6
1582761809 15158 791 4254 0 0 978 1052 5 8 2 63 10 12 2 0 0 106 0 14 6
1582816612 15158 791 4254 0 0 1562 1052 5 8 2 63 10 12 2 0 0 106 0 14 6
1582825467 15158 791 4254 0 0 1629 1052 5 8 2 63 10 12 2 0 0 106 0 14 6
1582826970 15158 791 4254 0 0 1629 1052 5 8 2 63 10 12 2 0 0 106 0 14 6
1582925192 15158 792 4254 0 0 1629 1052 5 8 2 63 10 12 2 0 0 106 0 14 6
1582925432 15158 792 4254 0 0 1666 1052 5 8 2 63 10 12 2 0 0 106 0 14 6
1583182062 15158 792 4254 0 0 2456 1052 5 8 2 63 10 12 2 0 0 106 0 14 6
1585927677 15158 792 4254 0 0 6393 1052 5 8 2 63 10 12 2 0 0 106 0 14 6
1585933830 15158 792 4254 0 0 6967 1052 5 8 2 63 10 12 2 0 0 106 0 14 6
1586206950 15158 792 4254 0 0 6967 1052 5 8 2 63 10 12 2 0 0 106 0 14 6
1586287229 15158 792 4254 0 0 6967 1052 5 8 2 63 10 12 2 0 0 106 0 14 6
1587054368 15158 792 4254 55 0 6967 1052 5 8 2 63 10 12 2 0 0 106 0 14 6
1588102880 15158 792 4254 55 0 6967 1052 5 8 2 63 10 12 2 0 0 121 0 14 6
1588801847 15158 812 4254 55 0 6967 1052 5 8 2 63 10 12 2 0 0 121 0 14 6
1588802353 15158 819 4254 55 0 6967 1052 5 8 2 63 10 12 2 0 0 121 0 14 6
1588803736 15158 834 4254 55 0 6967 1052 5 8 2 63 10 12 2 0 0 121 0 14 6
1588869890 15158 834 4254 55 0 7582 1052 5 8 2 63 10 12 2 0 0 121 0 14 6
1588883473 15158 843 4254 55 0 7582 1052 5 8 2 63 10 12 2 0 0 121 0 14 6
1589009791 15158 843 4254 55 0 7582 1052 5 8 2 63 10 12 2 0 0 121 0 14 6
1589009852 15158 843 4254 55 0 7582 1052 5 8 2 63 10 12 2 0 0 121 0 14 6
1589039251 15158 843 4254 55 0 8018 1052 5 8 2 63 10 12 2 0 0 121 0 14 6
1589041056 15158 843 4254 55 0 8018 1052 5 8 2 63 10 12 2 0 0 121 0 14 6
1589588022 15158 843 4254 55 0 8027 1052 5 8 2 63 10 12 2 0 0 121 0 14 6
1589600098 15158 843 4254 55 0 9273 1052 5 8 2 63 10 12 2 0 0 121 0 14 6
1592399150 15158 843 4254 55 0 9273 1052 5 125 2 63 10 12 2 0 0 121 0 14 6
1594835467 15158 843 4254 57 0 9273 1052 5 125 2 63 10 12 2 0 0 121 0 14 6
1595036057 15158 843 4254 57 0 9273 1052 5 125 2 63 10 12 2 0 0 121 0 14 6
1596469321 15158 843 4254 57 0 9273 1052 5 125 2 63 10 12 2 0 0 121 0 14 6
1599686517 15158 843 4254 57 0 9273 1052 5 125 2 63 10 12 2 0 0 121 0 14 6
1601505226 15158 843 4254 57 0 9273 1052 5 127 2 63 10 12 2 0 0 121 0 14 6
1601580090 15158 843 4254 57 0 9273 1052 5 127 2 63 10 12 2 0 0 121 0 14 6
1603848513 15158 843 4254 58 0 9273 1052 5 127 2 63 10 12 2 0 0 121 0 14 6
1604525220 15158 843 4254 59 0 9273 1052 5 127 2 63 10 12 2 0 0 121 0 14 6
1604526614 15158 843 4254 59 0 9273 1052 5 127 2 63 10 12 2 0 0 121 0 14 6
1604532310 15158 843 4254 86 0 9273 1052 5 127 2 63 10 12 2 0 0 121 0 14 6
1604700102 15158 843 4254 87 0 9273 1052 5 127 2 63 10 12 2 0 0 121 0 14 6
1605036416 15158 843 4254 87 0 9488 1052 5 127 2 63 10 12 2 0 0 121 0 14 6
1605107874 15158 843 4254 92 0 9488 1052 5 127 2 63 10 12 2 0 0 121 0 14 6
1605108324 15158 843 4254 92 0 9488 1052 5 127 2 63 10 12 2 0 0 121 0 14 6
1605145293 15158 843 4254 92 15 9488 1052 5 127 2 63 10 12 2 0 0 121 0 14 6
1605202135 15158 843 4254 114 15 9488 1052 5 127 2 63 10 12 2 0 0 121 0 14 6
1605474921 15158 843 4254 114 42 9488 1052 5 127 2 63 10 12 2 0 0 121 0 14 6
1605559431 15158 975 4254 114 42 9488 1052 5 127 2 63 10 12 2 0 0 121 0 14 6
1605630266 15158 975 4254 114 42 9488 1052 19 127 2 63 10 12 2 0 0 121 0 14 6
1605641205 15158 975 4254 114 42 11610 1052 19 127 2 63 10 12 2 0 0 121 0 14 6
1605732914 15158 975 4254 590 42 11610 1052 19 127 2 63 10 12 2 0 0 121 0 14 6
1605735517 15158 975 4254 593 42 11610 1052 19 127 2 63 10 12 2 0 0 121 0 14 6
1605909089 15158 975 4254 593 42 11610 1052 19 127 2 63 10 12 2 0 0 121 0 14 6
1606079696 15158 975 4254 593 42 11610 1052 19 127 2 63 10 12 2 0 0 121 0 14 6
1606153641 15158 975 4254 597 42 11610 1052 19 127 2 63 10 12 2 0 0 121 0 14 6
1606153650 15158 975 4254 628 42 11610 1052 19 127 2 63 10 12 2 0 0 121 0 14 6
1606230567 15158 975 4254 663 42 11610 1052 19 127 2 63 10 12 2 0 0 121 0 14 6
1606254102 15158 975 4254 665 42 11610 1052 19 127 2 63 10 12 2 0 0 121 0 14 6
1606329229 15158 975 4254 670 42 11610 1052 19 127 2 63 10 12 2 0 0 121 0 14 6
1607035872 15158 1003 4254 670 42 11610 1052 19 127 2 63 10 12 2 0 0 121 0 14 6
1607101324 15158 1003 4254 1070 42 11610 1052 19 127 2 63 10 12 2 0 0 121 0 14 6
1607439247 15158 1003 4254 1071 42 11610 1052 19 127 2 63 10 12 2 0 0 121 0 14 6
1607522178 15158 1003 4254 1072 42 11610 1052 19 127 2 63 10 12 2 0 0 121 0 14 6
1607656273 15158 1003 4254 1072 54 11610 1052 19 127 2 63 10 12 2 0 0 121 0 14 6
1607978273 15158 1003 4254 1084 54 11610 1052 19 127 2 63 10 12 2 0 0 121 0 14 6
1608249810 15158 1009 4254 1084 54 11610 1052 19 127 2 63 10 12 2 0 0 121 0 14 6
1608397089 15158 1009 4254 1084 66 11610 1052 19 127 2 63 10 12 2 0 0 121 0 14 6
1608397751 15158 1009 4254 1084 156 11610 1052 19 127 2 63 10 12 2 0 0 121 0 14 6
1608643522 15158 1009 4254 1084 156 11610 1052 19 127 2 63 10 12 2 0 0 121 18 14 6
1608734399 15158 1009 4254 1084 156 11610 1052 19 127 2 63 10 12 2 0 0 121 18 14 6
1608829008 15158 1009 4254 1084 178 11610 1052 19 127 2 63 10 12 2 0 0 121 18 14 6
1609347135 15158 1009 4254 1084 178 11799 1052 19 127 2 63 10 12 2 0 0 121 18 14 6
1609349883 15158 1009 4254 1084 178 11799 1052 19 127 2 63 10 12 2 0 0 121 18 14 6
1609429882 15158 1009 4254 1089 178 11799 1052 19 127 2 63 10 12 2 0 0 121 18 14 6
1609444925 15158 1009 4254 1089 178 11799 1052 19 127 2 63 10 12 2 0 0 121 18 14 6
1609693497 15158 1009 4254 1969 178 11799 1052 19 127 2 63 10 12 2 0 0 121 18 14 6
1609880293 15158 1009 4254 1973 178 11799 1052 19 127 2 63 10 12 2 0 0 121 18 14 6
1609948818 15158 1009 4254 1973 178 11823 1052 19 127 2 63 10 12 2 0 0 121 18 14 6
1610127884 15158 1009 4254 2198 178 11823 1052 19 127 2 63 10 12 2 0 0 121 18 14 6
1610143559 15158 1009 4254 2393 178 11823 1052 19 127 2 63 10 12 2 0 0 121 18 14 6
1610377930 15158 1009 4254 2433 178 11823 1052 19 127 2 63 10 12 2 0 0 121 18 14 6
1610378880 15158 1009 4254 2488 178 11823 1052 19 127 2 63 10 12 2 0 0 121 18 14 6
1610555507 15158 1009 4254 2621 178 11823 1052 19 127 2 63 10 12 2 0 0 121 18 14 6
1610741948 15158 1009 4254 2621 465 11823 1052 19 127 2 63 10 12 2 0 0 121 18 14 6
1611106124 15158 1009 4254 2621 502 11823 1052 19 127 2 63 10 12 2 0 0 121 18 14 6
1611165293 15158 1009 4254 2830 502 11823 1052 19 127 2 63 10 12 2 0 0 121 18 14 6
1611425540 15158 1010 4254 2830 502 11823 1052 19 127 2 63 10 12 2 0 0 121 18 14 6
1611425577 15158 1014 4254 2830 502 11823 1052 19 127 2 63 10 12 2 0 0 121 18 14 6
1611590071 15158 1014 4254 2959 502 11823 1052 19 127 2 63 10 12 2 0 0 121 18 14 6
1611621370 15158 1015 4254 2959 502 11823 1052 19 127 2 63 10 12 2 0 0 121 18 14 6
1611671828 15158 1015 4254 2959 502 11823 1052 19 127 2 63 10 12 2 69 0 121 18 14 6
1611702168 15158 1015 4254 2959 502 11823 1052 19 127 2 63 10 12 2 204 0 121 18 14 6
1611853358 15158 1015 4254 3318 502 11823 1052 19 127 2 63 10 12 2 204 0 121 18 14 6
1611940421 15158 1421 4254 3318 502 11823 1052 19 127 2 63 10 12 2 204 0 121 18 14 6
1611940706 15158 1426 4254 3318 502 11823 1052 19 127 2 63 10 12 2 204 0 121 18 14 6
1611940834 15158 1426 4254 3318 502 11823 1052 19 127 2 63 10 12 2 204 0 121 18 14 6
1612286351 15158 1426 4254 3361 502 11823 1052 19 127 2 63 10 12 2 204 0 121 18 14 6
1612450316 15158 1426 4254 3361 502 11823 1052 19 127 2 63 10 12 2 204 0 121 18 14 6
1612450341 15158 1426 4254 3366 502 11823 1052 19 127 2 63 10 12 2 204 0 121 18 14 6
1612558285 15158 1426 4254 3655 502 11823 1052 19 127 2 63 10 12 2 204 0 121 18 14 6
1612834035 15158 1426 4254 3655 502 11823 1052 19 127 2 63 10 12 2 204 0 121 18 14 6
1613414608 15158 1426 4254 3871 502 11823 1052 19 127 2 63 10 12 2 204 0 121 18 14 6
1613577018 15158 1426 4254 3871 507 11823 1052 19 127 2 63 10 12 2 204 0 121 18 14 6
1613663722 15158 1426 4254 3871 522 11823 1052 19 127 2 63 10 12 2 204 0 121 18 14 6
1613665010 15158 1426 4254 3871 522 13581 1052 19 127 2 63 10 12 2 204 0 121 18 14 6
1613667422 15158 1426 4254 4221 522 13581 1052 19 127 2 63 10 12 2 204 0 121 18 14 6
1613681439 15158 1426 4254 4221 522 13581 1052 19 127 2 63 10 12 2 204 0 121 18 14 6
1613683433 15158 1426 4254 4221 527 13581 1052 19 127 2 63 10 12 2 204 0 121 18 14 6
1614690578 15158 1426 4254 4221 527 41692 1052 19 127 2 63 10 12 2 204 0 121 18 14 6
1615225108 15158 1426 4254 4221 527 41745 1052 19 127 2 63 10 12 2 204 0 121 18 14 6
1615565404 15158 1426 4254 4221 527 41745 1052 19 127 2 63 10 12 2 204 0 121 75 14 6
1615572978 15158 1426 4254 4221 527 41745 1052 19 127 2 63 10 12 2 204 0 121 75 14 6
1615915856 15158 1426 4254 4221 529 41745 1052 19 127 2 63 10 12 2 204 0 121 75 14 6
1615999318 15158 1426 4254 4227 529 41745 1052 19 127 2 63 10 12 2 204 0 121 75 14 6
1616005682 15158 1426 4254 4228 529 41745 1052 19 127 2 63 10 12 2 204 0 121 75 14 6
1616077538 15158 1426 4254 4321 529 41745 1052 19 127 2 63 10 12 2 204 0 121 75 14 6
1616257309 15158 1426 4254 4322 529 41745 1052 19 127 2 63 10 12 2 204 0 121 75 14 6
1616257388 15158 1426 4254 4479 529 41745 1052 19 127 2 63 10 12 2 204 0 121 75 14 6
1616555192 15158 1426 4254 4479 529 41745 1052 19 127 2 63 10 12 2 204 0 121 75 14 6
1617289970 15158 1426 4254 4481 529 41745 1052 19 127 2 63 10 12 2 204 0 121 75 14 6
1617290005 15158 1426 4254 4487 529 41745 1052 19 127 2 63 10 12 2 204 0 121 75 14 6
1617290028 15158 1426 4254 4487 529 41745 1052 19 127 2 63 10 12 2 207 0 121 75 14 6
1617322473 15158 1426 4254 4491 529 41745 1052 19 127 2 63 10 12 2 207 0 121 75 14 6
1618161920 15158 1426 4254 4491 529 41745 1052 19 127 2 63 10 12 2 207 0 121 75 14 6
1618347566 15158 1426 4254 4491 532 41745 1052 19 127 2 63 10 12 2 207 0 121 75 14 6
1618347606 15158 1426 4254 4491 574 41745 1052 19 127 2 63 10 12 2 207 0 121 75 14 6
1619356493 15158 1426 4254 4491 575 41745 1052 19 127 2 63 10 12 2 207 0 121 75 14 6
1619356526 15158 1426 4254 4491 577 41745 1052 19 127 2 63 10 12 2 207 0 121 75 14 6
1619356548 15158 1426 4254 4491 580 41745 1052 19 127 2 63 10 12 2 207 0 121 75 14 6
1619356578 15158 1426 4254 4491 580 41745 1052 19 127 2 63 10 12 2 207 0 121 75 14 6
1619356619 15158 1426 4254 4491 582 41745 1052 19 127 2 63 10 12 2 207 0 121 75 14 6
1619356710 15158 1426 4254 4491 582 41745 1052 19 127 2 63 10 12 2 207 0 121 75 14 6
1619457434 15158 1426 4254 4491 582 41745 1052 19 127 2 63 10 12 2 207 0 121 75 14 6
1621883759 15158 1426 4254 4491 591 41745 1052 19 127 2 63 10 12 2 207 0 121 75 14 6
1621883769 15158 1426 4254 4491 595 41745 1052 19 127 2 63 10 12 2 207 0 121 75 14 6
1622407232 15158 1426 4254 4491 595 42045 1052 19 127 2 63 10 12 2 207 0 121 75 14 6
1623183328 15158 1426 4254 4491 595 42045 1052 19 127 2 63 10 12 2 207 0 121 75 14 6
1625858714 15158 1426 4254 4491 595 42045 1052 19 127 2 63 10 12 2 207 0 121 75 14 6
1625858870 15158 1426 4254 4491 595 42045 1052 19 127 2 63 10 12 2 207 0 121 75 14 6
1625859499 15158 1426 4254 4491 597 42045 1052 19 127 2 63 10 12 2 207 0 121 75 14 6
1625873866 15158 1426 4254 4491 597 42045 1052 99 127 2 63 10 12 2 207 0 121 75 14 6
1625879294 15158 1426 4254 4491 597 42045 1052 99 127 2 63 10 12 2 207 0 121 75 14 6
1625879749 15158 1426 4254 4491 598 42045 1052 99 127 2 63 10 12 2 207 0 121 75 14 6
1625887853 15158 1426 4254 4491 598 42045 1052 99 127 2 63 10 12 2 207 0 121 75 14 6
1626116548 15158 1457 4254 4491 598 42045 1052 99 127 2 63 10 12 2 207 0 121 75 14 6
1626117178 15158 1457 4254 4491 598 42045 1052 99 127 2 63 10 12 2 207 0 121 75 14 6
1626886340 15158 1457 4254 4491 601 42045 1052 99 127 2 63 10 12 2 207 0 121 75 14 6
1626886460 15158 1457 4254 4491 649 42045 1052 99 127 2 63 10 12 2 207 0 121 75 14 6
1626961380 15158 1457 4254 4491 649 42045 1052 99 127 2 63 10 12 5 207 0 121 75 14 6
1627057937 15158 1457 4254 4491 679 42045 1052 99 127 2 63 10 12 5 207 0 121 75 14 6
1627164857 15158 1457 4254 4491 679 42797 1052 99 127 2 63 10 12 5 207 0 121 75 14 6
1628276386 15158 1457 4254 4491 679 42797 1052 99 127 2 63 10 12 5 207 0 121 75 14 6
1628276547 15158 1457 4254 4491 679 44604 1052 99 127 2 63 10 12 5 207 0 121 75 14 6
1628520680 15158 1457 4254 4491 679 44604 1052 99 127 3 63 10 12 5 207 0 121 75 14 6
1629248186 15158 1457 4254 4491 679 44694 1052 99 127 3 63 10 12 5 207 0 121 75 14 6
1630343621 15158 1457 4254 4491 679 44694 1052 99 127 3 63 10 12 5 207 0 121 78 14 6
1630343654 15158 1457 4254 4491 681 44694 1052 99 127 3 63 10 12 5 207 0 121 78 14 6
1630343687 15158 1457 4254 4491 721 44694 1052 99 127 3 63 10 12 5 207 0 121 78 14 6
1630691517 15158 1457 4254 4491 721 44732 1052 99 127 3 63 10 12 5 207 0 121 78 14 6
1630691532 15158 1457 4254 4491 721 44732 1052 99 127 3 63 10 12 5 207 0 121 78 14 6
1631299829 15158 1457 4254 4491 721 44732 1052 102 127 3 63 10 12 5 207 0 121 78 14 6
1631815172 15158 1457 4254 4491 721 44732 1052 103 127 3 63 10 12 5 207 0 121 78 14 6
1632254924 15158 1457 4254 4491 721 44732 1052 103 127 3 63 10 12 5 207 0 121 78 14 6
1633114509 15158 1457 4254 4491 721 44732 1052 103 127 3 63 10 12 5 207 0 121 78 14 6
1633117540 15158 1457 4254 4491 721 44732 1052 103 127 3 63 10 12 5 207 0 121 78 14 6
1635459247 15158 1457 4254 4491 721 44732 1052 103 127 3 63 10 12 5 207 2 121 78 14 6
1636142517 15158 1457 4254 4491 721 44732 1052 103 127 3 63 10 12 5 207 3 121 78 14 6
1636390655 15158 1457 4254 4491 721 44732 1052 103 127 3 63 10 12 5 207 3 121 78 14 6
1636390836 15158 1457 4254 4491 721 44732 1052 103 127 3 63 10 12 5 207 3 121 78 14 6
1636397447 15158 1457 4254 4491 721 44834 1052 103 127 3 63 10 12 5 207 3 121 78 14 6
1636397484 15158 1457 4254 4491 721 44971 1052 103 127 3 63 10 12 5 207 3 121 78 14 6
1636481565 15158 1457 4254 4491 721 44971 1052 103 127 3 63 10 12 5 207 3 121 78 14 6
1636482764 15158 1457 4254 4491 721 44971 1052 103 127 3 63 10 12 5 207 3 121 78 14 6
1637186636 15158 1457 4254 4491 728 44971 1052 103 127 3 63 10 12 5 207 3 121 78 14 6
1637346099 15158 1457 4254 4491 803 44971 1052 103 127 3 63 10 12 5 207 3 121 78 14 6
1637346127 15158 1457 4254 4491 807 44971 1052 103 127 3 63 10 12 5 207 3 121 78 14 6
1637346155 15158 1457 4254 4491 809 44971 1052 103 127 3 63 10 12 5 207 3 121 78 14 6
1637352657 15158 1457 4254 4491 809 44971 1052 103 127 3 63 10 12 5 207 3 121 78 14 6
1637598202 15158 1457 4254 4491 823 44971 1052 103 127 3 63 10 12 5 207 3 121 78 14 6
1637606915 15158 1457 4254 4491 823 44971 1052 103 127 3 63 10 12 5 207 3 121 78 14 6
1637609188 15158 1457 4254 4491 823 44972 1052 103 127 3 63 10 12 5 207 3 121 78 14 6
1637609944 15158 1457 4254 4491 1171 44972 1052 103 127 3 63 10 12 5 207 3 121 78 14 6
1638192791 15158 1457 4254 4491 1171 44972 1052 103 127 3 63 10 12 5 207 3 121 78 14 6
1638469310 15158 1457 4254 4491 1171 45161 1052 103 127 3 63 10 12 5 207 3 121 78 14 6
1639166802 15158 1457 4254 4491 1171 45161 1052 103 127 3 63 10 12 5 207 3 121 78 14 6
1639265077 15158 1457 4254 4491 1171 45161 1052 103 127 4 63 10 12 5 207 3 121 78 14 6
1640022961 15158 1457 4254 4491 1171 45161 1052 103 127 4 63 10 12 5 207 3 121 78 14 6
1641490124 15158 1457 4254 4491 1171 45161 1052 103 127 4 63 10 12 5 207 3 121 78 14 6
1642190073 15158 1457 4254 4491 1173 45161 1052 103 127 4 63 10 12 5 207 3 121 78 14 6
1642194265 15158 1457 4254 4491 1175 45161 1052 103 127 4 63 10 12 5 207 3 121 78 14 6
1642222065 15158 1457 4254 4491 1177 45161 1052 103 127 4 63 10 12 5 207 3 121 78 14 6
1642282666 15158 1457 4254 4491 1316 45161 1052 103 127 4 63 10 12 5 207 3 121 78 14 6
1642364271 15158 1457 4254 4491 1316 45163 1052 103 127 4 63 10 12 5 207 3 121 78 14 6
1643042065 15158 1457 4254 4491 1316 45163 1052 103 127 4 63 10 12 5 207 3 121 78 14 6
1643042079 15158 1512 4254 4491 1316 45163 1052 103 127 4 63 10 12 5 207 3 121 78 14 6
1643322162 15158 1512 4254 4491 1321 45163 1052 103 127 4 63 10 12 5 207 3 121 78 14 6
1643400076 15158 1512 4254 4491 1323 45163 1052 103 127 4 63 10 12 5 207 3 121 78 14 6
1643400590 15158 1512 4254 4491 1323 45163 1052 103 127 4 63 10 12 5 207 3 121 78 14 6
1643402321 15158 1512 4254 4491 1323 45163 1052 103 127 4 63 10 12 5 207 4 121 78 14 6
