1517339170 3815
1517396497 3970
1517420704 3810
1517423123 4001
1517423546 4000
1517425651 3995
1517426626 4005
1517429308 4006
1517601023 4600
1517627510 4500
1517851118 4574
1517855161 4574
1518017787 4598
1518122893 4603
1518181093 6127
1518181190 6127
1518557170 6149
1518566942 6154
1518567093 6154
1518571634 6160
1518572945 6160
1518739034 6632
1518742029 6682
1519083876 6542
1519087816 6564
1519327287 6575
1519383189 6577
1519613370 6625
1519678025 6625
1519853589 6595
1519861065 6556
1520200221 6561
1520201160 6613
1520206587 6613
1524486903 6618
1524668293 6722
1524687620 6726
1524861557 6760
1525183310 6771
1526038260 7018
1526062343 7023
1526124415 7026
1526130004 7026
1526166924 7037
1526385435 7037
1527198039 7106
1527260076 7227
1527260120 7227
1527261290 7229
1528567693 7221
1528718067 7221
1529100138 7226
1529101685 7310
1529149325 7280
1530147899 7306
1530221634 7367
1530224443 7365
1530225918 7356
1530246827 7565
1530721201 7555
1530721530 7573
1530722514 7576
1530722775 7576
1530723441 7604
1530958887 7683
1530982920 7702
1530984830 7699
1531188775 8496
1531225309 8496
1531337713 8475
1531338054 8391
1531339436 8487
1531409388 8475
1531409994 8473
1531446033 8462
1531580674 8426
1531586109 8452
1531589009 8474
1531655699 8756
1531662327 8767
1531662677 8787
1531675886 8734
1532621750 8734
1533461157 8739
1533462446 8744
1533463259 8748
1533510249 8757
1533608132 8818
1533765441 8782
1533778475 8814
1533824997 8823
1533832929 8839
1533844298 8877
1533856777 8850
1533897298 8850
1533901115 8978
1533904242 8926
1533914868 8939
1533916155 8876
1534038888 8877
1534171932 8877
1534184360 8879
1534246865 8949
1534247436 9847
1534254919 9861
1534256670 9866
1534259420 9867
1534283343 10002
1534523807 9926
1534785430 10254
1534806345 10295
1534813624 10405
1534929752 10569
1534962598 10765
1535475428 10784
1535480696 10787
1536005459 10705
1536015022 10703
1536015825 10669
1536065206 10635
1536065273 10632
1536884371 10602
1536918279 10611
1537035075 10611
1537310025 10678
1540418089 10680
1540418375 10682
1558118171 10731
1560319864 10812
1560379405 11167
1560380664 11167
1560380848 11167
1560399157 11173
1560402394 11224
1560402570 11225
1561081499 11225
1562086590 11228
1562090690 11234
1565480065 11441
1565649598 11441
1567792490 11455
1569344486 11457
1569607506 11478
1569617911 11478
1569620777 11478
1569620939 11482
1569949897 11482
1570058908 11505
1570061785 11507
1570084636 11524
1570084721 11524
1570084851 11529
1570085863 11552
1570085959 11532
1570296276 11532
1570297431 11486
1570297481 11319
1570297591 11317
1570680086 11318
1570742389 11318
1571162402 11336
1571299622 11336
1572052108 11454
1572304118 11644
1572304240 11652
1572306044 11872
1572368745 11877
1572369706 11883
1575576037 11883
1575578142 11885
1575578254 11887
1575669986 11891
1575672469 11893
1575672525 11895
1579111678 11895
1579112128 11896
1579118840 11898
1579119382 11900
1579119429 11902
1579126783 11902
1579127035 11904
1579127441 11948
1579199221 11953
1579220152 11969
1581018941 11969
1581358188 12417
1581358931 12417
1581360116 12418
1581360147 12418
1581360238 12419
1581360277 12419
1581711730 12420
1582063690 12421
1582064830 11558
1582065992 11553
1582581376 11628
1582761809 11628
1582816612 11811
1582825467 11864
1582826970 11870
1582925192 11870
1582925432 11885
1583182062 12150
1585927677 12362
1585933830 12683
1586206950 13037
1586287229 13036
1587054368 13091
1588102880 13103
1588801847 13122
1588802353 13122
1588803736 13135
1588869890 12542
1588883473 12550
1589009791 12550
1589009852 12554
1589039251 12846
1589041056 12845
1589588022 12845
1589600098 13777
1592399150 13728
1594835467 13730
1595036057 13732
1596469321 13735
1599686517 13747
1601505226 13746
1601580090 13849
1603848513 13849
1604525220 13849
1604526614 13852
1604532310 13876
1604700102 13876
1605036416 14053
1605107874 14055
1605108324 14055
1605145293 14070
1605202135 14090
1605474921 14117
1605559431 14217
1605630266 14223
1605641205 15873
1605732914 16026
1605735517 16027
1605909089 16021
1606079696 16036
1606153641 16036
1606153650 16066
1606230567 16092
1606254102 16092
1606329229 16068
1607035872 16095
1607101324 16462
1607439247 16462
1607522178 16462
1607656273 16474
1607978273 16480
1608249810 16485
1608397089 16497
1608397751 16584
1608643522 16602
1608734399 16602
1608829008 16620
1609347135 16671
1609349883 16665
1609429882 16667
1609444925 16679
1609693497 17476
1609880293 17476
1609948818 17470
1610127884 17689
1610143559 17863
1610377930 17903
1610378880 17946
1610555507 18050
1610741948 18337
1611106124 18366
1611165293 18551
1611425540 18552
1611425577 18555
1611590071 18591
1611621370 18592
1611671828 18646
1611702168 18756
1611853358 18942
1611940421 19290
1611940706 19295
1611940834 19281
1612286351 19324
1612450316 19324
1612450341 19324
1612558285 19587
1612834035 19596
1613414608 19811
1613577018 19815
1613663722 19828
1613665010 20444
1613667422 20788
1613681439 20797
1613683433 20799
1614690578 48910
1615225108 48932
1615565404 48924
1615572978 49252
1615915856 49254
1615999318 49258
1616005682 49258
1616077538 49347
1616257309 49347
1616257388 49499
1616555192 49502
1617289970 49503
1617290005 49506
1617290028 49509
1617322473 49509
1618161920 49510
1618347566 49511
1618347606 49553
1619356493 49553
1619356526 49549
1619356548 49552
1619356578 49602
1619356619 49599
1619356710 49600
1619457434 49611
1621883759 49611
1621883769 49611
1622407232 49669
1623183328 49696
1625858714 49691
1625858870 49573
1625859499 49573
1625873866 49643
1625879294 49641
1625879749 49641
1625887853 49641
1626116548 49672
1626117178 49641
1626886340 49642
1626886460 49687
1626961380 49684
1627057937 49711
1627164857 50039
1628276386 50040
1628276547 51210
1628520680 51210
1629248186 51241
1630343621 51243
1630343654 51243
1630343687 51283
1630691517 51280
1630691532 51281
1631299829 51281
1631815172 51281
1632254924 51286
1633114509 51309
1633117540 51307
1635459247 51308
1636142517 51308
1636390655 51294
1636390836 51293
1636397447 51380
1636397484 51471
1636481565 51484
1636482764 51484
1637186636 51489
1637346099 51533
1637346127 51536
1637346155 51538
1637352657 51538
1637598202 51541
1637606915 51541
1637609188 51542
1637609944 51886
1638192791 51886
1638469310 52005
1639166802 52005
1639265077 52005
1640022961 52005
1641490124 52004
1642190073 52004
1642194265 52004
1642222065 52004
1642282666 52024
1642364271 52024
1643042065 52030
1643042079 52079
1643322162 52072
1643400076 52072
1643400590 52071
1643402321 52071
