1638566868 996
1638576837 855
1638630979 1291
1638632568 1267
1638635464 1268
1638640402 1303
1638822759 1689
1638827653 1689
1638918474 1693
1639235774 1694
1639258071 1683
1639362440 1677
1639372252 1677
1639494081 1677
1639510623 1791
1639669860 2045
1639785904 1790
1639923918 2003
1640050885 2101
1640119248 2134
1640119915 2156
1640129222 2207
1640198195 2207
1641521088 2283
1641595218 2283
1642813705 2289
1643037589 2325
1644519341 2325
1645163404 2413
1645887993 2415
1648240560 2481
1648303006 2465
1648437782 2455
1650137909 2465
1650323928 2551
1650324867 2566
1650325327 2566
1650480024 2568
1651014139 2641
1651021421 2645
1651270949 2685
1651774148 2766
1651804808 2781
1652743303 2767
1654028422 2778
1654103839 2778
1654188522 2778
1654275287 2778
1654297725 2778
1654906845 2780
1655303618 2780
1655444535 2780
1655473980 2785
1655474317 2785
1655474342 2785
1655485507 2782
1655784277 2782
1656385447 2782
1656626993 2782
1656689435 3028
1657769031 2782
1657769049 2782
1657769080 2782
1657769150 2782
1657770220 2782
1659043064 2782
1659054043 2782
1659063753 2782
1659071812 2782
1659152262 2782
1659153730 2782
1659374506 2782
1659481002 2816
1659711731 2816
1659711758 2816
1659916808 2816
1661197176 2846
1661276822 2846
1661575821 2871
1661938217 2860
1661951448 2868
1662059374 2868
1662161521 3079
1662171518 2856
1662171879 2859
1663133780 2863
1663624317 2863
1663950871 2855
1664210344 2870
1664838751 2870
1667416179 2899
1667426489 2900
1667435124 2900
1667455442 2900
1667458028 2931
1667492906 2931
1667594604 2931
1667893715 2931
1668114321 2941
1668115501 2954
1668116164 2977
1668117213 3022
1668143375 3011
1668730068 3061
1668730235 3059
1668804576 3059
1668812026 3059
1668965647 3059
1669255401 3059
1669932689 3074
1669941510 3059
1670110161 3053
1670112235 3058
1670268605 3070
1670269676 3070
1670346009 3273
1670437373 3321
1671274772 3299
1671274885 3326
1672523816 2296
1672817823 3326
1672818828 3326
1673016716 2295
1673019964 2296
1673020633 2310
1673020764 2317
1673030692 2322
1673048899 2358
1673051776 2358
1673053893 2426
1673055347 2475
1673056923 2396
1673057459 2490
1673057876 2469
1673058027 2479
1673059001 2519
1673106835 2630
1673112837 2626
1673121654 2629
1673126459 2614
1673132283 2628
1673209512 2616
1673288662 2628
1673294602 2621
1673497629 3199
1673848298 2628
1674036455 2628
1674417954 2842
1674496501 2847
1675199726 2847
1675317798 2850
1675620569 2853
1675711825 2872
1675712090 2872
1675784292 2924
1675872991 2952
1675884768 2903
1675892775 2934
1675895049 2952
1675899257 3213
1675900444 3204
1675900693 3213
1675963716 3227
1675964065 3229
1675964569 3206
1675965544 3217
1675968627 3221
1676041242 3231
1676087930 3231
1676742022 3242
1676996906 3254
1677101957 3255
1677143099 3255
1677492588 3259
1677604354 3265
1677606106 3336
1677606379 3259
1677606766 3259
1677794182 3394
1677799599 3402
1677808059 3402
1677957478 3402
1678109348 3573
1678123249 3642
1678125557 3574
1678197882 3644
1678227258 3644
1678397379 3665
1678497278 3665
1678553255 3670
1679044858 3668
1679327911 3675
1679334673 3673
1679336402 3685
1679620236 3681
1680043339 3680
1680826331 3567
1682058907 3580
1682970049 3565
1682976753 3567
1682977881 3567
1682980363 3577
1683048098 3568
1683056864 3581
1683066547 3581
1686356648 3601
1686357091 3642
1686702231 3643
1688438862 3643
