1582214821 11333
1582847540 11333
1582848483 11333
1582876219 11333
1582908903 11333
1582908912 11340
1582918437 11340
1582918479 11345
1582994631 11345
1583003979 11345
1583045815 11368
1583046708 11368
1583048563 11372
1583048891 11373
1583167583 11380
1583168050 11379
1583168699 11400
1583169663 11525
1583169792 11525
1583169811 11525
1583169907 11485
1583182028 11485
1583182271 11495
1583182299 11496
1583187991 11627
1583189927 11633
1583190931 11651
1583261655 11624
1583341912 11987
1583342667 11667
1583349028 11799
1583441812 11943
1583481483 12028
1583482797 12088
1583510848 12094
1583511424 12094
1583519867 12119
1583534033 12142
1583536840 12145
1583537188 12109
1583537402 12146
1583537817 12186
1583560260 12183
1583767609 12182
1583768179 12182
1583778224 12369
1583791962 12369
1583884572 12369
1583897640 12380
1583898680 12391
1583990913 12440
1583992699 12445
1584030805 12518
1584030963 12518
1584031022 12536
1584125588 12536
1584125738 12581
1584369684 12655
1584375158 12718
1584460426 12730
1584460482 12730
1584461726 12730
1584463215 12751
1584470352 12764
1584548973 12764
1584728629 12796
1584812672 12870
1584901633 12936
1584901811 12961
1584903278 12960
1584921818 12978
1584988709 12980
1584989243 12987
1584994360 12989
1585334887 13217
1585511870 13316
1585589781 13463
1585684727 13474
1586368857 13566
1586456939 13571
1586574226 13583
1586979037 13580
1586980103 13601
1587255711 13810
1587479260 13818
1587479505 13821
1587479517 14063
1588532924 14063
1588653165 14067
1589148524 14329
1589224763 14330
1589299006 14352
1589465299 14391
1589468970 14477
1589478201 14538
1589478932 14589
1589572872 14737
1589573765 14749
1589650796 14779
1589650865 14872
1590041923 14894
1590185054 14947
1590617147 14971
1590646395 15007
1591046023 15013
1591046055 15221
1591066042 15290
1591124836 15290
1591143006 15291
1591143217 15292
1591191914 15332
1591201122 15342
1591210604 15364
1591487391 15364
1591740846 15420
1591891766 15445
1591936143 15446
1592249556 15425
1592333079 15431
1592852011 15574
1592885571 16365
1592927030 16562
1592928017 16562
1592928173 16609
1593460429 16639
1593487546 16634
1595888648 16675
1595954052 16640
1595954364 16680
1596061523 16680
1596063524 18329
1596124197 18330
1596125737 18361
1596230602 18367
1596482785 18371
1596599492 18427
1596635171 18433
1596646145 18433
1596649610 18448
1596729495 18448
1597259878 18464
1597338668 18707
1597435207 19096
1597515292 19124
1598650643 19124
1598650651 19124
1598970702 19212
1599012455 19089
1599060561 19089
1599061319 19107
1600448107 19135
1600571251 19136
1600977575 19136
1601967925 19139
1603217662 19139
1603898231 19139
1604302378 19143
1604605056 19206
1607637753 19208
1609863751 19208
1610776008 19237
1610776419 19319
1610777903 19635
1610779631 19267
1610785944 19283
1613061706 19285
1613062419 19283
1613424493 19378
1613431033 19390
1613489431 19425
1613678593 19366
1614888097 19369
1614894642 19432
1615057843 19436
1615057918 19479
1615078965 19558
1615237241 19577
1615532832 19580
1616613635 19575
1617039986 19583
1618466844 19859
1618468128 19852
1619025452 19896
1619046054 19915
1619317690 19965
1619624492 19975
1621006025 19999
1621031312 20010
1621046391 20006
1621092648 20066
1621283509 20104
1621283537 20106
1621555399 20137
1621699177 20136
1621711865 20137
1622818428 20137
1622818740 20137
1623256080 20163
1623341222 20161
1624292313 20161
1625265570 20208
1625681361 21268
1625844533 21269
1626803976 21271
1627583030 21322
1627665308 21327
1630005705 22117
1630365472 22130
1630532537 22128
1630690252 22202
1631213698 22202
1631296242 22615
1631314475 22647
1631316609 22556
1631318673 22565
1631568273 22565
1631630819 22575
1636422643 22583
1636563864 22593
1638895663 22597
1639164680 22597
1639663749 22597
1641247194 22583
1641402151 22641
1641484604 22652
1641849532 22653
1641851929 22654
1641852170 22645
1641941233 22645
1642008543 22656
1642568750 22657
1642779205 22723
1643129024 22757
1643396302 22774
1643396623 22782
1643662519 22930
1643696291 22967
1644608487 23160
1644611122 23266
1644648860 23277
1644705245 23303
1644705331 23239
1644706209 23264
1644711067 23335
1644866226 23345
1644904497 23396
1644951327 23408
1644958663 23419
1645151347 23419
1646700034 23450
1647109999 23479
1647283652 23479
1647299649 23631
1647319870 23663
1647323977 23862
1647326051 23908
1647363909 23909
1647378138 23909
1647433846 23913
1647434988 23917
1647436700 23928
1648748026 23927
1648930389 23941
1649048311 23970
1649702963 23990
1650765375 24104
1652296201 24085
1652805390 24113
1654399576 24174
1654531774 27941
1655142643 27971
1656007618 27973
1656008907 28000
1660424462 28003
1661446077 28034
1661497415 28034
1661497684 28034
1661497992 28041
1661498145 28041
1661557770 28095
1661571047 28142
1661916195 28196
1662063825 28202
1662754351 28264
1662853231 29496
1663172175 29546
1663435720 29546
1663701903 29560
1663857828 29724
1663947556 29724
1664236060 30305
1665177532 30631
1665339129 30632
1665442220 30685
1665596751 30689
1665777363 30734
1666115455 30735
1666798674 30746
1666982199 30718
1666984134 30719
1667329983 30748
1667596704 30733
1667936758 30800
1667953143 30805
1668440532 30805
1668537040 30805
1668612627 30844
1669097945 30854
1669098282 30856
1669098462 30856
1669098592 30927
1669099594 30926
1670709182 30926
1673283341 31008
1673284282 31008
1673284673 31008
1673619824 31020
1673628748 31020
1673637314 31052
1674837906 31110
1675348431 31080
1675918966 31137
1675963551 31153
1676440482 31168
1677182414 31244
1687973319 31239
1687975354 31245
