1658441537 1015
1659043055 1013
1659071762 1013
1659147043 1013
1659374268 1013
1659564920 1213
1659626741 1209
1659637724 1209
1659658398 1436
1659668004 1427
1659711571 1543
1659714887 1666
1659916530 1666
1661575921 1681
1662059350 1681
1663133690 1685
1664570219 1682
1664838983 1682
1667435146 1327
1667455403 1327
1667457505 1356
1667494697 1356
1667594541 1356
1667893673 1356
1668804552 1356
1668811912 1356
1668965611 1356
1669255165 1356
1670110136 1350
1670111869 1355
1672817641 1355
1672818773 1355
1673848267 1355
1674036308 1355
1675315976 1362
1675317701 1362
1675447928 1472
1675601046 1473
1675783847 1525
1675884739 1504
1675900388 1495
1675900740 1504
1675904627 1526
1675989196 1531
1676081303 1531
1676741738 1547
1677142909 1547
1677957398 1547
1678227055 1547
1678346493 1591
1679367583 1674
1679627918 1670
1680385143 1766
1680565314 1894
1680816752 1802
1680825595 1777
1680996659 1777
1681332672 1781
1681497573 1781
1681514832 1817
1681514889 1817
