1502386986 21
1502387090 6414
1502387728 6413
1502442589 6536
1502525927 6533
1502526021 6535
1502526472 6536
1502526491 6606
1502526699 6606
1502557102 6606
1502627176 6605
1502645664 6608
1502645698 6614
1503247562 6621
1503247625 6636
1503247665 6656
1503249660 6666
1503249679 6882
1503250067 6882
1503309166 6882
1504557803 6918
1504629541 6918
1504629640 6918
1505035343 6915
1505035435 6949
1505149260 7044
1505151493 7049
1506626412 7051
1506778763 7051
1506857585 7120
1506880995 7121
1506966611 7121
1513017885 7121
1528744303 7278
1528744438 7318
1528920411 7343
1536780169 7369
1536862323 7370
1537119123 7392
1537119127 7392
1537120525 7392
1537121412 7408
1537121872 7415
1537121926 7415
1537122525 7417
1537214201 7427
1537215499 7421
1537218433 7468
1537515590 7502
1540726686 7568
1540726757 7580
1540731188 7582
1547394810 7585
1547407351 7585
1547409087 7585
1547413553 7590
1547497713 7590
1547497766 7690
1547577463 7724
1547988423 7724
1547988456 7768
1548504014 7768
1548504125 7768
1548505343 7766
1548505401 7766
1550004931 7773
1550005215 7774
1550084499 7781
1550431431 7781
1551129387 7810
1556469329 7970
1556972397 7972
1557697009 7976
1558175289 7981
1558175332 7981
1558176605 7985
1562773346 7985
1565901016 8015
1565901090 8020
1566494698 8043
1569436046 8042
1569440819 8042
1569441298 8042
1569441742 8138
1569442801 8138
1572026275 8161
1585429336 8161
1585429633 8190
1585600062 8189
1586611111 8189
1586614995 8193
1586780769 8193
1587149376 8225
1589713400 8234
1589714373 8234
1589718841 8234
1592802209 8234
1596995129 8240
1598209731 8970
1604846757 9088
1613240723 9088
1645977373 9096
1645981095 9097
1645981372 9099
1646075430 9142
1646075876 9142
1648129780 9133
1648129795 9127
1648130410 9127
1648131040 9127
1648155026 9126
1648218102 9126
1649004647 9127
1649181266 9127
1650218587 9122
1650220310 9135
1651308471 9135
1651308513 9134
1652826102 9134
1653156875 9145
1653158389 9145
1653158613 9152
1655147019 9153
1671386989 9153
1671387451 9150
1671387481 9155
1672335774 9158
1672960062 9158
1680276912 9158
