1639127214 996
1639411115 1163
1639435217 1341
1639733241 1320
1640205675 1445
1643663372 1354
1643663376 1360
1643731693 1348
1643740586 1348
1643740981 1348
1648240862 1415
1650480138 1417
1659380962 1415
1660081900 1568
1660082137 1568
1660697131 1568
1666303292 1603
1666366918 1819
1670334167 2302
1671477194 2554
1671569474 2825
1672674317 3315
1672773666 3675
1672882615 3672
1672883843 3678
1673196628 3999
1673573203 3999
1673573370 3999
1673852312 3999
1674039012 3924
1676237934 3924
1676296033 3929
1677167628 3929
1677194314 4519
1677248164 4519
1677259160 4569
1677273164 5059
1677281185 5201
1677283450 5214
1677501024 5322
1677521823 5456
1677524888 5456
1677591385 5121
1677593178 5205
1677770909 5445
1678210692 5444
1678230153 5518
1678294795 5532
1678300081 5625
1678317203 5625
1678332306 5672
1678447281 5827
1678534726 5827
1678653255 5863
1678654907 5863
1678720676 5863
1678736215 5865
1678919977 5876
1679055328 5876
1679059918 5856
1679077202 5861
1679087043 5941
1679615757 5938
1679671229 6127
1679695350 6154
1679696915 6156
1679701996 6160
1680116420 6160
1680133510 6161
1680193518 6164
1680196161 6171
1680196495 6184
1680281053 6199
1680803435 6204
1680804040 6348
1680804319 6366
1680805904 6394
1680820449 6393
1681314635 7234
1681482849 7363
1681485382 7363
1681504296 7435
1681514403 7452
1681514957 7461
1681669232 7488
1681669901 7466
1681738445 7460
1681740607 7536
1681741823 7569
1681746887 7634
1681746916 7608
1682076559 7640
1682114989 7602
1682522328 7524
1682535025 7567
1682978988 7567
1682980159 7572
1682980218 7572
1682980279 7559
1682981707 7558
1682981993 7567
1683061689 7344
1683061837 7536
1683129012 7530
1683129096 7504
1683129127 7529
1683141152 7502
1683145841 7516
1683150848 7513
1683150950 7546
1683152174 7546
1683153362 7546
1683155904 7515
1683156123 7547
1683162108 7559
1683165162 7528
1683165587 7562
1683170054 7562
1683224278 7568
1683224285 7568
1683230236 7575
1683241492 7573
1683242590 7577
1683243217 7577
1683329873 7572
1683656732 7563
1683656747 7581
1683756896 7579
1683843296 7588
1683845036 7588
1683859820 7639
1683911706 7657
1684442928 7678
1684795094 7723
1684801456 7722
1686074930 7840
1686240504 7841
1686760314 7848
1687454418 7926
1687460926 7928
1687539958 7936
1688749469 7949
1689113704 7952
1689131995 7955
1689135232 7955
1689135565 7962
1689135784 7962
1689191828 7963
1689194683 7994
