1372927743 1593
1372927775 1595
1372928056 1609
1372950413 1707
1372950784 1706
1372954397 1704
1372954584 1704
1373016229 1787
1373018232 1787
1373020343 1798
1373026607 1849
1373028285 1878
1373029023 1907
1373033729 2009
1373035517 2040
1373459597 2047
1373461071 2043
1373545151 2205
1373869930 2235
1386675863 2233
1386747653 2257
1386747662 2253
1386747672 2251
1386748147 2251
1386753811 2258
1386755450 2286
1386764630 2300
1419761375 17990
1419761713 18003
1419762048 18002
1419762280 18002
1419762458 18001
1419765653 18001
1419765892 18001
1419766688 17581
1419767452 17651
1419768578 17656
1419768710 17656
1419769326 17676
1419769884 17684
1419770419 17693
1419773974 17736
1419775041 17752
1419777693 17850
1419777996 17864
1419778663 17863
1419781702 17614
1419782978 17681
1419783993 17706
1419786050 17919
1419786727 17932
1419792662 18015
1419793676 17946
1419799993 17959
1419800830 17974
1419801418 18005
1419802146 18021
1419802737 18040
1419803487 18043
1419803951 18046
1419804571 18003
1419805306 18003
1419807733 17983
1419853880 17989
1419856552 18052
1419867954 18031
1419869220 18045
1419873546 18045
1419873655 18045
1419874337 18049
1419879271 18051
1419883983 18064
1419933241 18080
1419934775 18098
1419935399 18098
1419936448 18121
1419937078 18124
1419937358 18124
1420199252 18124
1420208976 18101
1420215580 18081
1420301897 18087
1420303874 18088
1420369528 18101
1420370956 18085
1420374032 18104
1420392723 18104
1420393924 18142
1420394115 18141
1420394746 18146
1420400605 18146
1420401028 18146
1420409370 18146
1420409904 18146
1420486136 18339
1420486234 18339
1420486591 18349
1420493144 18356
1420566084 18346
1420566201 18348
1420566734 18350
1420567064 18350
1420568043 18357
1420577047 18455
1420578332 18455
1420817559 18468
1420817914 18476
1420821462 18476
1420821614 18477
1420822250 18481
1420823787 21139
1420831928 21199
1420832886 21209
1420832896 21295
1420976820 21297
1420981433 21354
1420985104 21402
1420985293 21723
1420985774 21863
1421099679 21864
1421102335 21865
1421172473 22027
1421173602 22047
1421575128 22047
1421693467 22197
1421783034 22058
1421784914 22060
1421786108 22063
1421786961 22070
1421788005 22071
1421829646 22189
1421837223 22331
1421851404 22175
1421852392 22179
1421858565 22419
1421859852 22420
1422032851 22428
1422034078 22472
1422034944 22474
1422042406 22472
1422127986 22661
1422129965 22727
1422130302 22740
1422255100 22741
1424300668 22929
1424300775 22929
1424521447 22967
1424623947 24596
1424624125 24594
1424624962 24594
1424640287 24594
1424816359 24683
1424899265 24683
1427041848 24684
1427043043 24728
1427047663 24819
1427048301 24831
1427138150 24843
1427138850 24853
1427139051 24854
1427148228 24868
1427212255 24972
1427215140 24980
1427216260 25012
1427216758 25093
1427220400 25094
1427220483 25256
1427385993 25401
1427472668 25412
1427833468 25558
1427834356 25558
1427834421 25558
1427834511 25559
1427835393 25580
1427836234 25559
1427923416 25614
1428063615 25614
1428065024 25614
1428071679 25255
1428524620 25978
1428526715 25990
1428527795 25991
1428598557 26110
1428600084 26123
1428759019 26780
1428759774 26804
1428773172 26804
1428832950 26926
1428837326 27357
1428840840 27506
1428848361 27506
1428850671 27514
1428852414 27506
1428855149 27513
1428856418 27520
1429080820 27521
1429113145 27523
1429906017 27534
1429917942 27536
1429996223 27464
1430048221 27464
1430053804 27464
1430053832 27206
1430054167 27211
1430077427 26862
1430077895 27199
1430078420 27203
1430078955 27199
1430079938 27197
1430081260 27218
1430081597 27219
1430082195 27222
1430082550 27222
1430082891 27221
1430083276 27221
1430083882 27221
1430084471 27222
1430084831 27222
1430085402 27222
1430166945 27222
1430167521 27222
1430168026 27228
1430168991 27228
1430668333 27432
1430669952 27465
1430670463 27479
1430671586 27493
1430672398 27495
1430675745 27497
1430676451 27545
1430677096 27577
1430678544 27610
1430679551 27666
1430680222 27666
1430681337 27669
1430681834 27617
1430746784 27617
1430775094 27617
1430934732 27667
1430936296 27661
1430936466 27653
1430937964 27655
1430938100 27655
1430940761 27659
1431172611 27872
1431175042 27883
1431176073 27868
1431176992 27855
1431177831 27860
1431178160 27877
1431178217 27878
1431178738 27872
1431183486 28105
1431204561 28121
1431268233 28107
1431270230 28091
1431270647 28085
1431270756 28079
1431271841 28075
1431444590 28075
1432997240 28107
1433273043 28109
1433273269 28109
1433282265 95861
1433367250 95890
1433367885 95890
1433399473 95904
1433439809 95896
1433441253 95918
1433444536 95922
1433773957 95921
1433774138 95920
1434038466 95920
1434038880 95921
1434039012 95921
1434184044 95921
1434184183 95918
1434192138 95920
1434193270 95920
1434303320 95920
1434316669 1208061
1434339972 1208061
1434379069 1208101
1434390325 1208164
1434694308 1208164
1434802428 1208164
1434802515 1208164
1434802617 1208165
1434803149 1208175
1434803374 1208095
1434805028 1208095
1434806025 1208095
1434808046 1208558
1434808057 1208566
1434815152 1208568
1434815159 1208569
1434841173 1211550
1434845641 1212103
1434872652 1212663
1434878964 1212678
1434878972 1212702
1434879354 1212706
1434880125 1212707
1434881039 1212691
1434883546 1212701
1434883655 1212702
1434883698 1212702
1434884643 1212698
1434885137 1212699
1434885279 1212699
1434885412 1212699
1434886750 1212698
1434904208 1212852
1434914643 1212844
1434916283 1212849
1434919352 1213205
1434920163 1213210
1434920750 1213210
1434920833 1213210
1434921012 1213212
1434921478 1213212
1435002260 1213402
1435002624 1213402
1435008109 1213810
1435140951 1214606
1435151792 1215286
1435153610 1215319
1435178975 1215388
1435180120 1215319
1435185616 1215612
1435423391 1215910
1435492967 1215908
1435495192 1215908
1435499380 1216201
1435512729 1216308
1435603981 1216429
1435611761 1216667
1435612833 1216694
1435615938 1220253
1435784934 1220265
1436127735 1220371
1436209970 1220367
1436217714 1220424
1436304703 1221079
1436367329 1221531
1436705377 1222117
1436713731 1222360
1436718503 1222860
1436726446 1222864
1436734028 1222993
1436901668 1222003
1436901869 1222005
1437065119 1222022
1437066291 1222022
1437067939 1222025
1437068358 1222025
1437069222 1222026
1437079074 1222025
1437302506 1221669
1437305583 1222068
1437766867 1222071
1437766987 1222071
1437767206 1222073
1437767461 1222073
1437767576 1222073
1437767678 1222073
1437768048 1222076
1437768225 1222080
1437768509 1222084
1437768669 1222087
1437768856 1222088
1437768984 1222091
1437769154 1222084
1437769290 1222085
1437769743 1222085
1437770472 1222085
1437770580 1222087
1437771022 1222097
1437898671 1222097
1437900098 1222053
1437900109 1222041
1437900375 1222039
1437901157 1222039
1437928918 1222158
1437936295 1222207
1438284738 1222461
1438290175 1222461
1438543622 1222479
1438544107 1222479
1438544425 1222479
1438544831 1222479
1438544982 1222461
1438704731 1222463
1438889604 1222463
1438893356 1222461
1438893368 1222524
1438894396 1222522
1438894972 1222524
1439453335 1222717
1439454268 1222717
1439556313 1222730
1439557018 1222730
1439557756 1222730
1439558450 1222732
1439559006 1222731
1440176747 1222755
1440177126 1222736
1440232984 1222748
1440233234 1222736
1443861395 1222736
1443861498 1222733
1443861554 1222733
1443861686 1222733
1443861796 1222738
1443868166 1222721
1443871019 1222717
1445078480 1222720
1445079119 1222721
1445373075 1222721
1445618530 1222709
1447485724 1222714
1449419627 1222752
1449516943 1222768
1449517093 1222769
1449518721 1222774
1449519118 1222774
1449521427 1222774
1449521612 1222776
1449523673 1222835
1449594754 1222835
1450002415 1222693
1450107157 1222977
1450108729 1222679
1450124601 1222733
1450165134 1223051
1450200847 1223016
1450204952 1223224
1450264199 1223223
1450264212 1223223
1450363773 1223454
1450365735 1223634
1450367558 1223644
1450621807 1223665
1450622521 1224452
1450683762 1224647
1450787260 1224859
1450804071 1224881
1450855289 1225256
1450856674 1225264
1450868757 1225274
1451040378 1225668
1451045080 1225807
1451132252 1225836
1451226630 1225766
1451235516 1225790
1451236041 1225790
1451310717 1225812
1451311455 1225812
1451388605 1225810
1451669638 1225811
1451736442 1225810
1451744653 1225818
1451745012 1225818
1451745274 1225826
1451745776 1225818
1451749060 1225825
1451749365 1225825
1451749796 1225825
1451837127 1226139
1452708873 1226139
1452709175 1226139
1452712686 1226202
1452712745 1226202
1452713207 1226208
1452713825 1226208
1452715722 1226212
1452838867 1226212
1452842684 1226213
1453319924 1226543
1453320898 1226588
1453320910 1226589
1453321241 1226593
1453628846 1226370
1453629654 1226774
1453636540 1226785
1453637095 1226785
1453638488 1226791
1453638496 1226792
1453650133 1226792
1453650165 1226795
1453651596 1226797
1453652482 1226566
1453653226 1226944
1453659846 1226956
1453670487 1226956
1453671780 1226956
1453672948 1226956
1453831846 1226956
1453831918 1226957
1453831956 1226551
1453831983 1226954
1453832506 1226955
1453833616 1227917
1453834249 1228384
1453835223 1228459
1453840971 1228460
1453841360 1228468
1453845597 1228611
1453846252 1228612
1453847227 1228614
1453847451 1228614
1454157142 1228211
1454157375 1228614
1454169113 1228616
1454181794 1228616
1454182411 1228585
1454185028 1228587
1454187901 1228557
1454241939 1228741
1454249078 1228745
1454696682 1228921
1454707825 1228983
1454707837 1229001
1454708248 1228980
1454838352 1228982
1454853329 1229245
1454854037 1229246
1454862291 1229245
1455049600 1229245
1455136915 1229219
1455467094 1229271
1455471509 1229275
1455482203 1229431
1455482216 1229432
1455484719 1229530
1455485085 1229530
1455485336 1229530
1455487011 1229536
1456038946 1229582
1456039031 1229582
1457072787 1229582
1457073008 1229584
1457290985 1229584
1458924096 1229638
1459240524 1229638
1459358591 1229640
1459359774 1229648
1459360028 1229649
1459361575 1229651
1459361914 1229651
1459362095 1229653
1459685318 1229983
1460042218 1230051
1460305423 1230051
1460309769 1230066
1460801536 1230077
1460801950 1230047
1460928214 1232073
1460928997 1232081
1460929312 1232081
1461695479 1232119
1461695881 1232119
1461950942 1232127
1461951223 1232135
1461951472 1232138
1461951997 1232139
1461952833 1232157
1461952871 1232148
1461953381 1232168
1461953900 1232176
1461954940 1232176
1461955727 1232168
1462639262 1234642
1462645378 1234638
1462710932 1234669
1462732100 1234877
1462980359 1234881
1462984992 1234881
1462992765 1234897
1462993091 1234898
1463005938 1234902
1463031276 1234914
1463602628 1234912
1463602845 1234917
1463603015 1234919
1464206103 1234919
1464444401 1234921
1464516440 1234936
1464516913 1234937
1464517786 1234935
1464519429 1234935
1464519987 1234935
1464521556 1234935
1464523603 1234945
1464526568 1234937
1465251653 1234939
1465275631 1234950
1465276062 1234958
1465276494 1234958
1465276877 1234950
1465277111 1234950
1465278840 1234950
1465280930 1234951
1465281176 1234950
1465281625 1234951
1465282416 1234951
1465282909 1234951
1465283573 1234966
1465284886 1234965
1465285751 1234966
1465285843 1234965
1465286598 1234966
1465289598 1234967
1465290165 1235071
1465290795 1235069
1465290842 1235056
1465291500 1235068
1465291777 1235065
1465292163 1235065
1465292336 1235067
1465292554 1235066
1465293132 1235065
1465293897 1234968
1465884149 1234975
1465884865 1234973
1465885716 1234973
1465910689 1234973
1465910836 1234974
1466018907 1234974
1466253207 1234975
1466345873 1234976
1466351818 1234976
1466353543 1235126
1466366252 1235127
1466367176 1235127
1466367602 1235127
1466368734 1235128
1466626855 1235220
1466633101 1235239
1466654148 1235235
1466697606 1234929
1466698100 1234929
1466714988 1234929
1466717681 1234932
1466720067 1234932
1466746748 1234932
1466748401 1234932
1466760481 1234932
1466781354 1234932
1466782743 1234938
1467141576 1234956
1467141858 1234957
1467142739 1234959
1467143043 1234959
1467143213 1234958
1467384695 1234960
1467385130 1234957
1467386756 1234966
1467386769 1234966
1467387565 1234948
1467387756 1234974
1467387867 1234974
1467388957 1235075
1467583462 1235075
1468103552 1235076
1468604659 1235078
1468851730 1235078
1468959027 1235105
1468959463 1235103
1468961036 1235114
1469038065 1235162
1469048805 1235221
1469194485 1235416
1469195618 1235430
1469216458 1235438
1469351807 1235676
1469455558 1235705
1469455573 1235796
1469456475 1235808
1469458106 1235813
1469462819 1235813
1469468331 1235813
1469477989 1235813
1469482876 1235814
1469632020 1235814
1469647795 1235585
1469648415 1235817
1469733596 1235854
1469823887 1235859
1469828836 1235879
1469868653 1235879
1469887930 1236063
1469894561 1236099
1469965069 1236100
1469968755 1236100
1469998994 1236100
1470288286 1236155
1470288824 1236155
1470289204 1236155
1470340547 1237060
1470341095 1237060
1470341105 1237060
1470341116 1237063
1470341430 1237062
1470343868 1237170
1470377899 1237170
1470379242 1237169
1470380218 1237170
1470759594 1237170
1470760386 1237170
1470862211 1237469
1470941568 1237487
1471290349 1237493
1471462699 1237493
1471463008 1237493
1471463093 1237493
1471466006 1237493
1471468468 1237497
1471537759 1237510
1471538607 1237510
1471783194 1237652
1471808895 1237681
1471812482 1237693
1471891225 1237697
1471891476 1237695
1471891812 1237695
1471892072 1237693
1472066968 1237692
1472067071 1237692
1472502993 1237697
1472503938 1237697
1472593455 1237671
1472593746 1237715
1472593874 1237759
1472656055 1237721
1472667804 1238298
1472671670 1238318
1472682582 1238334
1472710072 1238334
1472855865 1238338
1472885227 1238343
1472887050 1238348
1472888650 1238348
1472891692 1238349
1472898610 1238343
1472900897 1238338
1473625808 1238357
1473626451 1238366
1473627040 1238366
1473629850 1238373
1473708192 1239074
1473886092 4239096
1473887234 4239103
1473889332 4239103
1475400227 4239113
1475400589 4239113
1475598036 4239114
1475786038 4239114
1475786136 4239116
1475789263 4239128
1476300119 4239214
1476302396 4239220
1476302745 4239221
1476542888 4239230
1476654017 4239230
1476654384 4239231
1477155478 4239235
1477236307 4239235
1477466440 4239235
1478102363 4239255
1478102597 4240222
1478116362 4240230
1478118439 4240228
1478154452 4240230
1479274946 4240233
1479279708 4240233
1479281108 4240233
1479319705 4240233
1479320154 4240251
1479794278 4240211
1479887260 4240255
1480004705 4240255
1480005901 4240259
1480008266 4240226
1480020310 4240232
1480020821 4240247
1480020845 4240247
1480020981 4240249
1480021529 4240249
1480021655 4240251
1480091978 4240269
1480367793 4240257
1480371825 4240254
1480401974 4240286
1480623743 4240649
1480698158 4240686
1480705663 4240778
1481468603 4240762
1481468667 4240763
1481468812 4240765
1481469119 4246670
1481469713 4246670
1481470599 4246673
1481481756 4246716
1481526806 4246722
1481527508 4246724
1481560796 4246734
1481563277 4246734
1481581183 4246781
1481647906 4246791
1481648141 4246792
1481649856 4246791
1481654496 4246791
1481660639 4246791
1481660813 4246791
1481661967 4246799
1481749003 4246527
1481751009 4246528
1481911039 4246528
1481920528 4246550
1482081446 4246547
1482257175 4246556
1482257599 4246556
1482257812 4246556
1482271447 4246566
1482308237 4246601
1482308393 4246601
1482309196 4246601
1482310051 4246601
1482310451 4246601
1482311639 4246601
1482312816 4246601
1482673148 4246610
1482923355 4246804
1482923928 4246804
1482924360 4256654
1482931148 4256654
1483022356 4256673
1483024455 4256706
1483027202 4256696
1483099473 4256703
1483280881 4256750
1483295934 4256720
1483296311 4256741
1483296453 4256742
1483302898 4256743
1483303896 4256751
1483345286 4256781
1483371503 4256801
1483475603 4256709
1483479331 4256710
1483479427 4256714
1483483921 4256732
1483549666 4256744
1483552484 4256740
1484169782 4256777
1484253451 4256935
1484593430 4257464
1484593487 4257464
1484768477 4257538
1484808149 4257538
1484842195 4257538
1484846360 4257541
1484850236 4257541
1485011537 4257579
1485494530 4259195
1485539452 4259196
1485625381 4259326
1485674324 4259328
1485706736 4259354
1485722437 4259350
1485958401 4259354
1485963665 4259329
1485966879 4259372
1486141795 4259372
1486142137 4259378
1486142902 4259381
1486193155 4259381
1486218628 4259801
1486238441 4259801
1486311086 4259802
1486573003 4259802
1486574381 4259802
1486577798 4259808
1486578139 4259812
1486580446 4259808
1486658282 4259809
1487008511 4259874
1487053115 4260144
1487053710 4260145
1487190628 4260201
1487195058 4260201
1487228461 4260185
1487231420 4260163
1487233485 4260428
1487412018 4260404
1487412063 4260406
1487528695 4260406
1487531281 4260378
1487535425 4260412
1487536013 4260416
1487604045 4260416
1487604436 4260414
1487608654 4260466
1487610352 4260468
1487610950 4260466
1487611931 4260466
1487624170 4260466
1487627307 4260471
1487700694 4260481
1487779016 4260481
1487783669 4260533
1487789110 4264591
1487792909 4264591
1487792932 4264621
1488037048 4264664
1488037395 4264664
1488104538 4264664
1488106252 4264680
1488116098 4264684
1488116741 4264678
1488124554 4264702
1488139080 4264708
1488154944 4264788
1488203890 4264748
1488208747 4264788
1488312256 4264939
1488359707 4264940
1488385592 4264942
1488386943 4264724
1488474799 4264937
1488531676 4264937
1488542214 4264938
1489080026 4264939
1489244230 4264413
1489244486 4264960
1489249334 4265007
1489311636 4265046
1489313066 4265046
1489313967 4265046
1489315792 4265046
1489325960 4265110
1489328417 4265160
1489334702 4265132
1489340285 4265186
1489347270 4266649
1489348773 4266653
1489428259 4266653
1489504048 4266653
1489504445 4266631
1489521938 4266721
1489522280 4266721
1489529299 4266985
1489685745 4267045
1489685973 4267340
1489687258 4266820
1489687325 4267370
1489729631 4267370
1489785485 4267370
1489785528 4267374
1490165434 4267381
1490166602 4267379
1490166631 4267381
1490273874 4267381
1490380709 4267381
1490381471 4267381
1490447550 4267383
1490447945 4267384
1490449643 4267384
1490525662 4267490
1490726532 4267493
1490729956 4267494
1490736299 4267502
1490736534 4267510
1490740787 4267551
1490887529 4267557
1490888342 4267559
1491250439 4267558
1491572681 4267769
1491681402 4267778
1491846718 4267790
1491929873 4267790
1491935858 4267811
1491941606 4267811
1492847917 4267964
1492973489 4267964
1492976790 4267965
1493844561 4267966
1493995342 4267967
1494001676 4256627
1494157308 4256633
1494178060 4256693
1494410784 4256743
1494426734 4256752
1494429954 4256793
1494668277 4257559
1494669435 4257527
1494671257 4257527
1494698198 4257527
1494875278 4256754
1494875383 4256754
1495269289 4256764
1495270146 4256764
1495275853 4256769
1495277053 4256761
1495377411 4256874
1495465606 4256876
1495486179 4256915
1495486797 4256915
1496295159 4256917
1496399912 4256938
1496594432 4256938
1496774502 4256991
1496774891 4256992
1496846303 4257084
1497112008 4257120
1497112156 4257120
1497336074 4257117
1497629780 4257045
1497633835 4257128
1497691209 4257132
1497699424 4257167
1497725273 4257168
1497736831 4257169
1497736836 4257169
1497783794 4257170
1497886270 4257304
1497901836 4257304
1497901884 4257305
1497967934 4257305
1497982436 4257538
1497982458 4257540
1497985745 4257537
1497985766 4257553
1497987576 4257553
1497989016 4257567
1497990041 4257567
1497990931 4257567
1497992282 4257567
1497992737 4257569
1498022810 4257569
1498063811 4257576
1498064125 4257577
1498064128 4257577
1498142415 4257551
1499454993 4257549
1499460082 4257552
1499463436 4257561
1499463484 4257561
1499507829 4257564
1499508192 4257566
1499508705 4257596
1499511305 4257597
1499523507 4257597
1499524440 4257529
1499531648 4257529
1499538673 4257529
1499542513 4257520
1499545005 4257520
1499547544 4257520
1499547559 4257528
1499591418 4257545
1499591566 4257547
1499593898 4257656
1499595554 4257640
1499634755 4257856
1499839125 4257891
1499966201 4257937
1500111567 4257937
1500270782 5370136
1500584476 5370126
1500654367 5370122
1500723304 5370074
1500729518 5370107
1500730411 5370106
1500734502 5370107
1500757042 5370117
1500826294 5369978
1500843744 5370099
1501105495 5370010
1501106396 5370010
1501128275 5370010
1501180391 5370157
1501181336 5370156
1501194115 5370204
1501262330 5369940
1501413936 5369954
1501432234 5369953
1501437691 5369953
1501437695 5370210
1501439405 5370209
1501535834 5370215
1501564555 5370217
1501609045 5370217
1501611664 5370217
1502212462 5370221
1502212549 5370221
1502220375 5370217
1502266563 5370217
1502285553 5370217
1502340299 5370217
1502340634 5370222
1502357953 5370223
1502401230 5370054
1502643778 5370003
1502650647 5370000
1502819567 5369954
1502821801 5369962
1502822958 5369965
1502861951 5369997
1502861970 5370212
1502862177 5370211
1502863862 5370209
1502868080 5370209
1502871819 5370282
1502887703 5370317
1502907065 5370336
1502912122 5370266
1503250267 5370266
1503254684 5370336
1503329255 5370344
1503329474 5370344
1503338604 5370345
1503432278 5370345
1503437303 5370453
1503441735 5370451
1503470359 5370451
1503571216 5370453
1504043186 5370884
1504710846 5370901
1504714415 5370901
1504715212 5370901
1504947898 5370935
1504955230 5370953
1504968807 5370984
1504998723 5371072
1505031713 5371155
1505036563 5371169
1505075884 5371261
1505321814 5371307
1505403074 5371307
1505403088 5371326
1506458196 5371328
1506759498 5371330
1506762026 5371330
1506865709 5371330
1506945254 5371330
1506960696 5371330
1506978401 5371315
1507106396 5371309
1507130915 5371309
1507138055 5367358
1507223308 5368146
1507225399 5368145
1507225419 5368144
1507225439 5368144
1507228407 5368144
1507228578 5368144
1507877189 5368144
1508169268 5368144
1508655207 5368276
1508655223 5368275
1508655226 5368493
1508656355 5368501
1508663793 5368528
1508752910 5368530
1508924253 5368547
1509097643 5368566
1509097757 5368567
1509097764 5368567
1509113224 5368653
1509115192 5368654
1509176495 5368653
1509274493 5368662
1509274504 5368686
1509291143 5368698
1509375874 5368708
1509458654 5368707
1509470622 5368707
1509996905 5368710
1511008521 5368710
1511635271 5368745
1511643978 5368746
1511687723 5368746
1512420202 5368796
1512498991 5368809
1512589658 5368811
1512592956 5368834
1512593572 5368837
1512595271 5368837
1512595923 5368843
1512716147 5368851
1512978926 5368858
1513143251 5368951
1513240548 5368950
1513287079 5368938
1513378177 5368938
1513424245 5368920
1513424264 5368920
1513424467 5368916
1513459170 5368916
1513465090 5368968
1513505093 5369335
1513506155 5369333
1513506280 5369333
1513536777 5369333
1513622813 5369344
1514023786 5369346
1514050698 5369381
1514465543 5370216
1514465546 5370217
1514562729 5370218
1514562784 5370227
1514575489 5370250
1515082278 5370250
1515173622 5370253
1515173650 5371043
1515191182 5371435
1515481021 5390953
1515519002 5391024
1515536106 5387274
1515575911 5387154
1515837589 5387548
1515838523 5387562
1515921023 5387571
1515922919 5387571
1515931708 5387588
1515946962 5387583
1515956929 5387588
1515965180 5387588
1516254571 5388058
1516309041 5386097
1516309232 5394136
1516539352 5393742
1516539869 5397162
1516540422 5397170
1516543377 5399802
1516546535 5399938
1516659797 5400313
1516721588 5400327
1516721590 5400390
1516726812 5400404
1516896681 5400404
1517068312 5400404
1517071424 5400405
1517074675 5400528
1517074691 5400604
1517075252 5400627
1517141703 5400626
1517145182 5400628
1517146577 5400660
1517150216 5400633
1517158540 5400637
1517168685 5400646
1517169722 5400646
1517259373 5400648
1517350836 5400821
1517350839 5400849
1517353069 5400849
1517415791 5400849
1517428393 5400849
1517432078 5400848
1517434578 5400862
1517473793 5400864
1517506747 5400866
1517526377 5400923
1517527204 5400931
1517553117 5400931
1517554590 5400931
1517747363 5400940
1517774330 5400940
1517944694 5400940
1517946183 5400955
1517953133 5401002
1518197532 5401002
1518213716 5401005
1518215548 5401006
1518215557 5401007
1518215840 5401007
1518270399 5401020
1518356775 5401020
1518364201 5401027
1518444141 5401030
1518455879 5401064
1518464774 5401064
1518546995 5401086
1519660311 5401086
1519663044 5401087
1519844394 5401100
1519854048 5401100
1520261877 5401100
1520360859 5401373
1520363611 5402001
1520456504 5402021
1520457925 5402104
1520459482 5402104
1520491161 5402106
1520626980 5402108
1520627506 5402107
1520676178 5402107
1520876519 5402302
1520876659 5402303
1520949179 5402325
1521060483 5402364
1522336075 5402364
1522336761 5402363
1522769682 5402365
1523106899 5402365
1523172517 5402443
1523179955 5402445
1523254796 5402445
1523342368 5402448
1523342398 5402448
1523375841 5402458
1523376817 5402464
1523987760 5402464
1524404502 5402086
1525015797 5402556
1525362105 5402599
1525363902 5402603
1525365173 5402631
1525365321 5402609
1525365356 5402609
1525446275 5402609
1526544601 5403422
1527336613 5403422
1527437579 5406770
1527452760 5406796
1527523042 5406808
1527523066 5406869
1527524084 5406870
1527833145 5406862
1529351986 5407064
1529352113 5407116
1529352226 5407118
1529699682 5407118
1529699748 5407126
1529742484 5407124
1529743675 5407120
1529744442 5407120
1529745152 5407124
1529766304 5407128
1529766604 5407276
1529767660 5407276
1529849826 5407304
1529849924 5407304
1529850543 5407307
1529850916 5407303
1529851022 5407303
1529851247 5407303
1529852273 5407303
1529853013 5407307
1529854816 5407304
1529856239 5407305
1529876010 5407307
1529992725 5407307
1530046060 5407313
1530213677 5407392
1530214352 5407388
1530255823 5407391
1530818326 5407393
1532014310 5407391
1532161915 5407453
1532163540 5407453
1532166425 5407444
1533064713 5407455
1533149998 5407463
1533155511 5407465
1534276129 5407540
1534276589 5407556
1534277468 5407558
1534277507 5407558
1534277636 5407558
1534434475 5408014
1534436430 5408014
1534449227 5426934
1534540185 5408151
1534572903 5408151
1534572906 5408151
1534586414 5408289
1534586532 5408349
1534599738 5408484
1534607329 5408484
1534608852 5408485
1534786585 5408664
1535126068 5408666
1535187390 5408667
1536211519 5408654
1536509563 5408593
1536509973 5408593
1536605531 5408599
1537267747 5408599
1537291350 5408602
1537291672 5408603
1537382811 5408607
1537618496 5408609
1537620543 5408613
1538121917 5408650
1538214529 5408650
1538214532 5408648
1538214614 5408648
1538224204 5408815
1538224401 5408826
1538224419 5408827
1538225454 5408805
1538408690 5408931
1538510838 5408929
1538554287 5408984
1538678006 5409002
1538678539 5409000
1538685018 5409011
1538722718 5409011
1538737181 5409078
1538836166 5409078
1539025533 5409070
1539029853 5409562
1539358541 5409587
1539791654 5409669
1539852925 5409669
1539883128 5409913
1540363258 5410338
1540366137 5410346
1540651074 5413227
1540657863 5413257
1540657866 5413435
1540658075 5413435
1540714541 5413435
1540714600 5413461
1540732820 5413466
1540735766 5413519
1540835490 5413519
1540838659 5413523
1540916945 5413513
1540934429 5413563
1541014224 5413591
1541179422 5413591
1541698720 5413591
1541698766 5413599
1541794056 5413620
1541794232 5413624
1541794682 5413624
1542831458 5413624
1543767938 5413624
1543768066 5413626
1543950158 5413626
1544994603 5413707
1545204258 5413812
1545292688 5413901
1545338447 5413901
1545339496 5413905
1545340847 5413914
1545342108 5413914
1545381155 5413914
1545413276 5413929
1545413626 5413929
1545429072 5413951
1545433288 5414029
1545569778 5414031
1546207215 5414031
1546359458 5414031
1547062549 5414031
1547064486 5414033
1547069620 5414033
1547124772 5414033
1547285011 5414033
1547330959 5414040
1547374311 6414267
1547375379 6416754
1547376365 6416778
1547380854 6416778
1547389882 6416796
1547390449 6416796
1547587009 6416798
1547587093 6416796
1547914056 6416868
1547983082 6416949
1547983561 6416956
1547995290 6417010
1548419767 6417010
1548419778 6417010
1549831700 6417012
1549831812 6417029
1550059426 6417017
1550059521 6417170
1550825445 6417170
1552251712 6417170
1552251829 6417170
1552252096 6417178
1552253217 6417180
1552254974 6417188
1552286680 6417188
1552313990 6417189
1552314114 6417194
1552314803 6417195
1552335750 6417190
1552340828 6417402
1552341562 6417399
1552471989 6417406
1552511693 6417407
1552511697 6417406
1552658113 6417420
1552658115 6417420
1552661752 6417420
1552721324 6417412
1552778864 6417420
1552778894 6424110
1552779008 6424289
1552820509 6424388
1552820525 6424392
1552820543 6424414
1552832422 6424414
1552857918 6424591
1552864768 6424600
1552913628 6424520
1552926214 6424520
1552983434 6424504
1552986395 6424755
1553006423 6424865
1553007782 6424885
1553012313 6424908
1553033421 6424908
1553038709 6425022
1553076399 6425022
1553076415 6425044
1553078544 6425045
1553082068 6425049
1553087609 6425049
1553089223 6425049
1553112223 6425057
1553173769 6425059
1553593796 6425146
1553779368 6425214
1553779387 6425219
1553779406 6425221
1553847265 6425229
1553861411 6425228
1553877298 6425228
1554305327 6425228
1554305330 6419884
1554306249 6419884
1554360996 6419927
1554479448 6419954
1554481797 6419985
1554499864 6419985
1554534943 6420442
1558682198 6420442
1558682415 6420487
1559759148 6420487
1561188302 6420487
1561189452 6420495
1561190099 6420497
1561439153 6420562
1562014624 6420572
1562652387 6420590
1562652536 6420905
1562958316 6420931
1563130688 6425833
1563130709 6425836
1563131995 6425820
1563337718 6425822
1563710689 6425812
1563711037 6424307
1564317017 6424307
1564320007 6424307
1564329301 6424307
1564332011 6424307
1564341816 6424456
1564342277 6424456
1564418961 6424459
1566928985 6424472
1566929884 6424472
1567452953 6424489
1567455311 6424491
1568094602 6424501
1568095082 6424577
1568666382 6424588
1569350558 6424586
1569351666 6424587
1569922325 6424587
1570091734 6424591
1570306274 6424637
1570599463 6424679
1571338789 6424873
1571338968 6424873
1571683813 6424873
1571857030 6424874
1571857086 6424874
1571859672 6424880
1572633979 6424896
1572679013 6424913
1572683331 6424915
1572686646 6424924
1572785305 6424929
1572806438 6424929
1572809227 6424932
1572810321 6424939
1572814162 6424939
1572844959 6424940
1572977514 6424856
1572977677 6424888
1572977754 6424928
1572978480 6424928
1572981797 6424936
1572981953 6424936
1573058104 6424937
1573068847 6425068
1573110021 6425068
1573218267 6425076
1573383426 6425224
1573409388 6425224
1573418354 6425238
1573504652 6425238
1573797732 6425234
1573989704 6425245
1574187876 6425243
1574188034 6425246
1574371326 6425249
1574406041 6425250
1574452724 6425251
1574453851 6425253
1574497312 6425253
1575197604 6425253
1576434411 6425265
1576505207 6425266
1578820931 6425266
1579106403 6425266
1579470353 6425266
1580234445 6425269
1580467613 6425269
1580467662 6425269
1580651287 6425269
1584114553 6425269
1584116784 6425268
1584612890 6425269
1584613547 6425278
1586092980 6425279
1586116427 6425273
1586116547 6425273
1586116701 6425273
1586116841 6425273
1586243384 6425257
1586517154 6425919
1586517492 6425919
1586517554 6425957
1586517778 6425958
1586598484 6425986
1586624118 6426017
1586702141 6426009
1586773957 6426009
1586776286 6426010
1586776768 6426036
1586777373 6425942
1587028472 6428844
1587110901 6428844
1587111038 6428848
1587283768 6428873
1587362578 6428888
1587362663 6428886
1587362742 6428884
1587404578 6428884
1587404675 6428892
1587447344 6428907
1587712703 6428907
1588100208 6428931
1588181998 6428945
1588329749 6429020
1588330059 6429020
1588331989 6429020
1588334939 6429021
1588410297 6429060
1588507109 6428973
1588618682 132530
1588933948 132526
1589111366 132527
1589220193 132530
1589279182 132531
1589287042 132526
1589287055 132524
1589292813 132524
1589293675 132530
1589293706 132530
1589304993 132530
1589349371 132965
1589366111 132965
1589398123 132969
1589435522 133258
1589476008 133268
1589626620 133471
1589710637 133502
1589710746 133529
1589785656 133606
1589785938 133606
1589803314 133606
1589889337 133606
1589993841 133664
1589993909 134309
1590149947 134303
1590164497 134301
1590489582 134332
1590489964 134337
1590491706 134339
1590562159 134339
1590577644 134366
1590578534 134357
1590578554 134362
1590663202 134389
1590663253 134413
1590663597 134413
1590666407 134413
1590666416 134422
1590668648 134424
1591184295 134471
1591184396 134494
1591184673 134494
1591184986 134471
1591185361 134472
1591338319 134472
1591338435 134472
1591360239 134571
1591526496 134571
1591554905 134592
1591556383 134674
1591556473 134675
1591556528 139084
1591685192 139147
1591714626 139147
1591714743 139148
1591947464 139164
1592140928 139165
1592149458 139521
1592638262 139566
1592721708 139574
1592764798 139649
1592896561 139688
1592896983 139688
1592992008 139692
1593254058 139671
1593254632 139677
1593254691 140027
1593255282 139992
1593255341 139976
1593349698 139964
1593434469 140209
1594015108 140211
1594015132 140239
1594031859 140239
1594203953 140293
1594272783 140302
1594293813 140413
1594300392 140479
1594320162 140508
1594378428 140508
1594552175 140500
1594552283 140753
1594560677 140756
1594667097 140752
1594728453 140752
1594878058 140783
1594987067 141102
1594987195 141445
1594987279 141277
1594987548 141291
1595045577 141327
1595174151 141327
1595174948 141341
1595224923 141355
1595273755 141825
1595403955 141814
1595436213 141814
1595487171 141939
1595502864 141963
1595648511 141975
1595667176 141975
1595698991 142004
1595706653 142228
1595706714 142232
1595750761 142719
1595758337 142719
1595765254 142719
1595767246 142721
1595768091 142732
1595789404 142732
1595795894 142816
1595834157 142820
1595851633 143210
1595858079 143304
1595935448 143305
1595935504 143305
1596104836 143305
1596175158 143881
1596175208 143881
1596277773 143891
1596288741 143891
1596714569 143912
1597044251 143912
1597044265 143912
1597092447 143923
1597129502 143927
1597232519 148842
1597235365 148722
1597306019 148745
1597308740 148909
1597318505 148931
1597320248 149025
1597323808 149630
1597324361 149630
1597377896 149630
1597394912 149771
1597403116 150083
1597405674 150182
1597405962 150188
1597406202 150188
1597406335 150190
1597497487 150560
1597580846 150682
1597582128 150817
1597603690 150939
1597605824 150935
1597606581 150935
1597606780 150935
1597916323 151020
1598422423 151144
1598698007 151146
1599078332 151146
1600883703 151147
1606895925 151133
1607262108 151133
1607351428 151133
1607778590 151116
1607778605 151151
1607789858 151151
1607789863 151455
1607938729 151455
1607949706 151463
1608148366 151463
1608148418 151465
1608148449 151498
1608238096 151530
1608325842 151600
1608580686 151607
1608990919 151607
1609001776 151625
1609249040 151692
1609313632 151782
1609356676 151786
1609421745 151798
1609702086 151798
1609703657 151798
1610348449 151799
1610658693 151799
1611493100 151905
1611753778 151903
1611754450 151905
1611841648 151897
1612007514 151897
1612704398 151897
1612716428 152041
1612938054 152818
1616480564 152818
1616481872 152818
1616482080 152816
1616566518 143162
1616586394 143170
1616614032 143170
1616670862 143173
1616673895 143327
1616825164 143523
1616838185 143598
1616852679 143413
1616931424 143357
1617002704 143372
1617083428 143372
1619164118 143370
1619356842 143371
1619356957 143777
1619640385 144094
1619682916 144104
1619730333 144112
1620037495 144112
1620125806 144112
1620473610 144126
1620474979 144131
1620477703 144132
1620499344 144134
1620549577 144134
1620551277 144134
1620558035 144134
1620559887 144144
1620559970 144158
1620560068 144158
1620560500 144157
1620560661 144157
1620560808 144157
1620560982 144159
1620561136 144159
1620562966 144134
1620649407 144135
1621099594 144135
1622190664 144135
1623647792 144135
1623647926 144135
1623695001 144152
1624279719 144152
1625553977 144152
1625554011 144186
1626005741 144205
1626188305 144206
1626257077 144297
1626411148 144377
1626414888 144377
1626423089 144385
1626428647 144385
1626431273 144390
1626431655 144390
1626439274 144438
1626440411 144451
1626518385 144457
1626522294 144481
1626525781 144481
1626706588 144481
1626706603 144481
1626706635 144481
1626895021 145167
1626938755 144771
1626949496 144793
1627756975 144824
1627814579 144838
1627844042 144878
1628247514 144890
1628679769 145002
1628747930 145026
1628875959 145602
1628882604 145606
1628944078 145868
1629054326 145895
1629060571 145898
1629121257 145899
1629204223 145984
1629225642 146262
1629309865 146264
1629309960 146253
1629310004 146257
1629310025 146260
1629310048 146260
1629314723 146264
1629347862 146313
1629367432 146310
1629459158 146310
1629460576 146310
1629470078 146330
1629546906 146330
1629657020 146406
1629662317 146406
1629785282 146406
1629832123 146439
1629956101 146447
1629961713 146457
1630253131 146452
1630313654 146452
1630478590 146457
1631465485 146519
1631465747 146537
1632825402 146537
1633602249 146574
1633602745 146763
1633696774 146795
1634231986 146837
1634238074 146871
1634383648 146873
1634388443 146889
1634759973 146889
1635535601 146964
1635535654 146911
1635943940 147026
1636040320 147072
1636465618 147072
1636493098 147206
1636896314 147206
1637173314 147206
1637233129 147206
1639722299 147206
1640767625 147510
1640781661 139777
1640805615 140097
1640868015 140160
1640945069 140064
1641110636 140068
1641188428 140119
1641214671 140119
1641284741 140137
1641304959 140142
1641306050 140141
1641372689 140259
1641386114 140259
1641413907 140259
1641414106 140259
1641735158 140402
1641934000 140510
1642020202 140510
1643136782 140518
1643187443 140552
1643544318 140559
1643576810 140692
1644354769 140693
1644677151 140752
1645204304 140752
1646571240 140756
1646577185 140786
1646656895 140798
1646657030 140800
1646657304 140804
1646687968 140838
1646730650 140929
1648104847 141078
1648133735 139943
1648199421 140049
1648199553 140049
1648199781 139979
1648816697 139967
1649003613 139967
1649071080 139931
1649097919 139937
1649226335 139937
1649226409 139937
1649226541 139966
1649250854 139967
1649251595 139967
1649406167 140029
1649520563 140075
1649765300 140096
1649765896 140950
1649771886 140950
1650630076 140950
1650813724 140955
1650919245 142278
1651259850 146928
1651261202 148140
1651390910 148141
1651405972 148678
1651438005 148730
1651438026 148777
1652076161 148862
1652210004 148964
1652785736 150707
1652891895 150713
1652982993 150731
1653032511 150745
1653278842 150796
1653822486 152069
1654239093 152081
1654257794 152103
1654281564 152101
1654283144 152103
1654513306 152103
1654526815 152107
1654755778 152582
1655037067 152592
1655119315 152613
1655189652 152670
1655400872 152840
1655572342 152867
1655572443 152867
1655823467 152869
1656157119 152869
1656957499 153115
1657260720 153176
1658058212 153212
1658058235 153213
1658159322 153214
1658159744 153275
1658313487 152322
1658313693 152360
1658336344 152364
1658413679 152483
1658496929 152493
1658532411 152541
1658579770 152610
1658602480 152661
1659037871 152659
1659037892 152675
1659037905 152685
1659037943 152691
1659038052 152712
1659039143 152798
1659073402 152798
1659097717 152828
1659209035 152838
1659211153 175393
1659211849 175398
1659214989 175398
1659244908 175470
1659244927 175491
1659244942 175579
1659245010 175579
1659269158 176344
1659274081 176077
1659281932 176360
1659352538 176545
1659386555 176578
1659389514 176591
1659510916 176566
1659510937 176663
1659511022 176664
1659544606 176673
1659544622 176673
1659558506 176701
1659624405 176753
1659646110 176777
1659646385 176782
1659649107 176786
1659683548 176787
1659701307 177308
1659721899 177588
1659733795 177589
1659872074 177589
1659873008 177610
1659873163 177613
1659873295 178180
1659873309 178180
1659873452 178357
1659875740 178424
1659897195 178426
1659897214 178432
1659904019 178452
1660154492 178452
1660155856 178853
1660285472 179180
1660299232 179186
1660309567 179227
1661602851 179319
1661614130 172395
1661687947 172974
1661885747 172978
1663066706 173109
1663272174 173122
1663311267 173122
1663403670 173122
1663481712 173208
1663567370 173214
1663567479 173206
1664100044 173206
1664166198 173206
1664704539 173206
1670159034 173221
1670186828 173223
1670600074 173228
1670676486 173231
1670676747 173217
1670676930 173217
1670677828 173217
1670678598 173217
1670679778 173217
1670679941 173217
1670706068 173207
1670707057 173207
1670707703 173207
1670709046 173207
1670709641 173207
1670710715 173207
1670746786 173207
1670752922 173233
1670774914 173234
1671379463 173502
1671379491 173502
1671380430 173502
1671431105 173503
1671611443 173486
1673708869 173486
1675189417 173492
1675189467 173492
1675235985 173492
1678021882 173492
1678021938 173492
1678275116 173510
1678279280 173563
1678279304 173563
1678279425 173717
1678706075 173743
1679665547 173744
1684682598 174291
1686242808 174293
1686242864 174293
1686470397 174364
1686470784 174364
1686721149 174365
