1544279134 1170
1544396526 1170
1544458654 1212
1544459777 1211
1544460286 1213
1544649064 1217
1544743252 1228
1544801733 1233
1545171178 1244
1545235176 1244
1545250115 1487
1545257050 1487
1545337010 1487
1545425636 1494
1546466949 1494
1546627244 1493
1547146220 1493
1547567790 1498
1547582891 1672
1547832997 1672
1548173304 1687
1548194904 1706
1548253184 1707
1548943447 1708
1549299619 1710
1549397218 1717
1549477801 1733
1549478234 2238
1549481864 2244
1549899143 2244
1549899887 2245
1549901843 2245
1550177596 2246
1550592496 2233
1551291622 2246
1551716019 2170
1551973726 2170
1552084729 2009
1553878883 2037
1554145301 2039
1554228530 2070
1554389584 2069
1554390487 2075
1554398700 2075
1554410191 2107
1555612662 2107
1557327810 2108
1557328466 2154
1557329194 2154
1560187413 2152
1564500193 2149
1565021987 2149
1565095248 2150
1565374628 2150
1570646583 2150
1570721003 2122
1570831064 2078
1577483810 2091
1577729606 2107
1594307570 2122
1594407132 2133
1594938172 2150
1596813511 2197
1596839122 2194
1597343712 2180
1599764944 2196
1600359063 2391
1604505537 2395
1604515999 2381
1604529912 2381
1610468432 2382
1612290156 2408
1613668925 2413
1615572633 2413
1616596190 2395
1616616424 2389
1616661435 2396
1616661489 2398
1617119710 2402
1617123109 2314
1617123298 2365
1617123399 2303
1617123436 2305
1617241569 2302
1617751986 2365
1617754133 2365
1618852521 2365
1620915668 2439
1621728827 2439
1623437459 2439
1635779938 2804
1636386673 2804
1637199230 2756
1637200184 2743
1639437011 2804
1642530128 2941
1642789592 2812
1642813333 2812
1642813803 2831
1642813811 2849
1642814459 2932
1642814738 2932
1642816475 2932
1643133646 2934
1643754189 2933
1643760740 2934
1643918806 2934
1643918952 2934
1645226226 2941
1647543154 2941
1649974331 2943
1651163653 2947
1651269316 2948
1651575658 2944
1652194366 2896
1655505173 2896
1657094449 2896
1657295920 3050
1657296528 3050
1657296822 3050
1658685469 3159
1658863515 3171
1659715777 3171
1660836052 3239
1660938117 3239
1660940038 3239
1661207431 3333
1662736298 3246
1663240873 3254
1663332499 3254
1663334736 3254
1664301738 3255
1665410944 3261
1665419305 3428
1665420156 3255
1665440332 3262
1665704617 3332
1665712699 3429
1667236552 3434
1667236693 3433
1667236929 3433
1667238250 3433
1667240829 3425
1669744303 3425
1669744523 3409
1669834371 3448
1671215426 3448
1671719317 3451
1673372206 3451
1673545284 3453
1673545313 3453
1673558232 3459
1673616443 3461
1673993376 9820
1673993891 9812
1673993918 9793
1673993952 9766
1673994000 9762
1673994030 9722
1673994154 9743
1673994787 9743
1673996098 9725
1673999102 9707
1674005744 9680
1674005786 9679
1674005817 9585
1674009463 9564
1674009535 9508
1674051231 9504
1674161728 9489
1674184119 9490
1674221155 9493
1674221318 9523
1675946430 9524
1675946535 9525
1676240080 9525
1676242338 9524
1676244433 9528
1676305511 9528
1676306868 9532
1676308373 9540
1676310746 9516
1676412934 9540
1676489134 9540
1676495161 9540
1676504204 9547
1676507939 9550
1676515936 9550
1676518455 9561
1676570167 9564
1676570714 9565
1676572407 9565
1676576030 9565
1676576615 9543
1676582119 9543
1676662362 9546
1677170006 9546
1677706103 9547
1677712757 9568
1677786369 9805
1677863961 9789
1679517600 9840
1679596593 9747
1679667305 9747
1679669004 9749
1681166552 9750
1683296797 9680
1683561827 9680
1684166178 9680
1686676756 9681
1688160448 9681
1688603743 9687
1688759807 9687
1688759894 9687
1689111989 9876
1689191756 9879
1689290578 9858
1689294281 9823
1689640843 9824
1689642043 9780
