1507647571 0 0 0 0 0 0 2144 0 0 0 0 0 0 0 0 0 0 0 0 0
1509458521 0 0 0 0 0 0 2145 0 0 0 0 0 0 0 0 0 0 0 0 0
1509458592 0 0 0 0 0 0 2146 0 0 0 0 0 0 0 0 0 0 0 0 0
1509459686 0 0 0 0 0 0 2146 0 0 0 0 0 0 0 0 0 0 0 0 0
1509462614 0 0 0 0 0 0 2147 0 0 0 0 0 0 0 0 0 0 0 0 0
1509486865 0 0 0 0 0 0 2147 0 0 0 0 0 0 0 0 187 0 0 0 0
1509487174 0 0 0 0 0 0 2150 0 0 0 0 0 0 0 0 187 0 0 0 0
1515777535 0 0 0 0 0 0 2150 0 0 0 0 0 0 0 0 187 0 0 0 0
1515782943 0 0 0 0 0 0 2150 0 0 0 0 0 0 0 0 187 0 0 0 0
1516291441 0 0 0 0 0 0 2150 0 0 0 0 0 0 0 0 187 0 0 0 0
1516291799 0 0 0 0 0 0 2150 0 0 0 0 0 0 0 0 187 0 0 0 0
1519149869 53 0 0 0 0 0 2150 0 0 0 0 0 0 0 0 187 0 0 0 0
1519160960 55 0 0 0 0 0 2150 0 0 0 0 0 0 0 0 187 0 0 0 0
1519161091 60 0 0 0 0 0 2150 0 0 0 0 0 0 0 0 187 0 0 0 0
1519163472 64 0 0 0 0 0 2150 0 0 0 0 0 0 0 0 187 0 0 0 0
1519163571 65 0 0 0 0 0 2150 0 0 0 0 0 0 0 0 187 0 0 0 0
1519672772 173 0 0 0 0 0 2167 0 0 0 0 0 0 0 0 187 0 0 0 0
1519838694 206 0 0 0 0 0 2167 0 0 0 0 0 0 0 0 187 0 0 0 0
1519843885 207 0 0 0 0 0 2167 0 0 0 0 0 0 0 0 187 0 0 0 0
1519854041 233 0 0 0 0 0 2167 0 0 0 0 0 0 0 0 187 0 0 0 0
1520449489 239 0 0 0 0 0 2167 0 0 0 0 0 0 0 0 187 0 0 0 0
1521048335 240 0 0 0 0 0 2167 0 0 0 0 0 0 0 0 187 0 0 0 0
1523982818 240 0 0 0 0 0 2167 0 0 226 0 0 0 0 0 187 0 0 0 0
1523983943 240 0 0 0 0 0 2179 0 0 226 0 0 0 0 0 187 0 0 0 0
1524254415 241 0 0 0 0 0 2179 0 0 226 0 0 0 0 0 187 0 0 0 0
1524260665 241 0 0 0 0 0 2179 0 0 226 0 0 0 0 0 187 0 0 0 0
1524758881 302 0 0 0 0 0 2179 0 0 226 0 0 0 0 0 187 0 0 0 0
1525198372 314 0 0 0 0 0 2179 0 0 226 0 0 0 0 0 187 0 0 0 0
1525198525 319 0 0 0 0 0 2179 0 0 226 0 0 0 0 0 187 0 0 0 0
1525473594 319 0 0 0 0 0 2179 0 0 258 0 0 0 0 0 187 0 0 0 0
1525817611 319 0 0 0 0 0 2179 0 0 258 0 0 0 0 0 187 0 0 0 0
1525971841 319 0 0 0 0 0 2179 0 0 258 0 0 0 0 0 187 0 0 0 0
1528819185 320 0 0 0 0 0 2179 0 0 258 0 0 0 0 0 187 0 0 0 0
1528823397 2121 0 0 0 0 0 2179 0 0 258 0 0 0 0 0 187 0 0 0 0
1528905084 2161 0 0 0 0 0 2179 0 0 258 0 0 0 0 0 187 0 0 0 0
1528913464 2162 0 0 0 0 0 2179 0 0 258 0 0 0 0 0 187 0 0 0 0
1530087753 2162 0 0 0 0 0 2179 0 0 258 0 0 0 0 0 187 0 0 0 0
1532709840 2162 0 0 0 0 0 2179 0 0 258 0 0 0 0 0 187 0 0 0 0
1535135508 2162 0 0 0 0 0 2179 0 0 258 0 0 0 0 0 187 0 0 0 0
1535135681 2167 0 0 0 0 0 2179 0 0 258 0 0 0 0 0 187 0 0 0 0
1535137213 2291 0 0 0 0 0 2179 0 0 258 0 0 0 0 0 187 0 0 0 0
1535379556 2291 0 0 0 0 0 2179 0 0 258 0 0 0 0 0 187 0 0 0 0
1535461936 2292 0 0 0 0 0 2179 0 0 258 0 0 0 0 0 187 0 0 0 0
1537818504 2302 0 0 0 0 0 2179 0 0 258 0 0 0 0 0 187 0 0 0 0
1538140158 2302 0 142 0 0 0 2179 0 0 258 0 0 0 0 0 187 0 0 0 0
1539903841 2302 0 142 0 0 0 2179 0 0 258 0 0 0 0 0 187 0 0 0 0
1542048269 2302 0 142 0 0 0 2179 0 0 258 0 0 0 5 0 187 0 0 0 0
1542055377 2302 0 142 0 0 0 2179 0 0 258 0 0 0 27 0 187 0 0 0 0
1542063791 2317 0 142 0 0 0 2179 0 0 258 0 0 0 27 0 187 0 0 0 0
1542104538 2317 0 142 0 0 0 2179 0 0 258 2 0 0 27 0 187 0 0 0 0
1542215438 2317 0 142 0 0 0 2179 0 0 258 2 0 0 27 0 187 0 0 0 0
1542216798 2318 0 142 0 0 0 2179 0 0 258 2 0 0 27 0 187 0 0 0 0
1542217975 2318 0 142 0 0 0 2179 0 0 258 3 0 0 27 0 187 0 0 0 0
1542737978 2318 0 167 0 0 0 2179 0 0 258 3 0 0 27 0 187 0 0 0 0
1542745146 2318 0 172 0 0 0 2179 0 0 258 3 0 0 27 0 187 0 0 0 0
1542750849 2318 0 172 0 0 0 2179 0 0 258 168 0 0 27 0 187 0 0 0 0
1542823465 2373 0 172 0 0 0 2179 0 0 258 168 0 0 27 0 187 0 0 0 0
1543271489 2380 0 172 0 0 0 2179 0 0 258 168 0 0 27 0 187 0 0 0 0
1543315834 2380 0 172 0 0 0 2179 0 0 258 168 0 0 27 0 192 0 0 0 0
1543323322 2395 0 172 0 0 0 2179 0 0 258 168 0 0 27 0 192 0 0 0 0
1543488785 2395 0 172 0 0 0 2179 0 0 258 168 0 0 27 0 195 0 0 0 0
1543936448 2395 0 172 178 0 0 2179 0 0 258 168 0 0 27 0 195 0 0 0 0
1544113892 2395 0 172 178 0 0 2179 0 0 258 168 0 0 27 0 195 0 0 0 0
1546469264 2403 0 172 178 0 0 2179 0 0 258 168 0 0 27 0 195 0 0 0 0
1546469283 2415 0 172 178 0 0 2179 0 0 258 168 0 0 27 0 195 0 0 0 0
1546934693 2415 0 172 1432 0 0 2179 0 0 258 168 0 0 27 0 195 0 0 0 0
1547152012 2415 0 172 1432 0 0 2179 0 0 258 168 0 0 27 0 195 0 0 0 0
1547487703 2415 0 179 1432 0 0 2179 0 0 258 168 0 0 27 0 195 0 0 0 0
1547499611 2415 0 195 1432 0 0 2179 0 0 258 168 0 0 27 0 195 0 0 0 0
1547676003 2415 0 205 1432 0 0 2179 0 0 258 168 0 0 27 0 195 0 0 0 0
1547848549 2415 0 214 1432 0 0 2179 0 0 258 168 0 0 27 0 195 0 0 0 0
1548257416 2415 0 214 1432 0 0 2179 0 0 258 168 0 0 27 0 195 0 0 0 0
1548444855 2558 0 214 1432 0 0 2179 0 0 258 168 0 0 27 0 195 0 0 0 0
1548445861 2561 0 214 1432 0 0 2179 0 0 258 168 0 0 27 0 195 0 0 0 0
1548693477 2563 0 214 1432 0 0 2179 0 0 258 168 0 0 27 0 195 0 0 0 0
1548701517 2575 0 214 1432 0 0 2179 0 0 258 168 0 0 27 0 195 0 0 0 0
1549647446 2575 0 214 1432 0 0 2226 0 0 258 168 0 0 27 0 195 0 0 0 0
1549923536 2575 0 1162 1432 0 0 2226 0 0 258 168 0 0 27 0 195 0 0 0 0
1550172240 2575 0 1162 1432 0 0 2226 0 0 258 168 0 0 27 0 195 0 0 0 0
1550181282 2575 0 1469 1432 0 0 2226 0 0 258 168 0 0 27 0 195 0 0 0 0
1550607396 2575 0 1684 1432 0 0 2226 0 0 258 168 0 0 27 0 195 0 0 0 0
1550692679 2581 0 1684 1432 0 0 2226 0 0 258 168 0 0 27 0 195 0 0 0 0
1550694767 2581 0 1773 1432 0 0 2226 0 0 258 168 0 0 27 0 195 0 0 0 0
1550875488 2581 0 1797 1432 0 0 2226 0 0 258 168 0 0 27 0 195 0 0 0 0
1551288078 2649 0 1797 1432 0 0 2226 0 0 258 168 0 0 27 0 195 0 0 0 0
1551393837 2649 0 5292 1432 0 0 2226 0 0 258 168 0 0 27 0 195 0 0 0 0
1551693841 2649 0 5292 1515 0 0 2226 0 0 258 168 0 0 27 0 195 0 0 0 0
1551972445 2649 0 5292 1515 0 0 2226 0 0 258 168 0 0 27 0 195 0 0 0 0
1551997324 2649 0 5310 1515 0 0 2226 0 0 258 168 0 0 27 0 195 0 0 0 0
1552858197 2649 0 5310 1515 0 0 2226 0 0 258 168 0 0 27 0 195 0 0 0 0
1552911795 2649 0 5310 1882 0 0 2226 0 0 258 168 0 0 27 0 195 0 0 0 0
1552978376 2649 0 5310 2199 0 0 2226 0 0 258 168 0 0 27 0 195 0 0 0 0
1552999053 2649 0 5310 2265 0 0 2226 0 0 258 168 0 0 27 0 195 0 0 0 0
1553064522 2649 0 5310 2405 0 0 2226 0 0 258 168 0 0 27 0 195 0 0 0 0
1553101709 2649 0 5310 2405 0 0 2226 0 0 258 168 0 0 27 0 195 0 0 0 0
1553102012 2649 0 5310 2449 0 0 2226 0 0 258 168 0 0 27 0 195 0 0 0 0
1553528930 2649 0 5310 2534 0 0 2226 0 0 258 168 0 0 27 0 195 0 0 0 0
1553593947 2649 0 5310 2551 0 0 2226 0 0 258 168 0 0 27 0 195 0 0 0 0
1553600329 2649 0 5310 2774 0 0 2226 0 0 258 168 0 0 27 0 195 0 0 0 0
1554220088 2654 0 5310 2774 0 0 2226 0 0 258 168 0 0 27 0 195 0 0 0 0
1554317326 2654 0 5310 2774 0 0 2226 0 0 258 168 0 0 27 0 195 0 0 0 0
1554463120 2654 0 5310 2774 0 0 2226 0 0 258 168 0 0 27 0 195 0 0 0 0
1555090529 2654 0 5310 3181 0 0 2226 0 0 258 168 0 0 27 0 195 0 0 0 0
1556724805 2666 0 5310 3181 0 0 2226 0 0 258 168 0 0 27 0 195 0 0 0 0
1556732339 2670 0 5310 3181 0 0 2226 0 0 258 168 0 0 27 0 195 0 0 0 0
1556915060 2670 0 5310 3181 0 0 2226 0 0 258 168 0 0 27 0 195 0 0 0 0
1557169435 2670 0 5312 3181 0 0 2226 0 0 258 168 0 0 27 0 195 0 0 0 0
1557260743 2670 0 5332 3181 0 0 2226 0 0 258 168 0 0 27 0 195 0 0 0 0
1557326087 2670 0 5350 3181 0 0 2226 0 0 258 168 0 0 27 0 195 0 0 0 0
1557408584 2670 0 5350 3281 0 0 2226 0 0 258 168 0 0 27 0 195 0 0 0 0
1557756873 2670 0 5350 3321 0 0 2226 0 0 258 168 0 0 27 0 195 0 0 0 0
1557833581 2670 0 5350 3793 0 0 2226 0 0 258 168 0 0 27 0 195 0 0 0 0
1558442769 2670 0 5350 4180 0 0 2226 0 0 258 168 0 0 27 0 195 0 0 0 0
1558634847 2670 0 5350 4180 0 4 2226 0 0 258 168 0 0 27 0 195 0 0 0 0
1559030619 2670 0 5350 4180 0 6 2226 0 0 258 168 0 0 27 0 195 0 0 0 0
1559080462 2670 0 5362 4180 0 6 2226 0 0 258 168 0 0 27 0 195 0 0 0 0
1559662125 2670 0 5367 4180 0 6 2226 0 0 258 168 0 0 27 0 195 0 0 0 0
1559737792 2670 0 5367 4180 0 6 2226 0 0 258 168 0 0 27 0 195 0 0 0 0
1559770791 2670 0 5367 4180 0 6 2226 0 0 258 168 0 0 27 0 195 0 686 0 0
1560540174 2670 0 5367 4180 0 6 2226 274 0 258 168 0 0 27 0 195 0 686 0 0
1562085355 2670 0 5367 4180 20 6 2226 274 0 258 168 0 0 27 0 195 0 686 0 0
1562172374 2670 0 5367 4180 20 6 2226 583 0 258 168 0 0 27 0 195 0 686 0 0
1562179360 2670 0 5367 4180 20 6 2226 589 0 258 168 0 0 27 0 195 0 686 0 0
1562957722 2670 0 5367 4180 33 6 2226 589 0 258 168 0 0 27 0 195 0 686 0 0
1563291912 2670 0 5367 4180 33 6 2226 589 0 258 168 0 0 27 0 195 0 686 0 0
1563816300 2679 0 5367 4180 33 6 2226 589 0 258 168 0 0 27 0 195 0 686 0 0
1565724525 2679 0 5367 4180 33 6 2226 589 0 258 168 0 0 27 0 195 0 686 0 0
1566415482 2679 0 5368 4180 33 6 2226 589 0 258 168 0 0 27 0 195 0 686 0 0
1566474641 2679 0 5369 4180 33 6 2226 589 0 258 168 0 0 27 0 195 0 686 0 0
1566575859 2679 0 5369 4180 35 6 2226 589 0 258 168 0 0 27 0 195 0 686 0 0
1566585436 2679 0 5369 4180 174 6 2226 589 0 258 168 0 0 27 0 195 0 686 0 0
1566586344 2679 0 5369 4180 174 6 2226 589 0 258 168 0 0 27 0 195 0 780 0 0
1566587322 2679 0 5369 4180 174 6 2226 589 0 258 168 0 0 27 0 195 0 780 0 0
1568721802 2679 0 5369 4202 174 6 2226 589 0 258 168 0 0 27 0 195 0 780 0 0
1568730104 2679 0 5369 4202 174 6 2226 589 0 258 168 0 0 66 0 195 0 780 0 0
1570029353 2679 0 5369 4202 181 6 2226 589 0 258 168 0 0 66 0 195 0 780 0 0
1570040057 2679 0 5369 4202 181 6 2226 589 0 258 168 0 0 66 0 195 0 780 0 0
1570202383 2679 0 5369 4202 181 6 2226 589 0 258 168 0 0 66 8 195 0 780 0 0
1570215359 2679 0 5369 4202 198 6 2226 589 0 258 168 0 0 66 8 195 0 780 0 0
1570484935 2679 0 5369 4202 202 6 2226 589 0 258 168 0 0 66 8 195 0 780 0 0
1570552751 2679 0 5369 4202 202 6 2226 589 0 258 168 0 0 66 107 195 0 780 0 0
1570561548 2679 0 5369 4202 223 6 2226 589 0 258 168 0 0 66 107 195 0 780 0 0
1570563995 2679 0 5375 4202 223 6 2226 589 0 258 168 0 0 66 107 195 0 780 0 0
1570639401 2679 0 5375 4202 267 6 2226 589 0 258 168 0 0 66 107 195 0 780 0 0
1572279643 2679 0 5376 4202 267 6 2226 589 0 258 168 0 0 66 107 195 0 780 0 0
1572352967 2679 0 5376 4202 267 6 2226 589 0 258 168 0 0 66 107 195 0 780 0 0
1572362431 2679 0 5382 4202 267 6 2226 589 0 258 168 0 0 66 107 195 0 780 0 0
1572441481 2679 0 5382 4202 267 6 2226 589 0 258 168 0 0 66 107 195 0 780 0 0
1579167287 2679 0 5382 4202 267 6 2226 589 0 258 168 0 0 66 107 195 0 780 0 0
1580744361 2679 0 5382 4202 267 12 2226 589 0 258 168 0 0 66 107 195 0 780 0 0
1580744744 2679 0 5382 4202 267 15 2226 589 0 258 168 0 0 66 107 195 0 780 0 0
1581008071 2679 0 5382 4202 267 15 2226 589 0 258 168 0 0 66 107 195 0 780 0 0
1582048850 2683 0 5382 4202 267 15 2226 589 0 258 168 0 0 66 107 195 0 780 0 0
1582049857 2689 0 5382 4202 267 15 2226 589 0 258 168 0 0 66 107 195 0 780 0 0
1582828185 2689 0 5382 4202 267 15 2226 589 0 258 168 0 0 66 107 195 0 780 0 0
1584636056 2691 0 5382 4202 267 15 2226 589 0 258 168 0 0 66 107 195 0 780 0 0
1585159524 2691 0 5382 4202 267 15 2226 589 0 258 168 0 0 66 107 195 0 833 0 0
1585858857 2691 0 5382 4202 267 28 2226 589 0 258 168 0 0 66 107 195 0 833 0 0
1585925695 2691 0 5382 4202 267 33 2226 589 0 258 168 0 0 66 107 195 0 833 0 0
1586883874 2691 0 5382 4202 267 33 2226 589 0 258 168 0 0 66 107 195 0 833 0 0
1586948269 2691 0 5382 4202 267 49 2226 589 0 258 168 0 0 66 107 195 0 833 0 0
1592588992 2691 0 5382 4202 267 49 2226 589 5 258 168 0 0 66 107 195 0 833 0 0
1593012498 2691 0 5382 4202 267 49 2226 590 5 258 168 0 0 66 107 195 0 833 0 0
1593012717 2691 0 5382 4202 267 49 2226 593 5 258 168 0 0 66 107 195 0 833 0 0
1593183852 2691 0 5382 4202 267 49 2226 593 843 258 168 0 0 66 107 195 0 833 0 0
1594404482 2691 0 5382 4202 267 49 2226 593 843 258 168 0 0 66 107 195 0 833 0 0
1595379092 2691 0 5382 4202 267 49 2226 593 843 258 168 0 0 66 107 195 0 833 0 0
1595586373 2691 0 5382 4202 278 49 2226 593 843 258 168 0 0 66 107 195 0 833 0 0
1596213559 2691 0 5382 4202 278 49 2226 595 843 258 168 0 0 66 107 195 0 833 0 0
1597084504 2691 0 5382 4202 278 49 2226 595 843 258 168 0 0 66 107 195 0 833 0 0
1597150352 2691 0 5382 4202 278 49 2226 595 843 258 168 0 0 66 107 195 7 833 0 0
1597943219 2691 0 5384 4202 278 49 2226 595 843 258 168 0 0 66 107 195 7 833 0 0
1597943695 2691 0 5384 4202 278 49 2226 595 843 258 168 0 0 66 107 195 19 833 0 0
1598536904 2691 0 5384 4202 299 49 2226 595 843 258 168 0 0 66 107 195 19 833 0 0
1599514179 2691 0 5384 4202 299 49 2226 595 843 258 168 0 0 66 107 195 19 833 0 0
1600213983 2691 0 5384 4202 299 49 2226 595 847 258 168 0 0 66 107 195 19 833 0 0
1601065926 2691 0 5384 4202 299 49 2226 595 847 258 168 0 0 66 107 195 19 833 0 0
1601067301 2691 0 5384 4202 299 50 2226 595 847 258 168 0 0 66 107 195 19 833 0 0
1602786000 2691 0 5384 4202 299 50 2226 595 847 258 168 0 0 66 107 195 19 833 0 0
1603126157 2691 0 5384 4202 299 50 2226 595 903 258 168 0 0 66 107 195 19 833 0 0
1603345934 2691 0 5384 4202 299 50 2226 595 947 258 168 0 0 66 107 195 19 833 0 0
1605233079 2691 0 5384 4202 299 50 2226 595 947 258 168 0 0 66 107 195 19 833 0 0
1608243624 2691 0 5384 4202 299 50 2226 595 947 258 168 0 0 66 107 195 19 833 0 0
1611945497 2691 0 5384 4202 300 50 2226 595 947 258 168 0 0 66 107 195 19 833 0 0
1617219255 2691 0 5384 4202 300 50 2226 595 947 258 168 0 0 66 107 195 19 833 0 0
1617219981 2691 0 5384 4202 300 50 2226 595 947 258 168 0 0 66 107 195 19 833 0 0
1617221160 2691 0 5385 4202 300 50 2226 595 947 258 168 0 0 66 107 195 19 833 0 0
1620059260 2691 22 5385 4202 300 50 2226 595 947 258 168 0 0 66 107 195 19 833 0 0
1620915763 2691 23 5385 4202 300 50 2226 595 947 258 168 0 0 66 107 195 19 833 0 0
1623862806 2691 23 5385 4202 314 50 2226 595 947 258 168 0 0 66 107 195 19 833 0 0
1626314110 2691 23 5385 4202 314 50 2226 595 947 279 168 0 0 66 107 195 19 833 0 0
1627327588 2691 23 5385 4202 314 50 2226 595 947 341 168 0 0 66 107 195 19 833 0 0
1628522150 2691 23 5385 4202 314 50 2226 595 947 341 168 0 0 66 107 195 19 833 0 0
1629300223 2691 23 5385 4202 314 50 2226 595 947 341 168 0 0 66 107 195 19 833 5 0
1632428518 2691 23 5385 4202 314 50 2226 595 947 341 168 0 0 66 107 195 19 833 5 0
1632494610 2691 23 5385 4202 314 50 2226 595 947 341 168 0 0 66 107 195 19 833 5 0
1632494947 2691 23 5385 4202 314 50 2226 595 947 341 168 0 0 66 107 195 19 833 5 0
1632497083 2691 23 5385 4202 314 50 2226 595 947 341 168 0 0 66 107 195 19 833 640 0
1632759831 2691 47 5385 4202 314 50 2226 595 947 341 168 0 0 66 107 195 19 833 640 0
1632762779 2691 49 5385 4202 314 50 2226 595 947 341 168 0 0 66 107 195 19 833 640 0
1633363428 2691 49 5385 4202 314 50 2226 595 947 341 168 0 0 66 269 195 19 833 640 0
1635167561 2691 49 5385 4202 314 50 2226 595 947 341 168 0 0 66 269 195 19 833 640 0
1635340439 2691 786 5385 4202 314 50 2226 595 947 341 168 0 0 66 269 195 19 833 640 0
1642004923 2691 786 5385 4202 314 50 2226 595 947 341 168 2 0 66 269 195 19 833 640 0
1644522656 2691 790 5385 4202 314 50 2226 595 947 341 168 2 0 66 269 195 19 833 640 0
1644527028 2691 790 5385 4202 314 50 2226 595 947 341 168 2 0 66 269 195 19 833 640 0
1644530429 2691 790 5385 4202 314 50 2226 595 947 341 168 2 5 66 269 195 19 833 640 0
1644533711 2691 790 5385 4202 314 50 2226 595 947 341 168 2 11 66 269 195 19 833 640 0
1644598925 2691 808 5385 4202 314 50 2226 595 947 341 168 2 11 66 269 195 19 833 640 0
1645627419 2691 808 5385 4202 314 50 2226 595 947 341 168 2 11 66 269 195 20 833 640 0
1645664775 2691 927 5385 4202 314 50 2226 595 947 341 168 2 11 66 269 195 20 833 640 0
1646916071 2691 929 5385 4202 314 50 2226 595 947 341 168 2 11 66 269 195 20 833 640 0
1646929865 2691 940 5385 4202 314 50 2226 595 947 341 168 2 11 66 269 195 20 833 640 0
1647550146 2691 940 5385 4202 314 50 2226 595 947 341 168 2 11 66 269 195 20 833 640 0
1648483570 2691 986 5385 4202 314 50 2226 595 947 341 168 2 11 66 269 195 20 833 640 0
1648581247 2691 986 5385 4202 314 50 2226 595 947 341 168 2 11 66 269 195 20 833 803 0
1648590108 2691 986 5385 4202 314 50 2226 595 947 341 168 44 11 66 269 195 20 833 803 0
1648821611 2691 992 5385 4202 314 50 2226 595 947 341 168 44 11 66 269 195 20 833 803 0
1648850868 2691 992 5385 4202 314 50 2226 595 947 341 168 44 11 66 269 195 20 833 803 0
1649109381 2691 992 5385 4202 314 50 2226 595 947 341 168 44 11 66 269 195 20 833 803 0
1649192995 2691 992 5385 4202 314 50 2226 595 947 341 168 51 11 66 269 195 20 833 803 0
1649272574 2691 1045 5385 4202 314 50 2226 595 947 341 168 51 11 66 269 195 20 833 803 0
1649272873 2691 1078 5385 4202 314 50 2226 595 947 341 168 51 11 66 269 195 20 833 803 0
1651254299 2691 1079 5385 4202 314 50 2226 595 947 341 168 51 11 66 269 195 20 833 803 0
1652736445 2691 1079 5385 4202 314 50 2226 595 947 341 168 51 11 66 269 195 20 833 803 0
1652786776 2691 1079 5385 4202 314 50 2226 595 947 341 168 104 11 66 269 195 20 833 803 0
1652787061 2691 1086 5385 4202 314 50 2226 595 947 341 168 104 11 66 269 195 20 833 803 0
1654070289 2691 1086 5385 4202 314 50 2226 595 947 341 168 104 11 66 269 195 20 833 803 0
1654871023 2691 1086 5385 4202 314 50 2226 595 947 341 168 104 11 66 269 195 20 833 803 0
1657904829 2691 1128 5385 4202 314 50 2226 595 947 341 168 104 11 66 269 195 20 833 803 0
1660665642 2691 1128 5385 4202 314 50 2226 595 947 341 168 104 11 66 269 195 20 833 803 0
1661464070 2691 1128 5385 4202 314 50 2226 595 947 341 168 104 11 66 269 195 20 833 803 23
1661520103 2691 1128 5385 4202 314 50 2226 595 947 341 168 104 11 66 269 195 20 833 803 47
1661885854 2691 1128 5385 4202 314 50 2226 595 947 341 168 104 11 66 269 195 20 833 803 47
1662034783 2691 1182 5385 4202 314 50 2226 595 947 341 168 104 11 66 269 195 20 833 803 47
1662041555 2691 1207 5385 4202 314 50 2226 595 947 341 168 104 11 66 269 195 20 833 803 47
1662045942 2691 1247 5385 4202 314 50 2226 595 947 341 168 104 11 66 269 195 20 833 803 47
1662060544 2691 1249 5385 4202 314 50 2226 595 947 341 168 104 11 66 269 195 20 833 803 47
1662129763 2691 1286 5385 4202 314 50 2226 595 947 341 168 104 11 66 269 195 20 833 803 47
1662409040 2691 1286 5385 4202 314 50 2226 595 947 341 168 104 11 66 269 195 20 833 803 47
1664788426 2691 1351 5385 4202 314 50 2226 595 947 341 168 104 11 66 269 195 20 833 803 47
1665786048 2691 1351 5385 4202 314 50 2226 595 947 341 168 104 11 66 269 195 20 833 803 47
1667816738 2691 1351 5385 4202 314 50 2226 595 947 341 168 104 11 66 269 195 20 833 803 47
1668623372 2691 1351 5385 4202 314 50 2226 595 947 341 168 104 11 66 269 195 20 833 803 47
1674251290 2691 1477 5385 4202 314 50 2226 595 947 341 168 104 11 66 269 195 20 833 803 47
1674831733 2691 1576 5385 4202 314 50 2226 595 947 341 168 104 11 66 269 195 20 833 803 47
1675369647 2691 1648 5385 4202 314 50 2226 595 947 341 168 104 11 66 269 195 20 833 803 47
1675879736 2691 1648 5385 4202 314 50 2226 595 947 341 168 104 11 66 269 195 20 833 803 47
1675919362 2691 1656 5385 4202 314 50 2226 595 947 341 168 104 11 66 269 195 20 833 803 47
1675958592 2691 1670 5385 4202 314 50 2226 595 947 341 168 104 11 66 269 195 20 833 803 47
1680534576 2691 1671 5385 4202 314 50 2226 595 947 341 168 104 11 66 269 195 20 833 803 47
1682560509 2691 1671 5385 4202 314 50 2226 595 947 341 168 104 11 66 269 195 20 833 803 47
1684208408 2691 1671 5385 4202 314 50 2226 595 947 341 168 104 11 66 269 195 20 833 803 47
1685547432 2691 1671 5385 4202 314 50 2226 595 947 341 168 104 28 66 269 195 20 833 803 47
1685559491 2691 1769 5385 4202 314 50 2226 595 947 341 168 104 28 66 269 195 20 833 803 47
1685561047 2691 1789 5385 4202 314 50 2226 595 947 341 168 104 28 66 269 195 20 833 803 47
