1435594940 519
1436283847 521
1436356618 638
1437488017 638
1440504670 638
1441270746 644
1441288357 645
1441790129 645
1443189415 645
1444330989 650
1444639660 650
1445598082 659
1446504973 659
1449235538 652
1453317338 657
1453402424 667
1454023143 667
1455025641 667
1455286675 656
1455393692 660
1455722852 660
1457052564 660
1457114583 929
1458228142 915
1458229427 952
1458749915 947
1459365643 947
1459524500 956
1463066033 957
1464101026 958
1464718649 958
1464966603 984
1465307040 988
1466193462 1008
1466193737 1008
1466432757 1033
1470680134 1033
1475075255 1040
1475086476 1033
1475851995 1101
1477500651 1101
1477509992 1141
1478631484 1141
1481122926 1141
1481729694 1173
1481748432 1141
1482158371 1186
1482159264 1186
1482251391 1222
1482332632 1238
1483458775 1238
1483554871 1238
1486577446 1590
1490635720 1590
1493218484 1696
1493733836 1696
1493764721 1686
1493822780 1694
1496684710 1694
1498750863 1694
1504016461 1694
1504632808 1743
1506698460 1744
1506991206 1745
1506991567 1745
1507143223 1750
1511991107 1763
1511991155 1764
1516646631 1777
1516746408 1777
1518018348 1778
1519384364 1797
1519385162 1798
1521648949 2033
1522681501 2033
1524494647 2035
1529521780 2035
1530802199 2035
1530802227 2035
1531146133 2038
1531849359 2043
1533906413 2042
1534862249 2049
1536172594 2095
1536762703 2098
1540335558 2116
1542122631 2135
1544654581 2138
1545149786 2133
1548860040 2130
1548866260 2131
1549899627 2135
1551992799 2144
1552415147 2144
