1502633062 331
1504117238 435
1504379451 629
1504624429 779
1504713156 789
1504812076 1266
1505172574 1493
1505253324 1993
1505310125 2000
1505324419 2285
1505334848 2482
1505404303 2631
1505420508 2631
1505769036 2864
1505914706 2864
1505940395 2864
1506001077 2864
1506032539 2934
1506097896 2926
1506101179 2930
1506111630 3195
1506121218 3456
1506448467 3456
1506535237 3456
1506694269 3452
1506703376 3511
1507042168 3741
1507593795 3822
1507595976 3838
1507829652 3838
1507905219 3837
1507916748 3935
1507921258 3976
1507930098 4289
1508358255 4289
1508774664 4294
1509129762 4330
1510852918 4329
1510935576 4330
1511839411 4330
1511893759 4338
1512860304 4338
1513209749 4346
1514467692 4346
1514495249 4448
1514998880 4448
1515691384 4488
1516397267 4497
1517965483 4520
1518031170 4524
1518038667 4524
1518128371 4760
1518214883 4760
1519393033 4777
1519831884 4779
1519924470 4779
1520308472 4779
1520487283 4780
1526759981 4772
1530113224 4773
1530216815 4775
1530220518 4791
1530220589 4825
1530324171 4945
1530646271 5200
1531162221 5147
1531168099 5147
1531924389 5150
1531928496 5165
1531933931 5171
1531941163 5171
1532370586 5218
1532434500 5227
1532442482 5226
1532444800 5226
1532529974 5238
1532538956 5238
1532542316 5238
1532545616 5271
1534957750 5271
1535029445 5271
1538401108 5272
1538515860 5272
1539354242 5273
1539978677 5289
1540249942 5368
1540481610 5368
1540501308 5453
1540569812 5473
1540991976 5583
1541094503 5621
1541193377 5627
1541618790 5627
1541629887 5644
1541785074 5645
1541789272 5705
1541799651 5693
1541810231 5693
1541893200 5767
1541898643 5754
1542221763 5823
1542385529 5859
1542755417 5892
1542829012 5897
1542833218 6002
1542835819 6015
1542848625 6045
1543335558 6108
1543337531 6108
1544038808 6127
1544198616 6109
1544538154 6119
1544736668 6116
1545154157 6128
1545226240 6282
1545317854 6351
1545406465 6485
1545423092 6570
1547477129 6580
1547479602 6580
1547569977 6580
1548445685 6580
1548859617 6581
1549041303 6582
1549046788 6633
1549658530 6637
1550256719 6640
1550864764 6645
1551906212 6663
1551908225 6662
1551979480 6667
1551984811 6665
1552061947 6672
1552185561 6671
1552269357 6671
1552272703 6671
1552308057 6671
1552312751 6672
1552334177 6672
1552397885 6672
1552487217 6752
1552489235 6752
1552574103 6752
1552576297 6752
1552582995 6817
1552660684 6829
1553701189 6842
1553703243 6842
1553706346 6842
1554144490 6864
1554150784 6894
1554820619 6894
1554823643 6894
1554903664 6902
1554924981 6902
1554927363 6902
1555072770 6906
1555132733 6906
1555333215 6906
1555440423 6921
1555514300 6921
1555527026 6931
1555851497 6931
1556028478 6931
1556031261 6931
1556033417 6902
1556038375 6902
1556122916 6902
1556131309 6901
1556287615 6901
1556718977 6901
1557330583 6901
1557336634 6901
1557758071 6912
1557782508 6923
1557844978 6923
1558472767 6926
1558480448 6926
1558483684 6926
1558485942 6926
1558488124 6926
1558490405 6926
1558535534 6926
1558540341 7016
1558542731 7028
1558553907 7028
1558564227 7023
1558947351 7023
1558955511 7023
1558968952 7026
1558974590 7026
1559048515 7060
1559052835 7060
1559245225 7061
1559653747 7061
1559656997 7061
1559660250 7061
1560170229 7061
1560174189 7061
1560177074 7061
1560179468 7061
1560202148 7061
1560350371 7062
1560551410 7066
1560774729 7066
1560777729 7066
1560780855 7066
1560785301 7066
1560789851 7066
1560975172 7066
1560978409 7066
1561385037 7066
1561391158 7066
1561405837 7066
1561842920 7066
1562026508 7066
1562035147 7066
1562072109 7066
1562075109 7066
1562191693 7077
1562796147 7077
1562857376 7077
1562957347 7075
1562961184 7075
1563199388 7075
1563213184 7075
1563226403 7068
1563400332 7068
1563544272 7068
1563800994 7068
1563807892 7068
1563904043 7068
1563971973 7068
1563996017 7068
1564371564 7068
1564398526 7068
1564496197 7068
1564534787 7068
1564667278 7073
1565020152 7073
1565022628 7073
1565634587 7073
1565892120 7079
1566214195 7079
1566217059 7079
1567442739 7079
1567610379 7079
1568033324 7079
1568036102 7079
1568038394 7079
1568307199 7084
1568741602 7238
1568749720 7238
1568918009 7236
1569247141 7236
1570120327 7359
1570471145 7359
1570479433 7359
1570484824 7359
1570498411 7359
1570561319 7359
1570728535 7547
1570812715 7803
1570817943 7791
1571144272 7791
1571149000 7791
1571238169 7787
1571263183 7787
1571266035 7787
1571330813 7966
1571334171 7972
1571434327 7975
1571437004 7975
1571667439 7975
1571758594 8023
1572273063 8023
1572275284 8023
1572278292 8023
1572295612 8023
1572364008 7564
1572370403 7564
1572452215 7573
1572624273 7588
1572873925 7588
1572876129 7588
1572885137 7592
1572894820 7592
1572897036 7580
1573476231 7580
1573493100 7580
1573499775 7580
1574089354 7580
1574781782 7580
1575298208 7580
1575903293 7580
1575908221 7580
1575920028 7580
1576611258 7580
1577132415 7580
1577134392 7580
1578320395 7580
1578927278 7590
1579015532 7590
1579034232 7590
1579546733 7954
1579554942 7954
1580098471 7954
1580745498 7954
1580747692 7954
1580753129 7930
1580826497 7930
1580829012 7930
1580934992 7931
1581352266 7931
1581360264 7931
1581367747 7931
1582563457 7931
1582567082 7931
1582569360 7931
1582571684 7931
1582656297 7940
1583769062 7940
1583773560 7940
1586428948 7940
1586431464 7940
1586440145 7940
1586442589 7940
1586445145 7940
1587059683 7940
1587061884 7948
1587065506 7948
1587407226 7961
1587411356 7961
1587417779 7966
1587758922 7964
1589476880 7964
1591646007 7964
1591654280 7964
1591654727 7964
1591654755 7964
1591655918 7965
1591656821 7968
1591730019 7968
1592606782 7513
1592638282 7513
1592870062 7513
1593029986 7513
1593030004 7513
1593035023 7513
1593035033 7513
1593040013 7511
1593050016 7170
1593058247 6859
1594410432 6859
1594410483 6859
1594764048 6872
1595353868 6879
1595353892 6879
1595353915 6879
1595353938 6879
1595521478 6888
1595978720 6888
1595978734 6888
1596519722 6888
1596519795 6976
1597702284 6976
1597702292 6976
1597702323 6976
1597704731 6976
1597871304 6979
1597966519 7113
1598424130 7113
1599112372 7113
1599705339 7113
1599705358 7113
1599782118 7113
1600284264 7113
1600284270 7113
1601929637 7113
1601929926 7113
1603307603 7113
1603314507 7113
1603387035 7125
1605118065 7125
1609951902 7128
1618947258 7146
1619045712 7149
1619810248 7139
1619823010 7145
1619823175 7146
1619823249 7186
1619824639 7255
1619824674 7267
1619827106 7266
1620062108 7266
1620067534 7266
1620069189 7266
1620080462 7266
1620086606 7266
1620092410 7266
1620147326 7266
1620160274 7266
