1469798552 250
1473165016 922
1473648252 922
1473659013 923
1474006229 963
1474006662 972
1474007774 972
1476147091 1009
1476218986 1163
1477005422 1163
1477256644 1163
1477333898 1165
1477601511 1165
1477602471 1165
1477937610 1170
1478821359 1171
1478823279 1171
1478823802 1182
1484596201 1182
1485899211 1189
1489040272 1189
1504023898 1189
1507090657 1189
1519398053 1202
1532500575 1202
1541283786 1204
1543525683 1210
1549461622 1211
1549508085 1262
1550962150 1262
1553385115 1262
1556167401 1262
1560121268 1259
1580432697 1259
1591833019 1259
1591833085 1260
1605072105 1260
