1456510513 1 0 0 0 0 0 0 0 0 0 0 0 0 0 0 0 0 0 0 0
1458174017 1 0 0 0 0 0 0 0 0 0 0 0 0 0 0 0 0 0 0 0
1458179319 2 0 0 0 0 0 0 0 0 0 0 0 0 0 0 0 0 0 0 0
1458268031 3 0 0 0 0 0 0 0 0 0 0 0 0 0 0 0 0 0 0 0
1458338357 4 0 0 0 0 0 0 0 0 0 0 0 0 0 0 0 0 0 0 0
1458498756 5 0 0 0 0 0 0 0 0 0 0 0 0 0 0 0 0 0 0 0
1458568834 6 0 0 0 0 0 0 0 0 0 0 0 0 0 0 0 0 0 0 0
1458686449 6 0 0 0 0 0 0 0 0 0 0 0 0 0 0 0 0 0 0 0
1458688696 7 0 0 0 0 0 0 0 0 0 0 0 0 0 0 0 0 0 0 0
1458746891 8 0 0 0 0 0 0 0 0 0 0 0 0 0 0 0 0 0 0 0
1458747021 9 0 0 0 0 0 0 0 0 0 0 0 0 0 0 0 0 0 0 0
1458760530 10 0 0 0 0 0 0 0 0 0 0 0 0 0 0 0 0 0 0 0
1458766230 11 0 0 0 0 0 0 0 0 0 0 0 0 0 0 0 0 0 0 0
1458776207 12 0 0 0 0 0 0 0 0 0 0 0 0 0 0 0 0 0 0 0
1458782585 13 0 0 0 0 0 0 0 0 0 0 0 0 0 0 0 0 0 0 0
1459470372 14 0 0 0 0 0 0 0 0 0 0 0 0 0 0 0 0 0 0 0
1459474060 16 0 0 0 0 0 0 0 0 0 0 0 0 0 0 0 0 0 0 0
1459523565 17 0 0 0 0 0 0 0 0 0 0 0 0 0 0 0 0 0 0 0
1459537711 18 0 0 0 0 0 0 0 0 0 0 0 0 0 0 0 0 0 0 0
1459891531 18 0 0 0 0 0 0 0 0 0 0 0 0 0 0 0 0 0 0 0
1459949129 19 0 0 0 0 0 0 0 0 0 0 0 0 0 0 0 0 0 0 0
1461904565 19 1 0 0 0 0 0 0 0 0 0 0 0 0 0 0 0 0 0 0
1462204538 20 1 0 0 0 0 0 0 0 0 0 0 0 0 0 0 0 0 0 0
1462236375 20 2 0 0 0 0 0 0 0 0 0 0 0 0 0 0 0 0 0 0
1462236438 20 4 0 0 0 0 0 0 0 0 0 0 0 0 0 0 0 0 0 0
1462237723 21 4 0 0 0 0 0 0 0 0 0 0 0 0 0 0 0 0 0 0
1462237793 22 4 0 0 0 0 0 0 0 0 0 0 0 0 0 0 0 0 0 0
1462238307 23 4 0 0 0 0 0 0 0 0 0 0 0 0 0 0 0 0 0 0
1462244712 24 4 0 0 0 0 0 0 0 0 0 0 0 0 0 0 0 0 0 0
1462244835 25 4 0 0 0 0 0 0 0 0 0 0 0 0 0 0 0 0 0 0
1462244923 26 4 0 0 0 0 0 0 0 0 0 0 0 0 0 0 0 0 0 0
1462245303 27 4 0 0 0 0 0 0 0 0 0 0 0 0 0 0 0 0 0 0
1462246919 28 4 0 0 0 0 0 0 0 0 0 0 0 0 0 0 0 0 0 0
1462252345 28 5 0 0 0 0 0 0 0 0 0 0 0 0 0 0 0 0 0 0
1462398943 30 5 0 0 0 0 0 0 0 0 0 0 0 0 0 0 0 0 0 0
1462399475 31 5 0 0 0 0 0 0 0 0 0 0 0 0 0 0 0 0 0 0
1462568819 32 5 0 0 0 0 0 0 0 0 0 0 0 0 0 0 0 0 0 0
1462569698 33 5 0 0 0 0 0 0 0 0 0 0 0 0 0 0 0 0 0 0
1463006583 34 5 0 0 0 0 0 0 0 0 0 0 0 0 0 0 0 0 0 0
1463017099 35 5 0 0 0 0 0 0 0 0 0 0 0 0 0 0 0 0 0 0
1463020436 36 5 0 0 0 0 0 0 0 0 0 0 0 0 0 0 0 0 0 0
1463021123 37 5 0 0 0 0 0 0 0 0 0 0 0 0 0 0 0 0 0 0
1463061000 38 5 0 0 0 0 0 0 0 0 0 0 0 0 0 0 0 0 0 0
1463068120 40 5 0 0 0 0 0 0 0 0 0 0 0 0 0 0 0 0 0 0
1463081547 41 5 0 0 0 0 0 0 0 0 0 0 0 0 0 0 0 0 0 0
1463161648 42 5 0 0 0 0 0 0 0 0 0 0 0 0 0 0 0 0 0 0
1463162228 43 5 0 0 0 0 0 0 0 0 0 0 0 0 0 0 0 0 0 0
1463173028 44 5 0 0 0 0 0 0 0 0 0 0 0 0 0 0 0 0 0 0
1463173901 45 5 0 0 0 0 0 0 0 0 0 0 0 0 0 0 0 0 0 0
1463268040 46 5 0 0 0 0 0 0 0 0 0 0 0 0 0 0 0 0 0 0
1463268415 47 5 0 0 0 0 0 0 0 0 0 0 0 0 0 0 0 0 0 0
1463326046 48 5 0 0 0 0 0 0 0 0 0 0 0 0 0 0 0 0 0 0
1463326349 50 5 0 0 0 0 0 0 0 0 0 0 0 0 0 0 0 0 0 0
1463330952 53 5 0 0 0 0 0 0 0 0 0 0 0 0 0 0 0 0 0 0
1463342624 54 5 0 0 0 0 0 0 0 0 0 0 0 0 0 0 0 0 0 0
1463346135 55 5 0 0 0 0 0 0 0 0 0 0 0 0 0 0 0 0 0 0
1463347526 56 5 0 0 0 0 0 0 0 0 0 0 0 0 0 0 0 0 0 0
1463348425 57 5 0 0 0 0 0 0 0 0 0 0 0 0 0 0 0 0 0 0
1463354738 58 5 0 0 0 0 0 0 0 0 0 0 0 0 0 0 0 0 0 0
1463360577 59 5 0 0 0 0 0 0 0 0 0 0 0 0 0 0 0 0 0 0
1463361333 60 5 0 0 0 0 0 0 0 0 0 0 0 0 0 0 0 0 0 0
1463362100 61 5 0 0 0 0 0 0 0 0 0 0 0 0 0 0 0 0 0 0
1463362354 62 5 0 0 0 0 0 0 0 0 0 0 0 0 0 0 0 0 0 0
1463449297 63 5 0 0 0 0 0 0 0 0 0 0 0 0 0 0 0 0 0 0
1463450287 64 5 0 0 0 0 0 0 0 0 0 0 0 0 0 0 0 0 0 0
1463451221 65 5 0 0 0 0 0 0 0 0 0 0 0 0 0 0 0 0 0 0
1463453009 66 5 0 0 0 0 0 0 0 0 0 0 0 0 0 0 0 0 0 0
1463492988 67 5 0 0 0 0 0 0 0 0 0 0 0 0 0 0 0 0 0 0
1463597664 68 5 0 0 0 0 0 0 0 0 0 0 0 0 0 0 0 0 0 0
1464041568 68 5 0 0 0 0 0 0 0 0 1 0 0 0 0 0 0 0 0 0
1464092132 69 5 0 0 0 0 0 0 0 0 1 0 0 0 0 0 0 0 0 0
1464092215 70 5 0 0 0 0 0 0 0 0 1 0 0 0 0 0 0 0 0 0
1464112818 71 5 0 0 0 0 0 0 0 0 1 0 0 0 0 0 0 0 0 0
1464147672 71 5 0 0 0 0 0 0 0 0 2 0 0 0 0 0 0 0 0 0
1464298502 71 5 0 0 0 0 0 0 0 0 3 0 0 0 0 0 0 0 0 0
1464300117 71 5 0 0 0 0 0 0 0 0 4 0 0 0 0 0 0 0 0 0
1464301545 71 5 0 0 0 0 0 0 0 0 5 0 0 0 0 0 0 0 0 0
1464384232 72 5 0 0 0 0 0 0 0 0 5 0 0 0 0 0 0 0 0 0
1464473991 73 5 0 0 0 0 0 0 0 0 5 0 0 0 0 0 0 0 0 0
1464545468 73 6 0 0 0 0 0 0 0 0 5 0 0 0 0 0 0 0 0 0
1464547005 73 7 0 0 0 0 0 0 0 0 5 0 0 0 0 0 0 0 0 0
1464547150 73 8 0 0 0 0 0 0 0 0 5 0 0 0 0 0 0 0 0 0
1464547924 73 9 0 0 0 0 0 0 0 0 5 0 0 0 0 0 0 0 0 0
1464548428 73 10 0 0 0 0 0 0 0 0 5 0 0 0 0 0 0 0 0 0
1464556075 74 10 0 0 0 0 0 0 0 0 5 0 0 0 0 0 0 0 0 0
1464643169 75 10 0 0 0 0 0 0 0 0 5 0 0 0 0 0 0 0 0 0
1464643633 76 10 0 0 0 0 0 0 0 0 5 0 0 0 0 0 0 0 0 0
1464691981 76 10 0 0 0 0 0 0 0 0 6 0 0 0 0 0 0 0 0 0
1464809974 76 11 0 0 0 0 0 0 0 0 6 0 0 0 0 0 0 0 0 0
1464812353 76 12 0 0 0 0 0 0 0 0 6 0 0 0 0 0 0 0 0 0
1464816099 77 12 0 0 0 0 0 0 0 0 6 0 0 0 0 0 0 0 0 0
1464819938 78 12 0 0 0 0 0 0 0 0 6 0 0 0 0 0 0 0 0 0
1464820618 79 12 0 0 0 0 0 0 0 0 6 0 0 0 0 0 0 0 0 0
1464825402 80 12 0 0 0 0 0 0 0 0 6 0 0 0 0 0 0 0 0 0
1464826141 81 12 0 0 0 0 0 0 0 0 6 0 0 0 0 0 0 0 0 0
1464831835 82 12 0 0 0 0 0 0 0 0 6 0 0 0 0 0 0 0 0 0
1464867611 83 12 0 0 0 0 0 0 0 0 6 0 0 0 0 0 0 0 0 0
1464869831 83 12 0 0 0 0 1 0 0 0 6 0 0 0 0 0 0 0 0 0
1464897732 84 12 0 0 0 0 1 0 0 0 6 0 0 0 0 0 0 0 0 0
1464948108 85 12 0 0 0 0 1 0 0 0 6 0 0 0 0 0 0 0 0 0
1464983475 85 13 0 0 0 0 1 0 0 0 6 0 0 0 0 0 0 0 0 0
1465011334 86 13 0 0 0 0 1 0 0 0 6 0 0 0 0 0 0 0 0 0
1465087390 87 13 0 0 0 0 1 0 0 0 6 0 0 0 0 0 0 0 0 0
1465088130 88 13 0 0 0 0 1 0 0 0 6 0 0 0 0 0 0 0 0 0
1465090120 89 13 0 0 0 0 1 0 0 0 6 0 0 0 0 0 0 0 0 0
1465094597 90 13 0 0 0 0 1 0 0 0 6 0 0 0 0 0 0 0 0 0
1465319765 91 13 0 0 0 0 1 0 0 0 6 0 0 0 0 0 0 0 0 0
1465408550 92 13 0 0 0 0 1 0 0 0 6 0 0 0 0 0 0 0 0 0
1465408588 93 13 0 0 0 0 1 0 0 0 6 0 0 0 0 0 0 0 0 0
1465918463 94 13 0 0 0 0 1 0 0 0 6 0 0 0 0 0 0 0 0 0
1466711744 95 13 0 0 0 0 1 0 0 0 6 0 0 0 0 0 0 0 0 0
1467071195 96 13 0 0 0 0 1 0 0 0 6 0 0 0 0 0 0 0 0 0
1467071334 97 13 0 0 0 0 1 0 0 0 6 0 0 0 0 0 0 0 0 0
1467330002 97 13 0 0 0 0 1 0 0 0 6 0 0 0 0 0 1 0 0 0
1467476257 98 13 0 0 0 0 1 0 0 0 6 0 0 0 0 0 1 0 0 0
1467480968 99 13 0 0 0 0 1 0 0 0 6 0 0 0 0 0 1 0 0 0
1467490373 100 13 0 0 0 0 1 0 0 0 6 0 0 0 0 0 1 0 0 0
1467497778 101 13 0 0 0 0 1 0 0 0 6 0 0 0 0 0 1 0 0 0
1467497852 102 13 0 0 0 0 1 0 0 0 6 0 0 0 0 0 1 0 0 0
1467922541 103 13 0 0 0 0 1 0 0 0 6 0 0 0 0 0 1 0 0 0
1467925217 104 13 0 0 0 0 1 0 0 0 6 0 0 0 0 0 1 0 0 0
1468027469 105 13 0 0 0 0 1 0 0 0 6 0 0 0 0 0 1 0 0 0
1468110086 106 13 0 0 0 0 1 0 0 0 6 0 0 0 0 0 1 0 0 0
1468442389 107 13 0 0 0 0 1 0 0 0 6 0 0 0 0 0 1 0 0 0
1468621809 108 13 0 0 0 0 1 0 0 0 6 0 0 0 0 0 1 0 0 0
1468695589 109 13 0 0 0 0 1 0 0 0 6 0 0 0 0 0 1 0 0 0
1468700071 110 13 0 0 0 0 1 0 0 0 6 0 0 0 0 0 1 0 0 0
1468708628 111 13 0 0 0 0 1 0 0 0 6 0 0 0 0 0 1 0 0 0
1468709593 112 13 0 0 0 0 1 0 0 0 6 0 0 0 0 0 1 0 0 0
1468712512 113 13 0 0 0 0 1 0 0 0 6 0 0 0 0 0 1 0 0 0
1468737181 114 13 0 0 0 0 1 0 0 0 6 0 0 0 0 0 1 0 0 0
1469213644 115 13 0 0 0 0 1 0 0 0 6 0 0 0 0 0 1 0 0 0
1469214195 116 13 0 0 0 0 1 0 0 0 6 0 0 0 0 0 1 0 0 0
1469221705 117 13 0 0 0 0 1 0 0 0 6 0 0 0 0 0 1 0 0 0
1469880231 117 14 0 0 0 0 1 0 0 0 6 0 0 0 0 0 1 0 0 0
1469880261 117 15 0 0 0 0 1 0 0 0 6 0 0 0 0 0 1 0 0 0
1470139308 117 16 0 0 0 0 1 0 0 0 6 0 0 0 0 0 1 0 0 0
1470277617 117 16 0 0 0 0 1 0 0 0 6 0 0 0 0 0 1 0 0 0
1470277674 117 16 0 0 0 0 1 0 0 0 6 0 0 0 0 0 1 0 0 0
1472350854 117 17 0 0 0 0 1 0 0 0 6 0 0 0 0 0 1 0 0 0
1472438985 117 18 0 0 0 0 1 0 0 0 6 0 0 0 0 0 1 0 0 0
1472601380 117 19 0 0 0 0 1 0 0 0 6 0 0 0 0 0 1 0 0 0
1472616183 117 20 0 0 0 0 1 0 0 0 6 0 0 0 0 0 1 0 0 0
1472621963 118 20 0 0 0 0 1 0 0 0 6 0 0 0 0 0 1 0 0 0
1472773352 118 21 0 0 0 0 1 0 0 0 6 0 0 0 0 0 1 0 0 0
1473102901 119 21 0 0 0 0 1 0 0 0 6 0 0 0 0 0 1 0 0 0
1473104377 119 22 0 0 0 0 1 0 0 0 6 0 0 0 0 0 1 0 0 0
1473104709 120 22 0 0 0 0 1 0 0 0 6 0 0 0 0 0 1 0 0 0
1473106233 121 22 0 0 0 0 1 0 0 0 6 0 0 0 0 0 1 0 0 0
1473106587 122 22 0 0 0 0 1 0 0 0 6 0 0 0 0 0 1 0 0 0
1473108024 123 22 0 0 0 0 1 0 0 0 6 0 0 0 0 0 1 0 0 0
1473111343 124 22 0 0 0 0 1 0 0 0 6 0 0 0 0 0 1 0 0 0
1473111509 125 22 0 0 0 0 1 0 0 0 6 0 0 0 0 0 1 0 0 0
1473114457 126 22 0 0 0 0 1 0 0 0 6 0 0 0 0 0 1 0 0 0
1473114872 127 22 0 0 0 0 1 0 0 0 6 0 0 0 0 0 1 0 0 0
1473127629 129 22 0 0 0 0 1 0 0 0 6 0 0 0 0 0 1 0 0 0
1473130954 130 22 0 0 0 0 1 0 0 0 6 0 0 0 0 0 1 0 0 0
1473467329 130 22 0 0 0 0 1 0 0 0 6 0 0 0 0 0 1 0 0 0
1473647201 130 22 0 0 0 0 1 0 0 0 6 0 0 0 0 0 1 0 0 0
1473890589 130 23 0 0 0 0 1 0 0 0 6 0 0 0 0 0 1 0 0 0
1473890867 130 24 0 0 0 0 1 0 0 0 6 0 0 0 0 0 1 0 0 0
1473901073 130 25 0 0 0 0 1 0 0 0 6 0 0 0 0 0 1 0 0 0
1474490685 130 26 0 0 0 0 1 0 0 0 6 0 0 0 0 0 1 0 0 0
1474490789 130 27 0 0 0 0 1 0 0 0 6 0 0 0 0 0 1 0 0 0
1474491250 130 28 0 0 0 0 1 0 0 0 6 0 0 0 0 0 1 0 0 0
1474492775 130 29 0 0 0 0 1 0 0 0 6 0 0 0 0 0 1 0 0 0
1474493414 130 30 0 0 0 0 1 0 0 0 6 0 0 0 0 0 1 0 0 0
1475173876 130 31 0 0 0 0 1 0 0 0 6 0 0 0 0 0 1 0 0 0
1475192323 131 31 0 0 0 0 1 0 0 0 6 0 0 0 0 0 1 0 0 0
1475223922 132 31 0 0 0 0 1 0 0 0 6 0 0 0 0 0 1 0 0 0
1475261712 133 31 0 0 0 0 1 0 0 0 6 0 0 0 0 0 1 0 0 0
1475263819 134 31 0 0 0 0 1 0 0 0 6 0 0 0 0 0 1 0 0 0
1475276323 135 31 0 0 0 0 1 0 0 0 6 0 0 0 0 0 1 0 0 0
1475286969 136 31 0 0 0 0 1 0 0 0 6 0 0 0 0 0 1 0 0 0
1475294930 137 31 0 0 0 0 1 0 0 0 6 0 0 0 0 0 1 0 0 0
1475395353 138 31 0 0 0 0 1 0 0 0 6 0 0 0 0 0 1 0 0 0
1475395677 138 32 0 0 0 0 1 0 0 0 6 0 0 0 0 0 1 0 0 0
1475397780 139 32 0 0 0 0 1 0 0 0 6 0 0 0 0 0 1 0 0 0
1475398745 140 32 0 0 0 0 1 0 0 0 6 0 0 0 0 0 1 0 0 0
1475540026 140 33 0 0 0 0 1 0 0 0 6 0 0 0 0 0 1 0 0 0
1475623430 141 33 0 0 0 0 1 0 0 0 6 0 0 0 0 0 1 0 0 0
1476330901 141 33 0 0 0 0 1 0 0 0 6 0 0 0 0 0 1 0 0 0
1476386642 142 33 0 0 0 0 1 0 0 0 6 0 0 0 0 0 1 0 0 0
1476387158 143 33 0 0 0 0 1 0 0 0 6 0 0 0 0 0 1 0 0 0
1476435212 144 33 0 0 0 0 1 0 0 0 6 0 0 0 0 0 1 0 0 0
1477683048 144 33 0 0 0 0 1 0 0 0 6 0 0 0 0 0 1 1 0 0
1477689021 144 33 0 0 0 0 1 0 0 0 6 0 0 0 0 0 1 2 0 0
1478553159 144 34 0 0 0 0 1 0 0 0 6 0 0 0 0 0 1 2 0 0
1478556740 144 35 0 0 0 0 1 0 0 0 6 0 0 0 0 0 1 2 0 0
1478557781 145 35 0 0 0 0 1 0 0 0 6 0 0 0 0 0 1 2 0 0
1478917561 146 35 0 0 0 0 1 0 0 0 6 0 0 0 0 0 1 2 0 0
1478920938 147 35 0 0 0 0 1 0 0 0 6 0 0 0 0 0 1 2 0 0
1478935857 148 35 0 0 0 0 1 0 0 0 6 0 0 0 0 0 1 2 0 0
1479150220 148 35 0 1 0 0 1 0 0 0 6 0 0 0 0 0 1 2 0 0
1479162672 148 35 0 2 0 0 1 0 0 0 6 0 0 0 0 0 1 2 0 0
1479452545 148 35 0 3 0 0 1 0 0 0 6 0 0 0 0 0 1 2 0 0
1480431917 148 35 0 4 0 0 1 0 0 0 6 0 0 0 0 0 1 2 0 0
1480449376 148 35 0 5 0 0 1 0 0 0 6 0 0 0 0 0 1 2 0 0
1480965380 148 36 0 5 0 0 1 0 0 0 6 0 0 0 0 0 1 2 0 0
1481054568 149 36 0 5 0 0 1 0 0 0 6 0 0 0 0 0 1 2 0 0
1481065524 150 36 0 5 0 0 1 0 0 0 6 0 0 0 0 0 1 2 0 0
1481138045 150 37 0 5 0 0 1 0 0 0 6 0 0 0 0 0 1 2 0 0
1481263120 151 37 0 5 0 0 1 0 0 0 6 0 0 0 0 0 1 2 0 0
1481286683 151 37 0 6 0 0 1 0 0 0 6 0 0 0 0 0 1 2 0 0
1481760400 151 37 0 6 0 0 1 0 0 0 6 0 0 0 0 0 1 2 0 0
1481827975 151 37 0 7 0 0 1 0 0 0 6 0 0 0 0 0 1 2 0 0
1482170924 151 37 0 8 0 0 1 0 0 0 6 0 0 0 0 0 1 2 0 0
1482174372 151 37 0 9 0 0 1 0 0 0 6 0 0 0 0 0 1 2 0 0
1482948108 152 37 0 9 0 0 1 0 0 0 6 0 0 0 0 0 1 2 0 0
1482949061 153 37 0 9 0 0 1 0 0 0 6 0 0 0 0 0 1 2 0 0
1482950721 154 37 0 9 0 0 1 0 0 0 6 0 0 0 0 0 1 2 0 0
1482955741 155 37 0 9 0 0 1 0 0 0 6 0 0 0 0 0 1 2 0 0
1484120096 156 37 0 9 0 0 1 0 0 0 6 0 0 0 0 0 1 2 0 0
1484120705 156 37 0 10 0 0 1 0 0 0 6 0 0 0 0 0 1 2 0 0
1484121567 156 37 0 11 0 0 1 0 0 0 6 0 0 0 0 0 1 2 0 0
1484175587 157 37 0 11 0 0 1 0 0 0 6 0 0 0 0 0 1 2 0 0
1484960862 158 37 0 11 0 0 1 0 0 0 6 0 0 0 0 0 1 2 0 0
1485156202 159 37 0 11 0 0 1 0 0 0 6 0 0 0 0 0 1 2 0 0
1485211762 160 37 0 11 0 0 1 0 0 0 6 0 0 0 0 0 1 2 0 0
1485312086 161 37 0 11 0 0 1 0 0 0 6 0 0 0 0 0 1 2 0 0
1485464499 161 37 0 11 0 0 1 0 0 0 6 0 0 0 0 0 1 2 0 0
1485562210 162 37 0 11 0 0 1 0 0 0 6 0 0 0 0 0 1 2 0 0
1485909157 163 37 0 11 0 0 1 0 0 0 6 0 0 0 0 0 1 2 0 0
1485912298 164 37 0 11 0 0 1 0 0 0 6 0 0 0 0 0 1 2 0 0
1485913339 165 37 0 11 0 0 1 0 0 0 6 0 0 0 0 0 1 2 0 0
1485914105 166 37 0 11 0 0 1 0 0 0 6 0 0 0 0 0 1 2 0 0
1485915653 167 37 0 11 0 0 1 0 0 0 6 0 0 0 0 0 1 2 0 0
1485921551 168 37 0 11 0 0 1 0 0 0 6 0 0 0 0 0 1 2 0 0
1485924566 169 37 0 11 0 0 1 0 0 0 6 0 0 0 0 0 1 2 0 0
1485983486 169 37 0 11 0 0 1 0 0 0 6 0 0 0 0 0 1 2 0 0
1486160507 170 37 0 11 0 0 1 0 0 0 6 0 0 0 0 0 1 2 0 0
1486439989 171 37 0 11 0 0 1 0 0 0 6 0 0 0 0 0 1 2 0 0
1486501861 172 37 0 11 0 0 1 0 0 0 6 0 0 0 0 0 1 2 0 0
1486669035 172 37 0 11 0 0 1 0 0 1 6 0 0 0 0 0 1 2 0 0
1486803354 172 37 0 11 0 0 1 0 0 1 6 0 0 0 0 0 1 3 0 0
1486843443 173 37 0 11 0 0 1 0 0 1 6 0 0 0 0 0 1 3 0 0
1487024067 174 37 0 11 0 0 1 0 0 1 6 0 0 0 0 0 1 3 0 0
1487291213 175 37 0 11 0 0 1 0 0 1 6 0 0 0 0 0 1 3 0 0
1487301464 175 37 0 11 0 0 1 0 0 1 6 0 0 0 0 0 1 3 0 0
1487352467 175 37 0 12 0 0 1 0 0 1 6 0 0 0 0 0 1 3 0 0
1487613760 175 37 0 12 0 0 1 0 0 1 6 0 0 0 0 1 1 3 0 0
1487702630 175 37 0 13 0 0 1 0 0 1 6 0 0 0 0 1 1 3 0 0
1487709460 175 37 0 13 0 0 1 0 0 1 6 0 0 0 0 2 1 3 0 0
1487962274 175 37 0 14 0 0 1 0 0 1 6 0 0 0 0 2 1 3 0 0
1488238054 175 37 0 15 0 0 1 0 0 1 6 0 0 0 0 2 1 3 0 0
1490060529 176 37 0 15 0 0 1 0 0 1 6 0 0 0 0 2 1 3 0 0
1490063192 177 37 0 15 0 0 1 0 0 1 6 0 0 0 0 2 1 3 0 0
1490148420 178 37 0 15 0 0 1 0 0 1 6 0 0 0 0 2 1 3 0 0
1490157727 179 37 0 15 0 0 1 0 0 1 6 0 0 0 0 2 1 3 0 0
1490250542 180 37 0 15 0 0 1 0 0 1 6 0 0 0 0 2 1 3 0 0
1490302506 181 37 0 15 0 0 1 0 0 1 6 0 0 0 0 2 1 3 0 0
1490303114 182 37 0 15 0 0 1 0 0 1 6 0 0 0 0 2 1 3 0 0
1490748399 183 37 0 15 0 0 1 0 0 1 6 0 0 0 0 2 1 3 0 0
1491353549 184 37 0 15 0 0 1 0 0 1 6 0 0 0 0 2 1 3 0 0
1491487695 185 37 0 15 0 0 1 0 0 1 6 0 0 0 0 2 1 3 0 0
1491827473 186 37 0 15 0 0 1 0 0 1 6 0 0 0 0 2 1 3 0 0
1492206083 187 37 0 15 0 0 1 0 0 1 6 0 0 0 0 2 1 3 0 0
1492207732 188 37 0 15 0 0 1 0 0 1 6 0 0 0 0 2 1 3 0 0
1492207759 189 37 0 15 0 0 1 0 0 1 6 0 0 0 0 2 1 3 0 0
1492359980 189 37 0 16 0 0 1 0 0 1 6 0 0 0 0 2 1 3 0 0
1493421952 189 37 0 16 0 0 1 0 0 1 6 0 0 0 0 2 1 3 0 0
1493684345 189 37 0 17 0 0 1 0 0 1 6 0 0 0 0 2 1 3 0 0
1493838832 189 37 0 17 0 0 1 0 0 1 6 0 0 0 0 3 1 3 0 0
1493965488 189 37 0 18 0 0 1 0 0 1 6 0 0 0 0 3 1 3 0 0
1494001527 190 37 0 18 0 0 1 0 0 1 6 0 0 0 0 3 1 3 0 0
1494012625 191 37 0 18 0 0 1 0 0 1 6 0 0 0 0 3 1 3 0 0
1494226953 192 37 0 18 0 0 1 0 0 1 6 0 0 0 0 3 1 3 0 0
1494290707 193 37 0 18 0 0 1 0 0 1 6 0 0 0 0 3 1 3 0 0
1494297944 194 37 0 18 0 0 1 0 0 1 6 0 0 0 0 3 1 3 0 0
1494444772 195 37 0 18 0 0 1 0 0 1 6 0 0 0 0 3 1 3 0 0
1494444976 196 37 0 18 0 0 1 0 0 1 6 0 0 0 0 3 1 3 0 0
1494445091 197 37 0 18 0 0 1 0 0 1 6 0 0 0 0 3 1 3 0 0
1494448461 198 37 0 18 0 0 1 0 0 1 6 0 0 0 0 3 1 3 0 0
1494549258 198 37 0 18 0 0 1 0 0 2 6 0 0 0 0 3 1 3 0 0
1494568145 199 37 0 18 0 0 1 0 0 2 6 0 0 0 0 3 1 3 0 0
1494600663 200 37 0 18 0 0 1 0 0 2 6 0 0 0 0 3 1 3 0 0
1494625479 201 37 0 18 0 0 1 0 0 2 6 0 0 0 0 3 1 3 0 0
1494628477 201 37 0 18 0 0 1 0 0 2 6 0 0 0 0 3 1 3 0 0
1494964617 202 37 0 18 0 0 1 0 0 2 6 0 0 0 0 3 1 3 0 0
1495566858 203 37 0 18 0 0 1 0 0 2 6 0 0 0 0 3 1 3 0 0
1495914009 204 37 0 18 0 0 1 0 0 2 6 0 0 0 0 3 1 3 0 0
1496183120 204 37 0 18 0 0 1 0 0 3 6 0 0 0 0 3 1 3 0 0
1496278500 205 37 0 18 0 0 1 0 0 3 6 0 0 0 0 3 1 3 0 0
1496364295 205 37 0 18 0 0 1 0 0 3 6 0 0 0 0 3 1 3 0 0
1496417297 206 37 0 18 0 0 1 0 0 3 6 0 0 0 0 3 1 3 0 0
1496423302 207 37 0 18 0 0 1 0 0 3 6 0 0 0 0 3 1 3 0 0
1496432918 208 37 0 18 0 0 1 0 0 3 6 0 0 0 0 3 1 3 0 0
1496875518 209 37 0 18 0 0 1 0 0 3 6 0 0 0 0 3 1 3 0 0
1497574548 210 37 0 18 0 0 1 0 0 3 6 0 0 0 0 3 1 3 0 0
1497972868 210 37 0 18 0 0 1 0 0 3 6 0 0 1 0 3 1 3 0 0
1497991171 210 37 0 18 0 0 1 0 0 4 6 0 0 1 0 3 1 3 0 0
1497995066 211 37 0 18 0 0 1 0 0 4 6 0 0 1 0 3 1 3 0 0
1498002980 212 37 0 18 0 0 1 0 0 4 6 0 0 1 0 3 1 3 0 0
1498838018 212 37 0 18 0 0 1 0 0 4 6 0 0 1 0 3 1 3 0 0
1498863693 212 37 0 19 0 0 1 0 0 4 6 0 0 1 0 3 1 3 0 0
1499381647 212 37 0 19 0 0 1 0 0 4 6 0 0 1 0 3 1 3 0 0
1499980764 212 37 0 19 0 0 1 0 0 4 6 0 0 1 0 3 1 3 0 0
1500668586 212 37 0 20 0 0 1 0 0 4 6 0 0 1 0 3 1 3 0 0
1500811081 212 37 0 20 0 0 1 0 0 4 6 0 0 1 0 3 1 3 0 0
1501264751 212 37 0 20 0 0 1 0 0 4 6 0 0 1 0 3 1 3 0 0
1502232050 212 37 0 21 0 0 1 0 0 4 6 0 0 1 0 3 1 3 0 0
1502240549 212 37 0 21 0 0 1 0 0 4 6 0 0 1 0 3 1 3 0 0
1502929516 213 37 0 21 0 0 1 0 0 4 6 0 0 1 0 3 1 3 0 0
1502985085 214 37 0 21 0 0 1 0 0 4 6 0 0 1 0 3 1 3 0 0
1503963378 214 37 0 22 0 0 1 0 0 4 6 0 0 1 0 3 1 3 0 0
1506677116 214 37 0 22 0 0 1 0 0 4 6 0 0 1 0 3 1 3 0 0
1507095443 216 37 0 22 0 0 1 0 0 4 6 0 0 1 0 3 1 3 0 0
1507788490 217 37 0 22 0 0 1 0 0 4 6 0 0 1 0 3 1 3 0 0
1508526209 218 37 0 22 0 0 1 0 0 4 6 0 0 1 0 3 1 3 0 0
1509491127 218 37 0 22 0 0 1 0 0 4 6 0 0 1 0 3 1 3 0 0
1511123110 220 37 0 22 0 0 1 0 1 4 6 0 0 1 0 3 1 3 0 0
1511995662 221 37 0 22 0 0 1 0 1 4 6 0 0 1 0 3 1 3 0 0
1511996003 221 37 0 22 0 0 1 0 1 4 6 0 0 1 0 3 1 3 0 0
1513365697 221 37 0 22 0 0 1 0 1 5 6 0 0 1 0 3 1 3 0 0
1515692604 222 37 0 22 0 0 1 0 1 5 6 0 0 1 0 3 1 3 0 0
1515736620 223 37 0 22 0 0 1 0 1 5 6 0 0 1 0 3 1 3 0 0
1519391650 223 37 0 22 0 0 1 0 1 5 6 0 0 1 0 3 1 3 0 0
1519391970 223 37 0 22 0 0 1 0 1 5 6 0 0 1 0 3 1 3 0 0
1523426155 224 37 0 22 0 0 1 0 1 5 6 0 0 1 0 3 1 3 0 0
1523642114 224 37 0 22 1 0 1 0 1 5 6 0 0 1 0 3 1 3 0 0
1524763958 224 37 0 22 1 1 1 0 1 5 6 0 0 1 0 3 1 3 0 0
1524764899 224 37 0 22 2 1 1 0 1 5 6 0 0 1 0 3 1 3 0 0
1524839818 224 37 0 22 2 1 1 0 1 5 6 0 0 1 0 3 1 3 0 0
1525810374 225 37 0 22 2 1 1 0 1 5 6 0 0 1 0 3 1 3 0 0
1525876936 226 37 0 22 2 1 1 0 1 5 6 0 0 1 0 3 1 3 0 0
1525892766 227 37 0 22 2 1 1 0 1 5 6 0 0 1 0 3 1 3 0 0
1526352466 227 37 0 22 2 1 1 0 1 5 6 0 0 1 0 3 1 3 0 0
1526353869 227 37 0 22 2 1 1 0 1 5 6 1 0 1 0 3 1 3 0 0
1526354051 227 37 0 22 2 1 1 0 1 5 6 1 0 1 0 3 1 3 0 0
1526361668 227 37 0 22 2 1 1 0 1 6 6 1 0 1 0 3 1 3 0 0
1530611297 227 37 0 22 2 2 1 0 1 6 6 1 0 1 0 3 1 3 0 0
1530611763 227 37 0 22 2 2 1 0 1 6 6 1 0 1 0 4 1 3 0 0
1532349347 227 37 0 22 2 2 1 0 1 6 6 1 1 1 0 4 1 3 0 0
1536842241 227 37 0 22 2 2 1 0 1 6 6 1 1 1 0 4 1 3 0 0
1539641703 227 37 0 22 2 2 1 0 1 6 6 1 1 1 0 4 1 4 0 0
1539720600 227 37 0 22 3 2 1 0 1 6 6 1 1 1 0 4 1 4 0 0
1539940392 227 37 0 22 3 2 1 0 1 6 6 1 1 1 0 4 1 4 0 0
1540459228 227 37 0 22 3 2 1 0 1 6 6 1 1 1 0 4 1 4 0 0
1540459473 227 37 0 22 3 2 1 0 1 6 6 1 2 1 0 4 1 4 0 0
1540460602 227 37 0 22 3 2 1 0 1 6 6 1 2 1 0 4 1 4 0 0
1540557616 227 37 0 22 3 2 1 0 1 6 6 1 3 1 0 4 1 4 0 0
1540920497 227 37 0 22 3 2 1 0 1 6 6 1 4 1 0 4 1 4 0 0
1541103284 227 37 1 22 3 2 1 0 1 6 6 1 4 1 0 4 1 4 0 0
1541104725 227 37 2 22 3 2 1 0 1 6 6 1 4 1 0 4 1 4 0 0
1541106329 227 37 3 22 3 2 1 0 1 6 6 1 4 1 0 4 1 4 0 0
1541107366 227 37 4 22 3 2 1 0 1 6 6 1 4 1 0 4 1 4 0 0
1541108235 227 37 5 22 3 2 1 0 1 6 6 1 4 1 0 4 1 4 0 0
1541109426 227 37 6 22 3 2 1 0 1 6 6 1 4 1 0 4 1 4 0 0
1541158937 227 37 7 22 3 2 1 0 1 6 6 1 4 1 0 4 1 4 0 0
1541186996 227 37 8 22 3 2 1 0 1 6 6 1 4 1 0 4 1 4 0 0
1541368547 227 37 9 22 3 2 1 0 1 6 6 1 4 1 0 4 1 4 0 0
1542013164 227 37 10 22 3 2 1 0 1 6 6 1 4 1 0 4 1 4 0 0
1542336274 227 37 10 22 3 2 1 0 1 6 6 1 4 1 0 4 1 4 0 0
1544110994 227 37 10 22 3 3 1 0 1 6 6 1 4 1 0 4 1 4 0 0
1544199830 227 37 10 22 3 4 1 0 1 6 6 1 4 1 0 4 1 4 0 0
1544829721 227 37 10 22 3 5 1 0 1 6 6 1 4 1 0 4 1 4 0 0
1545354297 227 37 10 22 3 5 1 0 1 6 6 1 4 1 0 4 1 4 0 0
1547821969 227 37 10 22 3 5 1 0 1 6 6 2 4 1 0 4 1 4 0 0
1547838523 227 37 10 22 3 5 1 0 1 6 6 2 4 1 0 4 1 4 0 0
1547841756 227 37 10 22 3 5 1 0 1 6 6 2 4 1 0 4 1 4 0 0
1547849009 227 37 10 22 3 5 1 0 1 6 6 2 4 1 0 4 1 4 0 0
1547853454 227 37 10 22 3 5 1 0 1 6 6 2 4 1 0 4 1 4 0 0
1547854369 227 37 10 22 3 5 1 0 1 6 6 3 4 1 0 4 1 4 0 0
1547865379 227 37 10 22 3 5 1 0 1 6 6 3 4 1 0 4 1 4 0 0
1548932464 227 37 10 22 3 5 1 0 1 6 6 3 5 1 0 4 1 4 0 0
1549314830 227 37 10 22 3 5 1 0 1 6 6 3 5 1 0 4 2 4 0 0
1549370975 227 37 10 22 3 5 1 0 1 6 6 3 6 1 0 4 2 4 0 0
1550832326 227 37 10 22 3 5 1 0 1 6 6 3 6 1 0 4 2 4 0 0
1552467870 227 37 11 22 3 5 1 0 1 6 6 3 6 1 0 4 2 4 0 0
1552468700 227 37 12 22 3 5 1 0 1 6 6 3 6 1 0 4 2 4 0 0
1552469645 227 37 13 22 3 5 1 0 1 6 6 3 6 1 0 4 2 4 0 0
1553113838 227 37 13 22 3 6 1 0 1 6 6 3 6 1 0 4 2 4 0 0
1553252831 227 37 13 22 3 7 1 0 1 6 6 3 6 1 0 4 2 4 0 0
1553716835 227 37 13 22 3 8 1 0 1 6 6 3 6 1 0 4 2 4 0 0
1553775436 227 37 14 22 3 8 1 0 1 6 6 3 6 1 0 4 2 4 0 0
1553807721 227 37 15 22 3 8 1 0 1 6 6 3 6 1 0 4 2 4 0 0
1553953228 227 37 16 22 3 8 1 0 1 6 6 3 6 1 0 4 2 4 0 0
1554219390 227 37 16 22 3 8 1 0 1 6 6 3 6 1 0 4 2 4 0 0
1554771594 227 37 16 22 3 8 1 0 1 6 6 3 6 1 0 4 2 4 0 0
1554848182 227 37 16 22 3 8 1 0 1 6 6 3 6 1 0 4 2 4 0 0
1554864144 227 37 16 22 3 8 2 0 1 6 6 3 6 1 0 4 2 4 0 0
1554917364 227 37 16 22 3 8 2 0 1 6 6 3 6 1 0 4 2 4 0 0
1554928188 227 37 17 22 3 8 2 0 1 6 6 3 6 1 0 4 2 4 0 0
1554999412 227 37 17 22 3 8 2 0 1 6 6 4 6 1 0 4 2 4 0 0
1556309433 227 37 17 22 3 8 2 0 1 6 6 5 6 1 0 4 2 4 0 0
1556458859 227 37 18 22 3 8 2 0 1 6 6 5 6 1 0 4 2 4 0 0
1556563836 227 37 19 22 3 8 2 0 1 6 6 5 6 1 0 4 2 4 0 0
1556569110 227 37 20 22 3 8 2 0 1 6 6 5 6 1 0 4 2 4 0 0
1556643323 227 37 20 22 3 8 2 0 1 6 6 5 6 1 0 4 2 4 0 0
1556648898 227 37 21 22 3 8 2 0 1 6 6 5 6 1 0 4 2 4 0 0
1556756786 227 37 21 22 3 8 2 0 1 6 6 5 6 2 0 4 2 4 0 0
1556883851 227 37 21 22 3 8 2 0 1 6 6 5 6 2 0 4 3 4 0 0
1556931432 227 37 21 22 3 8 2 0 1 6 6 5 6 3 0 4 3 4 0 0
1557255305 227 37 21 22 3 8 2 0 1 6 6 5 6 4 0 4 3 4 0 0
1557798140 227 37 21 22 3 8 2 0 1 6 6 5 6 4 0 4 3 4 0 0
1558039479 227 37 21 22 3 8 2 0 1 6 6 5 6 4 0 4 3 4 0 0
1559146137 227 37 21 22 3 8 2 0 1 6 6 5 6 4 0 4 3 4 0 0
1559157015 227 37 21 22 3 8 2 1 1 6 6 5 6 4 0 4 3 4 0 0
1559243911 227 37 21 22 3 8 2 2 1 6 6 5 6 4 0 4 3 4 0 0
1559344163 227 37 21 22 3 8 2 2 1 6 6 5 6 4 0 4 3 4 0 0
1559345009 227 37 21 22 3 8 2 3 1 6 6 5 6 4 0 4 3 4 0 0
1559692005 227 37 21 22 3 8 2 3 1 6 6 5 6 5 0 4 3 4 0 0
1559693327 227 37 21 22 3 8 2 3 1 6 6 5 6 5 0 4 3 4 0 0
1559837704 227 37 21 22 3 9 2 3 1 6 6 5 6 5 0 4 3 4 0 0
1559855116 227 37 21 22 3 9 3 3 1 6 6 5 6 5 0 4 3 4 0 0
1559857974 227 37 21 22 3 9 3 4 1 6 6 5 6 5 0 4 3 4 0 0
1560428954 227 37 21 22 3 9 3 4 1 6 6 5 6 5 0 4 3 4 0 0
1560937916 227 37 21 22 3 9 3 4 1 6 6 5 6 5 0 4 3 4 0 0
1560948148 227 37 21 22 3 9 4 4 1 6 6 5 6 5 0 4 3 4 0 0
1560950949 227 37 22 22 3 9 4 4 1 6 6 5 6 5 0 4 3 4 0 0
1562700807 227 37 22 22 3 9 4 4 1 6 6 5 6 5 0 4 3 4 0 0
1562702549 227 37 22 22 3 9 4 4 1 6 6 5 6 5 0 4 3 4 0 0
1565009120 227 37 22 22 3 10 4 4 1 6 6 5 6 5 0 4 3 4 0 0
1567128850 227 37 22 22 3 10 4 5 1 6 6 5 6 5 0 4 3 4 0 0
1568410947 227 37 22 22 3 10 4 5 1 6 6 5 6 5 0 4 3 4 0 0
1568415079 227 37 22 22 4 10 4 5 1 6 6 5 6 5 0 4 3 4 0 0
1568423009 227 37 22 22 5 10 4 5 1 6 6 5 6 5 0 4 3 4 0 0
1568624236 227 37 22 22 6 10 4 5 1 6 6 5 6 5 0 4 3 4 0 0
1568653415 227 37 22 22 6 10 4 5 1 6 6 5 6 5 0 4 3 4 1 0
1569269095 227 37 22 22 6 10 4 5 1 6 6 5 6 5 0 4 3 4 1 0
1570134034 227 37 23 22 6 10 4 5 1 6 6 5 6 5 0 4 3 4 1 0
1570477010 227 37 23 22 6 11 4 5 1 6 6 5 6 5 0 4 3 4 1 0
1570484172 227 37 23 22 6 11 4 5 1 6 6 5 6 5 0 4 3 4 1 1
1570749936 227 37 23 22 7 11 4 5 1 6 6 5 6 5 0 4 3 4 1 1
1570824948 227 37 23 22 8 11 4 5 1 6 6 5 6 5 0 4 3 4 1 1
1570825241 227 37 23 22 8 11 4 5 1 6 6 5 6 5 2 4 3 4 1 1
1570826030 227 37 23 22 8 12 4 5 1 6 6 5 6 5 2 4 3 4 1 1
1571408448 227 37 23 22 8 13 4 5 1 6 6 5 6 5 2 4 3 4 1 1
1573186142 227 37 23 22 8 13 4 5 1 6 6 5 6 5 2 4 3 4 1 1
1573186618 227 37 23 22 8 13 4 5 2 6 6 5 6 5 2 4 3 4 1 1
1573186813 227 37 23 22 8 13 4 5 3 6 6 5 6 5 2 4 3 4 1 1
1573677052 227 37 23 22 8 13 4 5 4 6 6 5 6 5 2 4 3 4 1 1
1575309497 227 37 23 22 9 13 5 5 4 6 6 5 6 5 2 4 4 4 1 1
1575501685 227 37 23 22 9 13 5 5 4 6 6 5 6 5 3 4 4 4 1 1
1579114561 227 37 23 22 9 13 5 5 4 6 6 5 6 5 3 4 4 4 1 1
1579114804 227 37 23 22 9 13 5 5 4 6 6 5 6 5 3 4 4 4 1 1
1579114836 227 37 23 22 9 13 5 5 4 6 6 5 6 5 3 4 4 4 1 1
1579902497 227 37 23 22 9 13 5 5 4 6 6 5 6 5 4 4 4 4 1 1
1579902791 227 37 23 22 9 13 5 5 4 6 6 5 6 5 5 4 4 4 1 1
1579906561 227 37 24 22 9 13 5 5 4 6 6 5 6 5 5 4 4 4 1 1
1579906790 227 37 25 22 9 13 5 5 4 6 6 5 6 5 5 4 4 4 1 1
1580169377 227 37 26 22 9 13 5 5 4 6 6 5 6 5 5 4 4 4 1 1
1580169624 227 37 26 22 9 13 5 5 4 6 6 5 6 5 5 4 4 4 1 2
1580770538 227 37 27 22 9 13 5 5 4 6 6 5 6 5 5 4 4 4 1 2
1580770910 227 37 28 22 9 13 5 5 4 6 6 5 6 5 5 4 4 4 1 2
1581123150 227 37 28 22 9 13 5 5 4 6 6 5 6 5 5 4 4 4 1 2
1581384498 227 37 28 22 9 13 5 5 4 6 6 5 6 5 5 4 4 4 1 2
1582850726 227 37 28 22 9 13 5 5 4 6 6 5 6 5 5 4 4 4 1 3
1583300030 227 37 28 22 10 13 5 5 4 6 6 5 6 5 5 4 4 4 1 3
1583534788 227 37 28 22 11 13 5 5 4 6 6 5 6 5 5 4 4 4 1 3
1584583052 227 37 28 22 11 13 6 5 4 6 6 5 6 5 5 4 4 4 1 3
1584729261 227 37 28 22 12 13 6 5 4 6 6 5 6 5 5 4 4 4 1 3
1584747085 227 37 28 22 13 13 6 5 4 6 6 5 6 5 5 4 4 4 1 3
1585249953 227 37 28 22 13 13 7 5 4 6 6 5 6 5 5 4 4 4 1 3
1585250547 227 37 28 22 13 13 8 5 4 6 6 5 6 5 5 4 4 4 1 3
1585631739 227 37 28 22 13 13 8 6 4 6 6 5 6 5 5 4 4 4 1 3
1587062463 227 37 28 22 13 13 8 7 4 6 6 5 6 5 5 4 4 4 1 3
1589588028 227 37 28 22 13 13 8 7 5 6 6 5 6 5 5 4 4 4 1 3
1592417425 227 37 28 22 13 13 8 8 5 6 6 5 6 5 5 4 4 4 1 3
1592872504 227 37 28 22 13 13 8 8 5 6 6 5 6 5 5 4 4 4 1 4
1592947296 227 37 28 22 13 13 8 8 5 6 6 5 6 5 5 4 4 4 2 4
1593204024 227 37 28 22 13 13 8 8 5 6 6 6 6 5 5 4 4 4 2 4
1598486111 227 37 28 22 13 13 8 8 5 6 6 6 6 5 5 4 4 4 2 4
1602651184 227 37 28 22 13 13 8 8 5 6 6 6 6 5 5 4 4 4 2 4
1606021965 227 37 28 22 13 13 8 8 5 7 6 6 6 5 5 4 4 4 2 4
1610665246 227 37 28 22 13 13 8 8 5 8 6 6 6 5 5 4 4 4 2 4
1611261769 227 37 29 22 13 13 8 8 5 8 6 6 6 5 5 4 4 4 2 4
1611879114 227 37 29 22 13 13 8 8 5 8 6 6 6 5 5 4 4 4 2 4
1613502918 227 37 29 22 13 13 8 8 5 8 6 6 6 5 5 4 4 4 2 4
1614378722 227 37 30 22 13 13 8 8 5 8 6 6 6 5 5 4 4 4 2 4
1614628791 227 37 31 22 13 13 8 8 5 8 6 6 6 5 5 4 4 4 2 4
1614660680 227 37 31 22 13 13 8 8 5 8 6 6 6 5 5 4 4 4 3 4
1616475884 227 37 31 22 13 13 8 8 5 8 6 6 6 5 5 4 4 4 3 4
1619037588 227 37 31 22 13 13 8 8 5 8 6 6 6 5 5 4 4 4 3 4
1619059844 227 37 31 22 13 13 8 8 5 8 6 6 6 5 5 4 4 4 3 4
1620152396 227 37 31 22 13 13 8 8 6 8 6 6 6 5 5 4 4 4 3 4
1620162164 227 37 31 22 13 13 8 8 7 8 6 6 6 5 5 4 4 4 3 4
1620164196 227 37 31 22 13 13 8 8 8 8 6 6 6 5 5 4 4 4 3 4
1621556997 227 37 31 22 13 13 8 8 8 8 6 6 6 5 5 4 4 4 3 4
1622051886 227 37 31 22 13 13 8 8 8 8 6 6 6 5 5 4 4 4 4 4
1623455452 227 37 31 22 13 13 8 8 8 8 6 6 6 5 5 4 4 4 4 4
