1456510513 5327
1458179319 5327
1458338357 5957
1458568834 5979
1458688696 5984
1458747021 5994
1458760530 5988
1458766230 6003
1458782585 6003
1459474060 6137
1459523565 6137
1459537711 6151
1459949129 6154
1462204538 6156
1462237723 6157
1462237793 6156
1462238307 6161
1462246919 6248
1462398943 6328
1462399475 6656
1462569698 6653
1463017099 6345
1463021123 6231
1463068120 6369
1463081547 7217
1463162228 7217
1463173901 7219
1463268040 7234
1463268415 7236
1463326046 7233
1463326349 7228
1463330952 7553
1463362100 8051
1463362354 8051
1463449297 8055
1463450287 8055
1463451221 8065
1463453009 8065
1463597664 8099
1464041568 8100
1464092132 8101
1464092215 8108
1464112818 8051
1464147672 8051
1464298502 8096
1464300117 8111
1464301545 8455
1464384232 8562
1464473991 8686
1464556075 8745
1464643169 8773
1464643633 8780
1464691981 9101
1464809974 9101
1464812353 9113
1464816099 9113
1464819938 9123
1464820618 9143
1464825402 9143
1464826141 9143
1464831835 9152
1464867611 9433
1464869831 9448
1464897732 9448
1464948108 9448
1464983475 9503
1465011334 9503
1465087390 9670
1465088130 9672
1465090120 9670
1465094597 9665
1465319765 9665
1465408550 9749
1465408588 9754
1465918463 9774
1466711744 9777
1467071195 9782
1467071334 9782
1467330002 9785
1467476257 9796
1467480968 9814
1467490373 9819
1467497778 9822
1467497852 9841
1467922541 9847
1467925217 9847
1468027469 9850
1468110086 9876
1468442389 9876
1468621809 10404
1468695589 10403
1468700071 10409
1468708628 10409
1468709593 10410
1468712512 10410
1468737181 10411
1469213644 10410
1469214195 10409
1469221705 10410
1469880231 10411
1469880261 10413
1470139308 10418
1470277617 10419
1470277674 10419
1471200742 14812
1472350854 10442
1472438985 10477
1472601380 10519
1472621963 10522
1472773352 10825
1473102901 10825
1473104377 10830
1473104709 10829
1473106233 10900
1473106587 10899
1473108024 10887
1473111343 10906
1473111509 10905
1473114457 10905
1473114872 10906
1473124051 10879
1473127629 10907
1473130954 10904
1473467329 10906
1473647201 10915
1473890589 10915
1473890867 10920
1473901073 10919
1474490685 10919
1474490789 10921
1474491250 10927
1474492775 11021
1474493414 11018
1475173876 11017
1475192323 10979
1475223922 11193
1475261712 11201
1475263819 11202
1475276323 11261
1475286969 11246
1475294930 11270
1475395353 11402
1475395677 11402
1475397780 11404
1475398745 11407
1475540026 11392
1475623430 11438
1476330901 11438
1476386642 11439
1476387158 11443
1476435212 11443
1477683048 11450
1477689021 11453
1478553159 11453
1478556740 11455
1478557781 11455
1478917561 11454
1478920938 11455
1478935857 12585
1479150220 12585
1479162672 14799
1479452545 14797
1480431917 14737
1480449376 14519
1480965380 14576
1481054568 14576
1481065524 14630
1481138045 14633
1481263120 14811
1481286683 14811
1481760400 14831
1481827975 14833
1482170924 14835
1482174372 14835
1482948108 14836
1482949061 14882
1482950721 14883
1482955741 14843
1484120096 14964
1484120705 15037
1484121567 15288
1484175587 15289
1484960862 15296
1485156202 15248
1485211762 15246
1485312086 15254
1485464499 15266
1485562210 15373
1485909157 15374
1485912298 15376
1485913339 15376
1485914105 15385
1485915653 15368
1485921551 15370
1485924566 15516
1485983486 15528
1486160507 15538
1486439989 15541
1486501861 16509
1486669035 16583
1486803354 16584
1486843443 16630
1487024067 16628
1487291213 19975
1487301464 19972
1487352467 19969
1487613760 19970
1487702630 20120
1487709460 20121
1487962274 20113
1488238054 20113
1490060529 20253
1490063192 20671
1490148420 20834
1490157727 21040
1490250542 22447
1490302506 22471
1490303114 22473
1490748399 22474
1491353549 22477
1491487695 22477
1491827473 22480
1492206083 23845
1492207732 23841
1492207759 23856
1492359980 23855
1493421952 23859
1493684345 23864
1493838832 23864
1493965488 23868
1494001527 23883
1494012625 23894
1494226953 23896
1494290707 23946
1494297944 23946
1494444772 23944
1494444976 23944
1494445091 23954
1494448461 23985
1494549258 23991
1494568145 23985
1494600663 23985
1494625479 23985
1494628477 23985
1494964617 23936
1495566858 23933
1495914009 23933
1496183120 23930
1496278500 23930
1496364295 23956
1496417297 23963
1496423302 23937
1496432918 23946
1496875518 23943
1497574548 23994
1497972868 24000
1497991171 24002
1497995066 24073
1498002980 24073
1498838018 24073
1498863693 24055
1499381647 24056
1499980764 24056
1500668586 24116
1500811081 24116
1500918136 24090
1501264751 24116
1502232050 24116
1502235950 24116
1502240549 24116
1502929516 24115
1502985085 24115
1503963378 24090
1506677116 24090
1507095443 24090
1507788490 24083
1508526209 24083
1509491127 24074
1510018243 24074
1510339208 24068
1510344948 24032
1511123110 24074
1511995662 24032
1511996003 23922
1513365697 23920
1515692604 23885
1515736620 23890
1519391970 23911
1523426155 23882
1523642114 24485
1524763958 24474
1524764899 24472
1524839818 24472
1525810374 24544
1525876936 37080
1525892766 37080
1526352466 36583
1526353869 36583
1526354051 36583
1526361668 36582
1530611297 36600
1530611763 36601
1532349347 36593
1536842241 36589
1539641703 36651
1539720600 36652
1539940392 36653
1540459228 36850
1540459473 36850
1540460602 36858
1540557616 36665
1540920497 36918
1541103284 36916
1541104725 36934
1541106329 36940
1541107366 36939
1541108235 36939
1541109426 36938
1541158937 36945
1541186996 37026
1541368547 37049
1542013164 37060
1542336274 37065
1544110994 37062
1544199830 37109
1544829721 37064
1545354297 37064
1547821969 37087
1547838523 37094
1547841756 37036
1547849009 37012
1547853454 36997
1547854369 36988
1547865379 36988
1548932464 36989
1549314830 36989
1549370975 36989
1550832326 37015
1552467870 37015
1552468700 37017
1552469645 37017
1553113838 37099
1553252831 37119
1553716835 37119
1553775436 37144
1553807721 37146
1553953228 37145
1554219390 37145
1554771594 37172
1554848182 37212
1554864144 37269
1554917364 37268
1554928188 37292
1554999412 37303
1556309433 37333
1556458859 37334
1556563836 37325
1556569110 37325
1556643323 37335
1556648898 37343
1556756786 37343
1556883851 37343
1556931432 37335
1557255305 37338
1557798140 37338
1558039479 37439
1559146137 37439
1559157015 37450
1559243911 37450
1559344163 37460
1559345009 37460
1559692005 37458
1559693327 37475
1559837704 37465
1559855116 37509
1559857974 37512
1560428954 37511
1560937916 37511
1560948148 37537
1560950949 37536
1562700807 37575
1562702549 37578
1565009120 37578
1567128850 37578
1568410947 37697
1568415079 37681
1568423009 37733
1568624236 37749
1568653415 37751
1569269095 37754
1570134034 37755
1570477010 37764
1570484172 37830
1570749936 37830
1570824948 37791
1570825241 37793
1570826030 37836
1571401176 37962
1571408448 37703
1572370125 37963
1573186142 37738
1573186618 37736
1573186813 37735
1573677052 37734
1574554795 37777
1574714238 38139
1575309497 37753
1575501685 38139
1579114561 38139
1579114804 38139
1579114836 38139
1579902497 38141
1579902791 38140
1579906561 38161
1579906790 38158
1580169377 38158
1580169624 38157
1580770538 38160
1580770910 38160
1581123150 38158
1581384498 38158
1582850726 38214
1583300030 38171
1583534788 38183
1584583052 38231
1584729261 38231
1584747085 38207
1585249953 38208
1585250547 38224
1585631739 38222
1587062463 38222
1589588028 38221
1592417425 38221
1592872504 38179
1592947296 38189
1593204024 38088
1598486111 38089
1602651184 38089
1606021965 38086
1610665246 38085
1611261769 38085
1611879114 38110
1613502918 38110
1614378722 38108
1614628791 38108
1614660680 38092
1616475884 38167
1619037588 38177
1619059844 38178
1620152396 38176
1620162164 38170
1620164196 38165
1621556997 38165
1622051886 38155
1623455452 38161
