1456510513 5327 0 0 0 0 0 0 0 0 0 0 0 0 0 0 0 0 0 0 0
1458174017 5327 0 0 0 0 0 0 0 0 0 0 0 0 0 0 0 0 0 0 0
1458179319 5327 0 0 0 0 0 0 0 0 0 0 0 0 0 0 0 0 0 0 0
1458268031 5979 0 0 0 0 0 0 0 0 0 0 0 0 0 0 0 0 0 0 0
1458338357 5979 0 0 0 0 0 0 0 0 0 0 0 0 0 0 0 0 0 0 0
1458498756 6011 0 0 0 0 0 0 0 0 0 0 0 0 0 0 0 0 0 0 0
1458568834 6011 0 0 0 0 0 0 0 0 0 0 0 0 0 0 0 0 0 0 0
1458686449 6011 0 0 0 0 0 0 0 0 0 0 0 0 0 0 0 0 0 0 0
1458688696 6011 0 0 0 0 0 0 0 0 0 0 0 0 0 0 0 0 0 0 0
1458746891 6021 0 0 0 0 0 0 0 0 0 0 0 0 0 0 0 0 0 0 0
1458747021 6021 0 0 0 0 0 0 0 0 0 0 0 0 0 0 0 0 0 0 0
1458760530 6024 0 0 0 0 0 0 0 0 0 0 0 0 0 0 0 0 0 0 0
1458766230 6024 0 0 0 0 0 0 0 0 0 0 0 0 0 0 0 0 0 0 0
1458776207 6026 0 0 0 0 0 0 0 0 0 0 0 0 0 0 0 0 0 0 0
1458782585 6026 0 0 0 0 0 0 0 0 0 0 0 0 0 0 0 0 0 0 0
1459470372 6161 0 0 0 0 0 0 0 0 0 0 0 0 0 0 0 0 0 0 0
1459474060 6173 0 0 0 0 0 0 0 0 0 0 0 0 0 0 0 0 0 0 0
1459523565 6173 0 0 0 0 0 0 0 0 0 0 0 0 0 0 0 0 0 0 0
1459537711 6173 0 0 0 0 0 0 0 0 0 0 0 0 0 0 0 0 0 0 0
1459891531 6173 0 0 0 0 0 0 0 0 0 0 0 0 0 0 0 0 0 0 0
1459949129 6173 0 0 0 0 0 0 0 0 0 0 0 0 0 0 0 0 0 0 0
1461904565 6173 12 0 0 0 0 0 0 0 0 0 0 0 0 0 0 0 0 0 0
1462204538 6173 12 0 0 0 0 0 0 0 0 0 0 0 0 0 0 0 0 0 0
1462236375 6173 13 0 0 0 0 0 0 0 0 0 0 0 0 0 0 0 0 0 0
1462236438 6173 22 0 0 0 0 0 0 0 0 0 0 0 0 0 0 0 0 0 0
1462237723 6173 22 0 0 0 0 0 0 0 0 0 0 0 0 0 0 0 0 0 0
1462237793 6173 22 0 0 0 0 0 0 0 0 0 0 0 0 0 0 0 0 0 0
1462238307 6173 22 0 0 0 0 0 0 0 0 0 0 0 0 0 0 0 0 0 0
1462244712 6185 22 0 0 0 0 0 0 0 0 0 0 0 0 0 0 0 0 0 0
1462244835 6190 22 0 0 0 0 0 0 0 0 0 0 0 0 0 0 0 0 0 0
1462244923 6280 22 0 0 0 0 0 0 0 0 0 0 0 0 0 0 0 0 0 0
1462245303 6281 22 0 0 0 0 0 0 0 0 0 0 0 0 0 0 0 0 0 0
1462246919 6281 22 0 0 0 0 0 0 0 0 0 0 0 0 0 0 0 0 0 0
1462252345 6281 132 0 0 0 0 0 0 0 0 0 0 0 0 0 0 0 0 0 0
1462398943 6840 132 0 0 0 0 0 0 0 0 0 0 0 0 0 0 0 0 0 0
1462399475 6840 132 0 0 0 0 0 0 0 0 0 0 0 0 0 0 0 0 0 0
1462568819 6976 132 0 0 0 0 0 0 0 0 0 0 0 0 0 0 0 0 0 0
1462569698 6976 132 0 0 0 0 0 0 0 0 0 0 0 0 0 0 0 0 0 0
1463006583 6976 132 0 0 0 0 0 0 0 0 0 0 0 0 0 0 0 0 0 0
1463017099 6976 132 0 0 0 0 0 0 0 0 0 0 0 0 0 0 0 0 0 0
1463020436 6977 132 0 0 0 0 0 0 0 0 0 0 0 0 0 0 0 0 0 0
1463021123 6977 132 0 0 0 0 0 0 0 0 0 0 0 0 0 0 0 0 0 0
1463061000 7177 132 0 0 0 0 0 0 0 0 0 0 0 0 0 0 0 0 0 0
1463068120 8132 132 0 0 0 0 0 0 0 0 0 0 0 0 0 0 0 0 0 0
1463081547 8132 132 0 0 0 0 0 0 0 0 0 0 0 0 0 0 0 0 0 0
1463161648 8140 132 0 0 0 0 0 0 0 0 0 0 0 0 0 0 0 0 0 0
1463162228 8140 132 0 0 0 0 0 0 0 0 0 0 0 0 0 0 0 0 0 0
1463173028 8163 132 0 0 0 0 0 0 0 0 0 0 0 0 0 0 0 0 0 0
1463173901 8163 132 0 0 0 0 0 0 0 0 0 0 0 0 0 0 0 0 0 0
1463268040 8181 132 0 0 0 0 0 0 0 0 0 0 0 0 0 0 0 0 0 0
1463268415 8187 132 0 0 0 0 0 0 0 0 0 0 0 0 0 0 0 0 0 0
1463326046 8192 132 0 0 0 0 0 0 0 0 0 0 0 0 0 0 0 0 0 0
1463326349 8595 132 0 0 0 0 0 0 0 0 0 0 0 0 0 0 0 0 0 0
1463330952 8644 132 0 0 0 0 0 0 0 0 0 0 0 0 0 0 0 0 0 0
1463342624 9012 132 0 0 0 0 0 0 0 0 0 0 0 0 0 0 0 0 0 0
1463346135 9050 132 0 0 0 0 0 0 0 0 0 0 0 0 0 0 0 0 0 0
1463347526 9060 132 0 0 0 0 0 0 0 0 0 0 0 0 0 0 0 0 0 0
1463348425 9084 132 0 0 0 0 0 0 0 0 0 0 0 0 0 0 0 0 0 0
1463354738 9175 132 0 0 0 0 0 0 0 0 0 0 0 0 0 0 0 0 0 0
1463360577 9292 132 0 0 0 0 0 0 0 0 0 0 0 0 0 0 0 0 0 0
1463361333 9308 132 0 0 0 0 0 0 0 0 0 0 0 0 0 0 0 0 0 0
1463362100 9308 132 0 0 0 0 0 0 0 0 0 0 0 0 0 0 0 0 0 0
1463362354 9309 132 0 0 0 0 0 0 0 0 0 0 0 0 0 0 0 0 0 0
1463449297 9320 132 0 0 0 0 0 0 0 0 0 0 0 0 0 0 0 0 0 0
1463450287 9340 132 0 0 0 0 0 0 0 0 0 0 0 0 0 0 0 0 0 0
1463451221 9358 132 0 0 0 0 0 0 0 0 0 0 0 0 0 0 0 0 0 0
1463453009 9359 132 0 0 0 0 0 0 0 0 0 0 0 0 0 0 0 0 0 0
1463492988 9422 132 0 0 0 0 0 0 0 0 0 0 0 0 0 0 0 0 0 0
1463597664 9422 132 0 0 0 0 0 0 0 0 0 0 0 0 0 0 0 0 0 0
1464041568 9422 132 0 0 0 0 0 0 0 0 1 0 0 0 0 0 0 0 0 0
1464092132 9423 132 0 0 0 0 0 0 0 0 1 0 0 0 0 0 0 0 0 0
1464092215 9461 132 0 0 0 0 0 0 0 0 1 0 0 0 0 0 0 0 0 0
1464112818 9475 132 0 0 0 0 0 0 0 0 1 0 0 0 0 0 0 0 0 0
1464147672 9475 132 0 0 0 0 0 0 0 0 13 0 0 0 0 0 0 0 0 0
1464298502 9475 132 0 0 0 0 0 0 0 0 69 0 0 0 0 0 0 0 0 0
1464300117 9475 132 0 0 0 0 0 0 0 0 89 0 0 0 0 0 0 0 0 0
1464301545 9475 132 0 0 0 0 0 0 0 0 439 0 0 0 0 0 0 0 0 0
1464384232 9892 132 0 0 0 0 0 0 0 0 439 0 0 0 0 0 0 0 0 0
1464473991 10129 132 0 0 0 0 0 0 0 0 439 0 0 0 0 0 0 0 0 0
1464545468 10129 189 0 0 0 0 0 0 0 0 439 0 0 0 0 0 0 0 0 0
1464547005 10129 197 0 0 0 0 0 0 0 0 439 0 0 0 0 0 0 0 0 0
1464547150 10129 206 0 0 0 0 0 0 0 0 439 0 0 0 0 0 0 0 0 0
1464547924 10129 211 0 0 0 0 0 0 0 0 439 0 0 0 0 0 0 0 0 0
1464548428 10129 211 0 0 0 0 0 0 0 0 439 0 0 0 0 0 0 0 0 0
1464556075 10129 211 0 0 0 0 0 0 0 0 439 0 0 0 0 0 0 0 0 0
1464643169 10160 211 0 0 0 0 0 0 0 0 439 0 0 0 0 0 0 0 0 0
1464643633 10197 211 0 0 0 0 0 0 0 0 439 0 0 0 0 0 0 0 0 0
1464691981 10197 211 0 0 0 0 0 0 0 0 783 0 0 0 0 0 0 0 0 0
1464809974 10197 221 0 0 0 0 0 0 0 0 783 0 0 0 0 0 0 0 0 0
1464812353 10197 253 0 0 0 0 0 0 0 0 783 0 0 0 0 0 0 0 0 0
1464816099 10199 253 0 0 0 0 0 0 0 0 783 0 0 0 0 0 0 0 0 0
1464819938 10247 253 0 0 0 0 0 0 0 0 783 0 0 0 0 0 0 0 0 0
1464820618 10296 253 0 0 0 0 0 0 0 0 783 0 0 0 0 0 0 0 0 0
1464825402 10297 253 0 0 0 0 0 0 0 0 783 0 0 0 0 0 0 0 0 0
1464826141 10301 253 0 0 0 0 0 0 0 0 783 0 0 0 0 0 0 0 0 0
1464831835 10338 253 0 0 0 0 0 0 0 0 783 0 0 0 0 0 0 0 0 0
1464867611 10627 253 0 0 0 0 0 0 0 0 783 0 0 0 0 0 0 0 0 0
1464869831 10627 253 0 0 0 0 15 0 0 0 783 0 0 0 0 0 0 0 0 0
1464897732 10628 253 0 0 0 0 15 0 0 0 783 0 0 0 0 0 0 0 0 0
1464948108 10629 253 0 0 0 0 15 0 0 0 783 0 0 0 0 0 0 0 0 0
1464983475 10629 310 0 0 0 0 15 0 0 0 783 0 0 0 0 0 0 0 0 0
1465011334 10630 310 0 0 0 0 15 0 0 0 783 0 0 0 0 0 0 0 0 0
1465087390 10809 310 0 0 0 0 15 0 0 0 783 0 0 0 0 0 0 0 0 0
1465088130 10816 310 0 0 0 0 15 0 0 0 783 0 0 0 0 0 0 0 0 0
1465090120 10892 310 0 0 0 0 15 0 0 0 783 0 0 0 0 0 0 0 0 0
1465094597 10893 310 0 0 0 0 15 0 0 0 783 0 0 0 0 0 0 0 0 0
1465319765 10894 310 0 0 0 0 15 0 0 0 783 0 0 0 0 0 0 0 0 0
1465408550 10983 310 0 0 0 0 15 0 0 0 783 0 0 0 0 0 0 0 0 0
1465408588 10988 310 0 0 0 0 15 0 0 0 783 0 0 0 0 0 0 0 0 0
1465918463 11013 310 0 0 0 0 15 0 0 0 783 0 0 0 0 0 0 0 0 0
1466711744 11017 310 0 0 0 0 15 0 0 0 783 0 0 0 0 0 0 0 0 0
1467071195 11034 310 0 0 0 0 15 0 0 0 783 0 0 0 0 0 0 0 0 0
1467071334 11035 310 0 0 0 0 15 0 0 0 783 0 0 0 0 0 0 0 0 0
1467330002 11035 310 0 0 0 0 15 0 0 0 783 0 0 0 0 0 3 0 0 0
1467476257 11058 310 0 0 0 0 15 0 0 0 783 0 0 0 0 0 3 0 0 0
1467480968 11293 310 0 0 0 0 15 0 0 0 783 0 0 0 0 0 3 0 0 0
1467490373 11299 310 0 0 0 0 15 0 0 0 783 0 0 0 0 0 3 0 0 0
1467497778 11302 310 0 0 0 0 15 0 0 0 783 0 0 0 0 0 3 0 0 0
1467497852 11459 310 0 0 0 0 15 0 0 0 783 0 0 0 0 0 3 0 0 0
1467922541 11469 310 0 0 0 0 15 0 0 0 783 0 0 0 0 0 3 0 0 0
1467925217 11470 310 0 0 0 0 15 0 0 0 783 0 0 0 0 0 3 0 0 0
1468027469 11473 310 0 0 0 0 15 0 0 0 783 0 0 0 0 0 3 0 0 0
1468110086 11544 310 0 0 0 0 15 0 0 0 783 0 0 0 0 0 3 0 0 0
1468442389 11545 310 0 0 0 0 15 0 0 0 783 0 0 0 0 0 3 0 0 0
1468621809 12130 310 0 0 0 0 15 0 0 0 783 0 0 0 0 0 3 0 0 0
1468695589 12132 310 0 0 0 0 15 0 0 0 783 0 0 0 0 0 3 0 0 0
1468700071 12158 310 0 0 0 0 15 0 0 0 783 0 0 0 0 0 3 0 0 0
1468708628 12159 310 0 0 0 0 15 0 0 0 783 0 0 0 0 0 3 0 0 0
1468709593 12160 310 0 0 0 0 15 0 0 0 783 0 0 0 0 0 3 0 0 0
1468712512 12161 310 0 0 0 0 15 0 0 0 783 0 0 0 0 0 3 0 0 0
1468737181 12162 310 0 0 0 0 15 0 0 0 783 0 0 0 0 0 3 0 0 0
1469213644 12246 310 0 0 0 0 15 0 0 0 783 0 0 0 0 0 3 0 0 0
1469214195 12248 310 0 0 0 0 15 0 0 0 783 0 0 0 0 0 3 0 0 0
1469221705 12250 310 0 0 0 0 15 0 0 0 783 0 0 0 0 0 3 0 0 0
1469880231 12250 312 0 0 0 0 15 0 0 0 783 0 0 0 0 0 3 0 0 0
1469880261 12250 314 0 0 0 0 15 0 0 0 783 0 0 0 0 0 3 0 0 0
1470139308 12250 320 0 0 0 0 15 0 0 0 783 0 0 0 0 0 3 0 0 0
1470277617 12250 320 0 0 0 0 15 0 0 0 783 0 0 0 0 0 3 0 0 0
1470277674 12250 320 0 0 0 0 15 0 0 0 783 0 0 0 0 0 3 0 0 0
1472350854 12250 358 0 0 0 0 15 0 0 0 783 0 0 0 0 0 3 0 0 0
1472438985 12250 398 0 0 0 0 15 0 0 0 783 0 0 0 0 0 3 0 0 0
1472601380 12250 479 0 0 0 0 15 0 0 0 783 0 0 0 0 0 3 0 0 0
1472616183 12250 491 0 0 0 0 15 0 0 0 783 0 0 0 0 0 3 0 0 0
1472621963 12250 491 0 0 0 0 15 0 0 0 783 0 0 0 0 0 3 0 0 0
1472773352 12250 796 0 0 0 0 15 0 0 0 783 0 0 0 0 0 3 0 0 0
1473102901 12253 796 0 0 0 0 15 0 0 0 783 0 0 0 0 0 3 0 0 0
1473104377 12253 815 0 0 0 0 15 0 0 0 783 0 0 0 0 0 3 0 0 0
1473104709 12253 815 0 0 0 0 15 0 0 0 783 0 0 0 0 0 3 0 0 0
1473106233 12326 815 0 0 0 0 15 0 0 0 783 0 0 0 0 0 3 0 0 0
1473106587 12328 815 0 0 0 0 15 0 0 0 783 0 0 0 0 0 3 0 0 0
1473108024 12330 815 0 0 0 0 15 0 0 0 783 0 0 0 0 0 3 0 0 0
1473111343 12370 815 0 0 0 0 15 0 0 0 783 0 0 0 0 0 3 0 0 0
1473111509 12372 815 0 0 0 0 15 0 0 0 783 0 0 0 0 0 3 0 0 0
1473114457 12373 815 0 0 0 0 15 0 0 0 783 0 0 0 0 0 3 0 0 0
1473114872 12374 815 0 0 0 0 15 0 0 0 783 0 0 0 0 0 3 0 0 0
1473127629 12443 815 0 0 0 0 15 0 0 0 783 0 0 0 0 0 3 0 0 0
1473130954 12554 815 0 0 0 0 15 0 0 0 783 0 0 0 0 0 3 0 0 0
1473467329 12554 815 0 0 0 0 15 0 0 0 783 0 0 0 0 0 3 0 0 0
1473647201 12554 815 0 0 0 0 15 0 0 0 783 0 0 0 0 0 3 0 0 0
1473890589 12554 820 0 0 0 0 15 0 0 0 783 0 0 0 0 0 3 0 0 0
1473890867 12554 829 0 0 0 0 15 0 0 0 783 0 0 0 0 0 3 0 0 0
1473901073 12554 831 0 0 0 0 15 0 0 0 783 0 0 0 0 0 3 0 0 0
1474490685 12554 834 0 0 0 0 15 0 0 0 783 0 0 0 0 0 3 0 0 0
1474490789 12554 837 0 0 0 0 15 0 0 0 783 0 0 0 0 0 3 0 0 0
1474491250 12554 843 0 0 0 0 15 0 0 0 783 0 0 0 0 0 3 0 0 0
1474492775 12554 940 0 0 0 0 15 0 0 0 783 0 0 0 0 0 3 0 0 0
1474493414 12554 940 0 0 0 0 15 0 0 0 783 0 0 0 0 0 3 0 0 0
1475173876 12554 952 0 0 0 0 15 0 0 0 783 0 0 0 0 0 3 0 0 0
1475192323 12589 952 0 0 0 0 15 0 0 0 783 0 0 0 0 0 3 0 0 0
1475223922 12938 952 0 0 0 0 15 0 0 0 783 0 0 0 0 0 3 0 0 0
1475261712 12961 952 0 0 0 0 15 0 0 0 783 0 0 0 0 0 3 0 0 0
1475263819 12963 952 0 0 0 0 15 0 0 0 783 0 0 0 0 0 3 0 0 0
1475276323 13078 952 0 0 0 0 15 0 0 0 783 0 0 0 0 0 3 0 0 0
1475286969 13110 952 0 0 0 0 15 0 0 0 783 0 0 0 0 0 3 0 0 0
1475294930 13246 952 0 0 0 0 15 0 0 0 783 0 0 0 0 0 3 0 0 0
1475395353 13580 952 0 0 0 0 15 0 0 0 783 0 0 0 0 0 3 0 0 0
1475395677 13580 954 0 0 0 0 15 0 0 0 783 0 0 0 0 0 3 0 0 0
1475397780 13589 954 0 0 0 0 15 0 0 0 783 0 0 0 0 0 3 0 0 0
1475398745 13592 954 0 0 0 0 15 0 0 0 783 0 0 0 0 0 3 0 0 0
1475540026 13592 965 0 0 0 0 15 0 0 0 783 0 0 0 0 0 3 0 0 0
1475623430 13699 965 0 0 0 0 15 0 0 0 783 0 0 0 0 0 3 0 0 0
1476330901 13699 965 0 0 0 0 15 0 0 0 783 0 0 0 0 0 3 0 0 0
1476386642 13700 965 0 0 0 0 15 0 0 0 783 0 0 0 0 0 3 0 0 0
1476387158 13706 965 0 0 0 0 15 0 0 0 783 0 0 0 0 0 3 0 0 0
1476435212 13706 965 0 0 0 0 15 0 0 0 783 0 0 0 0 0 3 0 0 0
1477683048 13706 965 0 0 0 0 15 0 0 0 783 0 0 0 0 0 3 27 0 0
1477689021 13706 965 0 0 0 0 15 0 0 0 783 0 0 0 0 0 3 30 0 0
1478553159 13706 966 0 0 0 0 15 0 0 0 783 0 0 0 0 0 3 30 0 0
1478556740 13706 983 0 0 0 0 15 0 0 0 783 0 0 0 0 0 3 30 0 0
1478557781 13707 983 0 0 0 0 15 0 0 0 783 0 0 0 0 0 3 30 0 0
1478917561 13709 983 0 0 0 0 15 0 0 0 783 0 0 0 0 0 3 30 0 0
1478920938 13710 983 0 0 0 0 15 0 0 0 783 0 0 0 0 0 3 30 0 0
1478935857 15655 983 0 0 0 0 15 0 0 0 783 0 0 0 0 0 3 30 0 0
1479150220 15655 983 0 4 0 0 15 0 0 0 783 0 0 0 0 0 3 30 0 0
1479162672 15655 983 0 2243 0 0 15 0 0 0 783 0 0 0 0 0 3 30 0 0
1479452545 15655 983 0 2267 0 0 15 0 0 0 783 0 0 0 0 0 3 30 0 0
1480431917 15655 983 0 2399 0 0 15 0 0 0 783 0 0 0 0 0 3 30 0 0
1480449376 15655 983 0 2440 0 0 15 0 0 0 783 0 0 0 0 0 3 30 0 0
1480965380 15655 1042 0 2440 0 0 15 0 0 0 783 0 0 0 0 0 3 30 0 0
1481054568 15656 1042 0 2440 0 0 15 0 0 0 783 0 0 0 0 0 3 30 0 0
1481065524 15749 1042 0 2440 0 0 15 0 0 0 783 0 0 0 0 0 3 30 0 0
1481138045 15749 1045 0 2440 0 0 15 0 0 0 783 0 0 0 0 0 3 30 0 0
1481263120 16317 1045 0 2440 0 0 15 0 0 0 783 0 0 0 0 0 3 30 0 0
1481286683 16317 1045 0 2441 0 0 15 0 0 0 783 0 0 0 0 0 3 30 0 0
1481760400 16317 1045 0 2441 0 0 15 0 0 0 783 0 0 0 0 0 3 30 0 0
1481827975 16317 1045 0 2444 0 0 15 0 0 0 783 0 0 0 0 0 3 30 0 0
1482170924 16317 1045 0 2448 0 0 15 0 0 0 783 0 0 0 0 0 3 30 0 0
1482174372 16317 1045 0 2449 0 0 15 0 0 0 783 0 0 0 0 0 3 30 0 0
1482948108 16318 1045 0 2449 0 0 15 0 0 0 783 0 0 0 0 0 3 30 0 0
1482949061 16390 1045 0 2449 0 0 15 0 0 0 783 0 0 0 0 0 3 30 0 0
1482950721 16392 1045 0 2449 0 0 15 0 0 0 783 0 0 0 0 0 3 30 0 0
1482955741 16904 1045 0 2449 0 0 15 0 0 0 783 0 0 0 0 0 3 30 0 0
1484120096 17026 1045 0 2449 0 0 15 0 0 0 783 0 0 0 0 0 3 30 0 0
1484120705 17026 1045 0 2522 0 0 15 0 0 0 783 0 0 0 0 0 3 30 0 0
1484121567 17026 1045 0 2862 0 0 15 0 0 0 783 0 0 0 0 0 3 30 0 0
1484175587 17027 1045 0 2862 0 0 15 0 0 0 783 0 0 0 0 0 3 30 0 0
1484960862 17052 1045 0 2862 0 0 15 0 0 0 783 0 0 0 0 0 3 30 0 0
1485156202 17128 1045 0 2862 0 0 15 0 0 0 783 0 0 0 0 0 3 30 0 0
1485211762 17132 1045 0 2862 0 0 15 0 0 0 783 0 0 0 0 0 3 30 0 0
1485312086 17142 1045 0 2862 0 0 15 0 0 0 783 0 0 0 0 0 3 30 0 0
1485464499 17142 1045 0 2862 0 0 15 0 0 0 783 0 0 0 0 0 3 30 0 0
1485562210 17454 1045 0 2862 0 0 15 0 0 0 783 0 0 0 0 0 3 30 0 0
1485909157 17458 1045 0 2862 0 0 15 0 0 0 783 0 0 0 0 0 3 30 0 0
1485912298 17460 1045 0 2862 0 0 15 0 0 0 783 0 0 0 0 0 3 30 0 0
1485913339 17461 1045 0 2862 0 0 15 0 0 0 783 0 0 0 0 0 3 30 0 0
1485914105 17474 1045 0 2862 0 0 15 0 0 0 783 0 0 0 0 0 3 30 0 0
1485915653 17483 1045 0 2862 0 0 15 0 0 0 783 0 0 0 0 0 3 30 0 0
1485921551 17494 1045 0 2862 0 0 15 0 0 0 783 0 0 0 0 0 3 30 0 0
1485924566 17640 1045 0 2862 0 0 15 0 0 0 783 0 0 0 0 0 3 30 0 0
1485983486 17640 1045 0 2862 0 0 15 0 0 0 783 0 0 0 0 0 3 30 0 0
1486160507 17658 1045 0 2862 0 0 15 0 0 0 783 0 0 0 0 0 3 30 0 0
1486439989 17663 1045 0 2862 0 0 15 0 0 0 783 0 0 0 0 0 3 30 0 0
1486501861 18817 1045 0 2862 0 0 15 0 0 0 783 0 0 0 0 0 3 30 0 0
1486669035 18817 1045 0 2862 0 0 15 0 0 78 783 0 0 0 0 0 3 30 0 0
1486803354 18817 1045 0 2862 0 0 15 0 0 78 783 0 0 0 0 0 3 37 0 0
1486843443 18904 1045 0 2862 0 0 15 0 0 78 783 0 0 0 0 0 3 37 0 0
1487024067 18915 1045 0 2862 0 0 15 0 0 78 783 0 0 0 0 0 3 37 0 0
1487291213 22601 1045 0 2862 0 0 15 0 0 78 783 0 0 0 0 0 3 37 0 0
1487301464 22601 1045 0 2862 0 0 15 0 0 78 783 0 0 0 0 0 3 37 0 0
1487352467 22601 1045 0 2865 0 0 15 0 0 78 783 0 0 0 0 0 3 37 0 0
1487613760 22601 1045 0 2865 0 0 15 0 0 78 783 0 0 0 0 1 3 37 0 0
1487702630 22601 1045 0 3024 0 0 15 0 0 78 783 0 0 0 0 1 3 37 0 0
1487709460 22601 1045 0 3024 0 0 15 0 0 78 783 0 0 0 0 2 3 37 0 0
1487962274 22601 1045 0 3025 0 0 15 0 0 78 783 0 0 0 0 2 3 37 0 0
1488238054 22601 1045 0 3026 0 0 15 0 0 78 783 0 0 0 0 2 3 37 0 0
1490060529 22792 1045 0 3026 0 0 15 0 0 78 783 0 0 0 0 2 3 37 0 0
1490063192 23210 1045 0 3026 0 0 15 0 0 78 783 0 0 0 0 2 3 37 0 0
1490148420 23398 1045 0 3026 0 0 15 0 0 78 783 0 0 0 0 2 3 37 0 0
1490157727 23659 1045 0 3026 0 0 15 0 0 78 783 0 0 0 0 2 3 37 0 0
1490250542 25290 1045 0 3026 0 0 15 0 0 78 783 0 0 0 0 2 3 37 0 0
1490302506 25315 1045 0 3026 0 0 15 0 0 78 783 0 0 0 0 2 3 37 0 0
1490303114 25318 1045 0 3026 0 0 15 0 0 78 783 0 0 0 0 2 3 37 0 0
1490748399 25319 1045 0 3026 0 0 15 0 0 78 783 0 0 0 0 2 3 37 0 0
1491353549 25322 1045 0 3026 0 0 15 0 0 78 783 0 0 0 0 2 3 37 0 0
1491487695 25324 1045 0 3026 0 0 15 0 0 78 783 0 0 0 0 2 3 37 0 0
1491827473 25329 1045 0 3026 0 0 15 0 0 78 783 0 0 0 0 2 3 37 0 0
1492206083 26702 1045 0 3026 0 0 15 0 0 78 783 0 0 0 0 2 3 37 0 0
1492207732 26702 1045 0 3026 0 0 15 0 0 78 783 0 0 0 0 2 3 37 0 0
1492207759 26717 1045 0 3026 0 0 15 0 0 78 783 0 0 0 0 2 3 37 0 0
1492359980 26717 1045 0 3028 0 0 15 0 0 78 783 0 0 0 0 2 3 37 0 0
1493421952 26717 1045 0 3028 0 0 15 0 0 78 783 0 0 0 0 2 3 37 0 0
1493684345 26717 1045 0 3054 0 0 15 0 0 78 783 0 0 0 0 2 3 37 0 0
1493838832 26717 1045 0 3054 0 0 15 0 0 78 783 0 0 0 0 3 3 37 0 0
1493965488 26717 1045 0 3058 0 0 15 0 0 78 783 0 0 0 0 3 3 37 0 0
1494001527 26734 1045 0 3058 0 0 15 0 0 78 783 0 0 0 0 3 3 37 0 0
1494012625 26750 1045 0 3058 0 0 15 0 0 78 783 0 0 0 0 3 3 37 0 0
1494226953 26752 1045 0 3058 0 0 15 0 0 78 783 0 0 0 0 3 3 37 0 0
1494290707 26818 1045 0 3058 0 0 15 0 0 78 783 0 0 0 0 3 3 37 0 0
1494297944 26831 1045 0 3058 0 0 15 0 0 78 783 0 0 0 0 3 3 37 0 0
1494444772 26834 1045 0 3058 0 0 15 0 0 78 783 0 0 0 0 3 3 37 0 0
1494444976 26835 1045 0 3058 0 0 15 0 0 78 783 0 0 0 0 3 3 37 0 0
1494445091 26845 1045 0 3058 0 0 15 0 0 78 783 0 0 0 0 3 3 37 0 0
1494448461 26880 1045 0 3058 0 0 15 0 0 78 783 0 0 0 0 3 3 37 0 0
1494549258 26880 1045 0 3058 0 0 15 0 0 84 783 0 0 0 0 3 3 37 0 0
1494568145 26893 1045 0 3058 0 0 15 0 0 84 783 0 0 0 0 3 3 37 0 0
1494600663 26949 1045 0 3058 0 0 15 0 0 84 783 0 0 0 0 3 3 37 0 0
1494625479 26954 1045 0 3058 0 0 15 0 0 84 783 0 0 0 0 3 3 37 0 0
1494628477 26954 1045 0 3058 0 0 15 0 0 84 783 0 0 0 0 3 3 37 0 0
1494964617 26962 1045 0 3058 0 0 15 0 0 84 783 0 0 0 0 3 3 37 0 0
1495566858 27013 1045 0 3058 0 0 15 0 0 84 783 0 0 0 0 3 3 37 0 0
1495914009 27015 1045 0 3058 0 0 15 0 0 84 783 0 0 0 0 3 3 37 0 0
1496183120 27015 1045 0 3058 0 0 15 0 0 84 783 0 0 0 0 3 3 37 0 0
1496278500 27017 1045 0 3058 0 0 15 0 0 84 783 0 0 0 0 3 3 37 0 0
1496364295 27017 1045 0 3058 0 0 15 0 0 84 783 0 0 0 0 3 3 37 0 0
1496417297 27029 1045 0 3058 0 0 15 0 0 84 783 0 0 0 0 3 3 37 0 0
1496423302 27029 1045 0 3058 0 0 15 0 0 84 783 0 0 0 0 3 3 37 0 0
1496432918 27039 1045 0 3058 0 0 15 0 0 84 783 0 0 0 0 3 3 37 0 0
1496875518 27039 1045 0 3058 0 0 15 0 0 84 783 0 0 0 0 3 3 37 0 0
1497574548 27098 1045 0 3058 0 0 15 0 0 84 783 0 0 0 0 3 3 37 0 0
1497972868 27098 1045 0 3058 0 0 15 0 0 84 783 0 0 7 0 3 3 37 0 0
1497991171 27098 1045 0 3058 0 0 15 0 0 86 783 0 0 7 0 3 3 37 0 0
1497995066 27179 1045 0 3058 0 0 15 0 0 86 783 0 0 7 0 3 3 37 0 0
1498002980 27181 1045 0 3058 0 0 15 0 0 86 783 0 0 7 0 3 3 37 0 0
1498838018 27181 1045 0 3058 0 0 15 0 0 86 783 0 0 7 0 3 3 37 0 0
1498863693 27181 1045 0 3102 0 0 15 0 0 86 783 0 0 7 0 3 3 37 0 0
1499381647 27181 1045 0 3102 0 0 15 0 0 86 783 0 0 7 0 3 3 37 0 0
1499980764 27181 1045 0 3102 0 0 15 0 0 86 783 0 0 7 0 3 3 37 0 0
1500668586 27181 1045 0 3235 0 0 15 0 0 86 783 0 0 7 0 3 3 37 0 0
1500811081 27181 1045 0 3235 0 0 15 0 0 86 783 0 0 7 0 3 3 37 0 0
1501264751 27181 1045 0 3235 0 0 15 0 0 86 783 0 0 7 0 3 3 37 0 0
1502232050 27181 1045 0 3236 0 0 15 0 0 86 783 0 0 7 0 3 3 37 0 0
1502240549 27181 1045 0 3236 0 0 15 0 0 86 783 0 0 7 0 3 3 37 0 0
1502929516 27182 1045 0 3236 0 0 15 0 0 86 783 0 0 7 0 3 3 37 0 0
1502985085 27216 1045 0 3236 0 0 15 0 0 86 783 0 0 7 0 3 3 37 0 0
1503963378 27216 1045 0 3236 0 0 15 0 0 86 783 0 0 7 0 3 3 37 0 0
1506677116 27216 1045 0 3236 0 0 15 0 0 86 783 0 0 7 0 3 3 37 0 0
1507095443 27219 1045 0 3236 0 0 15 0 0 86 783 0 0 7 0 3 3 37 0 0
1507788490 27219 1045 0 3236 0 0 15 0 0 86 783 0 0 7 0 3 3 37 0 0
1508526209 27312 1045 0 3236 0 0 15 0 0 86 783 0 0 7 0 3 3 37 0 0
1509491127 27312 1045 0 3236 0 0 15 0 0 86 783 0 0 7 0 3 3 37 0 0
1511123110 27321 1045 0 3236 0 0 15 0 1 86 783 0 0 7 0 3 3 37 0 0
1511995662 27323 1045 0 3236 0 0 15 0 1 86 783 0 0 7 0 3 3 37 0 0
1511996003 27323 1045 0 3236 0 0 15 0 1 86 783 0 0 7 0 3 3 37 0 0
1513365697 27323 1045 0 3236 0 0 15 0 1 87 783 0 0 7 0 3 3 37 0 0
1515692604 27373 1045 0 3236 0 0 15 0 1 87 783 0 0 7 0 3 3 37 0 0
1515736620 27380 1045 0 3236 0 0 15 0 1 87 783 0 0 7 0 3 3 37 0 0
1519391650 27380 1045 0 3236 0 0 15 0 1 87 783 0 0 7 0 3 3 37 0 0
1519391970 27380 1045 0 3236 0 0 15 0 1 87 783 0 0 7 0 3 3 37 0 0
1523426155 27402 1045 0 3236 0 0 15 0 1 87 783 0 0 7 0 3 3 37 0 0
1523642114 27402 1045 0 3236 679 0 15 0 1 87 783 0 0 7 0 3 3 37 0 0
1524763958 27402 1045 0 3236 679 10 15 0 1 87 783 0 0 7 0 3 3 37 0 0
1524764899 27402 1045 0 3236 703 10 15 0 1 87 783 0 0 7 0 3 3 37 0 0
1524839818 27402 1045 0 3236 703 10 15 0 1 87 783 0 0 7 0 3 3 37 0 0
1525810374 27617 1045 0 3236 703 10 15 0 1 87 783 0 0 7 0 3 3 37 0 0
1525876936 41385 1045 0 3236 703 10 15 0 1 87 783 0 0 7 0 3 3 37 0 0
1525892766 41389 1045 0 3236 703 10 15 0 1 87 783 0 0 7 0 3 3 37 0 0
1526352466 41389 1045 0 3236 703 10 15 0 1 87 783 0 0 7 0 3 3 37 0 0
1526353869 41389 1045 0 3236 703 10 15 0 1 87 783 1 0 7 0 3 3 37 0 0
1526354051 41389 1045 0 3236 703 10 15 0 1 87 783 1 0 7 0 3 3 37 0 0
1526361668 41389 1045 0 3236 703 10 15 0 1 87 783 1 0 7 0 3 3 37 0 0
1530611297 41389 1045 0 3236 703 51 15 0 1 87 783 1 0 7 0 3 3 37 0 0
1530611763 41389 1045 0 3236 703 51 15 0 1 87 783 1 0 7 0 5 3 37 0 0
1532349347 41389 1045 0 3236 703 51 15 0 1 87 783 1 0 7 0 5 3 37 0 0
1536842241 41389 1045 0 3236 703 51 15 0 1 87 783 1 0 7 0 5 3 37 0 0
1539641703 41389 1045 0 3236 703 51 15 0 1 87 783 1 0 7 0 5 3 117 0 0
1539720600 41389 1045 0 3236 707 51 15 0 1 87 783 1 0 7 0 5 3 117 0 0
1539940392 41389 1045 0 3236 707 51 15 0 1 87 783 1 0 7 0 5 3 117 0 0
1540459228 41389 1045 0 3236 707 51 15 0 1 87 783 1 0 7 0 5 3 117 0 0
1540459473 41389 1045 0 3236 707 51 15 0 1 87 783 1 1 7 0 5 3 117 0 0
1540460602 41389 1045 0 3236 707 51 15 0 1 87 783 1 1 7 0 5 3 117 0 0
1540557616 41389 1045 0 3236 707 51 15 0 1 87 783 1 2995 7 0 5 3 117 0 0
1540920497 41389 1045 0 3236 707 51 15 0 1 87 783 1 6120 7 0 5 3 117 0 0
1541103284 41389 1045 1 3236 707 51 15 0 1 87 783 1 6120 7 0 5 3 117 0 0
1541104725 41389 1045 30 3236 707 51 15 0 1 87 783 1 6120 7 0 5 3 117 0 0
1541106329 41389 1045 36 3236 707 51 15 0 1 87 783 1 6120 7 0 5 3 117 0 0
1541107366 41389 1045 37 3236 707 51 15 0 1 87 783 1 6120 7 0 5 3 117 0 0
1541108235 41389 1045 39 3236 707 51 15 0 1 87 783 1 6120 7 0 5 3 117 0 0
1541109426 41389 1045 39 3236 707 51 15 0 1 87 783 1 6120 7 0 5 3 117 0 0
1541158937 41389 1045 50 3236 707 51 15 0 1 87 783 1 6120 7 0 5 3 117 0 0
1541186996 41389 1045 174 3236 707 51 15 0 1 87 783 1 6120 7 0 5 3 117 0 0
1541368547 41389 1045 200 3236 707 51 15 0 1 87 783 1 6120 7 0 5 3 117 0 0
1542013164 41389 1045 214 3236 707 51 15 0 1 87 783 1 6120 7 0 5 3 117 0 0
1542336274 41389 1045 214 3236 707 51 15 0 1 87 783 1 6120 7 0 5 3 117 0 0
1544110994 41389 1045 214 3236 707 57 15 0 1 87 783 1 6120 7 0 5 3 117 0 0
1544199830 41389 1045 214 3236 707 107 15 0 1 87 783 1 6120 7 0 5 3 117 0 0
1544829721 41389 1045 214 3236 707 115 15 0 1 87 783 1 6120 7 0 5 3 117 0 0
1545354297 41389 1045 214 3236 707 115 15 0 1 87 783 1 6120 7 0 5 3 117 0 0
1547821969 41389 1045 214 3236 707 115 15 0 1 87 783 72 6120 7 0 5 3 117 0 0
1547838523 41389 1045 214 3236 707 115 15 0 1 87 783 72 6120 7 0 5 3 117 0 0
1547841756 41389 1045 214 3236 707 115 15 0 1 87 783 72 6120 7 0 5 3 117 0 0
1547849009 41389 1045 214 3236 707 115 15 0 1 87 783 72 6120 7 0 5 3 117 0 0
1547853454 41389 1045 214 3236 707 115 15 0 1 87 783 72 6120 7 0 5 3 117 0 0
1547854369 41389 1045 214 3236 707 115 15 0 1 87 783 102 6120 7 0 5 3 117 0 0
1547865379 41389 1045 214 3236 707 115 15 0 1 87 783 102 6120 7 0 5 3 117 0 0
1548932464 41389 1045 214 3236 707 115 15 0 1 87 783 102 6121 7 0 5 3 117 0 0
1549314830 41389 1045 214 3236 707 115 15 0 1 87 783 102 6121 7 0 5 7 117 0 0
1549370975 41389 1045 214 3236 707 115 15 0 1 87 783 102 6124 7 0 5 7 117 0 0
1550832326 41389 1045 214 3236 707 115 15 0 1 87 783 102 6124 7 0 5 7 117 0 0
1552467870 41389 1045 215 3236 707 115 15 0 1 87 783 102 6124 7 0 5 7 117 0 0
1552468700 41389 1045 217 3236 707 115 15 0 1 87 783 102 6124 7 0 5 7 117 0 0
1552469645 41389 1045 221 3236 707 115 15 0 1 87 783 102 6124 7 0 5 7 117 0 0
1553113838 41389 1045 221 3236 707 197 15 0 1 87 783 102 6124 7 0 5 7 117 0 0
1553252831 41389 1045 221 3236 707 239 15 0 1 87 783 102 6124 7 0 5 7 117 0 0
1553716835 41389 1045 221 3236 707 247 15 0 1 87 783 102 6124 7 0 5 7 117 0 0
1553775436 41389 1045 269 3236 707 247 15 0 1 87 783 102 6124 7 0 5 7 117 0 0
1553807721 41389 1045 274 3236 707 247 15 0 1 87 783 102 6124 7 0 5 7 117 0 0
1553953228 41389 1045 282 3236 707 247 15 0 1 87 783 102 6124 7 0 5 7 117 0 0
1554219390 41389 1045 282 3236 707 247 15 0 1 87 783 102 6124 7 0 5 7 117 0 0
1554771594 41389 1045 282 3236 707 247 15 0 1 87 783 102 6124 7 0 5 7 117 0 0
1554848182 41389 1045 282 3236 707 247 15 0 1 87 783 102 6124 7 0 5 7 117 0 0
1554864144 41389 1045 282 3236 707 247 72 0 1 87 783 102 6124 7 0 5 7 117 0 0
1554917364 41389 1045 282 3236 707 247 72 0 1 87 783 102 6124 7 0 5 7 117 0 0
1554928188 41389 1045 312 3236 707 247 72 0 1 87 783 102 6124 7 0 5 7 117 0 0
1554999412 41389 1045 312 3236 707 247 72 0 1 87 783 190 6124 7 0 5 7 117 0 0
1556309433 41389 1045 312 3236 707 247 72 0 1 87 783 221 6124 7 0 5 7 117 0 0
1556458859 41389 1045 313 3236 707 247 72 0 1 87 783 221 6124 7 0 5 7 117 0 0
1556563836 41389 1045 314 3236 707 247 72 0 1 87 783 221 6124 7 0 5 7 117 0 0
1556569110 41389 1045 328 3236 707 247 72 0 1 87 783 221 6124 7 0 5 7 117 0 0
1556643323 41389 1045 328 3236 707 247 72 0 1 87 783 221 6124 7 0 5 7 117 0 0
1556648898 41389 1045 342 3236 707 247 72 0 1 87 783 221 6124 7 0 5 7 117 0 0
1556756786 41389 1045 342 3236 707 247 72 0 1 87 783 221 6124 20 0 5 7 117 0 0
1556883851 41389 1045 342 3236 707 247 72 0 1 87 783 221 6124 20 0 5 9 117 0 0
1556931432 41389 1045 342 3236 707 247 72 0 1 87 783 221 6124 28 0 5 9 117 0 0
1557255305 41389 1045 342 3236 707 247 72 0 1 87 783 221 6124 36 0 5 9 117 0 0
1557798140 41389 1045 342 3236 707 247 72 0 1 87 783 221 6124 36 0 5 9 117 0 0
1558039479 41389 1045 342 3236 707 247 72 0 1 87 783 221 6124 36 0 5 9 117 0 0
1559146137 41389 1045 342 3236 707 247 72 0 1 87 783 221 6124 36 0 5 9 117 0 0
1559157015 41389 1045 342 3236 707 247 72 13 1 87 783 221 6124 36 0 5 9 117 0 0
1559243911 41389 1045 342 3236 707 247 72 15 1 87 783 221 6124 36 0 5 9 117 0 0
1559344163 41389 1045 342 3236 707 247 72 15 1 87 783 221 6124 36 0 5 9 117 0 0
1559345009 41389 1045 342 3236 707 247 72 16 1 87 783 221 6124 36 0 5 9 117 0 0
1559692005 41389 1045 342 3236 707 247 72 16 1 87 783 221 6124 42 0 5 9 117 0 0
1559693327 41389 1045 342 3236 707 247 72 16 1 87 783 221 6124 42 0 5 9 117 0 0
1559837704 41389 1045 342 3236 707 257 72 16 1 87 783 221 6124 42 0 5 9 117 0 0
1559855116 41389 1045 342 3236 707 257 124 16 1 87 783 221 6124 42 0 5 9 117 0 0
1559857974 41389 1045 342 3236 707 257 124 22 1 87 783 221 6124 42 0 5 9 117 0 0
1560428954 41389 1045 342 3236 707 257 124 22 1 87 783 221 6124 42 0 5 9 117 0 0
1560937916 41389 1045 342 3236 707 257 124 22 1 87 783 221 6124 42 0 5 9 117 0 0
1560948148 41389 1045 342 3236 707 257 150 22 1 87 783 221 6124 42 0 5 9 117 0 0
1560950949 41389 1045 357 3236 707 257 150 22 1 87 783 221 6124 42 0 5 9 117 0 0
1562700807 41389 1045 357 3236 707 257 150 22 1 87 783 221 6124 42 0 5 9 117 0 0
1562702549 41389 1045 357 3236 707 257 150 22 1 87 783 221 6124 42 0 5 9 117 0 0
1565009120 41389 1045 357 3236 707 265 150 22 1 87 783 221 6124 42 0 5 9 117 0 0
1567128850 41389 1045 357 3236 707 265 150 24 1 87 783 221 6124 42 0 5 9 117 0 0
1568410947 41389 1045 357 3236 707 265 150 24 1 87 783 221 6124 42 0 5 9 117 0 0
1568415079 41389 1045 357 3236 800 265 150 24 1 87 783 221 6124 42 0 5 9 117 0 0
1568423009 41389 1045 357 3236 858 265 150 24 1 87 783 221 6124 42 0 5 9 117 0 0
1568624236 41389 1045 357 3236 886 265 150 24 1 87 783 221 6124 42 0 5 9 117 0 0
1568653415 41389 1045 357 3236 886 265 150 24 1 87 783 221 6124 42 0 5 9 117 13 0
1569269095 41389 1045 357 3236 886 265 150 24 1 87 783 221 6124 42 0 5 9 117 13 0
1570134034 41389 1045 358 3236 886 265 150 24 1 87 783 221 6124 42 0 5 9 117 13 0
1570477010 41389 1045 358 3236 886 384 150 24 1 87 783 221 6124 42 0 5 9 117 13 0
1570484172 41389 1045 358 3236 886 384 150 24 1 87 783 221 6124 42 0 5 9 117 13 97
1570749936 41389 1045 358 3236 902 384 150 24 1 87 783 221 6124 42 0 5 9 117 13 97
1570824948 41389 1045 358 3236 902 384 150 24 1 87 783 221 6124 42 0 5 9 117 13 97
1570825241 41389 1045 358 3236 902 384 150 24 1 87 783 221 6124 42 3 5 9 117 13 97
1570826030 41389 1045 358 3236 902 427 150 24 1 87 783 221 6124 42 3 5 9 117 13 97
1571408448 41389 1045 358 3236 902 429 150 24 1 87 783 221 6124 42 3 5 9 117 13 97
1573186142 41389 1045 358 3236 902 429 150 24 1 87 783 221 6124 42 3 5 9 117 13 97
1573186618 41389 1045 358 3236 902 429 150 24 1 87 783 221 6124 42 3 5 9 117 13 97
1573186813 41389 1045 358 3236 902 429 150 24 1 87 783 221 6124 42 3 5 9 117 13 97
1573677052 41389 1045 358 3236 902 429 150 24 1 87 783 221 6124 42 3 5 9 117 13 97
1575309497 41389 1045 358 3236 904 429 332 24 1 87 783 221 6124 42 3 5 34 117 13 97
1575501685 41389 1045 358 3236 904 429 332 24 1 87 783 221 6124 42 7 5 34 117 13 97
1579114561 41389 1045 358 3236 904 429 332 24 1 87 783 221 6124 42 7 5 34 117 13 97
1579114804 41389 1045 358 3236 904 429 332 24 1 87 783 221 6124 42 7 5 34 117 13 97
1579114836 41389 1045 358 3236 904 429 332 24 1 87 783 221 6124 42 7 5 34 117 13 97
1579902497 41389 1045 358 3236 904 429 332 24 1 87 783 221 6124 42 9 5 34 117 13 97
1579902791 41389 1045 358 3236 904 429 332 24 1 87 783 221 6124 42 10 5 34 117 13 97
1579906561 41389 1045 383 3236 904 429 332 24 1 87 783 221 6124 42 10 5 34 117 13 97
1579906790 41389 1045 384 3236 904 429 332 24 1 87 783 221 6124 42 10 5 34 117 13 97
1580169377 41389 1045 386 3236 904 429 332 24 1 87 783 221 6124 42 10 5 34 117 13 97
1580169624 41389 1045 386 3236 904 429 332 24 1 87 783 221 6124 42 10 5 34 117 13 98
1580770538 41389 1045 400 3236 904 429 332 24 1 87 783 221 6124 42 10 5 34 117 13 98
1580770910 41389 1045 405 3236 904 429 332 24 1 87 783 221 6124 42 10 5 34 117 13 98
1581123150 41389 1045 405 3236 904 429 332 24 1 87 783 221 6124 42 10 5 34 117 13 98
1581384498 41389 1045 405 3236 904 429 332 24 1 87 783 221 6124 42 10 5 34 117 13 98
1582850726 41389 1045 405 3236 904 429 332 24 1 87 783 221 6124 42 10 5 34 117 13 154
1583300030 41389 1045 405 3236 912 429 332 24 1 87 783 221 6124 42 10 5 34 117 13 154
1583534788 41389 1045 405 3236 935 429 332 24 1 87 783 221 6124 42 10 5 34 117 13 154
1584583052 41389 1045 405 3236 935 429 385 24 1 87 783 221 6124 42 10 5 34 117 13 154
1584729261 41389 1045 405 3236 949 429 385 24 1 87 783 221 6124 42 10 5 34 117 13 154
1584747085 41389 1045 405 3236 949 429 385 24 1 87 783 221 6124 42 10 5 34 117 13 154
1585249953 41389 1045 405 3236 949 429 386 24 1 87 783 221 6124 42 10 5 34 117 13 154
1585250547 41389 1045 405 3236 949 429 403 24 1 87 783 221 6124 42 10 5 34 117 13 154
1585631739 41389 1045 405 3236 949 429 403 28 1 87 783 221 6124 42 10 5 34 117 13 154
1587062463 41389 1045 405 3236 949 429 403 30 1 87 783 221 6124 42 10 5 34 117 13 154
1589588028 41389 1045 405 3236 949 429 403 30 1 87 783 221 6124 42 10 5 34 117 13 154
1592417425 41389 1045 405 3236 949 429 403 34 1 87 783 221 6124 42 10 5 34 117 13 154
1592872504 41389 1045 405 3236 949 429 403 34 1 87 783 221 6124 42 10 5 34 117 13 168
1592947296 41389 1045 405 3236 949 429 403 34 1 87 783 221 6124 42 10 5 34 117 33 168
1593204024 41389 1045 405 3236 949 429 403 34 1 87 783 221 6124 42 10 5 34 117 33 168
1598486111 41389 1045 405 3236 949 429 403 34 1 87 783 221 6124 42 10 5 34 117 33 168
1602651184 41389 1045 405 3236 949 429 403 34 1 87 783 221 6124 42 10 5 34 117 33 168
1606021965 41389 1045 405 3236 949 429 403 34 1 87 783 221 6124 42 10 5 34 117 33 168
1610665246 41389 1045 405 3236 949 429 403 34 1 87 783 221 6124 42 10 5 34 117 33 168
1611261769 41389 1045 407 3236 949 429 403 34 1 87 783 221 6124 42 10 5 34 117 33 168
1611879114 41389 1045 407 3236 949 429 403 34 1 87 783 221 6124 42 10 5 34 117 33 168
1613502918 41389 1045 407 3236 949 429 403 34 1 87 783 221 6124 42 10 5 34 117 33 168
1614378722 41389 1045 416 3236 949 429 403 34 1 87 783 221 6124 42 10 5 34 117 33 168
1614628791 41389 1045 419 3236 949 429 403 34 1 87 783 221 6124 42 10 5 34 117 33 168
1614660680 41389 1045 419 3236 949 429 403 34 1 87 783 221 6124 42 10 5 34 117 35 168
1616475884 41389 1045 419 3236 949 429 403 34 1 87 783 221 6124 42 10 5 34 117 35 168
1619037588 41389 1045 419 3236 949 429 403 34 1 87 783 221 6124 42 10 5 34 117 35 168
1619059844 41389 1045 419 3236 949 429 403 34 1 87 783 221 6124 42 10 5 34 117 35 168
1620152396 41389 1045 419 3236 949 429 403 34 1 87 783 221 6124 42 10 5 34 117 35 168
1620162164 41389 1045 419 3236 949 429 403 34 1 87 783 221 6124 42 10 5 34 117 35 168
1620164196 41389 1045 419 3236 949 429 403 34 1 87 783 221 6124 42 10 5 34 117 35 168
1621556997 41389 1045 419 3236 949 429 403 34 1 87 783 221 6124 42 10 5 34 117 35 168
1622051886 41389 1045 419 3236 949 429 403 34 1 87 783 221 6124 42 10 5 34 117 38 168
1623455452 41389 1045 419 3236 949 429 403 34 1 87 783 221 6124 42 10 5 34 117 38 168
