1490718345 7669
1491302234 7711
1492088641 7815
1492088769 7825
1493726243 7534
1495808286 7539
1496174255 8215
1496174605 8215
1496185949 8279
1499169795 8272
1499170131 8271
1499173035 8264
1499173692 8261
1507109616 8264
1507110004 8266
1507114852 8272
1509722063 8280
1515514287 8277
1515522707 8291
1516100857 8291
1527144558 8291
1553076672 8291
1565701468 8418
1565705282 8418
1565728953 8418
1566552749 8418
1566555931 8418
1568764583 8466
1573170157 7788
1573212301 8466
1578051403 8479
1581425895 8479
1592490427 9329
1597654304 9330
1597657343 9322
1597657360 9322
1597657930 9391
1597658006 9391
1597753349 9391
1597753458 9391
1603267962 9399
1603268268 9399
1603268313 9399
1603268461 9405
1603268509 9413
1635955509 9735
1636619276 9737
1642676113 9736
1649752335 9736
1654878214 9821
1657540731 9816
1657613942 9816
1657615993 9806
1657619625 9808
1657785645 9897
1661756782 9898
1662709199 9905
1662712411 9886
1663167961 9886
1665571754 9982
1665571807 9984
1665572020 9984
1665572123 9984
1665572382 9995
1665572507 10003
1665572651 10011
1665573003 10011
1665573220 10011
1665573384 10011
1665573912 10012
1665654344 10013
1665654714 10013
1665697453 10013
1666129875 10013
1666670452 10013
1669269051 10013
1669321154 10013
1669668427 10013
1671828487 10013
1672835152 10024
1672839973 10024
1672840092 10024
1672911408 10006
1673297249 10006
1674011360 10006
1674097798 10006
1675151325 10006
1676325041 10006
1677059373 10006
1677208224 10006
1678394389 10006
1678782462 10006
1678917684 10006
1679108834 10006
1679617881 10006
1679988589 10006
1680266311 10017
1680847810 10017
1682132825 10017
1683086228 10017
1684483922 10032
1684491344 10058
1684493224 10058
1684494519 10058
1684508509 10058
1684552058 10058
1685028398 10058
1685081530 10105
1685430113 10105
1685502683 10105
1685524570 10105
1686305423 10105
1686345856 10083
1686366369 10083
1686453288 10083
1686808480 10083
1688094792 10083
1688181712 10083
1688194640 10083
1688661515 10205
1688661623 10205
1688699684 10215
1688699731 10215
1688699972 10215
1688981635 10215
1689650284 10215
