1563182687 283
1563188711 233
1563273667 367
1563522614 493
1564667356 503
1564671875 517
1564995467 518
1564995489 518
1565593771 549
1571029923 549
1571046154 549
1571223418 549
1571236014 566
1572847562 566
1572858349 571
1573198204 574
1575470667 577
1578560282 633
1580710350 631
1580730961 631
1583155367 631
1585747187 631
1591192121 634
1597653761 1024
1597653838 1024
1597677288 1051
1597680614 1050
1603787589 1050
1603787634 1039
1605857133 1039
1605857269 1034
1610710171 1047
1611675054 1047
1612880706 1422
