1526086107 1258
1526934637 1260
1526938692 1299
1526939763 1303
1526951604 1303
1527730257 1197
1527730631 1189
1531707832 1229
1531714938 1331
1532287120 1336
1533265570 1384
1535026258 1386
1535026664 1385
1535219598 1398
1535223955 1481
1535243983 1745
1537857259 1772
1542255982 1780
1542257407 1782
1542257476 1782
1542258426 1794
1542258466 1794
1542258501 1806
1542258551 1807
1542258663 1807
1550535654 2012
1550536685 2012
1550536977 2012
1550537469 2003
1553235229 2015
1555122091 1960
1555211729 1964
1555285139 1960
1555285227 1964
1557092519 2343
1557094574 2323
1557095660 2325
1557860689 2343
1557871747 2343
1557942738 2344
1557965964 2346
1561504966 2345
1561603050 2398
1562548987 2414
1564895010 2414
1565236757 2416
1566237486 2416
1567144748 2431
1567146167 2431
1570091680 2466
1570560539 2467
1571046948 2468
1571334654 2470
1571756929 2471
1572417248 2472
1572418246 2474
1572418791 2478
1572418890 2475
1572419896 2478
1582434082 2478
1582446165 2516
1582702647 2518
1582790128 2520
1582791861 2520
1582852115 2523
1583780858 2525
1583818353 2527
1583818408 3772
1583828274 3760
1583828424 3760
1583885253 3760
1584407801 3760
1585479010 3791
1586901382 3791
1587233564 3791
1589486146 3794
1589686343 3797
1591740977 3805
1591742958 3807
1592330933 3809
1592364050 3833
1592364292 3846
1592365145 3847
1592371472 3852
1592717833 3939
1592837972 3852
1594755773 3897
1598335567 3898
1598336283 3906
1602235851 3906
1603173184 3920
1603173876 3920
1603176005 3933
1609712606 4002
1616688466 4071
1619568041 3952
1621295771 3956
1632019566 3994
1632028949 3997
1632029256 3995
1632030341 3984
1632030603 3993
1632030735 3999
1632090405 4015
1632090752 4015
1632097273 4019
1632098035 3979
1632103870 3997
1632107955 4009
1632112275 4012
1632138505 4071
1632139201 4163
1632188541 3777
1632191125 3770
1632195019 3833
1632201048 3833
1632281056 3832
1632296642 4140
1632298495 4111
1632300251 4119
1632300423 4077
1632329717 4079
1632340871 4083
1632369097 4122
1632376486 4125
1632379865 4234
1632389843 4343
1632411761 4410
1632427803 4416
1632427844 4398
1632428112 4399
1632578147 4449
1632593640 4450
1632626770 4562
1632667239 4583
1632687526 4583
1632761693 4585
1632814711 4742
1633074034 4687
1634179417 4708
1634179524 4891
1634225840 4897
1634315740 4897
1635438798 4897
1635517168 4920
1639780290 4920
1640804731 4920
1646593299 4964
1646594542 4973
1646603032 5003
1646603623 5015
1646642616 5212
1646724146 5367
1646724217 5367
1646724736 5315
1646726283 5314
1646728272 5332
1646729907 5332
1646732233 5327
1647823705 5329
1648159995 5301
1648162734 5307
1649277171 5306
1649287241 5329
1649875312 5327
1649877846 5322
1649878009 5323
1649878576 5325
1649884546 5261
1650158744 5288
1650224386 5288
1650224836 5290
1650225873 5319
1650228039 5320
1650228465 5320
1653083697 5324
1653330981 5330
1653336775 5352
1653337065 5330
1653340551 5340
1653346800 5352
1654211163 5352
1659547976 5357
1660580098 5357
1660669774 5357
1660761049 5363
1660868536 5368
1667703724 5375
1668056907 5374
1669247354 5485
1669257127 5485
1669980933 5544
1670018436 5624
1670023900 5628
1670482534 5628
1671474980 5634
1671476374 5634
1671699435 5635
1672986996 5662
1672988365 5662
1672990899 5658
1672991069 5640
1673738065 5668
1673902993 5668
1673903871 5685
1673904276 5686
1673904432 5686
1673904896 5686
1673913747 5686
1673938610 5702
1673949342 5756
1673980381 5785
1673984161 5789
1673992095 5842
1673995030 5842
1674096774 5701
1675452694 5702
1675983226 5704
1678450060 5705
1681066324 5720
1681213591 5720
1681449453 5720
1684169309 5771
1684445071 5803
1684995448 5818
1686544262 5822
1689628056 5824
1689631561 5821
1689632839 5821
