1544908763 670
1545428027 728
1545428095 730
1545505247 765
1545506562 779
1545508743 788
1545523894 790
1545530074 819
1547097480 840
1547099243 881
1547099499 881
1547100777 875
1547303224 2627
1547319079 879
1547327338 893
1547494214 8268
1547934252 8281
1548211370 8283
1548627301 8317
1548637354 8327
1548819556 8336
1549511810 8421
1549512390 8421
1550032950 8377
1551592776 2450
1551593667 2550
1551594217 2606
1569650307 2598
1569650398 2598
1569658159 2598
1570100386 2610
1570100736 2610
1570100801 2634
1570713063 2635
1570713219 2642
1570713581 2675
1570713688 2674
1570786239 2674
1571470132 2675
1571471524 2676
1614049452 2681
1625064859 2680
1625399828 2681
1651042143 2709
1651042176 2718
1651117789 2730
1651119616 2730
1660193197 2995
1660194990 2989
1660197598 2989
1670904258 3975
1683963526 2992
1683964463 3043
1683965918 3043
1683967465 3044
1683979150 3043
1683981592 3091
1683987811 3088
1684041693 3243
1684043859 3271
1684049009 3388
1684053955 3707
1684055189 3708
1684122126 3975
1684123580 3979
1684125898 4265
1684131116 4265
