1509138914 1 0 0 0 0 0 0 0 0 0 0 0 0 0 0 0 0 0 0 0
1509738729 2 0 0 0 0 0 0 0 0 0 0 0 0 0 0 0 0 0 0 0
1510603544 3 0 0 0 0 0 0 0 0 0 0 0 0 0 0 0 0 0 0 0
1510606334 4 0 0 0 0 0 0 0 0 0 0 0 0 0 0 0 0 0 0 0
1510609322 5 0 0 0 0 0 0 0 0 0 0 0 0 0 0 0 0 0 0 0
1510609752 6 0 0 0 0 0 0 0 0 0 0 0 0 0 0 0 0 0 0 0
1510617003 7 0 0 0 0 0 0 0 0 0 0 0 0 0 0 0 0 0 0 0
1512072381 8 0 0 0 0 0 0 0 0 0 0 0 0 0 0 0 0 0 0 0
1512501771 9 0 0 0 0 0 0 0 0 0 0 0 0 0 0 0 0 0 0 0
1512677204 10 0 0 0 0 0 0 0 0 0 0 0 0 0 0 0 0 0 0 0
1512679857 11 0 0 0 0 0 0 0 0 0 0 0 0 0 0 0 0 0 0 0
1513272041 12 0 0 0 0 0 0 0 0 0 0 0 0 0 0 0 0 0 0 0
1513272767 13 0 0 0 0 0 0 0 0 0 0 0 0 0 0 0 0 0 0 0
1513273941 14 0 0 0 0 0 0 0 0 0 0 0 0 0 0 0 0 0 0 0
1513633000 14 0 0 0 0 0 0 0 0 0 0 0 0 0 0 0 0 0 0 0
1513638836 14 0 0 0 0 0 0 0 0 0 0 0 0 0 1 0 0 0 0 0
1513640639 15 0 0 0 0 0 0 0 0 0 0 0 0 0 1 0 0 0 0 0
1513798054 16 0 0 0 0 0 0 0 0 0 0 0 0 0 1 0 0 0 0 0
1513798360 17 0 0 0 0 0 0 0 0 0 0 0 0 0 1 0 0 0 0 0
1513798459 18 0 0 0 0 0 0 0 0 0 0 0 0 0 1 0 0 0 0 0
1513798741 19 0 0 0 0 0 0 0 0 0 0 0 0 0 1 0 0 0 0 0
1513888492 20 0 0 0 0 0 0 0 0 0 0 0 0 0 1 0 0 0 0 0
1513972908 21 0 0 0 0 0 0 0 0 0 0 0 0 0 1 0 0 0 0 0
1513976039 22 0 0 0 0 0 0 0 0 0 0 0 0 0 1 0 0 0 0 0
1513976054 23 0 0 0 0 0 0 0 0 0 0 0 0 0 1 0 0 0 0 0
1514399257 24 0 0 0 0 0 0 0 0 0 0 0 0 0 1 0 0 0 0 0
1514399313 25 0 0 0 0 0 0 0 0 0 0 0 0 0 1 0 0 0 0 0
1514496690 25 0 0 0 0 0 0 0 0 0 0 0 0 0 1 0 0 0 0 0
1514917017 26 0 0 0 0 0 0 0 0 0 0 0 0 0 1 0 0 0 0 0
1514932512 27 0 0 0 0 0 0 0 0 0 0 0 0 0 1 0 0 0 0 0
1514932638 28 0 0 0 0 0 0 0 0 0 0 0 0 0 1 0 0 0 0 0
1515088809 29 0 0 0 0 0 0 0 0 0 0 0 0 0 1 0 0 0 0 0
1515099371 30 0 0 0 0 0 0 0 0 0 0 0 0 0 1 0 0 0 0 0
1515099533 31 0 0 0 0 0 0 0 0 0 0 0 0 0 1 0 0 0 0 0
1515100278 32 0 0 0 0 0 0 0 0 0 0 0 0 0 1 0 0 0 0 0
1515179171 33 0 0 0 0 0 0 0 0 0 0 0 0 0 1 0 0 0 0 0
1515179288 34 0 0 0 0 0 0 0 0 0 0 0 0 0 1 0 0 0 0 0
1515452664 35 0 0 0 0 0 0 0 0 0 0 0 0 0 1 0 0 0 0 0
1515452679 36 0 0 0 0 0 0 0 0 0 0 0 0 0 1 0 0 0 0 0
1515520506 37 0 0 0 0 0 0 0 0 0 0 0 0 0 1 0 0 0 0 0
1515693339 38 0 0 0 0 0 0 0 0 0 0 0 0 0 1 0 0 0 0 0
1515694278 39 0 0 0 0 0 0 0 0 0 0 0 0 0 1 0 0 0 0 0
1515703427 40 0 0 0 0 0 0 0 0 0 0 0 0 0 1 0 0 0 0 0
1515775620 41 0 0 0 0 0 0 0 0 0 0 0 0 0 1 0 0 0 0 0
1515775634 42 0 0 0 0 0 0 0 0 0 0 0 0 0 1 0 0 0 0 0
1516649627 43 0 0 0 0 0 0 0 0 0 0 0 0 0 1 0 0 0 0 0
1516902218 44 0 0 0 0 0 0 0 0 0 0 0 0 0 1 0 0 0 0 0
1517266558 45 0 0 0 0 0 0 0 0 0 0 0 0 0 1 0 0 0 0 0
1517357212 46 0 0 0 0 0 0 0 0 0 0 0 0 0 1 0 0 0 0 0
1517502539 47 0 0 0 0 0 0 0 0 0 0 0 0 0 1 0 0 0 0 0
1517502604 47 0 0 0 0 0 0 0 0 0 0 0 0 0 1 0 0 0 0 0
1517597052 48 0 0 0 0 0 0 0 0 0 0 0 0 0 1 0 0 0 0 0
1517604007 48 0 0 0 0 0 0 0 0 0 0 0 0 0 1 0 0 0 0 0
1517960000 49 0 0 0 0 0 0 0 0 0 0 0 0 0 1 0 0 0 0 0
1517960014 50 0 0 0 0 0 0 0 0 0 0 0 0 0 1 0 0 0 0 0
1518027943 51 0 0 0 0 0 0 0 0 0 0 0 0 0 1 0 0 0 0 0
1518029497 52 0 0 0 0 0 0 0 0 0 0 0 0 0 1 0 0 0 0 0
1518190136 52 0 0 0 0 0 0 0 0 0 0 0 0 0 1 0 0 0 0 0
1518377456 53 0 0 0 0 0 0 0 0 0 0 0 0 0 1 0 0 0 0 0
1518640013 54 0 0 0 0 0 0 0 0 0 0 0 0 0 1 0 0 0 0 0
1518645508 55 0 0 0 0 0 0 0 0 0 0 0 0 0 1 0 0 0 0 0
1518707690 55 0 0 0 0 0 0 0 0 0 0 0 0 0 2 0 0 0 0 0
1518794088 56 0 0 0 0 0 0 0 0 0 0 0 0 0 2 0 0 0 0 0
1519430927 57 0 0 0 0 0 0 0 0 0 0 0 0 0 2 0 0 0 0 0
1519431690 58 0 0 0 0 0 0 0 0 0 0 0 0 0 2 0 0 0 0 0
1519670785 59 0 0 0 0 0 0 0 0 0 0 0 0 0 2 0 0 0 0 0
1519858453 59 0 0 0 0 0 0 0 0 0 0 0 1 0 2 0 0 0 0 0
1519916565 60 0 0 0 0 0 0 0 0 0 0 0 1 0 2 0 0 0 0 0
1520015396 61 0 0 0 0 0 0 0 0 0 0 0 1 0 2 0 0 0 0 0
1520016021 62 0 0 0 0 0 0 0 0 0 0 0 1 0 2 0 0 0 0 0
1520284935 63 0 0 0 0 0 0 0 0 0 0 0 1 0 2 0 0 0 0 0
1520435002 64 0 0 0 0 0 0 0 0 0 0 0 1 0 2 0 0 0 0 0
1520540434 65 0 0 0 0 0 0 0 0 0 0 0 1 0 2 0 0 0 0 0
1520951921 66 0 0 0 0 0 0 0 0 0 0 0 1 0 2 0 0 0 0 0
1520954156 67 0 0 0 0 0 0 0 0 0 0 0 1 0 2 0 0 0 0 0
1521566245 68 0 0 0 0 0 0 0 0 0 0 0 1 0 2 0 0 0 0 0
1521844433 69 0 0 0 0 0 0 0 0 0 0 0 1 0 2 0 0 0 0 0
1521844464 70 0 0 0 0 0 0 0 0 0 0 0 1 0 2 0 0 0 0 0
1521846686 71 0 0 0 0 0 0 0 0 0 0 0 1 0 2 0 0 0 0 0
1522688693 72 0 0 0 0 0 0 0 0 0 0 0 1 0 2 0 0 0 0 0
1522697913 73 0 0 0 0 0 0 0 0 0 0 0 1 0 2 0 0 0 0 0
1522697929 74 0 0 0 0 0 0 0 0 0 0 0 1 0 2 0 0 0 0 0
1522699849 75 0 0 0 0 0 0 0 0 0 0 0 1 0 2 0 0 0 0 0
1522871538 76 0 0 0 0 0 0 0 0 0 0 0 1 0 2 0 0 0 0 0
1523976498 77 0 0 0 0 0 0 0 0 0 0 0 1 0 2 0 0 0 0 0
1524246914 78 0 0 0 0 0 0 0 0 0 0 0 1 0 2 0 0 0 0 0
1525705563 79 0 0 0 0 0 0 0 0 0 0 0 1 0 2 0 0 0 0 0
1525705574 80 0 0 0 0 0 0 0 0 0 0 0 1 0 2 0 0 0 0 0
1525798592 81 0 0 0 0 0 0 0 0 0 0 0 1 0 2 0 0 0 0 0
1525801743 82 0 0 0 0 0 0 0 0 0 0 0 1 0 2 0 0 0 0 0
1525808654 83 0 0 0 0 0 0 0 0 0 0 0 1 0 2 0 0 0 0 0
1525809678 84 0 0 0 0 0 0 0 0 0 0 0 1 0 2 0 0 0 0 0
1527099744 85 0 0 0 0 0 0 0 0 0 0 0 1 0 2 0 0 0 0 0
1527107253 86 0 0 0 0 0 0 0 0 0 0 0 1 0 2 0 0 0 0 0
1527259059 87 0 0 0 0 0 0 0 0 0 0 0 1 0 2 0 0 0 0 0
1527259085 88 0 0 0 0 0 0 0 0 0 0 0 1 0 2 0 0 0 0 0
1527264508 89 0 0 0 0 0 0 0 0 0 0 0 1 0 2 0 0 0 0 0
1527611197 90 0 0 0 0 0 0 0 0 0 0 0 1 0 2 0 0 0 0 0
1527775692 91 0 0 0 0 0 0 0 0 0 0 0 1 0 2 0 0 0 0 0
1527775708 92 0 0 0 0 0 0 0 0 0 0 0 1 0 2 0 0 0 0 0
1528402753 93 0 0 0 0 0 0 0 0 0 0 0 1 0 2 0 0 0 0 0
1528405882 94 0 0 0 0 0 0 0 0 0 0 0 1 0 2 0 0 0 0 0
1528829703 95 0 0 0 0 0 0 0 0 0 0 0 1 0 2 0 0 0 0 0
1529589627 96 0 0 0 0 0 0 0 0 0 0 0 1 0 2 0 0 0 0 0
1529938844 96 0 0 0 0 0 0 0 0 0 0 0 1 0 2 0 0 0 0 0
1529939189 97 0 0 0 0 0 0 0 0 0 0 0 1 0 2 0 0 0 0 0
1529950641 98 0 0 0 0 0 0 0 0 0 0 0 1 0 2 0 0 0 0 0
1529963730 99 0 0 0 0 0 0 0 0 0 0 0 1 0 2 0 0 0 0 0
1530111993 99 0 0 0 0 0 0 0 0 0 0 0 1 0 2 0 0 0 0 1
1530559166 100 0 0 0 0 0 0 0 0 0 0 0 1 0 2 0 0 0 0 1
1530565233 100 0 0 0 0 0 0 0 0 0 0 0 1 0 2 0 0 0 0 2
1530635306 101 0 0 0 0 0 0 0 0 0 0 0 1 0 2 0 0 0 0 2
1530636029 102 0 0 0 0 0 0 0 0 0 0 0 1 0 2 0 0 0 0 2
1530636609 103 0 0 0 0 0 0 0 0 0 0 0 1 0 2 0 0 0 0 2
1530639780 104 0 0 0 0 0 0 0 0 0 0 0 1 0 2 0 0 0 0 2
1530647576 105 0 0 0 0 0 0 0 0 0 0 0 1 0 2 0 0 0 0 2
1530895543 105 0 0 0 0 0 0 0 0 0 0 0 1 0 2 0 0 0 0 2
1530899530 106 0 0 0 0 0 0 0 0 0 0 0 1 0 2 0 0 0 0 2
1531158262 107 0 0 0 0 0 0 0 0 0 0 0 1 0 2 0 0 0 0 2
1531160379 108 0 0 0 0 0 0 0 0 0 0 0 1 0 2 0 0 0 0 2
1531162576 109 0 0 0 0 0 0 0 0 0 0 0 1 0 2 0 0 0 0 2
1531165236 110 0 0 0 0 0 0 0 0 0 0 0 1 0 2 0 0 0 0 2
1531243482 111 0 0 0 0 0 0 0 0 0 0 0 1 0 2 0 0 0 0 2
1531322167 112 0 0 0 0 0 0 0 0 0 0 0 1 0 2 0 0 0 0 2
1532725052 113 0 0 0 0 0 0 0 0 0 0 0 1 0 2 0 0 0 0 2
1533046580 113 0 0 0 0 0 0 0 0 0 0 0 1 0 2 0 0 0 0 2
1533060368 113 0 0 0 0 0 0 0 0 0 0 0 1 0 2 0 0 0 0 2
1533236106 114 0 0 0 0 0 0 0 0 0 0 0 1 0 2 0 0 0 0 2
1533308200 114 0 0 0 0 0 0 0 0 1 0 0 1 0 2 0 0 0 0 2
1533308283 114 0 0 0 0 0 0 0 0 2 0 0 1 0 2 0 0 0 0 2
1533308561 114 0 0 0 0 0 0 0 0 3 0 0 1 0 2 0 0 0 0 2
1533316276 115 0 0 0 0 0 0 0 0 3 0 0 1 0 2 0 0 0 0 2
1533317325 116 0 0 0 0 0 0 0 0 3 0 0 1 0 2 0 0 0 0 2
1533324577 116 0 0 0 0 0 0 0 0 4 0 0 1 0 2 0 0 0 0 2
1533579913 117 0 0 0 0 0 0 0 0 4 0 0 1 0 2 0 0 0 0 2
1533580529 118 0 0 0 0 0 0 0 0 4 0 0 1 0 2 0 0 0 0 2
1533593389 119 0 0 0 0 0 0 0 0 4 0 0 1 0 2 0 0 0 0 2
1533747696 120 0 0 0 0 0 0 0 0 4 0 0 1 0 2 0 0 0 0 2
1534354295 121 0 0 0 0 0 0 0 0 4 0 0 1 0 2 0 0 0 0 2
1534354310 122 0 0 0 0 0 0 0 0 4 0 0 1 0 2 0 0 0 0 2
1534445365 123 0 0 0 0 0 0 0 0 4 0 0 1 0 2 0 0 0 0 2
1534450425 124 0 0 0 0 0 0 0 0 4 0 0 1 0 2 0 0 0 0 2
1534514481 124 0 0 0 0 0 0 0 0 4 0 0 1 0 2 0 0 0 0 2
1535228221 125 0 0 0 0 0 0 0 0 4 0 0 1 0 2 0 0 0 0 2
1536180461 126 0 0 0 0 0 0 0 0 4 0 0 1 0 2 0 0 0 0 2
1536185078 127 0 0 0 0 0 0 0 0 4 0 0 1 0 2 0 0 0 0 2
1536267707 128 0 0 0 0 0 0 0 0 4 0 0 1 0 2 0 0 0 0 2
1536678911 128 0 0 0 0 0 0 0 0 4 0 0 1 0 2 0 1 0 0 2
1536872967 129 0 0 0 0 0 0 0 0 4 0 0 1 0 2 0 1 0 0 2
1536873275 130 0 0 0 0 0 0 0 0 4 0 0 1 0 2 0 1 0 0 2
1536873952 131 0 0 0 0 0 0 0 0 4 0 0 1 0 2 0 1 0 0 2
1537304059 132 0 0 0 0 0 0 0 0 4 0 0 1 0 2 0 1 0 0 2
1537464104 133 0 0 0 0 0 0 0 0 4 0 0 1 0 2 0 1 0 0 2
1537464118 134 0 0 0 0 0 0 0 0 4 0 0 1 0 2 0 1 0 0 2
1537464145 135 0 0 0 0 0 0 0 0 4 0 0 1 0 2 0 1 0 0 2
1537477307 136 0 0 0 0 0 0 0 0 4 0 0 1 0 2 0 1 0 0 2
1537478199 137 0 0 0 0 0 0 0 0 4 0 0 1 0 2 0 1 0 0 2
1537912369 138 0 0 0 0 0 0 0 0 4 0 0 1 0 2 0 1 0 0 2
1538071711 139 0 0 0 0 0 0 0 0 4 0 0 1 0 2 0 1 0 0 2
1538167616 140 0 0 0 0 0 0 0 0 4 0 0 1 0 2 0 1 0 0 2
1538404132 141 0 0 0 0 0 0 0 0 4 0 0 1 0 2 0 1 0 0 2
1538412330 142 0 0 0 0 0 0 0 0 4 0 0 1 0 2 0 1 0 0 2
1538514130 143 0 0 0 0 0 0 0 0 4 0 0 1 0 2 0 1 0 0 2
1538598837 144 0 0 0 0 0 0 0 0 4 0 0 1 0 2 0 1 0 0 2
1538684299 145 0 0 0 0 0 0 0 0 4 0 0 1 0 2 0 1 0 0 2
1538684904 146 0 0 0 0 0 0 0 0 4 0 0 1 0 2 0 1 0 0 2
1538684927 147 0 0 0 0 0 0 0 0 4 0 0 1 0 2 0 1 0 0 2
1539087030 148 0 0 0 0 0 0 0 0 4 0 0 1 0 2 0 1 0 0 2
1539381971 148 0 0 0 0 0 0 0 0 4 0 0 1 0 2 0 1 0 0 2
1539873828 148 0 0 0 0 0 0 0 0 4 0 0 1 0 2 1 1 0 0 2
1539982626 149 0 0 0 0 0 0 0 0 4 0 0 1 0 2 1 1 0 0 2
1540236027 150 0 0 0 0 0 0 0 0 4 0 0 1 0 2 1 1 0 0 2
1540405934 151 0 0 0 0 0 0 0 0 4 0 0 1 0 2 1 1 0 0 2
1540844665 152 0 0 0 0 0 0 0 0 4 0 0 1 0 2 1 1 0 0 2
1540913222 153 0 0 0 0 0 0 0 0 4 0 0 1 0 2 1 1 0 0 2
1540916682 154 0 0 0 0 0 0 0 0 4 0 0 1 0 2 1 1 0 0 2
1541093665 155 0 0 0 0 0 0 0 0 4 0 0 1 0 2 1 1 0 0 2
1541181415 156 0 0 0 0 0 0 0 0 4 0 0 1 0 2 1 1 0 0 2
1541184267 157 0 0 0 0 0 0 0 0 4 0 0 1 0 2 1 1 0 0 2
1541459264 158 0 0 0 0 0 0 0 0 4 0 0 1 0 2 1 1 0 0 2
1541705208 159 0 0 0 0 0 0 0 0 4 0 0 1 0 2 1 1 0 0 2
1541787146 160 0 0 0 0 0 0 0 0 4 0 0 1 0 2 1 1 0 0 2
1541787160 161 0 0 0 0 0 0 0 0 4 0 0 1 0 2 1 1 0 0 2
1541802523 162 0 0 0 0 0 0 0 0 4 0 0 1 0 2 1 1 0 0 2
1542746362 162 0 0 0 0 0 0 0 0 4 0 0 1 0 2 1 1 0 0 2
1542830937 163 0 0 0 0 0 0 0 0 4 0 0 1 0 2 1 1 0 0 2
1543334437 163 0 0 0 0 0 0 0 0 4 0 0 1 0 2 1 1 0 0 2
1543335565 163 0 0 0 0 0 0 0 0 4 0 0 1 0 2 1 1 0 0 2
1543431943 164 0 0 0 0 0 0 0 0 4 0 0 1 0 2 1 1 0 0 2
1543608184 164 0 0 0 0 0 0 0 0 4 0 0 1 0 2 1 1 0 0 2
1543610339 165 0 0 0 0 0 0 0 0 4 0 0 1 0 2 1 1 0 0 2
1544050009 166 0 0 0 0 0 0 0 0 4 0 0 1 0 2 1 1 0 0 2
1544220404 167 0 0 0 0 0 0 0 0 4 0 0 1 0 2 1 1 0 0 2
1544471299 168 0 0 0 0 0 0 0 0 4 0 0 1 0 2 1 1 0 0 2
1545322367 169 0 0 0 0 0 0 0 0 4 0 0 1 0 2 1 1 0 0 2
1545323593 170 0 0 0 0 0 0 0 0 4 0 0 1 0 2 1 1 0 0 2
1545328723 171 0 0 0 0 0 0 0 0 4 0 0 1 0 2 1 1 0 0 2
1546442358 171 0 0 0 0 0 0 0 0 4 0 0 1 0 2 1 1 0 0 2
1546470890 171 1 0 0 0 0 0 0 0 4 0 0 1 0 2 1 1 0 0 2
1546614738 172 1 0 0 0 0 0 0 0 4 0 0 1 0 2 1 1 0 0 2
1546885584 172 2 0 0 0 0 0 0 0 4 0 0 1 0 2 1 1 0 0 2
1546885974 172 3 0 0 0 0 0 0 0 4 0 0 1 0 2 1 1 0 0 2
1546993852 172 3 0 0 0 0 0 0 0 4 0 0 1 0 2 1 1 0 0 2
1547073281 173 3 0 0 0 0 0 0 0 4 0 0 1 0 2 1 1 0 0 2
1547489345 173 3 0 0 0 0 0 0 0 4 0 0 1 0 2 1 1 0 0 2
1547937586 174 3 0 0 0 0 0 0 0 4 0 0 1 0 2 1 1 0 0 2
1548281453 174 3 0 0 0 0 0 0 0 4 0 0 1 0 2 1 1 0 0 2
1548447248 174 3 0 0 0 0 0 0 1 4 0 0 1 0 2 1 1 0 0 2
1548631399 175 3 0 0 0 0 0 0 1 4 0 0 1 0 2 1 1 0 0 2
1548806032 176 3 0 0 0 0 0 0 1 4 0 0 1 0 2 1 1 0 0 2
1548891977 176 3 0 0 0 0 0 0 1 4 0 0 1 0 2 1 1 0 0 2
1548956819 176 3 1 0 0 0 0 0 1 4 0 0 1 0 2 1 1 0 0 2
1549235929 177 3 1 0 0 0 0 0 1 4 0 0 1 0 2 1 1 0 0 2
1549311450 178 3 1 0 0 0 0 0 1 4 0 0 1 0 2 1 1 0 0 2
1549314593 179 3 1 0 0 0 0 0 1 4 0 0 1 0 2 1 1 0 0 2
1549405163 179 4 1 0 0 0 0 0 1 4 0 0 1 0 2 1 1 0 0 2
1549735903 179 4 1 0 0 0 0 0 1 4 0 0 1 0 2 1 1 0 0 2
1549908136 179 5 1 0 0 0 0 0 1 4 0 0 1 0 2 1 1 0 0 2
1550540895 179 5 1 0 0 0 1 0 1 4 0 0 1 0 2 1 1 0 0 2
1550603153 179 5 2 0 0 0 1 0 1 4 0 0 1 0 2 1 1 0 0 2
1551208142 180 5 2 0 0 0 1 0 1 4 0 0 1 0 2 1 1 0 0 2
1551283818 180 5 2 1 0 0 1 0 1 4 0 0 1 0 2 1 1 0 0 2
1551283842 180 5 2 2 0 0 1 0 1 4 0 0 1 0 2 1 1 0 0 2
1551292640 181 5 2 2 0 0 1 0 1 4 0 0 1 0 2 1 1 0 0 2
1551293899 182 5 2 2 0 0 1 0 1 4 0 0 1 0 2 1 1 0 0 2
1551628378 183 5 2 2 0 0 1 0 1 4 0 0 1 0 2 1 1 0 0 2
1551642232 184 5 2 2 0 0 1 0 1 4 0 0 1 0 2 1 1 0 0 2
1551648143 185 5 2 2 0 0 1 0 1 4 0 0 1 0 2 1 1 0 0 2
1551738490 186 5 2 2 0 0 1 0 1 4 0 0 1 0 2 1 1 0 0 2
1551798978 186 5 2 3 0 0 1 0 1 4 0 0 1 0 2 1 1 0 0 2
1551919092 186 5 3 3 0 0 1 0 1 4 0 0 1 0 2 1 1 0 0 2
1551919106 187 5 3 3 0 0 1 0 1 4 0 0 1 0 2 1 1 0 0 2
1552334008 187 5 3 3 0 0 1 0 1 4 0 0 1 0 2 1 1 0 0 2
1552686930 188 5 3 3 0 0 1 0 1 4 0 0 1 0 2 1 1 0 0 2
1552691055 188 6 3 3 0 0 1 0 1 4 0 0 1 0 2 1 1 0 0 2
1552920301 189 6 3 3 0 0 1 0 1 4 0 0 1 0 2 1 1 0 0 2
1553090003 189 6 3 3 0 0 1 0 1 4 0 0 1 0 2 1 1 0 0 2
1553709241 189 6 4 3 0 0 1 0 1 4 0 0 1 0 2 1 1 0 0 2
1554245619 190 6 4 3 0 0 1 0 1 4 0 0 1 0 2 1 1 0 0 2
1554560333 191 6 4 3 0 0 1 0 1 4 0 0 1 0 2 1 1 0 0 2
1555083723 192 6 4 3 0 0 1 0 1 4 0 0 1 0 2 1 1 0 0 2
1555514497 192 6 5 3 0 0 1 0 1 4 0 0 1 0 2 1 1 0 0 2
1555695947 192 6 5 3 0 0 1 0 1 4 0 0 1 0 2 1 1 0 0 2
1555789318 193 6 5 3 0 0 1 0 1 4 0 0 1 0 2 1 1 0 0 2
1556650725 193 6 5 3 0 0 1 0 1 4 0 0 1 0 2 1 1 0 0 2
1556922608 193 6 5 3 0 0 1 0 1 4 0 0 1 0 2 1 1 0 0 2
1556925580 193 6 5 3 0 0 1 0 1 4 0 0 1 0 2 1 1 0 0 2
1557350013 194 6 5 3 0 0 1 0 1 4 0 0 1 0 2 1 1 0 0 2
1557421634 194 6 6 3 0 0 1 0 1 4 0 0 1 0 2 1 1 0 0 2
1557524772 195 6 6 3 0 0 1 0 1 4 0 0 1 0 2 1 1 0 0 2
1557760727 196 6 6 3 0 0 1 0 1 4 0 0 1 0 2 1 1 0 0 2
1558010676 196 6 7 3 0 0 1 0 1 4 0 0 1 0 2 1 1 0 0 2
1558040294 197 6 7 3 0 0 1 0 1 4 0 0 1 0 2 1 1 0 0 2
1558382733 197 6 8 3 0 0 1 0 1 4 0 0 1 0 2 1 1 0 0 2
1558387265 198 6 8 3 0 0 1 0 1 4 0 0 1 0 2 1 1 0 0 2
1558555301 198 6 9 3 0 0 1 0 1 4 0 0 1 0 2 1 1 0 0 2
1559079849 198 6 9 3 0 0 1 0 1 4 0 0 1 0 2 1 1 0 0 2
1559138458 198 6 10 3 0 0 1 0 1 4 0 0 1 0 2 1 1 0 0 2
1559691336 198 6 10 3 0 0 1 0 1 4 0 0 1 0 2 1 1 1 0 2
1559916522 198 6 10 4 0 0 1 0 1 4 0 0 1 0 2 1 1 1 0 2
1560359842 199 6 10 4 0 0 1 0 1 4 0 0 1 0 2 1 1 1 0 2
1560521176 199 6 10 4 0 0 1 0 1 4 0 0 1 0 2 1 1 1 0 2
1560779168 199 6 10 4 0 0 1 0 1 4 0 0 1 0 2 1 1 1 0 2
1560792902 200 6 10 4 0 0 1 0 1 4 0 0 1 0 2 1 1 1 0 2
1560792944 201 6 10 4 0 0 1 0 1 4 0 0 1 0 2 1 1 1 0 2
1561304863 202 6 10 4 0 0 1 0 1 4 0 0 1 0 2 1 1 1 0 2
1561306268 203 6 10 4 0 0 1 0 1 4 0 0 1 0 2 1 1 1 0 2
1561754802 204 6 10 4 0 0 1 0 1 4 0 0 1 0 2 1 1 1 0 2
1561994066 205 6 10 4 0 0 1 0 1 4 0 0 1 0 2 1 1 1 0 2
1562689402 205 6 10 4 0 0 1 0 2 4 0 0 1 0 2 1 1 1 0 2
1562699103 205 6 10 4 0 0 1 0 2 4 0 0 2 0 2 1 1 1 0 2
1563201340 206 6 10 4 0 0 1 0 2 4 0 0 2 0 2 1 1 1 0 2
1563296032 207 6 10 4 0 0 1 0 2 4 0 0 2 0 2 1 1 1 0 2
1563307411 208 6 10 4 0 0 1 0 2 4 0 0 2 0 2 1 1 1 0 2
1563307429 209 6 10 4 0 0 1 0 2 4 0 0 2 0 2 1 1 1 0 2
1563307947 210 6 10 4 0 0 1 0 2 4 0 0 2 0 2 1 1 1 0 2
1563310170 211 6 10 4 0 0 1 0 2 4 0 0 2 0 2 1 1 1 0 2
1563311062 212 6 10 4 0 0 1 0 2 4 0 0 2 0 2 1 1 1 0 2
1563316000 213 6 10 4 0 0 1 0 2 4 0 0 2 0 2 1 1 1 0 2
1563317238 213 6 10 4 0 0 2 0 2 4 0 0 2 0 2 1 1 1 0 2
1563317473 214 6 10 4 0 0 2 0 2 4 0 0 2 0 2 1 1 1 0 2
1563404451 214 6 10 4 0 0 2 0 3 4 0 0 2 0 2 1 1 1 0 2
1563564128 215 6 10 4 0 0 2 0 3 4 0 0 2 0 2 1 1 1 0 2
1564416143 215 7 10 4 0 0 2 0 3 4 0 0 2 0 2 1 1 1 0 2
1564429606 216 7 10 4 0 0 2 0 3 4 0 0 2 0 2 1 1 1 0 2
1564665167 217 7 10 4 0 0 2 0 3 4 0 0 2 0 2 1 1 1 0 2
1564672883 217 7 10 4 0 0 2 0 4 4 0 0 2 0 2 1 1 1 0 2
1564676757 217 8 10 4 0 0 2 0 4 4 0 0 2 0 2 1 1 1 0 2
1564678180 218 8 10 4 0 0 2 0 4 4 0 0 2 0 2 1 1 1 0 2
1565716320 219 8 10 4 0 0 2 0 4 4 0 0 2 0 2 1 1 1 0 2
1565718758 220 8 10 4 0 0 2 0 4 4 0 0 2 0 2 1 1 1 0 2
1565746460 221 8 10 4 0 0 2 0 4 4 0 0 2 0 2 1 1 1 0 2
1565903789 222 8 10 4 0 0 2 0 4 4 0 0 2 0 2 1 1 1 0 2
1566308635 222 8 10 4 0 0 2 0 4 4 0 0 2 0 2 2 1 1 0 2
1566410234 222 8 10 4 0 0 2 0 4 4 0 0 2 0 2 2 1 1 0 2
1566413147 222 8 10 4 0 0 2 0 4 4 0 0 2 0 2 2 1 2 0 2
1566426109 223 8 10 4 0 0 2 0 4 4 0 0 2 0 2 2 1 2 0 2
1566493839 223 8 10 4 0 0 2 0 4 4 0 0 2 0 2 2 1 2 0 2
1566580630 224 8 10 4 0 0 2 0 4 4 0 0 2 0 2 2 1 2 0 2
1566595641 224 8 11 4 0 0 2 0 4 4 0 0 2 0 2 2 1 2 0 2
1568056437 225 8 11 4 0 0 2 0 4 4 0 0 2 0 2 2 1 2 0 2
1568824857 226 8 11 4 0 0 2 0 4 4 0 0 2 0 2 2 1 2 0 2
1568825783 227 8 11 4 0 0 2 0 4 4 0 0 2 0 2 2 1 2 0 2
1569270969 227 9 11 4 0 0 2 0 4 4 0 0 2 0 2 2 1 2 0 2
1569275568 227 10 11 4 0 0 2 0 4 4 0 0 2 0 2 2 1 2 0 2
1569337629 228 10 11 4 0 0 2 0 4 4 0 0 2 0 2 2 1 2 0 2
1569453670 229 10 11 4 0 0 2 0 4 4 0 0 2 0 2 2 1 2 0 2
1569779408 230 10 11 4 0 0 2 0 4 4 0 0 2 0 2 2 1 2 0 2
1569779917 231 10 11 4 0 0 2 0 4 4 0 0 2 0 2 2 1 2 0 2
1569939176 231 11 11 4 0 0 2 0 4 4 0 0 2 0 2 2 1 2 0 2
1570211064 231 11 12 4 0 0 2 0 4 4 0 0 2 0 2 2 1 2 0 2
1570311307 232 11 12 4 0 0 2 0 4 4 0 0 2 0 2 2 1 2 0 2
1570544037 232 11 12 4 0 0 2 0 4 4 0 0 2 0 2 2 1 2 0 2
1570571547 233 11 12 4 0 0 2 0 4 4 0 0 2 0 2 2 1 2 0 2
1570820915 233 12 12 4 0 0 2 0 4 4 0 0 2 0 2 2 1 2 0 2
1571086676 234 12 12 4 0 0 2 0 4 4 0 0 2 0 2 2 1 2 0 2
1571087233 235 12 12 4 0 0 2 0 4 4 0 0 2 0 2 2 1 2 0 2
1571322716 235 12 12 4 0 0 2 0 4 4 0 0 2 0 2 2 1 2 0 2
1571365063 236 12 12 4 0 0 2 0 4 4 0 0 2 0 2 2 1 2 0 2
1572288331 236 12 12 4 0 0 2 0 4 4 0 0 2 0 2 2 1 2 0 2
1572572780 237 12 12 4 0 0 2 0 4 4 0 0 2 0 2 2 1 2 0 2
1572992453 238 12 12 4 0 0 2 0 4 4 0 0 2 0 2 2 1 2 0 2
1573167727 239 12 12 4 0 0 2 0 4 4 0 0 2 0 2 2 1 2 0 2
1574363424 239 13 12 4 0 0 2 0 4 4 0 0 2 0 2 2 1 2 0 2
1575319763 240 13 12 4 0 0 2 0 4 4 0 0 2 0 2 2 1 2 0 2
1575563699 241 13 12 4 0 0 2 0 4 4 0 0 2 0 2 2 1 2 0 2
1576692978 241 13 12 4 0 0 2 0 4 4 0 0 2 0 2 2 1 2 0 2
1578523146 241 13 12 4 0 0 2 0 4 4 0 0 2 0 2 2 1 2 0 2
1578684786 241 13 12 4 0 0 2 0 4 4 0 0 3 0 2 2 1 2 0 2
1578686535 242 13 12 4 0 0 2 0 4 4 0 0 3 0 2 2 1 2 0 2
1578941611 243 13 12 4 0 0 2 0 4 4 0 0 3 0 2 2 1 2 0 2
1578948105 244 13 12 4 0 0 2 0 4 4 0 0 3 0 2 2 1 2 0 2
1579714089 244 13 12 4 0 0 2 0 4 4 0 0 3 0 2 2 1 2 0 2
1580240819 245 13 12 4 0 0 2 0 4 4 0 0 3 0 2 2 1 2 0 2
1580755431 246 13 12 4 0 0 2 0 4 4 0 0 3 0 2 2 1 2 0 2
1581013098 247 13 12 4 0 0 2 0 4 4 0 0 3 0 2 2 1 2 0 2
1581013814 248 13 12 4 0 0 2 0 4 4 0 0 3 0 2 2 1 2 0 2
1581621794 249 13 12 4 0 0 2 0 4 4 0 0 3 0 2 2 1 2 0 2
1582733803 250 13 12 4 0 0 2 0 4 4 0 0 3 0 2 2 1 2 0 2
1582748889 251 13 12 4 0 0 2 0 4 4 0 0 3 0 2 2 1 2 0 2
1582750061 252 13 12 4 0 0 2 0 4 4 0 0 3 0 2 2 1 2 0 2
1582751377 253 13 12 4 0 0 2 0 4 4 0 0 3 0 2 2 1 2 0 2
1583165994 253 14 12 4 0 0 2 0 4 4 0 0 3 0 2 2 1 2 0 2
1583422082 254 14 12 4 0 0 2 0 4 4 0 0 3 0 2 2 1 2 0 2
1584113109 254 15 12 4 0 0 2 0 4 4 0 0 3 0 2 2 1 2 0 2
1584369991 254 15 12 4 0 0 2 0 4 4 0 0 3 0 2 2 1 2 0 2
1584567961 254 16 12 4 0 0 2 0 4 4 0 0 3 0 2 2 1 2 0 2
1584653767 255 16 12 4 0 0 2 0 4 4 0 0 3 0 2 2 1 2 0 2
1584976964 255 17 12 4 0 0 2 0 4 4 0 0 3 0 2 2 1 2 0 2
1585068618 256 17 12 4 0 0 2 0 4 4 0 0 3 0 2 2 1 2 0 2
1585069569 257 17 12 4 0 0 2 0 4 4 0 0 3 0 2 2 1 2 0 2
1585580898 257 18 12 4 0 0 2 0 4 4 0 0 3 0 2 2 1 2 0 2
1586184607 258 18 12 4 0 0 2 0 4 4 0 0 3 0 2 2 1 2 0 2
1586271319 258 18 12 4 0 0 2 0 4 4 0 0 3 0 2 2 1 2 0 2
1586382197 258 18 12 4 0 0 2 0 4 4 0 0 3 0 2 2 2 2 0 2
1586438277 259 18 12 4 0 0 2 0 4 4 0 0 3 0 2 2 2 2 0 2
1586879630 260 18 12 4 0 0 2 0 4 4 0 0 3 0 2 2 2 2 0 2
1587151400 260 18 12 4 0 0 2 0 4 4 0 0 3 0 2 2 2 2 0 2
1587680354 261 18 12 4 0 0 2 0 4 4 0 0 3 0 2 2 2 2 0 2
1588182354 261 18 12 4 0 0 2 0 4 4 0 0 3 0 2 2 2 2 0 2
1588870217 261 18 12 5 0 0 2 0 4 4 0 0 3 0 2 2 2 2 0 2
1588948133 261 18 12 5 0 0 2 0 4 4 0 0 3 0 2 2 2 2 0 2
1589405066 262 18 12 5 0 0 2 0 4 4 0 0 3 0 2 2 2 2 0 2
1589405710 263 18 12 5 0 0 2 0 4 4 0 0 3 0 2 2 2 2 0 2
1589407241 264 18 12 5 0 0 2 0 4 4 0 0 3 0 2 2 2 2 0 2
1589816681 264 18 12 6 0 0 2 0 4 4 0 0 3 0 2 2 2 2 0 2
1590586735 264 19 12 6 0 0 2 0 4 4 0 0 3 0 2 2 2 2 0 2
1590599654 265 19 12 6 0 0 2 0 4 4 0 0 3 0 2 2 2 2 0 2
1590600834 266 19 12 6 0 0 2 0 4 4 0 0 3 0 2 2 2 2 0 2
1590677429 266 19 12 6 0 0 2 0 4 4 0 1 3 0 2 2 2 2 0 2
1590679583 266 19 12 6 0 0 2 0 4 4 0 2 3 0 2 2 2 2 0 2
1590680511 267 19 12 6 0 0 2 0 4 4 0 2 3 0 2 2 2 2 0 2
1590683868 268 19 12 6 0 0 2 0 4 4 0 2 3 0 2 2 2 2 0 2
1591109982 269 19 12 6 0 0 2 0 4 4 0 2 3 0 2 2 2 2 0 2
1591116399 270 19 12 6 0 0 2 0 4 4 0 2 3 0 2 2 2 2 0 2
1591116485 270 20 12 6 0 0 2 0 4 4 0 2 3 0 2 2 2 2 0 2
1591217153 271 20 12 6 0 0 2 0 4 4 0 2 3 0 2 2 2 2 0 2
1591797131 272 20 12 6 0 0 2 0 4 4 0 2 3 0 2 2 2 2 0 2
1591810734 273 20 12 6 0 0 2 0 4 4 0 2 3 0 2 2 2 2 0 2
1591983219 273 20 12 6 0 0 3 0 4 4 0 2 3 0 2 2 2 2 0 2
1593196829 273 21 12 6 0 0 3 0 4 4 0 2 3 0 2 2 2 2 0 2
1593459623 273 22 12 6 0 0 3 0 4 4 0 2 3 0 2 2 2 2 0 2
1593634416 273 22 13 6 0 0 3 0 4 4 0 2 3 0 2 2 2 2 0 2
1594398763 273 22 14 6 0 0 3 0 4 4 0 2 3 0 2 2 2 2 0 2
1594406916 273 22 14 6 0 0 3 0 4 4 0 2 3 0 2 2 2 2 0 2
1594738638 274 22 14 6 0 0 3 0 4 4 0 2 3 0 2 2 2 2 0 2
1594756593 275 22 14 6 0 0 3 0 4 4 0 2 3 0 2 2 2 2 0 2
1594927209 275 22 14 6 0 0 3 0 4 4 0 2 3 0 2 2 2 2 0 2
1594997052 276 22 14 6 0 0 3 0 4 4 0 2 3 0 2 2 2 2 0 2
1595259552 277 22 14 6 0 0 3 0 4 4 0 2 3 0 2 2 2 2 0 2
1595266315 278 22 14 6 0 0 3 0 4 4 0 2 3 0 2 2 2 2 0 2
1595447935 279 22 14 6 0 0 3 0 4 4 0 2 3 0 2 2 2 2 0 2
1595524220 280 22 14 6 0 0 3 0 4 4 0 2 3 0 2 2 2 2 0 2
1596645961 280 22 14 6 0 0 3 0 4 4 0 3 3 0 2 2 2 2 0 2
1596646027 280 23 14 6 0 0 3 0 4 4 0 3 3 0 2 2 2 2 0 2
1596744448 281 23 14 6 0 0 3 0 4 4 0 3 3 0 2 2 2 2 0 2
1596833928 282 23 14 6 0 0 3 0 4 4 0 3 3 0 2 2 2 2 0 2
1597240981 283 23 14 6 0 0 3 0 4 4 0 3 3 0 2 2 2 2 0 2
1597417878 284 23 14 6 0 0 3 0 4 4 0 3 3 0 2 2 2 2 0 2
1597418013 284 23 14 7 0 0 3 0 4 4 0 3 3 0 2 2 2 2 0 2
1597699962 285 23 14 7 0 0 3 0 4 4 0 3 3 0 2 2 2 2 0 2
1597872634 286 23 14 7 0 0 3 0 4 4 0 3 3 0 2 2 2 2 0 2
1598377241 287 23 14 7 0 0 3 0 4 4 0 3 3 0 2 2 2 2 0 2
1598462812 288 23 14 7 0 0 3 0 4 4 0 3 3 0 2 2 2 2 0 2
1598462983 289 23 14 7 0 0 3 0 4 4 0 3 3 0 2 2 2 2 0 2
1598559893 290 23 14 7 0 0 3 0 4 4 0 3 3 0 2 2 2 2 0 2
1598622853 291 23 14 7 0 0 3 0 4 4 0 3 3 0 2 2 2 2 0 2
1598885580 292 23 14 7 0 0 3 0 4 4 0 3 3 0 2 2 2 2 0 2
1598982601 293 23 14 7 0 0 3 0 4 4 0 3 3 0 2 2 2 2 0 2
1599578796 294 23 14 7 0 0 3 0 4 4 0 3 3 0 2 2 2 2 0 2
1599690212 295 23 14 7 0 0 3 0 4 4 0 3 3 0 2 2 2 2 0 2
1599749955 295 24 14 7 0 0 3 0 4 4 0 3 3 0 2 2 2 2 0 2
1599856231 296 24 14 7 0 0 3 0 4 4 0 3 3 0 2 2 2 2 0 2
1599856963 297 24 14 7 0 0 3 0 4 4 0 3 3 0 2 2 2 2 0 2
1600450236 298 24 14 7 0 0 3 0 4 4 0 3 3 0 2 2 2 2 0 2
1600723259 299 24 14 7 0 0 3 0 4 4 0 3 3 0 2 2 2 2 0 2
1600723856 300 24 14 7 0 0 3 0 4 4 0 3 3 0 2 2 2 2 0 2
1600787240 300 24 14 7 0 0 3 0 4 4 0 3 3 0 2 2 2 2 1 2
1600811323 301 24 14 7 0 0 3 0 4 4 0 3 3 0 2 2 2 2 1 2
1601481381 302 24 14 7 0 0 3 0 4 4 0 3 3 0 2 2 2 2 1 2
1601481952 303 24 14 7 0 0 3 0 4 4 0 3 3 0 2 2 2 2 1 2
1601673600 304 24 14 7 0 0 3 0 4 4 0 3 3 0 2 2 2 2 1 2
1601674196 305 24 14 7 0 0 3 0 4 4 0 3 3 0 2 2 2 2 1 2
1602010244 305 24 14 7 0 0 3 0 4 4 0 3 3 0 2 2 2 2 1 2
1602169271 305 24 14 7 0 0 3 0 4 4 0 3 3 0 2 2 2 2 1 2
1602171385 306 24 14 7 0 0 3 0 4 4 0 3 3 0 2 2 2 2 1 2
1602262722 306 24 14 7 0 0 3 0 4 4 0 3 3 0 2 2 2 2 1 2
1602772576 307 24 14 7 0 0 3 0 4 4 0 3 3 0 2 2 2 2 1 2
1603744210 308 24 14 7 0 0 3 0 4 4 0 3 3 0 2 2 2 2 1 2
1604948101 309 24 14 7 0 0 3 0 4 4 0 3 3 0 2 2 2 2 1 2
1605126680 309 24 15 7 0 0 3 0 4 4 0 3 3 0 2 2 2 2 1 2
1605223715 310 24 15 7 0 0 3 0 4 4 0 3 3 0 2 2 2 2 1 2
1605828232 311 24 15 7 0 0 3 0 4 4 0 3 3 0 2 2 2 2 1 2
1606857283 312 24 15 7 0 0 3 0 4 4 0 3 3 0 2 2 2 2 1 2
1606857469 313 24 15 7 0 0 3 0 4 4 0 3 3 0 2 2 2 2 1 2
1606942631 314 24 15 7 0 0 3 0 4 4 0 3 3 0 2 2 2 2 1 2
1607112718 314 24 15 7 0 0 3 0 4 4 0 3 3 0 2 2 2 2 2 2
1607439524 314 24 15 8 0 0 3 0 4 4 0 3 3 0 2 2 2 2 2 2
1607969482 314 24 15 8 0 0 3 0 4 4 0 3 3 0 2 2 2 2 2 2
1608747491 315 24 15 8 0 0 3 0 4 4 0 3 3 0 2 2 2 2 2 2
1608759246 316 24 15 8 0 0 3 0 4 4 0 3 3 0 2 2 2 2 2 2
1609955372 316 24 15 9 0 0 3 0 4 4 0 3 3 0 2 2 2 2 2 2
1609955812 316 25 15 9 0 0 3 0 4 4 0 3 3 0 2 2 2 2 2 2
1610724338 317 25 15 9 0 0 3 0 4 4 0 3 3 0 2 2 2 2 2 2
1611780895 318 25 15 9 0 0 3 0 4 4 0 3 3 0 2 2 2 2 2 2
1612195454 318 25 15 9 0 0 4 0 4 4 0 3 3 0 2 2 2 2 2 2
1613517518 319 25 15 9 0 0 4 0 4 4 0 3 3 0 2 2 2 2 2 2
1614046545 319 25 15 10 0 0 4 0 4 4 0 3 3 0 2 2 2 2 2 2
1615230812 320 25 15 10 0 0 4 0 4 4 0 3 3 0 2 2 2 2 2 2
1615233348 321 25 15 10 0 0 4 0 4 4 0 3 3 0 2 2 2 2 2 2
1615234476 322 25 15 10 0 0 4 0 4 4 0 3 3 0 2 2 2 2 2 2
1615234775 323 25 15 10 0 0 4 0 4 4 0 3 3 0 2 2 2 2 2 2
1615235964 324 25 15 10 0 0 4 0 4 4 0 3 3 0 2 2 2 2 2 2
1616079783 325 25 15 10 0 0 4 0 4 4 0 3 3 0 2 2 2 2 2 2
1616191183 326 25 15 10 0 0 4 0 4 4 0 3 3 0 2 2 2 2 2 2
1617136982 326 25 15 10 0 1 4 0 4 4 0 3 3 0 2 2 2 2 2 2
1617137117 326 25 15 10 0 1 4 0 4 4 0 3 3 0 2 2 2 2 2 2
1617137193 326 25 15 10 0 1 4 0 4 4 0 3 3 0 2 2 2 2 2 2
1617199030 326 25 15 10 0 1 4 0 4 4 1 3 3 0 2 2 2 2 2 2
1617223165 327 25 15 10 0 1 4 0 4 4 1 3 3 0 2 2 2 2 2 2
1617291541 327 25 15 10 0 1 4 0 4 4 1 3 3 0 2 2 2 2 2 2
1618635117 327 25 15 10 0 1 4 0 4 4 1 3 3 0 2 2 2 2 2 2
1618855693 327 25 15 10 0 1 4 0 4 4 2 3 3 0 2 2 2 2 2 2
1620244072 327 25 15 10 1 1 4 0 4 4 2 3 3 0 2 2 2 2 2 2
1620941731 327 25 15 10 2 1 4 0 4 4 2 3 3 0 2 2 2 2 2 2
1621025752 327 25 15 10 3 1 4 0 4 4 2 3 3 0 2 2 2 2 2 2
1622065010 327 25 15 10 3 1 4 0 5 4 2 3 3 0 2 2 2 2 2 2
1622065353 327 25 15 10 4 1 4 0 5 4 2 3 3 0 2 2 2 2 2 2
1622227129 327 25 15 10 5 1 4 0 5 4 2 3 3 0 2 2 2 2 2 2
1624492298 327 25 15 10 5 2 4 0 5 4 2 3 3 0 2 2 2 2 2 2
1624635041 328 25 15 10 5 2 4 0 5 4 2 3 3 0 2 2 2 2 2 2
1624636828 328 25 15 10 5 2 4 0 5 4 2 3 3 0 2 2 2 2 2 2
1624918492 328 25 15 10 5 3 4 0 5 4 2 3 3 0 2 2 2 2 2 2
1624951981 328 26 15 10 5 3 4 0 5 4 2 3 3 0 2 2 2 2 2 2
1625010873 329 26 15 10 5 3 4 0 5 4 2 3 3 0 2 2 2 2 2 2
1625698188 330 26 15 10 5 3 4 0 5 4 2 3 3 0 2 2 2 2 2 2
1626107853 330 26 15 10 5 3 4 0 5 4 2 3 3 0 2 2 2 2 2 2
1626826631 330 26 15 10 5 4 4 0 5 4 2 3 3 0 2 2 2 2 2 2
1627660378 330 26 15 10 6 4 4 0 5 4 2 3 3 0 2 2 2 2 2 2
1628608342 330 27 15 10 6 4 4 0 5 4 2 3 3 0 2 2 2 2 2 2
1629354584 330 27 15 10 6 4 4 1 5 4 2 3 3 0 2 2 2 2 2 2
1629482171 330 27 15 10 6 4 5 1 5 4 2 3 3 0 2 2 2 2 2 2
1629820600 331 27 15 10 6 4 5 1 5 4 2 3 3 0 2 2 2 2 2 2
1630510792 331 27 15 10 6 4 5 1 5 4 2 3 3 0 2 2 2 2 2 2
1632942741 332 27 15 10 6 4 5 1 5 4 2 3 3 0 2 2 2 2 2 2
1633554057 332 27 15 11 6 4 5 1 5 4 2 3 3 0 2 2 2 2 2 2
1633565287 332 27 15 11 6 4 5 1 5 4 2 3 3 0 2 2 2 2 2 2
1633565311 332 27 15 11 6 4 5 1 5 4 2 3 3 0 2 2 2 2 2 2
1633565458 332 27 15 11 7 4 5 1 5 4 2 3 3 0 2 2 2 2 2 2
1633566460 332 27 15 11 7 4 5 1 5 4 2 3 3 0 2 2 2 2 2 2
1633734715 333 27 15 11 7 4 5 1 5 4 2 3 3 0 2 2 2 2 2 2
1633971621 333 27 15 12 7 4 5 1 5 4 2 3 3 0 2 2 2 2 2 2
1633987175 333 27 15 13 7 4 5 1 5 4 2 3 3 0 2 2 2 2 2 2
1634758151 333 27 15 13 7 4 5 1 5 4 2 3 3 0 2 2 2 2 2 2
1634908562 333 27 15 13 7 4 5 1 5 4 2 3 3 0 2 2 2 2 2 2
1635450011 333 27 15 13 7 4 5 1 5 4 3 3 3 0 2 2 2 2 2 2
1635459969 333 27 15 13 7 4 5 1 5 4 4 3 3 0 2 2 2 2 2 2
1635467125 333 27 15 13 7 4 5 2 5 4 4 3 3 0 2 2 2 2 2 2
1635864475 333 27 15 13 7 4 5 3 5 4 4 3 3 0 2 2 2 2 2 2
1635961661 333 27 15 13 7 4 5 3 5 4 4 3 3 0 2 2 2 2 2 2
1636748809 333 27 15 13 7 4 5 3 5 4 4 3 3 0 2 2 2 2 2 2
1637203268 333 27 15 13 7 4 5 4 5 4 4 3 3 0 2 2 2 2 2 2
1637686579 333 27 15 13 7 4 5 4 5 4 4 3 3 0 2 2 2 2 2 2
1637769147 333 27 15 13 7 4 5 4 5 4 4 3 3 0 2 2 2 2 2 2
1638386310 333 27 15 14 7 4 5 4 5 4 4 3 3 0 2 2 2 2 2 2
1641232176 333 27 15 14 7 5 5 4 5 4 4 3 3 0 2 2 2 2 2 2
1641914092 333 27 15 14 7 6 5 4 5 4 4 3 3 0 2 2 2 2 2 2
1642015991 333 27 15 14 7 6 5 4 5 4 4 3 3 0 2 2 2 2 2 2
1642084851 333 27 15 14 7 6 5 4 5 4 4 3 3 0 2 2 2 2 2 2
1642632692 333 27 15 14 7 6 5 4 5 4 4 3 3 0 2 2 2 2 2 2
1643134139 333 27 15 14 7 6 5 4 5 4 4 3 3 0 2 2 2 2 2 2
1643315550 333 27 15 14 7 6 5 5 5 4 4 3 3 0 2 2 2 2 2 2
1643315632 333 27 15 14 7 6 6 5 5 4 4 3 3 0 2 2 2 2 2 2
1644347671 333 27 15 14 7 6 6 5 5 4 4 3 3 0 2 2 2 2 2 2
1646244992 333 27 15 15 7 6 6 5 5 4 4 3 3 0 2 2 2 2 2 2
1647019878 333 27 15 15 7 6 6 6 5 4 4 3 3 0 2 2 2 2 2 2
1647134857 333 27 15 15 7 6 6 6 5 4 4 3 3 1 2 2 2 2 2 2
1647388422 333 27 15 15 7 6 6 6 5 4 4 3 3 2 2 2 2 2 2 2
1647465874 333 27 16 15 7 6 6 6 5 4 4 3 3 2 2 2 2 2 2 2
1647467290 333 27 17 15 7 6 6 6 5 4 4 3 3 2 2 2 2 2 2 2
1647548275 333 27 18 15 7 6 6 6 5 4 4 3 3 2 2 2 2 2 2 2
1647615815 333 27 19 15 7 6 6 6 5 4 4 3 3 2 2 2 2 2 2 2
1647632639 333 27 19 15 7 6 6 6 5 4 4 3 3 2 2 2 2 2 2 2
1647959662 333 27 20 15 7 6 6 6 5 4 4 3 3 2 2 2 2 2 2 2
1647984788 333 27 21 15 7 6 6 6 5 4 4 3 3 2 2 2 2 2 2 2
1648006456 333 27 21 15 7 6 6 6 5 4 4 3 3 2 2 2 2 2 2 2
1648046534 333 27 21 15 7 6 6 6 5 4 4 3 3 2 2 2 2 2 2 2
1648059219 333 27 22 15 7 6 6 6 5 4 4 3 3 2 2 2 2 2 2 2
1648071222 333 27 23 15 7 6 6 6 5 4 4 3 3 2 2 2 2 2 2 2
