1509138914 0 0 0 0 0 0 0 0 0 0 0 0 0 0 0 0 0 0 0 0
1509738729 13011 0 0 0 0 0 0 0 0 0 0 0 0 0 0 0 0 0 0 0
1510603544 13079 0 0 0 0 0 0 0 0 0 0 0 0 0 0 0 0 0 0 0
1510606334 13367 0 0 0 0 0 0 0 0 0 0 0 0 0 0 0 0 0 0 0
1510609322 13378 0 0 0 0 0 0 0 0 0 0 0 0 0 0 0 0 0 0 0
1510609752 13378 0 0 0 0 0 0 0 0 0 0 0 0 0 0 0 0 0 0 0
1510617003 13423 0 0 0 0 0 0 0 0 0 0 0 0 0 0 0 0 0 0 0
1512072381 14780 0 0 0 0 0 0 0 0 0 0 0 0 0 0 0 0 0 0 0
1512501771 14824 0 0 0 0 0 0 0 0 0 0 0 0 0 0 0 0 0 0 0
1512677204 15073 0 0 0 0 0 0 0 0 0 0 0 0 0 0 0 0 0 0 0
1512679857 15767 0 0 0 0 0 0 0 0 0 0 0 0 0 0 0 0 0 0 0
1513272041 15795 0 0 0 0 0 0 0 0 0 0 0 0 0 0 0 0 0 0 0
1513272767 16118 0 0 0 0 0 0 0 0 0 0 0 0 0 0 0 0 0 0 0
1513273941 16120 0 0 0 0 0 0 0 0 0 0 0 0 0 0 0 0 0 0 0
1513633000 16120 0 0 0 0 0 0 0 0 0 0 0 0 0 0 0 0 0 0 0
1513638836 16120 0 0 0 0 0 0 0 0 0 0 0 0 0 0 0 0 0 0 0
1513640639 16514 0 0 0 0 0 0 0 0 0 0 0 0 0 0 0 0 0 0 0
1513798054 16672 0 0 0 0 0 0 0 0 0 0 0 0 0 0 0 0 0 0 0
1513798360 16740 0 0 0 0 0 0 0 0 0 0 0 0 0 0 0 0 0 0 0
1513798459 16826 0 0 0 0 0 0 0 0 0 0 0 0 0 0 0 0 0 0 0
1513798741 16894 0 0 0 0 0 0 0 0 0 0 0 0 0 0 0 0 0 0 0
1513888492 17653 0 0 0 0 0 0 0 0 0 0 0 0 0 0 0 0 0 0 0
1513972908 17658 0 0 0 0 0 0 0 0 0 0 0 0 0 0 0 0 0 0 0
1513976039 17755 0 0 0 0 0 0 0 0 0 0 0 0 0 0 0 0 0 0 0
1513976054 17760 0 0 0 0 0 0 0 0 0 0 0 0 0 0 0 0 0 0 0
1514399257 17868 0 0 0 0 0 0 0 0 0 0 0 0 0 0 0 0 0 0 0
1514399313 18024 0 0 0 0 0 0 0 0 0 0 0 0 0 0 0 0 0 0 0
1514496690 18024 0 0 0 0 0 0 0 0 0 0 0 0 0 0 0 0 0 0 0
1514917017 18290 0 0 0 0 0 0 0 0 0 0 0 0 0 0 0 0 0 0 0
1514932512 18302 0 0 0 0 0 0 0 0 0 0 0 0 0 0 0 0 0 0 0
1514932638 18399 0 0 0 0 0 0 0 0 0 0 0 0 0 0 0 0 0 0 0
1515088809 18477 0 0 0 0 0 0 0 0 0 0 0 0 0 0 0 0 0 0 0
1515099371 18637 0 0 0 0 0 0 0 0 0 0 0 0 0 0 0 0 0 0 0
1515099533 18723 0 0 0 0 0 0 0 0 0 0 0 0 0 0 0 0 0 0 0
1515100278 28170 0 0 0 0 0 0 0 0 0 0 0 0 0 0 0 0 0 0 0
1515179171 28492 0 0 0 0 0 0 0 0 0 0 0 0 0 0 0 0 0 0 0
1515179288 28502 0 0 0 0 0 0 0 0 0 0 0 0 0 0 0 0 0 0 0
1515452664 28516 0 0 0 0 0 0 0 0 0 0 0 0 0 0 0 0 0 0 0
1515452679 28527 0 0 0 0 0 0 0 0 0 0 0 0 0 0 0 0 0 0 0
1515520506 28607 0 0 0 0 0 0 0 0 0 0 0 0 0 0 0 0 0 0 0
1515693339 28836 0 0 0 0 0 0 0 0 0 0 0 0 0 0 0 0 0 0 0
1515694278 29131 0 0 0 0 0 0 0 0 0 0 0 0 0 0 0 0 0 0 0
1515703427 29131 0 0 0 0 0 0 0 0 0 0 0 0 0 0 0 0 0 0 0
1515775620 29160 0 0 0 0 0 0 0 0 0 0 0 0 0 0 0 0 0 0 0
1515775634 29214 0 0 0 0 0 0 0 0 0 0 0 0 0 0 0 0 0 0 0
1516649627 29232 0 0 0 0 0 0 0 0 0 0 0 0 0 0 0 0 0 0 0
1516902218 29237 0 0 0 0 0 0 0 0 0 0 0 0 0 0 0 0 0 0 0
1517266558 29298 0 0 0 0 0 0 0 0 0 0 0 0 0 0 0 0 0 0 0
1517357212 29981 0 0 0 0 0 0 0 0 0 0 0 0 0 0 0 0 0 0 0
1517502539 30002 0 0 0 0 0 0 0 0 0 0 0 0 0 0 0 0 0 0 0
1517502604 30002 0 0 0 0 0 0 0 0 0 0 0 0 0 0 0 0 0 0 0
1517597052 30386 0 0 0 0 0 0 0 0 0 0 0 0 0 0 0 0 0 0 0
1517604007 30386 0 0 0 0 0 0 0 0 0 0 0 0 0 0 0 0 0 0 0
1517960000 30390 0 0 0 0 0 0 0 0 0 0 0 0 0 0 0 0 0 0 0
1517960014 30473 0 0 0 0 0 0 0 0 0 0 0 0 0 0 0 0 0 0 0
1518027943 30995 0 0 0 0 0 0 0 0 0 0 0 0 0 0 0 0 0 0 0
1518029497 31039 0 0 0 0 0 0 0 0 0 0 0 0 0 0 0 0 0 0 0
1518190136 31039 0 0 0 0 0 0 0 0 0 0 0 0 0 0 0 0 0 0 0
1518377456 31111 0 0 0 0 0 0 0 0 0 0 0 0 0 0 0 0 0 0 0
1518640013 31676 0 0 0 0 0 0 0 0 0 0 0 0 0 0 0 0 0 0 0
1518645508 35030 0 0 0 0 0 0 0 0 0 0 0 0 0 0 0 0 0 0 0
1518707690 35030 0 0 0 0 0 0 0 0 0 0 0 0 0 0 0 0 0 0 0
1518794088 35541 0 0 0 0 0 0 0 0 0 0 0 0 0 0 0 0 0 0 0
1519430927 35566 0 0 0 0 0 0 0 0 0 0 0 0 0 0 0 0 0 0 0
1519431690 35572 0 0 0 0 0 0 0 0 0 0 0 0 0 0 0 0 0 0 0
1519670785 35579 0 0 0 0 0 0 0 0 0 0 0 0 0 0 0 0 0 0 0
1519858453 35579 0 0 0 0 0 0 0 0 0 0 0 0 0 0 0 0 2 0 0
1519916565 35593 0 0 0 0 0 0 0 0 0 0 0 0 0 0 0 0 2 0 0
1520015396 41955 0 0 0 0 0 0 0 0 0 0 0 0 0 0 0 0 2 0 0
1520016021 41963 0 0 0 0 0 0 0 0 0 0 0 0 0 0 0 0 2 0 0
1520284935 42110 0 0 0 0 0 0 0 0 0 0 0 0 0 0 0 0 2 0 0
1520435002 42368 0 0 0 0 0 0 0 0 0 0 0 0 0 0 0 0 2 0 0
1520540434 42596 0 0 0 0 0 0 0 0 0 0 0 0 0 0 0 0 2 0 0
1520951921 42837 0 0 0 0 0 0 0 0 0 0 0 0 0 0 0 0 2 0 0
1520954156 42846 0 0 0 0 0 0 0 0 0 0 0 0 0 0 0 0 2 0 0
1521566245 42886 0 0 0 0 0 0 0 0 0 0 0 0 0 0 0 0 2 0 0
1521844433 43211 0 0 0 0 0 0 0 0 0 0 0 0 0 0 0 0 2 0 0
1521844464 43217 0 0 0 0 0 0 0 0 0 0 0 0 0 0 0 0 2 0 0
1521846686 43219 0 0 0 0 0 0 0 0 0 0 0 0 0 0 0 0 2 0 0
1522688693 43226 0 0 0 0 0 0 0 0 0 0 0 0 0 0 0 0 2 0 0
1522697913 43253 0 0 0 0 0 0 0 0 0 0 0 0 0 0 0 0 2 0 0
1522697929 43342 0 0 0 0 0 0 0 0 0 0 0 0 0 0 0 0 2 0 0
1522699849 43749 0 0 0 0 0 0 0 0 0 0 0 0 0 0 0 0 2 0 0
1522871538 43751 0 0 0 0 0 0 0 0 0 0 0 0 0 0 0 0 2 0 0
1523976498 43758 0 0 0 0 0 0 0 0 0 0 0 0 0 0 0 0 2 0 0
1524246914 43759 0 0 0 0 0 0 0 0 0 0 0 0 0 0 0 0 2 0 0
1525705563 43919 0 0 0 0 0 0 0 0 0 0 0 0 0 0 0 0 2 0 0
1525705574 43919 0 0 0 0 0 0 0 0 0 0 0 0 0 0 0 0 2 0 0
1525798592 43941 0 0 0 0 0 0 0 0 0 0 0 0 0 0 0 0 2 0 0
1525801743 44007 0 0 0 0 0 0 0 0 0 0 0 0 0 0 0 0 2 0 0
1525808654 44013 0 0 0 0 0 0 0 0 0 0 0 0 0 0 0 0 2 0 0
1525809678 44431 0 0 0 0 0 0 0 0 0 0 0 0 0 0 0 0 2 0 0
1527099744 46202 0 0 0 0 0 0 0 0 0 0 0 0 0 0 0 0 2 0 0
1527107253 46756 0 0 0 0 0 0 0 0 0 0 0 0 0 0 0 0 2 0 0
1527259059 46773 0 0 0 0 0 0 0 0 0 0 0 0 0 0 0 0 2 0 0
1527259085 46779 0 0 0 0 0 0 0 0 0 0 0 0 0 0 0 0 2 0 0
1527264508 46786 0 0 0 0 0 0 0 0 0 0 0 0 0 0 0 0 2 0 0
1527611197 46788 0 0 0 0 0 0 0 0 0 0 0 0 0 0 0 0 2 0 0
1527775692 46820 0 0 0 0 0 0 0 0 0 0 0 0 0 0 0 0 2 0 0
1527775708 46868 0 0 0 0 0 0 0 0 0 0 0 0 0 0 0 0 2 0 0
1528402753 46942 0 0 0 0 0 0 0 0 0 0 0 0 0 0 0 0 2 0 0
1528405882 48236 0 0 0 0 0 0 0 0 0 0 0 0 0 0 0 0 2 0 0
1528829703 48238 0 0 0 0 0 0 0 0 0 0 0 0 0 0 0 0 2 0 0
1529589627 48308 0 0 0 0 0 0 0 0 0 0 0 0 0 0 0 0 2 0 0
1529938844 48308 0 0 0 0 0 0 0 0 0 0 0 0 0 0 0 0 2 0 0
1529939189 55065 0 0 0 0 0 0 0 0 0 0 0 0 0 0 0 0 2 0 0
1529950641 55071 0 0 0 0 0 0 0 0 0 0 0 0 0 0 0 0 2 0 0
1529963730 55080 0 0 0 0 0 0 0 0 0 0 0 0 0 0 0 0 2 0 0
1530111993 55080 0 0 0 0 0 0 0 0 0 0 0 0 0 0 0 0 2 0 0
1530559166 55101 0 0 0 0 0 0 0 0 0 0 0 0 0 0 0 0 2 0 0
1530565233 55101 0 0 0 0 0 0 0 0 0 0 0 0 0 0 0 0 2 0 0
1530635306 55939 0 0 0 0 0 0 0 0 0 0 0 0 0 0 0 0 2 0 0
1530636029 57243 0 0 0 0 0 0 0 0 0 0 0 0 0 0 0 0 2 0 0
1530636609 57463 0 0 0 0 0 0 0 0 0 0 0 0 0 0 0 0 2 0 0
1530639780 57464 0 0 0 0 0 0 0 0 0 0 0 0 0 0 0 0 2 0 0
1530647576 57481 0 0 0 0 0 0 0 0 0 0 0 0 0 0 0 0 2 0 0
1530895543 57481 0 0 0 0 0 0 0 0 0 0 0 0 0 0 0 0 2 0 0
1530899530 57502 0 0 0 0 0 0 0 0 0 0 0 0 0 0 0 0 2 0 0
1531158262 57549 0 0 0 0 0 0 0 0 0 0 0 0 0 0 0 0 2 0 0
1531160379 57550 0 0 0 0 0 0 0 0 0 0 0 0 0 0 0 0 2 0 0
1531162576 57647 0 0 0 0 0 0 0 0 0 0 0 0 0 0 0 0 2 0 0
1531165236 57719 0 0 0 0 0 0 0 0 0 0 0 0 0 0 0 0 2 0 0
1531243482 57725 0 0 0 0 0 0 0 0 0 0 0 0 0 0 0 0 2 0 0
1531322167 57732 0 0 0 0 0 0 0 0 0 0 0 0 0 0 0 0 2 0 0
1532725052 57812 0 0 0 0 0 0 0 0 0 0 0 0 0 0 0 0 2 0 0
1533046580 57812 0 0 0 0 0 0 0 0 0 0 0 0 0 0 0 0 2 0 0
1533060368 57812 0 0 0 0 0 0 0 0 0 0 0 0 0 0 0 0 2 0 0
1533236106 57817 0 0 0 0 0 0 0 0 0 0 0 0 0 0 0 0 2 0 0
1533308200 57817 0 0 0 0 0 0 0 0 0 0 0 0 0 87 0 0 2 0 0
1533308283 57817 0 0 0 0 0 0 0 0 0 0 0 0 0 90 0 0 2 0 0
1533308561 57817 0 0 0 0 0 0 0 0 0 0 0 0 0 97 0 0 2 0 0
1533316276 57854 0 0 0 0 0 0 0 0 0 0 0 0 0 97 0 0 2 0 0
1533317325 57855 0 0 0 0 0 0 0 0 0 0 0 0 0 97 0 0 2 0 0
1533324577 57855 0 0 0 0 0 0 0 0 0 0 0 0 0 100 0 0 2 0 0
1533579913 57857 0 0 0 0 0 0 0 0 0 0 0 0 0 100 0 0 2 0 0
1533580529 57865 0 0 0 0 0 0 0 0 0 0 0 0 0 100 0 0 2 0 0
1533593389 58180 0 0 0 0 0 0 0 0 0 0 0 0 0 100 0 0 2 0 0
1533747696 58186 0 0 0 0 0 0 0 0 0 0 0 0 0 100 0 0 2 0 0
1534354295 58363 0 0 0 0 0 0 0 0 0 0 0 0 0 100 0 0 2 0 0
1534354310 58364 0 0 0 0 0 0 0 0 0 0 0 0 0 100 0 0 2 0 0
1534445365 58450 0 0 0 0 0 0 0 0 0 0 0 0 0 100 0 0 2 0 0
1534450425 58452 0 0 0 0 0 0 0 0 0 0 0 0 0 100 0 0 2 0 0
1534514481 58452 0 0 0 0 0 0 0 0 0 0 0 0 0 100 0 0 2 0 0
1535228221 58454 0 0 0 0 0 0 0 0 0 0 0 0 0 100 0 0 2 0 0
1536180461 58456 0 0 0 0 0 0 0 0 0 0 0 0 0 100 0 0 2 0 0
1536185078 58458 0 0 0 0 0 0 0 0 0 0 0 0 0 100 0 0 2 0 0
1536267707 58791 0 0 0 0 0 0 0 0 0 0 0 0 0 100 0 0 2 0 0
1536678911 58791 0 0 0 0 0 0 0 0 0 0 0 0 0 100 0 0 2 0 0
1536872967 58955 0 0 0 0 0 0 0 0 0 0 0 0 0 100 0 0 2 0 0
1536873275 58985 0 0 0 0 0 0 0 0 0 0 0 0 0 100 0 0 2 0 0
1536873952 59177 0 0 0 0 0 0 0 0 0 0 0 0 0 100 0 0 2 0 0
1537304059 59252 0 0 0 0 0 0 0 0 0 0 0 0 0 100 0 0 2 0 0
1537464104 59278 0 0 0 0 0 0 0 0 0 0 0 0 0 100 0 0 2 0 0
1537464118 59283 0 0 0 0 0 0 0 0 0 0 0 0 0 100 0 0 2 0 0
1537464145 60346 0 0 0 0 0 0 0 0 0 0 0 0 0 100 0 0 2 0 0
1537477307 60377 0 0 0 0 0 0 0 0 0 0 0 0 0 100 0 0 2 0 0
1537478199 60896 0 0 0 0 0 0 0 0 0 0 0 0 0 100 0 0 2 0 0
1537912369 61214 0 0 0 0 0 0 0 0 0 0 0 0 0 100 0 0 2 0 0
1538071711 61223 0 0 0 0 0 0 0 0 0 0 0 0 0 100 0 0 2 0 0
1538167616 61297 0 0 0 0 0 0 0 0 0 0 0 0 0 100 0 0 2 0 0
1538404132 61380 0 0 0 0 0 0 0 0 0 0 0 0 0 100 0 0 2 0 0
1538412330 62584 0 0 0 0 0 0 0 0 0 0 0 0 0 100 0 0 2 0 0
1538514130 62589 0 0 0 0 0 0 0 0 0 0 0 0 0 100 0 0 2 0 0
1538598837 62591 0 0 0 0 0 0 0 0 0 0 0 0 0 100 0 0 2 0 0
1538684299 62597 0 0 0 0 0 0 0 0 0 0 0 0 0 100 0 0 2 0 0
1538684904 62606 0 0 0 0 0 0 0 0 0 0 0 0 0 100 0 0 2 0 0
1538684927 62663 0 0 0 0 0 0 0 0 0 0 0 0 0 100 0 0 2 0 0
1539087030 247519 0 0 0 0 0 0 0 0 0 0 0 0 0 100 0 0 2 0 0
1539381971 247519 0 0 0 0 0 0 0 0 0 0 0 0 0 100 0 0 2 0 0
1539873828 247519 0 0 0 0 0 0 0 0 0 0 0 0 0 100 0 0 2 0 0
1539982626 247535 0 0 0 0 0 0 0 0 0 0 0 0 0 100 0 0 2 0 0
1540236027 247541 0 0 0 0 0 0 0 0 0 0 0 0 0 100 0 0 2 0 0
1540405934 247543 0 0 0 0 0 0 0 0 0 0 0 0 0 100 0 0 2 0 0
1540844665 247548 0 0 0 0 0 0 0 0 0 0 0 0 0 100 0 0 2 0 0
1540913222 247553 0 0 0 0 0 0 0 0 0 0 0 0 0 100 0 0 2 0 0
1540916682 247569 0 0 0 0 0 0 0 0 0 0 0 0 0 100 0 0 2 0 0
1541093665 247569 0 0 0 0 0 0 0 0 0 0 0 0 0 100 0 0 2 0 0
1541181415 247577 0 0 0 0 0 0 0 0 0 0 0 0 0 100 0 0 2 0 0
1541184267 248769 0 0 0 0 0 0 0 0 0 0 0 0 0 100 0 0 2 0 0
1541459264 248771 0 0 0 0 0 0 0 0 0 0 0 0 0 100 0 0 2 0 0
1541705208 248775 0 0 0 0 0 0 0 0 0 0 0 0 0 100 0 0 2 0 0
1541787146 248903 0 0 0 0 0 0 0 0 0 0 0 0 0 100 0 0 2 0 0
1541787160 248935 0 0 0 0 0 0 0 0 0 0 0 0 0 100 0 0 2 0 0
1541802523 248965 0 0 0 0 0 0 0 0 0 0 0 0 0 100 0 0 2 0 0
1542746362 248965 0 0 0 0 0 0 0 0 0 0 0 0 0 100 0 0 2 0 0
1542830937 248967 0 0 0 0 0 0 0 0 0 0 0 0 0 100 0 0 2 0 0
1543334437 248967 0 0 0 0 0 0 0 0 0 0 0 0 0 100 0 0 2 0 0
1543335565 248967 0 0 0 0 0 0 0 0 0 0 0 0 0 100 0 0 2 0 0
1543431943 249031 0 0 0 0 0 0 0 0 0 0 0 0 0 100 0 0 2 0 0
1543608184 249031 0 0 0 0 0 0 0 0 0 0 0 0 0 100 0 0 2 0 0
1543610339 249033 0 0 0 0 0 0 0 0 0 0 0 0 0 100 0 0 2 0 0
1544050009 249034 0 0 0 0 0 0 0 0 0 0 0 0 0 100 0 0 2 0 0
1544220404 249617 0 0 0 0 0 0 0 0 0 0 0 0 0 100 0 0 2 0 0
1544471299 249636 0 0 0 0 0 0 0 0 0 0 0 0 0 100 0 0 2 0 0
1545322367 249757 0 0 0 0 0 0 0 0 0 0 0 0 0 100 0 0 2 0 0
1545323593 249759 0 0 0 0 0 0 0 0 0 0 0 0 0 100 0 0 2 0 0
1545328723 249765 0 0 0 0 0 0 0 0 0 0 0 0 0 100 0 0 2 0 0
1546442358 249765 0 0 0 0 0 0 0 0 0 0 0 0 0 100 0 0 2 1 0
1546470890 249765 11 0 0 0 0 0 0 0 0 0 0 0 0 100 0 0 2 1 0
1546614738 249825 11 0 0 0 0 0 0 0 0 0 0 0 0 100 0 0 2 1 0
1546885584 249825 81 0 0 0 0 0 0 0 0 0 0 0 0 100 0 0 2 1 0
1546885974 249825 83 0 0 0 0 0 0 0 0 0 0 0 0 100 0 0 2 1 0
1546993852 249825 83 0 0 0 0 0 0 0 0 0 0 0 0 100 0 0 2 1 0
1547073281 249840 83 0 0 0 0 0 0 0 0 0 0 0 0 100 0 0 2 1 0
1547489345 249840 83 0 0 0 0 0 0 0 0 0 0 0 0 100 0 0 2 1 0
1547937586 251662 83 0 0 0 0 0 0 0 0 0 0 0 0 100 0 0 2 1 0
1548281453 251662 83 0 0 0 0 0 0 0 0 0 0 0 0 100 0 0 2 1 0
1548447248 251662 83 0 0 0 0 0 0 0 0 0 41076 0 0 100 0 0 2 1 0
1548631399 251667 83 0 0 0 0 0 0 0 0 0 41076 0 0 100 0 0 2 1 0
1548806032 251676 83 0 0 0 0 0 0 0 0 0 41076 0 0 100 0 0 2 1 0
1548891977 251676 83 0 0 0 0 0 0 0 0 0 41076 0 0 100 0 0 2 1 0
1548956819 251676 83 0 477 0 0 0 0 0 0 0 41076 0 0 100 0 0 2 1 0
1549235929 251689 83 0 477 0 0 0 0 0 0 0 41076 0 0 100 0 0 2 1 0
1549311450 252153 83 0 477 0 0 0 0 0 0 0 41076 0 0 100 0 0 2 1 0
1549314593 252157 83 0 477 0 0 0 0 0 0 0 41076 0 0 100 0 0 2 1 0
1549405163 252157 110 0 477 0 0 0 0 0 0 0 41076 0 0 100 0 0 2 1 0
1549735903 252157 110 0 477 0 0 0 0 0 0 0 41076 0 0 100 0 0 2 1 0
1549908136 252157 144 0 477 0 0 0 0 0 0 0 41076 0 0 100 0 0 2 1 0
1550540895 252157 144 0 477 0 0 0 2 0 0 0 41076 0 0 100 0 0 2 1 0
1550603153 252157 144 0 661 0 0 0 2 0 0 0 41076 0 0 100 0 0 2 1 0
1551208142 252159 144 0 661 0 0 0 2 0 0 0 41076 0 0 100 0 0 2 1 0
1551283818 252159 144 0 661 0 421 0 2 0 0 0 41076 0 0 100 0 0 2 1 0
1551283842 252159 144 0 661 0 437 0 2 0 0 0 41076 0 0 100 0 0 2 1 0
1551292640 252166 144 0 661 0 437 0 2 0 0 0 41076 0 0 100 0 0 2 1 0
1551293899 252170 144 0 661 0 437 0 2 0 0 0 41076 0 0 100 0 0 2 1 0
1551628378 252858 144 0 661 0 437 0 2 0 0 0 41076 0 0 100 0 0 2 1 0
1551642232 252858 144 0 661 0 437 0 2 0 0 0 41076 0 0 100 0 0 2 1 0
1551648143 253199 144 0 661 0 437 0 2 0 0 0 41076 0 0 100 0 0 2 1 0
1551738490 253201 144 0 661 0 437 0 2 0 0 0 41076 0 0 100 0 0 2 1 0
1551798978 253201 144 0 661 0 474 0 2 0 0 0 41076 0 0 100 0 0 2 1 0
1551919092 253201 144 0 663 0 474 0 2 0 0 0 41076 0 0 100 0 0 2 1 0
1551919106 253233 144 0 663 0 474 0 2 0 0 0 41076 0 0 100 0 0 2 1 0
1552334008 253233 144 0 663 0 474 0 2 0 0 0 41076 0 0 100 0 0 2 1 0
1552686930 253235 144 0 663 0 474 0 2 0 0 0 41076 0 0 100 0 0 2 1 0
1552691055 253235 162 0 663 0 474 0 2 0 0 0 41076 0 0 100 0 0 2 1 0
1552920301 253538 162 0 663 0 474 0 2 0 0 0 41076 0 0 100 0 0 2 1 0
1553090003 253538 162 0 663 0 474 0 2 0 0 0 41076 0 0 100 0 0 2 1 0
1553709241 253538 162 0 1113 0 474 0 2 0 0 0 41076 0 0 100 0 0 2 1 0
1554245619 253845 162 0 1113 0 474 0 2 0 0 0 41076 0 0 100 0 0 2 1 0
1554560333 253847 162 0 1113 0 474 0 2 0 0 0 41076 0 0 100 0 0 2 1 0
1555083723 253849 162 0 1113 0 474 0 2 0 0 0 41076 0 0 100 0 0 2 1 0
1555514497 253849 162 0 1646 0 474 0 2 0 0 0 41076 0 0 100 0 0 2 1 0
1555695947 253849 162 0 1646 0 474 0 2 0 0 0 41076 0 0 100 0 0 2 1 0
1555789318 253862 162 0 1646 0 474 0 2 0 0 0 41076 0 0 100 0 0 2 1 0
1556650725 253862 162 0 1646 0 474 0 2 0 0 0 41076 0 0 100 0 0 2 1 0
1556922608 253862 162 0 1646 0 474 0 2 0 0 0 41076 0 0 100 0 0 2 1 0
1556925580 253862 162 0 1646 0 474 0 2 0 0 0 41076 0 0 100 0 0 2 1 0
1557350013 253864 162 0 1646 0 474 0 2 0 0 0 41076 0 0 100 0 0 2 1 0
1557421634 253864 162 0 1896 0 474 0 2 0 0 0 41076 0 0 100 0 0 2 1 0
1557524772 253868 162 0 1896 0 474 0 2 0 0 0 41076 0 0 100 0 0 2 1 0
1557760727 253878 162 0 1896 0 474 0 2 0 0 0 41076 0 0 100 0 0 2 1 0
1558010676 253878 162 0 1947 0 474 0 2 0 0 0 41076 0 0 100 0 0 2 1 0
1558040294 253880 162 0 1947 0 474 0 2 0 0 0 41076 0 0 100 0 0 2 1 0
1558382733 253880 162 0 1957 0 474 0 2 0 0 0 41076 0 0 100 0 0 2 1 0
1558387265 253966 162 0 1957 0 474 0 2 0 0 0 41076 0 0 100 0 0 2 1 0
1558555301 253966 162 0 2012 0 474 0 2 0 0 0 41076 0 0 100 0 0 2 1 0
1559079849 253966 162 0 2012 0 474 0 2 0 0 0 41076 0 0 100 0 0 2 1 0
1559138458 253966 162 0 2050 0 474 0 2 0 0 0 41076 0 0 100 0 0 2 1 0
1559691336 253966 162 0 2050 0 474 0 2 0 0 0 41076 0 0 100 0 0 2 1 0
1559916522 253966 162 0 2050 0 507 0 2 0 0 0 41076 0 0 100 0 0 2 1 0
1560359842 253971 162 0 2050 0 507 0 2 0 0 0 41076 0 0 100 0 0 2 1 0
1560521176 253971 162 0 2050 0 507 0 2 0 0 0 41076 0 0 100 0 0 2 1 0
1560779168 253971 162 0 2050 0 507 0 2 0 0 0 41076 0 0 100 0 0 2 1 0
1560792902 254387 162 0 2050 0 507 0 2 0 0 0 41076 0 0 100 0 0 2 1 0
1560792944 254404 162 0 2050 0 507 0 2 0 0 0 41076 0 0 100 0 0 2 1 0
1561304863 255015 162 0 2050 0 507 0 2 0 0 0 41076 0 0 100 0 0 2 1 0
1561306268 255065 162 0 2050 0 507 0 2 0 0 0 41076 0 0 100 0 0 2 1 0
1561754802 255067 162 0 2050 0 507 0 2 0 0 0 41076 0 0 100 0 0 2 1 0
1561994066 255297 162 0 2050 0 507 0 2 0 0 0 41076 0 0 100 0 0 2 1 0
1562689402 255297 162 0 2050 0 507 0 2 0 0 0 41086 0 0 100 0 0 2 1 0
1562699103 255297 162 0 2050 0 507 0 2 0 0 0 41086 0 0 100 0 0 5 1 0
1563201340 255300 162 0 2050 0 507 0 2 0 0 0 41086 0 0 100 0 0 5 1 0
1563296032 255321 162 0 2050 0 507 0 2 0 0 0 41086 0 0 100 0 0 5 1 0
1563307411 255336 162 0 2050 0 507 0 2 0 0 0 41086 0 0 100 0 0 5 1 0
1563307429 255513 162 0 2050 0 507 0 2 0 0 0 41086 0 0 100 0 0 5 1 0
1563307947 255667 162 0 2050 0 507 0 2 0 0 0 41086 0 0 100 0 0 5 1 0
1563310170 260038 162 0 2050 0 507 0 2 0 0 0 41086 0 0 100 0 0 5 1 0
1563311062 260052 162 0 2050 0 507 0 2 0 0 0 41086 0 0 100 0 0 5 1 0
1563316000 260068 162 0 2050 0 507 0 2 0 0 0 41086 0 0 100 0 0 5 1 0
1563317238 260068 162 0 2050 0 507 0 24 0 0 0 41086 0 0 100 0 0 5 1 0
1563317473 260071 162 0 2050 0 507 0 24 0 0 0 41086 0 0 100 0 0 5 1 0
1563404451 260071 162 0 2050 0 507 0 24 0 0 0 41089 0 0 100 0 0 5 1 0
1563564128 260074 162 0 2050 0 507 0 24 0 0 0 41089 0 0 100 0 0 5 1 0
1564416143 260074 163 0 2050 0 507 0 24 0 0 0 41089 0 0 100 0 0 5 1 0
1564429606 260080 163 0 2050 0 507 0 24 0 0 0 41089 0 0 100 0 0 5 1 0
1564665167 260157 163 0 2050 0 507 0 24 0 0 0 41089 0 0 100 0 0 5 1 0
1564672883 260157 163 0 2050 0 507 0 24 0 0 0 41097 0 0 100 0 0 5 1 0
1564676757 260157 210 0 2050 0 507 0 24 0 0 0 41097 0 0 100 0 0 5 1 0
1564678180 262103 210 0 2050 0 507 0 24 0 0 0 41097 0 0 100 0 0 5 1 0
1565716320 262136 210 0 2050 0 507 0 24 0 0 0 41097 0 0 100 0 0 5 1 0
1565718758 262152 210 0 2050 0 507 0 24 0 0 0 41097 0 0 100 0 0 5 1 0
1565746460 262155 210 0 2050 0 507 0 24 0 0 0 41097 0 0 100 0 0 5 1 0
1565903789 262158 210 0 2050 0 507 0 24 0 0 0 41097 0 0 100 0 0 5 1 0
1566308635 262158 210 0 2050 0 507 0 24 0 0 0 41097 0 0 100 0 0 5 1 0
1566410234 262158 210 0 2050 0 507 0 24 0 0 0 41097 0 0 100 0 0 5 1 0
1566413147 262158 210 0 2050 0 507 0 24 0 0 0 41097 0 0 100 0 0 5 1 0
1566426109 262162 210 0 2050 0 507 0 24 0 0 0 41097 0 0 100 0 0 5 1 0
1566493839 262162 210 0 2050 0 507 0 24 0 0 0 41097 0 0 100 0 0 5 1 0
1566580630 262165 210 0 2050 0 507 0 24 0 0 0 41097 0 0 100 0 0 5 1 0
1566595641 262165 210 0 2663 0 507 0 24 0 0 0 41097 0 0 100 0 0 5 1 0
1568056437 262168 210 0 2663 0 507 0 24 0 0 0 41097 0 0 100 0 0 5 1 0
1568824857 262283 210 0 2663 0 507 0 24 0 0 0 41097 0 0 100 0 0 5 1 0
1568825783 263473 210 0 2663 0 507 0 24 0 0 0 41097 0 0 100 0 0 5 1 0
1569270969 263473 220 0 2663 0 507 0 24 0 0 0 41097 0 0 100 0 0 5 1 0
1569275568 263473 257 0 2663 0 507 0 24 0 0 0 41097 0 0 100 0 0 5 1 0
1569337629 263509 257 0 2663 0 507 0 24 0 0 0 41097 0 0 100 0 0 5 1 0
1569453670 263512 257 0 2663 0 507 0 24 0 0 0 41097 0 0 100 0 0 5 1 0
1569779408 264509 257 0 2663 0 507 0 24 0 0 0 41097 0 0 100 0 0 5 1 0
1569779917 264685 257 0 2663 0 507 0 24 0 0 0 41097 0 0 100 0 0 5 1 0
1569939176 264685 308 0 2663 0 507 0 24 0 0 0 41097 0 0 100 0 0 5 1 0
1570211064 264685 308 0 2805 0 507 0 24 0 0 0 41097 0 0 100 0 0 5 1 0
1570311307 264794 308 0 2805 0 507 0 24 0 0 0 41097 0 0 100 0 0 5 1 0
1570544037 264794 308 0 2805 0 507 0 24 0 0 0 41097 0 0 100 0 0 5 1 0
1570571547 265192 308 0 2805 0 507 0 24 0 0 0 41097 0 0 100 0 0 5 1 0
1570820915 265192 311 0 2805 0 507 0 24 0 0 0 41097 0 0 100 0 0 5 1 0
1571086676 265195 311 0 2805 0 507 0 24 0 0 0 41097 0 0 100 0 0 5 1 0
1571087233 265203 311 0 2805 0 507 0 24 0 0 0 41097 0 0 100 0 0 5 1 0
1571322716 265203 311 0 2805 0 507 0 24 0 0 0 41097 0 0 100 0 0 5 1 0
1571365063 265206 311 0 2805 0 507 0 24 0 0 0 41097 0 0 100 0 0 5 1 0
1572288331 265206 311 0 2805 0 507 0 24 0 0 0 41097 0 0 100 0 0 5 1 0
1572572780 265209 311 0 2805 0 507 0 24 0 0 0 41097 0 0 100 0 0 5 1 0
1572992453 265290 311 0 2805 0 507 0 24 0 0 0 41097 0 0 100 0 0 5 1 0
1573167727 265293 311 0 2805 0 507 0 24 0 0 0 41097 0 0 100 0 0 5 1 0
1574363424 265293 401 0 2805 0 507 0 24 0 0 0 41097 0 0 100 0 0 5 1 0
1575319763 265298 401 0 2805 0 507 0 24 0 0 0 41097 0 0 100 0 0 5 1 0
1575563699 265304 401 0 2805 0 507 0 24 0 0 0 41097 0 0 100 0 0 5 1 0
1576692978 265304 401 0 2805 0 507 0 24 0 0 0 41097 0 0 100 0 0 5 1 0
1578523146 265304 401 0 2805 0 507 0 24 0 0 0 41097 0 0 100 0 0 5 1 0
1578684786 265304 401 0 2805 0 507 0 24 0 0 0 41097 0 0 100 0 0 8 1 0
1578686535 265309 401 0 2805 0 507 0 24 0 0 0 41097 0 0 100 0 0 8 1 0
1578941611 265320 401 0 2805 0 507 0 24 0 0 0 41097 0 0 100 0 0 8 1 0
1578948105 265416 401 0 2805 0 507 0 24 0 0 0 41097 0 0 100 0 0 8 1 0
1579714089 265416 401 0 2805 0 507 0 24 0 0 0 41097 0 0 100 0 0 8 1 0
1580240819 265422 401 0 2805 0 507 0 24 0 0 0 41097 0 0 100 0 0 8 1 0
1580755431 265428 401 0 2805 0 507 0 24 0 0 0 41097 0 0 100 0 0 8 1 0
1581013098 265616 401 0 2805 0 507 0 24 0 0 0 41097 0 0 100 0 0 8 1 0
1581013814 265619 401 0 2805 0 507 0 24 0 0 0 41097 0 0 100 0 0 8 1 0
1581621794 265627 401 0 2805 0 507 0 24 0 0 0 41097 0 0 100 0 0 8 1 0
1582733803 265633 401 0 2805 0 507 0 24 0 0 0 41097 0 0 100 0 0 8 1 0
1582748889 265832 401 0 2805 0 507 0 24 0 0 0 41097 0 0 100 0 0 8 1 0
1582750061 265842 401 0 2805 0 507 0 24 0 0 0 41097 0 0 100 0 0 8 1 0
1582751377 265848 401 0 2805 0 507 0 24 0 0 0 41097 0 0 100 0 0 8 1 0
1583165994 265848 420 0 2805 0 507 0 24 0 0 0 41097 0 0 100 0 0 8 1 0
1583422082 265855 420 0 2805 0 507 0 24 0 0 0 41097 0 0 100 0 0 8 1 0
1584113109 265855 431 0 2805 0 507 0 24 0 0 0 41097 0 0 100 0 0 8 1 0
1584369991 265855 431 0 2805 0 507 0 24 0 0 0 41097 0 0 100 0 0 8 1 0
1584567961 265855 434 0 2805 0 507 0 24 0 0 0 41097 0 0 100 0 0 8 1 0
1584653767 265861 434 0 2805 0 507 0 24 0 0 0 41097 0 0 100 0 0 8 1 0
1584976964 265861 536 0 2805 0 507 0 24 0 0 0 41097 0 0 100 0 0 8 1 0
1585068618 265878 536 0 2805 0 507 0 24 0 0 0 41097 0 0 100 0 0 8 1 0
1585069569 265884 536 0 2805 0 507 0 24 0 0 0 41097 0 0 100 0 0 8 1 0
1585580898 265884 631 0 2805 0 507 0 24 0 0 0 41097 0 0 100 0 0 8 1 0
1586184607 265921 631 0 2805 0 507 0 24 0 0 0 41097 0 0 100 0 0 8 1 0
1586271319 265921 631 0 2805 0 507 0 24 0 0 0 41097 0 0 100 0 0 8 1 0
1586382197 265921 631 0 2805 0 507 0 24 0 0 0 41097 0 0 100 0 0 8 1 0
1586438277 265928 631 0 2805 0 507 0 24 0 0 0 41097 0 0 100 0 0 8 1 0
1586879630 265934 631 0 2805 0 507 0 24 0 0 0 41097 0 0 100 0 0 8 1 0
1587151400 265934 631 0 2805 0 507 0 24 0 0 0 41097 0 0 100 0 0 8 1 0
1587680354 265971 631 0 2805 0 507 0 24 0 0 0 41097 0 0 100 0 0 8 1 0
1588182354 265971 631 0 2805 0 507 0 24 0 0 0 41097 0 0 100 0 0 8 1 0
1588870217 265971 631 0 2805 0 727 0 24 0 0 0 41097 0 0 100 0 0 8 1 0
1588948133 265971 631 0 2805 0 727 0 24 0 0 0 41097 0 0 100 0 0 8 1 0
1589405066 267973 631 0 2805 0 727 0 24 0 0 0 41097 0 0 100 0 0 8 1 0
1589405710 267979 631 0 2805 0 727 0 24 0 0 0 41097 0 0 100 0 0 8 1 0
1589407241 267984 631 0 2805 0 727 0 24 0 0 0 41097 0 0 100 0 0 8 1 0
1589816681 267984 631 0 2805 0 751 0 24 0 0 0 41097 0 0 100 0 0 8 1 0
1590586735 267984 710 0 2805 0 751 0 24 0 0 0 41097 0 0 100 0 0 8 1 0
1590599654 267992 710 0 2805 0 751 0 24 0 0 0 41097 0 0 100 0 0 8 1 0
1590600834 268107 710 0 2805 0 751 0 24 0 0 0 41097 0 0 100 0 0 8 1 0
1590677429 268107 710 0 2805 0 751 0 24 0 0 0 41097 0 0 100 0 3 8 1 0
1590679583 268107 710 0 2805 0 751 0 24 0 0 0 41097 0 0 100 0 77 8 1 0
1590680511 268110 710 0 2805 0 751 0 24 0 0 0 41097 0 0 100 0 77 8 1 0
1590683868 268116 710 0 2805 0 751 0 24 0 0 0 41097 0 0 100 0 77 8 1 0
1591109982 268122 710 0 2805 0 751 0 24 0 0 0 41097 0 0 100 0 77 8 1 0
1591116399 268158 710 0 2805 0 751 0 24 0 0 0 41097 0 0 100 0 77 8 1 0
1591116485 268158 711 0 2805 0 751 0 24 0 0 0 41097 0 0 100 0 77 8 1 0
1591217153 268231 711 0 2805 0 751 0 24 0 0 0 41097 0 0 100 0 77 8 1 0
1591797131 268232 711 0 2805 0 751 0 24 0 0 0 41097 0 0 100 0 77 8 1 0
1591810734 268279 711 0 2805 0 751 0 24 0 0 0 41097 0 0 100 0 77 8 1 0
1591983219 268279 711 0 2805 0 751 0 4026 0 0 0 41097 0 0 100 0 77 8 1 0
1593196829 268279 724 0 2805 0 751 0 4026 0 0 0 41097 0 0 100 0 77 8 1 0
1593459623 268279 822 0 2805 0 751 0 4026 0 0 0 41097 0 0 100 0 77 8 1 0
1593634416 268279 822 0 2882 0 751 0 4026 0 0 0 41097 0 0 100 0 77 8 1 0
1594398763 268279 822 0 3092 0 751 0 4026 0 0 0 41097 0 0 100 0 77 8 1 0
1594406916 268279 822 0 3092 0 751 0 4026 0 0 0 41097 0 0 100 0 77 8 1 0
1594738638 268383 822 0 3092 0 751 0 4026 0 0 0 41097 0 0 100 0 77 8 1 0
1594756593 268389 822 0 3092 0 751 0 4026 0 0 0 41097 0 0 100 0 77 8 1 0
1594927209 268389 822 0 3092 0 751 0 4026 0 0 0 41097 0 0 100 0 77 8 1 0
1594997052 268395 822 0 3092 0 751 0 4026 0 0 0 41097 0 0 100 0 77 8 1 0
1595259552 268434 822 0 3092 0 751 0 4026 0 0 0 41097 0 0 100 0 77 8 1 0
1595266315 268674 822 0 3092 0 751 0 4026 0 0 0 41097 0 0 100 0 77 8 1 0
1595447935 268733 822 0 3092 0 751 0 4026 0 0 0 41097 0 0 100 0 77 8 1 0
1595524220 268739 822 0 3092 0 751 0 4026 0 0 0 41097 0 0 100 0 77 8 1 0
1596645961 268739 822 0 3092 0 751 0 4026 0 0 0 41097 0 0 100 0 79 8 1 0
1596646027 268739 866 0 3092 0 751 0 4026 0 0 0 41097 0 0 100 0 79 8 1 0
1596744448 268745 866 0 3092 0 751 0 4026 0 0 0 41097 0 0 100 0 79 8 1 0
1596833928 268925 866 0 3092 0 751 0 4026 0 0 0 41097 0 0 100 0 79 8 1 0
1597240981 268931 866 0 3092 0 751 0 4026 0 0 0 41097 0 0 100 0 79 8 1 0
1597417878 268933 866 0 3092 0 751 0 4026 0 0 0 41097 0 0 100 0 79 8 1 0
1597418013 268933 866 0 3092 0 845 0 4026 0 0 0 41097 0 0 100 0 79 8 1 0
1597699962 269550 866 0 3092 0 845 0 4026 0 0 0 41097 0 0 100 0 79 8 1 0
1597872634 271487 866 0 3092 0 845 0 4026 0 0 0 41097 0 0 100 0 79 8 1 0
1598377241 271527 866 0 3092 0 845 0 4026 0 0 0 41097 0 0 100 0 79 8 1 0
1598462812 271532 866 0 3092 0 845 0 4026 0 0 0 41097 0 0 100 0 79 8 1 0
1598462983 273521 866 0 3092 0 845 0 4026 0 0 0 41097 0 0 100 0 79 8 1 0
1598559893 273533 866 0 3092 0 845 0 4026 0 0 0 41097 0 0 100 0 79 8 1 0
1598622853 273536 866 0 3092 0 845 0 4026 0 0 0 41097 0 0 100 0 79 8 1 0
1598885580 273542 866 0 3092 0 845 0 4026 0 0 0 41097 0 0 100 0 79 8 1 0
1598982601 273548 866 0 3092 0 845 0 4026 0 0 0 41097 0 0 100 0 79 8 1 0
1599578796 273549 866 0 3092 0 845 0 4026 0 0 0 41097 0 0 100 0 79 8 1 0
1599690212 273555 866 0 3092 0 845 0 4026 0 0 0 41097 0 0 100 0 79 8 1 0
1599749955 273555 957 0 3092 0 845 0 4026 0 0 0 41097 0 0 100 0 79 8 1 0
1599856231 273659 957 0 3092 0 845 0 4026 0 0 0 41097 0 0 100 0 79 8 1 0
1599856963 273662 957 0 3092 0 845 0 4026 0 0 0 41097 0 0 100 0 79 8 1 0
1600450236 273877 957 0 3092 0 845 0 4026 0 0 0 41097 0 0 100 0 79 8 1 0
1600723259 273901 957 0 3092 0 845 0 4026 0 0 0 41097 0 0 100 0 79 8 1 0
1600723856 274089 957 0 3092 0 845 0 4026 0 0 0 41097 0 0 100 0 79 8 1 0
1600787240 274089 957 0 3092 0 845 0 4026 0 0 0 41097 0 0 100 0 79 8 1 0
1600811323 274098 957 0 3092 0 845 0 4026 0 0 0 41097 0 0 100 0 79 8 1 0
1601481381 274103 957 0 3092 0 845 0 4026 0 0 0 41097 0 0 100 0 79 8 1 0
1601481952 274114 957 0 3092 0 845 0 4026 0 0 0 41097 0 0 100 0 79 8 1 0
1601673600 274136 957 0 3092 0 845 0 4026 0 0 0 41097 0 0 100 0 79 8 1 0
1601674196 274139 957 0 3092 0 845 0 4026 0 0 0 41097 0 0 100 0 79 8 1 0
1602010244 274139 957 0 3092 0 845 0 4026 0 0 0 41097 0 0 100 0 79 8 1 0
1602169271 274139 957 0 3092 0 845 0 4026 0 0 0 41097 0 0 100 0 79 8 1 0
1602171385 274174 957 0 3092 0 845 0 4026 0 0 0 41097 0 0 100 0 79 8 1 0
1602262722 274174 957 0 3092 0 845 0 4026 0 0 0 41097 0 0 100 0 79 8 1 0
1602772576 274180 957 0 3092 0 845 0 4026 0 0 0 41097 0 0 100 0 79 8 1 0
1603744210 274186 957 0 3092 0 845 0 4026 0 0 0 41097 0 0 100 0 79 8 1 0
1604948101 274192 957 0 3092 0 845 0 4026 0 0 0 41097 0 0 100 0 79 8 1 0
1605126680 274192 957 0 3212 0 845 0 4026 0 0 0 41097 0 0 100 0 79 8 1 0
1605223715 274198 957 0 3212 0 845 0 4026 0 0 0 41097 0 0 100 0 79 8 1 0
1605828232 274198 957 0 3212 0 845 0 4026 0 0 0 41097 0 0 100 0 79 8 1 0
1606857283 282613 957 0 3212 0 845 0 4026 0 0 0 41097 0 0 100 0 79 8 1 0
1606857469 282661 957 0 3212 0 845 0 4026 0 0 0 41097 0 0 100 0 79 8 1 0
1606942631 282672 957 0 3212 0 845 0 4026 0 0 0 41097 0 0 100 0 79 8 1 0
1607112718 282672 957 0 3212 0 845 0 4026 0 0 0 41097 0 0 100 0 79 8 1 0
1607439524 282672 957 0 3212 0 937 0 4026 0 0 0 41097 0 0 100 0 79 8 1 0
1607969482 282672 957 0 3212 0 937 0 4026 0 0 0 41097 0 0 100 0 79 8 1 0
1608747491 282714 957 0 3212 0 937 0 4026 0 0 0 41097 0 0 100 0 79 8 1 0
1608759246 282724 957 0 3212 0 937 0 4026 0 0 0 41097 0 0 100 0 79 8 1 0
1609955372 282724 957 0 3212 0 940 0 4026 0 0 0 41097 0 0 100 0 79 8 1 0
1609955812 282724 985 0 3212 0 940 0 4026 0 0 0 41097 0 0 100 0 79 8 1 0
1610724338 282728 985 0 3212 0 940 0 4026 0 0 0 41097 0 0 100 0 79 8 1 0
1611780895 282740 985 0 3212 0 940 0 4026 0 0 0 41097 0 0 100 0 79 8 1 0
1612195454 282740 985 0 3212 0 940 0 5165 0 0 0 41097 0 0 100 0 79 8 1 0
1613517518 282742 985 0 3212 0 940 0 5165 0 0 0 41097 0 0 100 0 79 8 1 0
1614046545 282742 985 0 3212 0 1015 0 5165 0 0 0 41097 0 0 100 0 79 8 1 0
1615230812 290558 985 0 3212 0 1015 0 5165 0 0 0 41097 0 0 100 0 79 8 1 0
1615233348 290561 985 0 3212 0 1015 0 5165 0 0 0 41097 0 0 100 0 79 8 1 0
1615234476 290600 985 0 3212 0 1015 0 5165 0 0 0 41097 0 0 100 0 79 8 1 0
1615234775 291128 985 0 3212 0 1015 0 5165 0 0 0 41097 0 0 100 0 79 8 1 0
1615235964 291136 985 0 3212 0 1015 0 5165 0 0 0 41097 0 0 100 0 79 8 1 0
1616079783 291142 985 0 3212 0 1015 0 5165 0 0 0 41097 0 0 100 0 79 8 1 0
1616191183 291198 985 0 3212 0 1015 0 5165 0 0 0 41097 0 0 100 0 79 8 1 0
1617136982 291198 985 0 3212 3 1015 0 5165 0 0 0 41097 0 0 100 0 79 8 1 0
1617137117 291198 985 0 3212 3 1015 0 5165 0 0 0 41097 0 0 100 0 79 8 1 0
1617137193 291198 985 0 3212 3 1015 0 5165 0 0 0 41097 0 0 100 0 79 8 1 0
1617199030 291198 985 0 3212 3 1015 0 5165 0 0 0 41097 0 0 100 8 79 8 1 0
1617223165 291253 985 0 3212 3 1015 0 5165 0 0 0 41097 0 0 100 8 79 8 1 0
1617291541 291253 985 0 3212 3 1015 0 5165 0 0 0 41097 0 0 100 8 79 8 1 0
1618635117 291253 985 0 3212 3 1015 0 5165 0 0 0 41097 0 0 100 8 79 8 1 0
1618855693 291253 985 0 3212 3 1015 0 5165 0 0 0 41097 0 0 100 39 79 8 1 0
1620244072 291253 985 0 3212 3 1015 0 5165 2 0 0 41097 0 0 100 39 79 8 1 0
1620941731 291253 985 0 3212 3 1015 0 5165 3 0 0 41097 0 0 100 39 79 8 1 0
1621025752 291253 985 0 3212 3 1015 0 5165 6 0 0 41097 0 0 100 39 79 8 1 0
1622065010 291253 985 0 3212 3 1015 0 5165 6 0 0 41100 0 0 100 39 79 8 1 0
1622065353 291253 985 0 3212 3 1015 0 5165 9 0 0 41100 0 0 100 39 79 8 1 0
1622227129 291253 985 0 3212 3 1015 0 5165 12 0 0 41100 0 0 100 39 79 8 1 0
1624492298 291253 985 0 3212 222 1015 0 5165 12 0 0 41100 0 0 100 39 79 8 1 0
1624635041 291260 985 0 3212 222 1015 0 5165 12 0 0 41100 0 0 100 39 79 8 1 0
1624636828 291260 985 0 3212 222 1015 0 5165 12 0 0 41100 0 0 100 39 79 8 1 0
1624918492 291260 985 0 3212 222 1015 0 5165 12 0 0 41100 0 0 100 39 79 8 1 0
1624951981 291260 1003 0 3212 222 1015 0 5165 12 0 0 41100 0 0 100 39 79 8 1 0
1625010873 291261 1003 0 3212 222 1015 0 5165 12 0 0 41100 0 0 100 39 79 8 1 0
1625698188 291269 1003 0 3212 222 1015 0 5165 12 0 0 41100 0 0 100 39 79 8 1 0
1626107853 291269 1003 0 3212 222 1015 0 5165 12 0 0 41100 0 0 100 39 79 8 1 0
1626826631 291269 1003 0 3212 239 1015 0 5165 12 0 0 41100 0 0 100 39 79 8 1 0
1627660378 291269 1003 0 3212 239 1015 0 5165 15 0 0 41100 0 0 100 39 79 8 1 0
1628608342 291269 1023 0 3212 239 1015 0 5165 15 0 0 41100 0 0 100 39 79 8 1 0
1629354584 291269 1023 0 3212 239 1015 0 5165 15 0 3 41100 0 0 100 39 79 8 1 0
1629482171 291269 1023 0 3212 239 1015 0 5338 15 0 3 41100 0 0 100 39 79 8 1 0
1629820600 291271 1023 0 3212 239 1015 0 5338 15 0 3 41100 0 0 100 39 79 8 1 0
1630510792 291271 1023 0 3212 239 1015 0 5338 15 0 3 41100 0 0 100 39 79 8 1 0
1632942741 291272 1023 0 3212 239 1015 0 5338 15 0 3 41100 0 0 100 39 79 8 1 0
1633554057 291272 1023 0 3212 239 1015 0 5338 15 0 3 41100 0 0 100 39 79 8 1 0
1633565287 291272 1023 0 3212 239 1015 0 5338 15 0 3 41100 0 0 100 39 79 8 1 0
1633565311 291272 1023 0 3212 239 1015 0 5338 15 0 3 41100 0 0 100 39 79 8 1 0
1633565458 291272 1023 0 3212 239 1015 0 5338 32 0 3 41100 0 0 100 39 79 8 1 0
1633566460 291272 1023 0 3212 239 1015 0 5338 32 0 3 41100 0 0 100 39 79 8 1 0
1633734715 347893 1023 0 3212 239 1015 0 5338 32 0 3 41100 0 0 100 39 79 8 1 0
1633971621 347893 1023 0 3212 239 1026 0 5338 32 0 3 41100 0 0 100 39 79 8 1 0
1633987175 347893 1023 0 3212 239 1029 0 5338 32 0 3 41100 0 0 100 39 79 8 1 0
1634758151 347893 1023 0 3212 239 1029 0 5338 32 0 3 41100 0 0 100 39 79 8 1 0
1634908562 347893 1023 0 3212 239 1029 0 5338 32 0 3 41100 0 0 100 39 79 8 1 0
1635450011 347893 1023 0 3212 239 1029 0 5338 32 0 3 41100 0 0 100 242 79 8 1 0
1635459969 347893 1023 0 3212 239 1029 0 5338 32 0 3 41100 0 0 100 245 79 8 1 0
1635467125 347893 1023 0 3212 239 1029 0 5338 32 0 711 41100 0 0 100 245 79 8 1 0
1635864475 347893 1023 0 3212 239 1029 0 5338 32 0 1034 41100 0 0 100 245 79 8 1 0
1635961661 347893 1023 0 3212 239 1029 0 5338 32 0 1034 41100 0 0 100 245 79 8 1 0
1636748809 347893 1023 0 3212 239 1029 0 5338 32 0 1034 41100 0 0 100 245 79 8 1 0
1637203268 347893 1023 0 3212 239 1029 0 5338 32 0 1075 41100 0 0 100 245 79 8 1 0
1637686579 347893 1023 0 3212 239 1029 0 5338 32 0 1075 41100 0 0 100 245 79 8 1 0
1637769147 347893 1023 0 3212 239 1029 0 5338 32 0 1075 41100 0 0 100 245 79 8 1 0
1638386310 347893 1023 0 3212 239 1037 0 5338 32 0 1075 41100 0 0 100 245 79 8 1 0
1641232176 347893 1023 0 3212 459 1037 0 5338 32 0 1075 41100 0 0 100 245 79 8 1 0
1641914092 347893 1023 0 3212 483 1037 0 5338 32 0 1075 41100 0 0 100 245 79 8 1 0
1642015991 347893 1023 0 3212 483 1037 69 5338 32 0 1075 41100 0 0 100 245 79 8 1 0
1642084851 347893 1023 0 3212 483 1037 69 5338 32 0 1075 41100 0 0 100 245 79 8 1 0
1642632692 347893 1023 0 3212 483 1037 69 5338 32 0 1075 41100 0 0 100 245 79 8 1 0
1643134139 347893 1023 0 3212 483 1037 304 5338 32 0 1075 41100 0 0 100 245 79 8 1 0
1643315550 347893 1023 0 3212 483 1037 304 5338 32 0 1142 41100 0 0 100 245 79 8 1 0
1643315632 347893 1023 0 3212 483 1037 304 5338 32 0 1142 41100 0 0 100 245 79 8 1 0
1644347671 347893 1023 0 3212 483 1037 304 5338 32 0 1142 41100 0 0 100 245 79 8 1 0
1646244992 347893 1023 0 3212 483 2605 304 5338 32 0 1142 41100 0 0 100 245 79 8 1 0
1647019878 347893 1023 0 3212 483 2605 304 5338 32 0 1143 41100 0 0 100 245 79 8 1 0
1647134857 347893 1023 0 3212 483 2605 304 5338 32 0 1143 41100 0 0 100 245 79 8 1 0
1647388422 347893 1023 0 3212 483 2605 304 5338 32 0 1143 41100 0 0 100 245 79 8 1 0
1647465874 347893 1023 0 3247 483 2605 304 5338 32 0 1143 41100 0 0 100 245 79 8 1 0
1647467290 347893 1023 0 3265 483 2605 304 5338 32 0 1143 41100 0 0 100 245 79 8 1 0
1647548275 347893 1023 0 3409 483 2605 304 5338 32 0 1143 41100 0 0 100 245 79 8 1 0
1647615815 347893 1023 0 3425 483 2605 304 5338 32 0 1143 41100 0 0 100 245 79 8 1 0
1647632639 347893 1023 0 3425 483 2605 304 5338 32 0 1143 41100 0 0 100 245 79 8 1 0
1647959662 347893 1023 0 3441 483 2605 304 5338 32 0 1143 41100 0 0 100 245 79 8 1 0
1647984788 347893 1023 0 3451 483 2605 304 5338 32 0 1143 41100 0 0 100 245 79 8 1 0
1648006456 347893 1023 0 3451 483 2605 304 5338 32 0 1143 41100 0 0 100 245 79 8 1 2
1648046534 347893 1023 0 3451 483 2605 304 5338 32 0 1143 41100 0 0 100 245 79 8 1 2
1648059219 347893 1023 0 3459 483 2605 304 5338 32 0 1143 41100 0 0 100 245 79 8 1 2
1648071222 347893 1023 0 6311 483 2605 304 5338 32 0 1143 41100 0 0 100 245 79 8 1 2
1648610628 347893 1023 0 6311 483 2605 304 5420 32 0 1143 41100 0 0 100 245 79 8 1 3
1649035955 347893 1023 0 6311 483 2605 304 5420 32 0 1143 41100 0 0 100 245 79 8 1 3
1649190971 347893 1023 0 6311 483 2605 352 5420 32 0 1143 41100 0 0 100 245 79 8 1 3
1649252492 347893 1023 0 6311 483 2605 358 5420 32 0 1143 41100 0 0 100 245 79 8 1 3
1649264089 347893 1023 0 6311 483 2605 358 5420 32 0 1143 41100 0 0 100 245 79 8 1 3
1649529362 347893 1023 0 6311 483 2605 358 5420 32 0 1143 41100 0 0 100 245 79 8 1 3
1649686976 347893 1023 0 6311 483 2605 358 5420 32 0 1143 41100 0 400 100 245 79 8 1 3
1650317579 347893 1023 0 6311 483 2605 358 5420 32 0 1143 41100 0 400 100 245 79 8 1 3
1650482102 347893 1023 0 6311 483 2605 358 5420 32 0 1143 41100 0 400 100 245 79 8 1 3
1650522859 347893 1023 0 6311 483 2605 358 5420 32 0 1143 41100 0 400 100 245 79 8 1 3
1650914550 347893 1023 0 6311 483 2605 358 5420 32 0 1143 41100 0 400 100 245 79 8 1 3
1650938936 347893 1023 0 6311 483 2605 500 5420 32 0 1143 41100 0 400 100 245 79 8 1 3
1651984178 347893 1023 0 6311 483 2605 500 5420 32 0 1143 41100 0 400 100 245 79 8 1 3
1652277962 347893 1023 0 6311 483 2605 500 5420 32 0 1143 41100 0 400 100 245 79 8 1 3
1652450357 347893 1023 0 6311 483 2605 502 5420 32 0 1143 41100 0 400 100 245 79 8 1 3
1653574692 347893 1023 0 6311 483 2605 502 5420 32 0 1143 41100 0 400 100 245 79 8 1 3
1654125386 347893 1023 0 6311 483 2605 502 5420 32 0 1143 41100 0 400 100 245 79 8 1 3
1655047980 347893 1023 0 6311 483 2605 502 5420 32 0 1143 41100 0 400 100 245 79 8 1 3
1655048059 347893 1023 0 6311 483 2605 502 5420 32 0 1143 41100 0 400 100 245 79 8 1 3
1655048258 347893 1023 0 6311 483 2605 502 5420 32 0 1143 41100 0 400 100 245 79 8 1 3
1655048289 347893 1023 8 6311 483 2605 502 5420 32 0 1143 41100 0 400 100 245 79 8 1 3
1655048473 347893 1023 8 6311 483 2605 502 5420 32 0 1143 41100 0 400 100 245 79 8 1 3
1655137546 347893 1023 8 6311 483 2605 502 5420 32 0 1143 41100 0 433 100 245 79 8 1 3
1655589148 347893 1023 8 6311 483 2605 502 5420 32 0 1143 41100 0 433 100 245 79 8 1 3
1655835408 347893 1023 8 6311 483 2605 504 5420 32 0 1143 41100 0 433 100 245 79 8 1 3
1656272381 347893 5111 8 6311 483 2605 504 5420 32 0 1143 41100 0 433 100 245 79 8 1 3
1656434851 347893 5111 8 6311 483 2605 510 5420 32 0 1143 41100 0 433 100 245 79 8 1 3
1657131947 347893 5111 148 6311 483 2605 510 5420 32 0 1143 41100 0 433 100 245 79 8 1 3
1657406298 347893 5111 148 6311 483 2605 510 5420 32 0 1143 41100 0 433 100 245 79 8 1 3
1657477730 347893 5111 838 6311 483 2605 510 5420 32 0 1143 41100 0 433 100 245 79 8 1 3
1657920118 347893 5111 842 6311 483 2605 510 5420 32 0 1143 41100 0 433 100 245 79 8 1 3
1658030905 347893 5111 842 6311 483 2605 510 5420 32 0 1143 41100 0 433 100 245 79 8 1 3
1658150628 347893 5111 856 6311 483 2605 510 5420 32 0 1143 41100 0 433 100 245 79 8 1 3
1658815476 347893 5111 857 6311 483 2605 510 5420 32 0 1143 41100 0 433 100 245 79 8 1 3
1658820462 347893 5111 1177 6311 483 2605 510 5420 32 0 1143 41100 0 433 100 245 79 8 1 3
1658861403 347893 5111 1177 6311 483 2605 510 5420 32 0 1143 41100 0 510 100 245 79 8 1 3
1659502426 347893 5111 1177 6311 483 2605 548 5420 32 0 1143 41100 0 510 100 245 79 8 1 3
1661126746 347893 5111 1177 6311 483 2605 725 5420 32 0 1143 41100 0 510 100 245 79 8 1 3
1661525722 347893 5111 1177 6311 559 2605 725 5420 32 0 1143 41100 0 510 100 245 79 8 1 3
1661532791 347893 5111 1187 6311 559 2605 725 5420 32 0 1143 41100 0 510 100 245 79 8 1 3
1661802817 347893 5111 1187 6311 667 2605 725 5420 32 0 1143 41100 0 510 100 245 79 8 1 3
1661871200 347893 5111 1187 6311 667 2605 763 5420 32 0 1143 41100 0 510 100 245 79 8 1 3
1661871520 347893 5111 1187 6311 715 2605 763 5420 32 0 1143 41100 0 510 100 245 79 8 1 3
1662735415 347893 5111 1188 6311 715 2605 763 5420 32 0 1143 41100 0 510 100 245 79 8 1 3
1662735449 347893 5111 1189 6311 715 2605 763 5420 32 0 1143 41100 0 510 100 245 79 8 1 3
1663171463 347893 5111 1189 6311 13829 2605 763 5420 32 0 1143 41100 0 510 100 245 79 8 1 3
1663562291 347893 5111 1189 6311 13829 2605 763 5420 32 0 1143 41100 0 510 100 245 79 8 1 3
1663859644 347893 5111 1189 6311 13829 2605 808 5420 32 0 1143 41100 0 510 100 245 79 8 1 3
1663895047 347893 5111 1189 6311 13829 2605 821 5420 32 0 1143 41100 0 510 100 245 79 8 1 3
1664116704 347893 5114 1189 6311 13829 2605 821 5420 32 0 1143 41100 0 510 100 245 79 8 1 3
1664117610 347893 5114 1189 6311 13829 2605 821 5420 32 0 1143 41100 0 510 100 245 79 8 1 3
1664119933 347893 5118 1189 6311 13829 2605 821 5420 32 0 1143 41100 0 510 100 245 79 8 1 3
1665014129 347893 5118 1189 6311 13829 2605 821 5420 32 45 1143 41100 0 510 100 245 79 8 1 3
1665067225 347893 5118 1189 6311 13829 2605 821 5420 32 45 1143 41100 15 510 100 245 79 8 1 3
1665767241 347893 5118 1189 6311 13829 2605 821 5420 32 45 1143 41100 15 510 100 245 79 8 1 3
1665773215 347893 5118 1195 6311 13829 2605 821 5420 32 45 1143 41100 15 510 100 245 79 8 1 3
1665883385 347893 5119 1195 6311 13829 2605 821 5420 32 45 1143 41100 15 510 100 245 79 8 1 3
1665938481 347893 5119 1220 6311 13829 2605 821 5420 32 45 1143 41100 15 510 100 245 79 8 1 3
1666019317 347893 5119 1256 6311 13829 2605 821 5420 32 45 1143 41100 15 510 100 245 79 8 1 3
1666043536 347893 5119 1256 6311 13829 2605 821 5420 32 435 1143 41100 15 510 100 245 79 8 1 3
1666114039 347893 5119 1256 6311 13829 2605 821 5420 32 435 1143 41100 15 510 100 245 79 8 1 3
1666114082 347893 5119 1256 6311 13829 2605 821 5420 32 435 1143 41100 15 510 100 245 79 8 1 3
1666709553 347893 5119 1262 6311 13829 2605 821 5420 32 435 1143 41100 15 510 100 245 79 8 1 3
1666738716 347893 5119 1262 6311 13829 2605 821 5420 32 39303 1143 41100 15 510 100 245 79 8 1 3
1666820992 347893 5119 1263 6311 13829 2605 821 5420 32 39303 1143 41100 15 510 100 245 79 8 1 3
1667227981 347893 5119 1266 6311 13829 2605 821 5420 32 39303 1143 41100 15 510 100 245 79 8 1 3
1667321593 347893 5119 1266 6311 13829 2605 821 5420 32 39353 1143 41100 15 510 100 245 79 8 1 3
1668400982 347893 5119 1266 6311 13829 2605 821 5420 32 39353 1143 41100 15 510 100 245 79 8 1 3
1669227414 347893 5119 1267 6311 13829 2605 821 5420 32 39353 1143 41100 15 510 100 245 79 8 1 3
1669485547 347893 5119 1267 6311 13829 2605 821 5420 32 39353 1143 41100 23 510 100 245 79 8 1 3
1669509952 347893 5120 1267 6311 13829 2605 821 5420 32 39353 1143 41100 23 510 100 245 79 8 1 3
1669737634 347893 5120 1267 6311 13829 2605 821 5420 32 39353 1143 41100 33 510 100 245 79 8 1 3
1670354332 347893 5120 1270 6311 13829 2605 821 5420 32 39353 1143 41100 33 510 100 245 79 8 1 3
1671213110 347893 5120 1271 6311 13829 2605 821 5420 32 39353 1143 41100 33 510 100 245 79 8 1 3
1672515453 347893 5120 1271 6311 13829 2605 821 5420 32 39353 1143 41100 33 510 100 245 79 8 1 3
1672515546 347893 5120 1271 6311 13829 2605 821 5420 32 39353 1143 41100 33 510 100 245 79 8 1 3
1672515688 347893 5120 1271 6311 13829 2605 821 5420 32 39353 1143 41100 33 510 100 245 79 8 1 3
1672515724 347893 5120 1271 6311 13829 2605 821 5420 32 39353 1143 41100 33 510 100 245 79 8 1 3
1672515902 347893 5120 1271 6311 13829 2605 821 5420 32 39353 1143 41100 33 510 100 245 79 8 1 3
1672516385 347893 5120 1271 6311 13837 2605 821 5420 32 39353 1143 41100 33 510 100 245 79 8 1 3
1672516544 347893 5120 1271 6311 13837 2605 821 5420 32 39353 1143 41100 33 510 100 245 79 8 1 3
1672681672 347893 5120 1280 6311 13837 2605 821 5420 32 39353 1143 41100 33 510 100 245 79 8 1 3
1672681715 347893 5120 1286 6311 13837 2605 821 5420 32 39353 1143 41100 33 510 100 245 79 8 1 3
1672811353 350992 5120 1286 6311 13837 2605 821 5420 32 39353 1143 41100 33 510 100 245 79 8 1 3
1672940522 350992 5120 1293 6311 13837 2605 821 5420 32 39353 1143 41100 33 510 100 245 79 8 1 3
1673025448 350992 5120 1293 6311 13837 2605 821 5420 32 39353 1143 41100 33 510 100 245 79 8 1 3
1673398075 350992 5120 1293 6311 13837 2605 821 5420 32 39353 1143 41100 38 510 100 245 79 8 1 3
1673560825 350992 5120 1293 6311 13837 2605 821 5420 32 39703 1143 41100 38 510 100 245 79 8 1 3
1673562072 350992 5120 1293 6311 13837 2605 821 5420 32 43832 1143 41100 38 510 100 245 79 8 1 3
1673625461 350992 5159 1293 6311 13837 2605 821 5420 32 43832 1143 41100 38 510 100 245 79 8 1 3
1673656722 350992 5206 1293 6311 13837 2605 821 5420 32 43832 1143 41100 38 510 100 245 79 8 1 3
1673724857 350992 5206 1293 6311 13837 2605 821 5420 32 43832 1143 41100 38 510 100 245 79 8 1 3
1673970548 350992 5206 1294 6311 13837 2605 821 5420 32 43832 1143 41100 38 510 100 245 79 8 1 3
1674489146 350992 5209 1294 6311 13837 2605 821 5420 32 43832 1143 41100 38 510 100 245 79 8 1 3
1674496299 350992 5209 1294 6311 13837 2605 821 5420 32 43832 1143 41100 40 510 100 245 79 8 1 3
1674666350 350992 11177 1294 6311 13837 2605 821 5420 32 43832 1143 41100 40 510 100 245 79 8 1 3
1674754866 350992 11375 1294 6311 13837 2605 821 5420 32 43832 1143 41100 40 510 100 245 79 8 1 3
1675021713 350992 11379 1294 6311 13837 2605 821 5420 32 43832 1143 41100 40 510 100 245 79 8 1 3
1675265231 350992 11379 1294 6311 13837 2605 821 5420 32 43832 1143 41100 40 510 100 245 79 8 1 3
1676028105 350992 11379 1294 6311 13837 2605 825 5420 32 43832 1143 41100 40 510 100 245 79 8 1 3
1676044193 350992 11379 1294 6311 13837 2605 1383 5420 32 43832 1143 41100 40 510 100 245 79 8 1 3
1676347955 350992 11379 1294 6311 13837 2605 1383 5420 32 43832 1143 41100 40 510 100 245 79 8 1 3
1676348627 350992 11379 1295 6311 13837 2605 1383 5420 32 43832 1143 41100 40 510 100 245 79 8 1 3
1676644755 350992 11379 1295 6311 13837 2605 1383 5420 32 43832 1143 41100 40 510 100 245 79 8 1 3
1676660584 350992 11379 1295 6311 13837 2605 1383 5420 32 43832 1143 41100 40 510 100 245 79 8 1 3
1676663519 350992 11379 1295 6311 13837 2605 1383 5420 32 43832 1143 41100 40 510 100 245 79 8 1 3
1678509587 350992 11379 1295 6311 13837 2605 1383 5420 32 43901 1143 41100 40 510 100 245 79 8 1 3
1678719447 350992 11379 1295 6311 13837 2605 1383 5420 32 43901 1143 41100 40 510 100 245 79 8 1 3
1678847723 350992 11379 1590 6311 13837 2605 1383 5420 32 43901 1143 41100 40 510 100 245 79 8 1 3
1678864242 350992 11379 1591 6311 13837 2605 1383 5420 32 43901 1143 41100 40 510 100 245 79 8 1 3
1678901837 350992 11379 1716 6311 13837 2605 1383 5420 32 43901 1143 41100 40 510 100 245 79 8 1 3
1678901868 350992 11379 1736 6311 13837 2605 1383 5420 32 43901 1143 41100 40 510 100 245 79 8 1 3
1678920830 350992 11379 1744 6311 13837 2605 1383 5420 32 43901 1143 41100 40 510 100 245 79 8 1 3
1678968713 350992 11379 1744 6311 13837 2605 1383 5420 32 43901 1143 41100 40 510 100 245 79 8 1 3
1678970753 350992 11379 1744 6311 13917 2605 1383 5420 32 43901 1143 41100 40 510 100 245 79 8 1 3
1679556309 350992 11379 1744 6311 13932 2605 1383 5420 32 43901 1143 41100 40 510 100 245 79 8 1 3
1679597516 350992 11379 1744 6311 14070 2605 1383 5420 32 43901 1143 41100 40 510 100 245 79 8 1 3
1679890158 350992 11379 1744 6311 14070 2605 1383 5420 32 43901 1143 41100 40 510 100 245 79 8 1 3
1680016157 350992 11379 1745 6311 14070 2605 1383 5420 32 43901 1143 41100 40 510 100 245 79 8 1 3
1680101349 350992 11379 1764 6311 14070 2605 1383 5420 32 43901 1143 41100 40 510 100 245 79 8 1 3
1680211916 350992 11379 1764 6311 15314 2605 1383 5420 32 43901 1143 41100 40 510 100 245 79 8 1 3
1680778272 350992 11379 1764 6311 15314 2605 1383 5420 32 43901 1143 41100 40 510 100 245 79 8 1 3
1680886966 350992 11379 1764 6311 15392 2605 1383 5420 32 43901 1143 41100 40 510 100 245 79 8 1 3
1680995192 350992 11379 1764 6311 15394 2605 1383 5420 32 43901 1143 41100 40 510 100 245 79 8 1 3
1681134842 350992 11379 1764 6311 15394 2605 1383 5420 32 43901 1143 41100 40 510 100 245 79 8 1 19
1681141033 350992 11379 1764 6311 15394 2605 1383 5420 32 43901 1143 41100 53 510 100 245 79 8 1 19
1681149076 350992 11379 1782 6311 15394 2605 1383 5420 32 43901 1143 41100 53 510 100 245 79 8 1 19
1681161745 350992 11379 1782 6311 15404 2605 1383 5420 32 43901 1143 41100 53 510 100 245 79 8 1 19
1681931841 350992 11379 1789 6311 15404 2605 1383 5420 32 43901 1143 41100 53 510 100 245 79 8 1 19
1681932270 350992 11379 1789 6311 15404 2605 1383 5420 32 43901 1143 41100 53 510 100 245 79 8 1 19
1682204221 350992 11443 1789 6311 15404 2605 1383 5420 32 43901 1143 41100 53 510 100 245 79 8 1 19
1682443889 350992 11443 1789 6311 15404 2605 1383 5420 32 43901 1143 41100 53 510 100 245 79 8 1 19
1682928516 350992 11443 1789 6311 15404 2605 1383 5420 32 43901 1143 41100 53 510 100 245 79 8 1 19
1682928833 350992 11443 1789 6311 15404 2605 1383 5420 32 43901 1143 41100 53 510 100 245 79 8 1 19
1682929543 350992 11443 1789 6311 15404 2605 1383 5420 32 43901 1143 41100 53 510 100 245 79 8 1 19
1682930276 350992 11443 1789 6311 15407 2605 1383 5420 32 43901 1143 41100 53 510 100 245 79 8 1 19
1682941724 350992 11443 1789 6311 15407 2605 1383 5420 32 43901 1143 41100 53 510 100 245 79 8 1 19
1683200052 350992 11443 1789 6311 15407 2605 1383 5420 32 43901 1143 41100 53 510 100 245 79 8 1 19
1683291733 350992 11443 1854 6311 15407 2605 1383 5420 32 43901 1143 41100 53 510 100 245 79 8 1 19
1683645020 350992 11443 1856 6311 15407 2605 1383 5420 32 43901 1143 41100 53 510 100 245 79 8 1 19
1683790105 350992 11443 1856 6311 15407 2605 1383 5420 32 43901 1143 41100 53 510 100 245 79 8 1 19
1683996435 350992 11443 1908 6311 15407 2605 1383 5420 32 43901 1143 41100 53 510 100 245 79 8 1 19
1684243697 350992 11443 1976 6311 15407 2605 1383 5420 32 43901 1143 41100 53 510 100 245 79 8 1 19
1684909923 350992 11443 1976 6311 15407 2605 1383 5420 32 43901 1143 41100 53 510 100 245 79 8 1 19
1684946593 350992 11443 1976 6311 15407 2605 1383 5420 32 43901 1143 41100 53 535 100 245 79 8 1 19
1685142030 350992 11460 1976 6311 15407 2605 1383 5420 32 43901 1143 41100 53 535 100 245 79 8 1 19
1685208988 350992 11850 1976 6311 15407 2605 1383 5420 32 43901 1143 41100 53 535 100 245 79 8 1 19
1685211800 350992 11851 1976 6311 15407 2605 1383 5420 32 43901 1143 41100 53 535 100 245 79 8 1 19
1685266936 350992 11851 1976 6311 15407 2605 1383 5420 32 43901 1143 41100 53 535 100 245 79 8 3 19
1685267126 350992 11851 1976 6311 15407 2605 1383 5420 32 43901 1143 41100 53 535 100 245 79 8 4 19
1685461620 350992 11851 1998 6311 15407 2605 1383 5420 32 43901 1143 41100 53 535 100 245 79 8 4 19
1685488412 350992 11851 1998 6311 15407 2605 1383 5420 32 43901 1143 41100 53 535 100 245 79 8 4 19
1685519406 350992 11851 1998 6311 15407 2605 1383 5420 32 43901 1143 41115 53 535 100 245 79 8 4 19
1685543329 350992 11851 1998 6311 15407 2605 1383 5420 32 43901 1143 41115 53 674 100 245 79 8 4 19
1685701612 350992 11851 2299 6311 15407 2605 1383 5420 32 43901 1143 41115 53 674 100 245 79 8 4 19
1685719554 350992 11851 2566 6311 15407 2605 1383 5420 32 43901 1143 41115 53 674 100 245 79 8 4 19
1687273872 350992 11853 2566 6311 15407 2605 1383 5420 32 43901 1143 41115 53 674 100 245 79 8 4 19
1687275679 350992 11892 2566 6311 15407 2605 1383 5420 32 43901 1143 41115 53 674 100 245 79 8 4 19
1687445375 350992 11892 2566 6311 15407 2605 1383 5420 32 43901 1143 41115 53 674 100 245 79 8 4 19
1687725012 350992 11892 2566 6311 15407 2605 1383 5420 32 43901 1143 41115 53 674 100 245 79 8 4 19
1688310199 350992 11897 2566 6311 15407 2605 1383 5420 32 43901 1143 41115 53 674 100 245 79 8 4 19
1688311005 350992 11946 2566 6311 15407 2605 1383 5420 32 43901 1143 41115 53 674 100 245 79 8 4 19
1688573516 350992 11946 2566 6311 15407 2605 1383 5420 32 43901 1143 41115 53 674 100 245 79 8 4 19
1689089852 350992 11964 2566 6311 15407 2605 1383 5420 32 43901 1143 41115 53 674 100 245 79 8 4 19
