1642278517 1
1642278527 2
1642278540 20
1642278580 71
1642278592 91
1642279493 223
1642279523 234
1642279581 369
1642486987 366
1642487905 536
1642488522 558
1642489183 710
1642546357 687
1642546778 688
1642547791 679
1642548001 685
1642549287 705
1643590158 705
1644623467 705
1652990362 705
1652990722 702
1653007282 702
1660242686 702
1662597941 702
1662651794 702
1663777631 702
1665770570 702
1665948173 697
1667848156 746
1669666923 746
1669761861 746
1670608684 746
1671056361 746
1671758906 746
1673569778 746
1673569935 773
1673570772 773
1673570815 723
1673571886 726
1673574352 726
1673627228 756
1673811740 756
1673971220 764
1678808034 777
1680802277 777
1686266676 777
1686268296 776
