1510684016 0 0 0 0 0 1 0 0 0 0 0 0 0 0 0 0 0 0 0 0
1510684991 0 0 0 0 0 2 0 0 0 0 0 0 0 0 0 0 0 0 0 0
1510685160 0 0 0 0 0 3 0 0 0 0 0 0 0 0 0 0 0 0 0 0
1510687769 0 0 0 0 0 4 0 0 0 0 0 0 0 0 0 0 0 0 0 0
1510760023 0 0 0 0 0 5 0 0 0 0 0 0 0 0 0 0 0 0 0 0
1510932453 0 0 0 0 0 6 0 0 0 0 0 0 0 0 0 0 0 0 0 0
1510952251 0 0 0 0 0 7 0 0 0 0 0 0 0 0 0 0 0 0 0 0
1515708308 0 0 0 0 0 8 0 0 0 0 0 0 0 0 0 0 0 0 0 0
1522109925 0 1 0 0 0 8 0 0 0 0 0 0 0 0 0 0 0 0 0 0
1522110199 0 2 0 0 0 8 0 0 0 0 0 0 0 0 0 0 0 0 0 0
1522110333 0 3 0 0 0 8 0 0 0 0 0 0 0 0 0 0 0 0 0 0
1522165819 0 4 0 0 0 8 0 0 0 0 0 0 0 0 0 0 0 0 0 0
1522165834 0 5 0 0 0 8 0 0 0 0 0 0 0 0 0 0 0 0 0 0
1522166645 0 5 0 0 0 9 0 0 0 0 0 0 0 0 0 0 0 0 0 0
1523340861 0 5 1 0 0 9 0 0 0 0 0 0 0 0 0 0 0 0 0 0
1523341596 0 6 1 0 0 9 0 0 0 0 0 0 0 0 0 0 0 0 0 0
1523368758 0 6 2 0 0 9 0 0 0 0 0 0 0 0 0 0 0 0 0 0
1523369096 0 6 3 0 0 9 0 0 0 0 0 0 0 0 0 0 0 0 0 0
1523370218 0 6 4 0 0 9 0 0 0 0 0 0 0 0 0 0 0 0 0 0
1523441308 0 6 4 0 0 9 0 0 0 0 0 0 0 0 0 0 0 0 0 0
1523442734 0 6 5 0 0 9 0 0 0 0 0 0 0 0 0 0 0 0 0 0
1523612051 0 7 5 0 0 9 0 0 0 0 0 0 0 0 0 0 0 0 0 0
1523617260 0 8 5 0 0 9 0 0 0 0 0 0 0 0 0 0 0 0 0 0
1523617395 0 9 5 0 0 9 0 0 0 0 0 0 0 0 0 0 0 0 0 0
1523862244 0 10 5 0 0 9 0 0 0 0 0 0 0 0 0 0 0 0 0 0
1523863308 0 11 5 0 0 9 0 0 0 0 0 0 0 0 0 0 0 0 0 0
1523863503 0 11 6 0 0 9 0 0 0 0 0 0 0 0 0 0 0 0 0 0
1523874352 0 12 6 0 0 9 0 0 0 0 0 0 0 0 0 0 0 0 0 0
1523874576 0 12 7 0 0 9 0 0 0 0 0 0 0 0 0 0 0 0 1 0
1524210218 0 12 7 0 0 9 0 0 0 0 0 0 0 0 0 0 0 0 2 0
1526235238 0 12 8 0 0 9 0 0 0 0 0 0 0 0 0 0 0 0 2 0
1526235578 0 13 8 0 0 9 0 0 0 0 0 0 0 0 0 0 0 0 2 0
1526236169 0 14 8 0 0 9 0 0 0 0 0 0 0 0 0 0 0 0 2 0
1526236699 0 15 8 0 0 9 0 0 0 0 0 0 0 0 0 0 0 0 2 0
1527689140 0 16 8 0 0 9 0 0 0 0 0 0 0 0 0 0 0 0 2 0
1528411960 0 17 8 0 0 9 0 0 0 0 0 0 0 0 0 0 0 0 2 0
1528412086 0 18 8 0 0 9 0 0 0 0 0 0 0 0 0 0 0 0 2 0
1528991628 0 19 8 0 0 9 0 0 0 0 0 0 0 0 0 0 0 0 2 0
1529962239 0 20 8 0 0 9 0 0 0 0 0 0 0 0 0 0 0 0 2 0
1532382771 0 21 8 0 0 9 0 0 0 0 0 0 0 0 0 0 0 0 2 0
1532996412 0 21 8 0 0 9 0 0 0 0 0 0 0 0 0 0 0 1 2 0
1535752477 0 22 8 0 0 9 0 0 0 0 0 0 0 0 0 0 0 1 2 0
1537332264 0 23 8 0 0 9 0 0 0 0 0 0 0 0 0 0 0 1 2 0
1537332652 0 24 8 0 0 9 0 0 0 0 0 0 0 0 0 0 0 1 2 0
1538091774 0 25 8 0 0 9 0 0 0 0 0 0 0 0 0 0 0 1 2 0
1538687367 0 26 8 0 0 9 0 0 0 0 0 0 0 0 0 0 0 1 2 0
1539229946 0 27 8 0 0 9 0 0 0 0 0 0 0 0 0 0 0 1 2 0
1541016696 0 28 8 0 0 9 0 0 0 0 0 0 0 0 0 0 0 1 2 0
1541016722 0 29 8 0 0 9 0 0 0 0 0 0 0 0 0 0 0 1 2 0
1543446997 0 29 8 0 0 9 0 0 0 0 0 0 0 0 0 0 0 1 2 0
1544158639 0 29 8 0 0 9 0 0 0 0 0 0 0 0 0 0 0 1 2 0
1544642988 0 30 8 0 0 9 0 0 0 0 0 0 0 0 0 0 0 1 2 0
1544654738 0 31 8 0 0 9 0 0 0 0 0 0 0 0 0 0 0 1 2 0
1548865976 0 31 8 0 0 9 0 0 0 0 0 0 0 0 0 0 0 1 2 0
1552325086 0 31 9 0 0 9 0 0 0 0 0 0 0 0 0 0 0 1 2 0
1552330982 0 31 10 0 0 9 0 0 0 0 0 0 0 0 0 0 0 1 2 0
1552344248 0 31 11 0 0 9 0 0 0 0 0 0 0 0 0 0 0 1 2 0
1552408441 0 31 12 0 0 9 0 0 0 0 0 0 0 0 0 0 0 1 2 0
1552412594 0 31 12 0 0 9 0 0 0 0 0 0 0 0 0 0 0 1 2 0
1552414173 0 31 13 0 0 9 0 0 0 0 0 0 0 0 0 0 0 1 2 0
1552424145 0 32 13 0 0 9 0 0 0 0 0 0 0 0 0 0 0 1 2 0
1552485526 0 32 14 0 0 9 0 0 0 0 0 0 0 0 0 0 0 1 2 0
1552485568 0 32 15 0 0 9 0 0 0 0 0 0 0 0 0 0 0 1 2 0
1552485602 0 32 16 0 0 9 0 0 0 0 0 0 0 0 0 0 0 1 2 0
1552506911 0 32 17 0 0 9 0 0 0 0 0 0 0 0 0 0 0 1 2 0
1552509743 0 32 18 0 0 9 0 0 0 0 0 0 0 0 0 0 0 1 2 0
1552513518 0 32 19 0 0 9 0 0 0 0 0 0 0 0 0 0 0 1 2 0
1552518063 0 32 20 0 0 9 0 0 0 0 0 0 0 0 0 0 0 1 2 0
1552518537 0 32 21 0 0 9 0 0 0 0 0 0 0 0 0 0 0 1 2 0
1552527165 0 32 22 0 0 9 0 0 0 0 0 0 0 0 0 0 0 1 2 0
1552596925 0 32 22 0 0 9 0 0 0 0 0 0 0 0 0 0 0 1 2 0
1552596935 0 32 23 0 0 9 0 0 0 0 0 0 0 0 0 0 0 1 2 0
1552618322 0 32 24 0 0 9 0 0 0 0 0 0 0 0 0 0 0 1 2 0
1552661377 0 32 25 0 0 9 0 0 0 0 0 0 0 0 0 0 0 1 2 0
1552759164 0 32 26 0 0 9 0 0 0 0 0 0 0 0 0 0 0 1 2 0
1552759280 0 32 27 0 0 9 0 0 0 0 0 0 0 0 0 0 0 1 2 0
1552759530 0 32 28 0 0 9 0 0 0 0 0 0 0 0 0 0 0 1 2 0
1552925203 0 32 29 0 0 9 0 0 0 0 0 0 0 0 0 0 0 1 2 0
1552925284 0 32 30 0 0 9 0 0 0 0 0 0 0 0 0 0 0 1 2 0
1552931800 0 32 31 0 0 9 0 0 0 0 0 0 0 0 0 0 0 1 2 0
1552931815 0 32 32 0 0 9 0 0 0 0 0 0 0 0 0 0 0 1 2 0
1552937095 0 32 33 0 0 9 0 0 0 0 0 0 0 0 0 0 0 1 2 0
1552938175 0 32 34 0 0 9 0 0 0 0 0 0 0 0 0 0 0 1 2 0
1553100434 0 32 35 0 0 9 0 0 0 0 0 0 0 0 0 0 0 1 2 0
1553535165 1 32 35 0 0 9 0 0 0 0 0 0 0 0 0 0 0 1 2 0
1553535413 2 32 35 0 0 9 0 0 0 0 0 0 0 0 0 0 0 1 2 0
1553557940 3 32 35 0 0 9 0 0 0 0 0 0 0 0 0 0 0 1 2 0
1553624773 4 32 35 0 0 9 0 0 0 0 0 0 0 0 0 0 0 1 2 0
1553634335 5 32 35 0 0 9 0 0 0 0 0 0 0 0 0 0 0 1 2 0
1553637410 6 32 35 0 0 9 0 0 0 0 0 0 0 0 0 0 0 1 2 0
1553642726 7 32 35 0 0 9 0 0 0 0 0 0 0 0 0 0 0 1 2 0
1553792020 7 32 35 0 0 9 0 0 0 0 0 0 0 0 0 0 0 1 2 0
1553887781 8 32 35 0 0 9 0 0 0 0 0 0 0 0 0 0 0 1 2 0
1554172588 8 32 35 0 0 9 0 0 0 0 0 0 0 0 0 0 0 1 2 0
1554253410 8 33 35 0 0 9 0 0 0 0 0 0 0 0 0 0 0 1 2 0
1554253456 8 34 35 0 0 9 0 0 0 0 0 0 0 0 0 0 0 1 2 0
1554354139 9 34 35 0 0 9 0 0 0 0 0 0 0 0 0 0 0 1 2 0
1554354149 10 34 35 0 0 9 0 0 0 0 0 0 0 0 0 0 0 1 2 0
1554359490 11 34 35 0 0 9 0 0 0 0 0 0 0 0 0 0 0 1 2 0
1554497600 12 34 35 0 0 9 0 0 0 0 0 0 0 0 0 0 0 1 2 0
1554739419 12 34 35 0 0 9 0 0 0 0 0 0 0 0 0 0 0 1 2 0
1554744260 13 34 35 0 0 9 0 0 0 0 0 0 0 0 0 0 0 1 2 0
1554749632 13 34 35 0 0 9 0 0 0 0 0 0 0 0 0 0 0 1 2 0
1555352546 14 34 35 0 0 9 0 0 0 0 0 0 0 0 0 0 0 1 2 0
1555352570 15 34 35 0 0 9 0 0 0 0 0 0 0 0 0 0 0 1 2 0
1555365034 16 34 35 0 0 9 0 0 0 0 0 0 0 0 0 0 0 1 2 0
1555367194 17 34 35 0 0 9 0 0 0 0 0 0 0 0 0 0 0 1 2 0
1555367441 18 34 35 0 0 9 0 0 0 0 0 0 0 0 0 0 0 1 2 0
1555378283 19 34 35 0 0 9 0 0 0 0 0 0 0 0 0 0 0 1 2 0
1555452911 20 34 35 0 0 9 0 0 0 0 0 0 0 0 0 0 0 1 2 0
1555453363 21 34 35 0 0 9 0 0 0 0 0 0 0 0 0 0 0 1 2 0
1555505541 22 34 35 0 0 9 0 0 0 0 0 0 0 0 0 0 0 1 2 0
1555507061 22 34 35 0 0 9 0 0 0 1 0 0 0 0 0 0 0 1 2 0
1555592952 23 34 35 0 0 9 0 0 0 1 0 0 0 0 0 0 0 1 2 0
1555592971 24 34 35 0 0 9 0 0 0 1 0 0 0 0 0 0 0 1 2 0
1555592996 25 34 35 0 0 9 0 0 0 1 0 0 0 0 0 0 0 1 2 0
1555610242 26 34 35 0 0 9 0 0 0 1 0 0 0 0 0 0 0 1 2 0
1556027855 26 34 35 0 0 9 0 0 0 1 0 1 0 0 0 0 0 1 2 0
1556207582 26 34 35 0 0 9 0 0 0 1 0 2 0 0 0 0 0 1 2 0
1556417114 26 34 35 0 0 9 0 0 0 1 0 2 0 0 0 0 0 1 2 0
1556670403 26 34 35 0 0 9 0 0 0 2 0 2 0 0 0 0 0 1 2 0
1556910028 27 34 35 0 0 9 0 0 0 2 0 2 0 0 0 0 0 1 2 0
1557172087 27 34 35 0 0 9 0 0 0 2 0 2 0 0 0 0 0 1 2 0
1557180788 28 34 35 0 0 9 0 0 0 2 0 2 0 0 0 0 0 1 2 0
1557351189 28 34 35 0 0 9 0 0 0 2 0 2 0 0 1 0 0 1 2 0
1557513845 29 34 35 0 0 9 0 0 0 2 0 2 0 0 1 0 0 1 2 0
1557770856 30 34 35 0 0 9 0 0 0 2 0 2 0 0 1 0 0 1 2 0
1557985936 30 34 35 0 0 9 0 0 0 2 0 2 0 0 1 0 0 1 2 0
1558316818 30 34 35 0 0 9 0 0 0 2 0 2 0 0 1 0 0 1 2 0
1558538929 30 34 35 0 0 9 0 0 0 3 0 2 0 0 1 0 0 1 2 0
1558614680 31 34 35 0 0 9 0 0 0 3 0 2 0 0 1 0 0 1 2 0
1558633696 32 34 35 0 0 9 0 0 0 3 0 2 0 0 1 0 0 1 2 0
1558916748 33 34 35 0 0 9 0 0 0 3 0 2 0 0 1 0 0 1 2 0
1559070264 34 34 35 0 0 9 0 0 0 3 0 2 0 0 1 0 0 1 2 0
1559333645 35 34 35 0 0 9 0 0 0 3 0 2 0 0 1 0 0 1 2 0
1559350382 36 34 35 0 0 9 0 0 0 3 0 2 0 0 1 0 0 1 2 0
1559603219 37 34 35 0 0 9 0 0 0 3 0 2 0 0 1 0 0 1 2 0
1559604575 38 34 35 0 0 9 0 0 0 3 0 2 0 0 1 0 0 1 2 0
1559749791 39 34 35 0 0 9 0 0 0 3 0 2 0 0 1 0 0 1 2 0
1559828924 40 34 35 0 0 9 0 0 0 3 0 2 0 0 1 0 0 1 2 0
1559928515 41 34 35 0 0 9 0 0 0 3 0 2 0 0 1 0 0 1 2 0
1560787388 42 34 35 0 0 9 0 0 0 3 0 2 0 0 1 0 0 1 2 0
1561149395 43 34 35 0 0 9 0 0 0 3 0 2 0 0 1 0 0 1 2 0
1561385408 44 34 35 0 0 9 0 0 0 3 0 2 0 0 1 0 0 1 2 0
1562251604 45 34 35 0 0 9 0 0 0 3 0 2 0 0 1 0 0 1 2 0
1562257934 45 35 35 0 0 9 0 0 0 3 0 2 0 0 1 0 0 1 2 0
1562263548 46 35 35 0 0 9 0 0 0 3 0 2 0 0 1 0 0 1 2 0
1562482741 46 35 35 0 0 9 0 0 0 3 1 2 0 0 1 0 0 1 2 0
1562579440 47 35 35 0 0 9 0 0 0 3 1 2 0 0 1 0 0 1 2 0
1562579697 48 35 35 0 0 9 0 0 0 3 1 2 0 0 1 0 0 1 2 0
1562586769 49 35 35 0 0 9 0 0 0 3 1 2 0 0 1 0 0 1 2 0
1562916750 49 35 35 0 0 9 0 0 0 3 2 2 0 0 1 0 0 1 2 0
1562947021 49 35 35 0 0 9 0 0 0 3 2 2 0 0 1 0 0 1 2 0
1563291020 50 35 35 0 0 9 0 0 0 3 2 2 0 0 1 0 0 1 2 0
1563292777 51 35 35 0 0 9 0 0 0 3 2 2 0 0 1 0 0 1 2 0
1563348393 52 35 35 0 0 9 0 0 0 3 2 2 0 0 1 0 0 1 2 0
1563377697 53 35 35 0 0 9 0 0 0 3 2 2 0 0 1 0 0 1 2 0
1563481904 53 35 35 0 0 9 0 0 0 3 2 2 0 0 1 0 0 1 2 0
1563532940 54 35 35 0 0 9 0 0 0 3 2 2 0 0 1 0 0 1 2 0
1563533028 55 35 35 0 0 9 0 0 0 3 2 2 0 0 1 0 0 1 2 0
1563550976 56 35 35 0 0 9 0 0 0 3 2 2 0 0 1 0 0 1 2 0
1563555726 56 35 35 0 0 9 0 0 0 3 2 2 0 0 1 0 0 1 2 0
1563794690 57 35 35 0 0 9 0 0 0 3 2 2 0 0 1 0 0 1 2 0
1563830370 58 35 35 0 0 9 0 0 0 3 2 2 0 0 1 0 0 1 2 0
1563838738 59 35 35 0 0 9 0 0 0 3 2 2 0 0 1 0 0 1 2 0
1564685410 59 35 35 0 0 9 0 0 0 3 2 2 0 0 2 0 0 1 2 0
1565130040 60 35 35 0 0 9 0 0 0 3 2 2 0 0 2 0 0 1 2 0
1565193322 61 35 35 0 0 9 0 0 0 3 2 2 0 0 2 0 0 1 2 0
1565364877 62 35 35 0 0 9 0 0 0 3 2 2 0 0 2 0 0 1 2 0
1565620041 62 35 35 0 0 9 0 0 0 3 2 2 0 0 2 0 0 1 2 0
1565701173 62 35 35 0 0 9 0 0 0 3 2 2 0 0 2 0 0 1 2 0
1565711069 63 35 35 0 0 9 0 0 0 3 2 2 0 0 2 0 0 1 2 0
1565812021 64 35 35 0 0 9 0 0 0 3 2 2 0 0 2 0 0 1 2 0
1566216639 65 35 35 0 0 9 0 0 0 3 2 2 0 0 2 0 0 1 2 0
1566495095 66 35 35 0 0 9 0 0 0 3 2 2 0 0 2 0 0 1 2 0
1566495102 67 35 35 0 0 9 0 0 0 3 2 2 0 0 2 0 0 1 2 0
1566564086 68 35 35 0 0 9 0 0 0 3 2 2 0 0 2 0 0 1 2 0
1566686416 68 35 35 0 0 9 0 0 0 3 2 2 0 0 2 0 0 1 2 0
1566922160 69 35 35 0 0 9 0 0 0 3 2 2 0 0 2 0 0 1 2 0
1567837891 69 35 35 0 0 9 0 0 0 3 3 2 0 0 2 0 0 1 2 0
1568213216 70 35 35 0 0 9 0 0 0 3 3 2 0 0 2 0 0 1 2 0
1568218897 70 35 35 0 0 9 0 0 0 3 3 2 0 0 3 0 0 1 2 0
1568229791 71 35 35 0 0 9 0 0 0 3 3 2 0 0 3 0 0 1 2 0
1568302551 71 35 35 0 0 9 0 0 0 3 3 2 0 0 3 0 0 1 2 0
1568818324 72 35 35 0 0 9 0 0 0 3 3 2 0 0 3 0 0 1 2 0
1568818338 73 35 35 0 0 9 0 0 0 3 3 2 0 0 3 0 0 1 2 0
1568846348 73 35 35 1 0 9 0 0 0 3 3 2 0 0 3 0 0 1 2 0
1568951187 74 35 35 1 0 9 0 0 0 3 3 2 0 0 3 0 0 1 2 0
1570507292 74 35 35 2 0 9 0 0 0 3 3 2 0 0 3 0 0 1 2 0
1570543738 75 35 35 2 0 9 0 0 0 3 3 2 0 0 3 0 0 1 2 0
1570646394 76 35 35 2 0 9 0 0 0 3 3 2 0 0 3 0 0 1 2 0
1570708492 77 35 35 2 0 9 0 0 0 3 3 2 0 0 3 0 0 1 2 0
1570916880 77 35 35 3 0 9 0 0 0 3 3 2 0 0 3 0 0 1 2 0
1571074884 78 35 35 3 0 9 0 0 0 3 3 2 0 0 3 0 0 1 2 0
1571149197 79 35 35 3 0 9 0 0 0 3 3 2 0 0 3 0 0 1 2 0
1571151959 80 35 35 3 0 9 0 0 0 3 3 2 0 0 3 0 0 1 2 0
1571776377 80 35 35 3 0 9 0 0 0 3 3 2 0 0 3 0 0 1 2 0
1571855165 81 35 35 3 0 9 0 0 0 3 3 2 0 0 3 0 0 1 2 0
1571865583 82 35 35 3 0 9 0 0 0 3 3 2 0 0 3 0 0 1 2 0
1571923840 83 35 35 3 0 9 0 0 0 3 3 2 0 0 3 0 0 1 2 0
1571940327 84 35 35 3 0 9 0 0 0 3 3 2 0 0 3 0 0 1 2 0
1572277521 85 35 35 3 0 9 0 0 0 3 3 2 0 0 3 0 0 1 2 0
1572277999 86 35 35 3 0 9 0 0 0 3 3 2 0 0 3 0 0 1 2 0
1572979107 87 35 35 3 0 9 0 0 0 3 3 2 0 0 3 0 0 1 2 0
1572988095 88 35 35 3 0 9 0 0 0 3 3 2 0 0 3 0 0 1 2 0
1572990712 89 35 35 3 0 9 0 0 0 3 3 2 0 0 3 0 0 1 2 0
1572991227 90 35 35 3 0 9 0 0 0 3 3 2 0 0 3 0 0 1 2 0
1574650533 90 35 35 3 0 9 0 0 0 3 3 2 0 0 3 0 0 1 2 0
1574890978 91 35 35 3 0 9 0 0 0 3 3 2 0 0 3 0 0 1 2 0
1574910523 91 35 35 3 0 9 0 0 0 3 3 2 0 0 3 0 1 1 2 0
1575415196 91 35 35 3 0 9 1 0 0 3 3 2 0 0 3 0 1 1 2 0
1575415857 92 35 35 3 0 9 1 0 0 3 3 2 0 0 3 0 1 1 2 0
1575588750 93 35 35 3 0 9 1 0 0 3 3 2 0 0 3 0 1 1 2 0
1575589877 93 35 35 3 0 9 2 0 0 3 3 2 0 0 3 0 1 1 2 0
1575758156 94 35 35 3 0 9 2 0 0 3 3 2 0 0 3 0 1 1 2 0
1575927846 95 35 35 3 0 9 2 0 0 3 3 2 0 0 3 0 1 1 2 0
1575937996 95 35 35 3 0 9 2 0 0 3 3 2 0 0 3 0 1 1 2 0
1576268759 95 35 35 3 0 9 2 0 0 3 3 2 0 0 3 0 1 1 2 0
1576278146 96 35 35 3 0 9 2 0 0 3 3 2 0 0 3 0 1 1 2 0
1576278179 97 35 35 3 0 9 2 0 0 3 3 2 0 0 3 0 1 1 2 0
1576278195 98 35 35 3 0 9 2 0 0 3 3 2 0 0 3 0 1 1 2 0
1576610210 98 35 35 3 0 9 3 0 0 3 3 2 0 0 3 0 1 1 2 0
1576635219 98 35 35 3 0 9 4 0 0 3 3 2 0 0 3 0 1 1 2 0
1576704350 99 35 35 3 0 9 4 0 0 3 3 2 0 0 3 0 1 1 2 0
1576813244 99 35 35 3 0 9 4 0 0 3 3 2 0 0 3 0 1 1 2 0
1576966277 100 35 35 3 0 9 4 0 0 3 3 2 0 0 3 0 1 1 2 0
1577051042 100 35 35 4 0 9 4 0 0 3 3 2 0 0 3 0 1 1 2 0
1577064913 101 35 35 4 0 9 4 0 0 3 3 2 0 0 3 0 1 1 2 0
1577467209 102 35 35 4 0 9 4 0 0 3 3 2 0 0 3 0 1 1 2 0
1577467222 103 35 35 4 0 9 4 0 0 3 3 2 0 0 3 0 1 1 2 0
1577475870 103 35 35 4 0 9 4 0 0 3 3 2 0 0 3 0 1 1 2 0
1578599285 104 35 35 4 0 9 4 0 0 3 3 2 0 0 3 0 1 1 2 0
1578627702 104 35 35 4 0 9 4 0 0 3 3 2 0 0 3 0 2 1 2 0
1578628984 104 35 35 4 0 9 4 0 0 3 3 2 0 0 3 0 3 1 2 0
1578688231 104 35 35 4 0 9 4 0 0 3 3 2 0 0 3 0 3 1 2 0
1579112048 104 35 35 4 0 9 5 0 0 3 3 2 0 0 3 0 3 1 2 0
1579121136 105 35 35 4 0 9 5 0 0 3 3 2 0 0 3 0 3 1 2 0
1580112359 105 35 35 4 0 9 5 0 0 3 3 2 0 0 3 0 3 1 2 0
1580349948 105 35 35 4 0 9 5 0 0 3 3 2 0 0 3 0 3 1 2 0
1580350163 106 35 35 4 0 9 5 0 0 3 3 2 0 0 3 0 3 1 2 0
1580925612 106 35 35 5 0 9 5 0 0 3 3 2 0 0 3 0 3 1 2 0
1581018684 106 35 35 6 0 9 5 0 0 3 3 2 0 0 3 0 3 1 2 0
1581623306 106 35 35 6 0 9 5 0 0 3 3 2 0 0 3 0 3 1 2 0
1581701553 107 35 35 6 0 9 5 0 0 3 3 2 0 0 3 0 3 1 2 0
1581701931 107 36 35 6 0 9 5 0 0 3 3 2 0 0 3 0 3 1 2 0
1581702322 107 37 35 6 0 9 5 0 0 3 3 2 0 0 3 0 3 1 2 0
1581703510 107 38 35 6 0 9 5 0 0 3 3 2 0 0 3 0 3 1 2 0
1581703637 107 39 35 6 0 9 5 0 0 3 3 2 0 0 3 0 3 1 2 0
1581705150 107 40 35 6 0 9 5 0 0 3 3 2 0 0 3 0 3 1 2 0
1581705246 107 41 35 6 0 9 5 0 0 3 3 2 0 0 3 0 3 1 2 0
1581705347 107 42 35 6 0 9 5 0 0 3 3 2 0 0 3 0 3 1 2 0
1581710497 107 43 35 6 0 9 5 0 0 3 3 2 0 0 3 0 3 1 2 0
1581714807 107 44 35 6 0 9 5 0 0 3 3 2 0 0 3 0 3 1 2 0
1581719050 107 45 35 6 0 9 5 0 0 3 3 2 0 0 3 0 3 1 2 0
1581720593 107 46 35 6 0 9 5 0 0 3 3 2 0 0 3 0 3 1 2 0
1581733618 107 47 35 6 0 9 5 0 0 3 3 2 0 0 3 0 3 1 2 0
1581734191 107 48 35 6 0 9 5 0 0 3 3 2 0 0 3 0 3 1 2 0
1581734819 107 49 35 6 0 9 5 0 0 3 3 2 0 0 3 0 3 1 2 0
1581801861 107 50 35 6 0 9 5 0 0 3 3 2 0 0 3 0 3 1 2 0
1581802166 107 51 35 6 0 9 5 0 0 3 3 2 0 0 3 0 3 1 2 0
1581802256 107 52 35 6 0 9 5 0 0 3 3 2 0 0 3 0 3 1 2 0
1581802603 107 53 35 6 0 9 5 0 0 3 3 2 0 0 3 0 3 1 2 0
1581802806 107 54 35 6 0 9 5 0 0 3 3 2 0 0 3 0 3 1 2 0
1581805633 108 54 35 6 0 9 5 0 0 3 3 2 0 0 3 0 3 1 2 0
1582035277 108 54 35 6 0 9 5 0 0 3 3 2 0 0 3 0 3 1 2 0
1582209558 109 54 35 6 0 9 5 0 0 3 3 2 0 0 3 0 3 1 2 0
1582228250 110 54 35 6 0 9 5 0 0 3 3 2 0 0 3 0 3 1 2 0
1582579147 110 54 35 6 0 9 5 0 0 3 3 2 0 0 3 0 3 1 2 0
1583302330 110 54 35 6 0 9 6 0 0 3 3 2 0 0 3 0 3 1 2 0
1583774158 111 54 35 6 0 9 6 0 0 3 3 2 0 0 3 0 3 1 2 0
1583946706 111 54 35 6 0 9 6 0 0 3 3 2 0 0 3 0 3 1 2 0
1585362566 111 54 35 6 0 9 6 0 0 3 3 2 0 0 3 0 3 1 2 0
1586684255 111 54 35 6 0 9 6 0 0 3 3 2 0 0 3 0 3 1 2 0
1586786175 112 54 35 6 0 9 6 0 0 3 3 2 0 0 3 0 3 1 2 0
1589982783 113 54 35 6 0 9 6 0 0 3 3 2 0 0 3 0 3 1 2 0
1589982808 113 54 35 6 0 9 6 0 0 3 3 2 0 0 3 0 3 1 2 0
1590229525 113 54 35 7 0 9 6 0 0 3 3 2 0 0 3 0 3 1 2 0
1591680483 113 54 35 8 0 9 6 0 0 3 3 2 0 0 3 0 3 1 2 0
1593079800 113 54 35 8 1 9 6 0 0 3 3 2 0 0 3 0 3 1 2 0
1593079916 113 54 35 8 2 9 6 0 0 3 3 2 0 0 3 0 3 1 2 0
1593087149 113 54 35 8 3 9 6 0 0 3 3 2 0 0 3 0 3 1 2 0
1593162854 113 54 35 8 4 9 6 0 0 3 3 2 0 0 3 0 3 1 2 0
1593212114 113 54 35 8 5 9 6 0 0 3 3 2 0 0 3 0 3 1 2 0
1593617212 113 54 35 8 6 9 6 0 0 3 3 2 0 0 3 0 3 1 2 0
1593631656 113 54 35 8 7 9 6 0 0 3 3 2 0 0 3 0 3 1 2 0
1594195655 114 54 35 8 7 9 6 0 0 3 3 2 0 0 3 0 3 1 2 0
1595092695 115 54 35 8 7 9 6 0 0 3 3 2 0 0 3 0 3 1 2 0
1596703650 115 54 35 8 7 9 6 0 1 3 3 2 0 0 3 0 3 1 2 0
1596734518 115 54 35 8 7 9 6 0 2 3 3 2 0 0 3 0 3 1 2 0
1597244045 115 54 35 8 7 9 6 0 3 3 3 2 0 0 3 0 3 1 2 0
1599107978 115 54 35 8 7 9 6 0 3 3 3 2 0 1 3 0 3 1 2 0
1599669890 115 54 35 8 7 9 6 0 3 3 3 2 0 1 3 0 3 1 2 0
1600228220 115 54 35 8 7 9 6 0 3 3 3 2 0 1 3 0 3 1 2 0
1601547677 116 54 35 8 7 9 6 0 3 3 3 2 0 1 3 0 3 1 2 0
1601554225 116 54 35 8 8 9 6 0 3 3 3 2 0 1 3 0 3 1 2 0
1601554244 116 54 35 8 9 9 6 0 3 3 3 2 0 1 3 0 3 1 2 0
1601631482 116 54 35 8 9 9 6 0 3 3 3 2 0 2 3 0 3 1 2 0
1602520313 117 54 35 8 9 9 6 0 3 3 3 2 0 2 3 0 3 1 2 0
1602807013 117 54 35 9 9 9 6 0 3 3 3 2 0 2 3 0 3 1 2 0
1603801249 117 54 35 9 9 9 6 0 3 3 3 2 0 2 3 0 3 1 2 0
1605205387 117 54 35 10 9 9 6 0 3 3 3 2 0 2 3 0 3 1 2 0
1605292453 117 54 35 10 10 9 6 0 3 3 3 2 0 2 3 0 3 1 2 0
1605388862 117 54 35 11 10 9 6 0 3 3 3 2 0 2 3 0 3 1 2 0
1605707586 117 54 35 11 11 9 6 0 3 3 3 2 0 2 3 0 3 1 2 0
1606329891 117 54 35 11 11 9 6 0 3 3 3 2 0 2 3 0 3 1 2 0
1606723397 117 54 35 12 11 9 6 0 3 3 3 2 0 2 3 0 3 1 2 0
1606800712 118 54 35 12 11 9 6 0 3 3 3 2 0 2 3 0 3 1 2 0
1606800723 119 54 35 12 11 9 6 0 3 3 3 2 0 2 3 0 3 1 2 0
1606802746 120 54 35 12 11 9 6 0 3 3 3 2 0 2 3 0 3 1 2 0
1606842382 120 54 35 13 11 9 6 0 3 3 3 2 0 2 3 0 3 1 2 0
1607103010 120 54 35 13 11 9 6 0 3 3 3 2 0 2 3 0 3 1 2 0
1607103225 120 54 35 13 11 9 6 0 3 3 3 2 0 2 3 0 3 1 2 0
1607160721 120 54 35 13 11 9 6 0 3 3 3 2 0 3 3 0 3 1 2 0
1608644835 120 54 35 13 11 9 6 0 3 3 3 2 0 3 3 0 3 1 2 1
1609844391 120 54 35 13 11 9 6 0 3 3 3 2 0 3 3 0 3 1 2 2
1609902496 121 54 35 13 11 9 6 0 3 3 3 2 0 3 3 0 3 1 2 2
1609972232 122 54 35 13 11 9 6 0 3 3 3 2 0 3 3 0 3 1 2 2
1610388632 122 54 35 14 11 9 6 0 3 3 3 2 0 3 3 0 3 1 2 2
1610429640 122 54 35 14 11 9 6 0 3 3 3 2 0 3 3 0 3 1 2 2
1612966770 122 54 35 14 12 9 6 0 3 3 3 2 0 3 3 0 3 1 2 2
1613506317 122 54 35 15 12 9 6 0 3 3 3 2 0 3 3 0 3 1 2 2
1614420087 122 54 35 15 13 9 6 0 3 3 3 2 0 3 3 0 3 1 2 2
1614567433 122 54 35 15 13 9 6 0 3 3 3 2 0 3 3 0 3 2 2 2
1614596935 122 54 35 15 14 9 6 0 3 3 3 2 0 3 3 0 3 2 2 2
1614935690 123 54 35 15 14 9 6 0 3 3 3 2 0 3 3 0 3 2 2 2
1615468266 123 54 35 15 15 9 6 0 3 3 3 2 0 3 3 0 3 2 2 2
1615808966 123 54 35 15 16 9 6 0 3 3 3 2 0 3 3 0 3 2 2 2
1615888229 124 54 35 15 16 9 6 0 3 3 3 2 0 3 3 0 3 2 2 2
1617123613 124 54 35 16 16 9 6 0 3 3 3 2 0 3 3 0 3 2 2 2
1619614716 124 54 35 16 16 9 6 0 3 3 3 2 0 3 3 0 3 2 2 2
1620801768 124 54 35 16 16 9 6 0 3 3 3 2 1 3 3 0 3 2 2 2
1620818917 124 54 35 16 16 9 6 0 3 3 3 2 1 3 3 1 3 2 2 2
1620819642 124 54 35 17 16 9 6 0 3 3 3 2 1 3 3 1 3 2 2 2
1620820262 124 54 35 17 16 9 6 0 4 3 3 2 1 3 3 1 3 2 2 2
1620823995 124 54 35 17 16 9 6 0 4 3 3 2 1 3 3 1 3 2 2 2
1621547981 124 54 35 17 16 9 6 0 4 3 3 2 1 3 3 1 3 3 2 2
1625663339 124 54 35 17 16 9 6 0 4 3 3 2 1 3 3 1 3 3 2 2
1625815605 124 54 35 17 16 9 6 0 4 3 3 3 1 3 3 1 3 3 2 2
1628186637 124 54 35 18 16 9 6 0 4 3 3 3 1 3 3 1 3 3 2 2
1628726558 124 54 35 19 16 9 6 0 4 3 3 3 1 3 3 1 3 3 2 2
1628764810 124 54 35 19 16 9 6 0 4 3 3 3 2 3 3 1 3 3 2 2
1629090130 125 54 35 19 16 9 6 0 4 3 3 3 2 3 3 1 3 3 2 2
1629133838 125 54 35 20 16 9 6 0 4 3 3 3 2 3 3 1 3 3 2 2
1629151414 125 54 35 21 16 9 6 0 4 3 3 3 2 3 3 1 3 3 2 2
1629196798 125 54 35 21 16 9 6 0 4 3 3 3 2 3 3 1 3 3 2 2
1629203857 125 54 35 22 16 9 6 0 4 3 3 3 2 3 3 1 3 3 2 2
1632283752 125 54 35 22 16 9 6 0 4 3 3 3 2 3 3 2 3 3 2 2
1632409620 125 54 35 22 16 9 6 1 4 3 3 3 2 3 3 2 3 3 2 2
1632435685 126 54 35 22 16 9 6 1 4 3 3 3 2 3 3 2 3 3 2 2
1632469072 126 54 35 22 16 9 6 2 4 3 3 3 2 3 3 2 3 3 2 2
1632818385 126 54 35 22 16 9 6 2 4 3 3 3 2 3 3 2 3 3 2 2
1632937137 126 54 35 22 16 9 6 2 4 3 3 3 2 3 3 2 3 3 2 2
1633413573 126 54 35 22 16 9 6 2 4 3 3 3 2 3 3 3 3 3 2 2
1633519250 126 54 35 22 16 9 6 3 4 3 3 3 2 3 3 3 3 3 2 2
1633888693 126 54 35 22 16 9 6 4 4 3 3 3 2 3 3 3 3 3 2 2
1633933326 126 54 35 23 16 9 6 4 4 3 3 3 2 3 3 3 3 3 2 2
1634815951 126 54 35 23 16 9 6 4 4 3 3 3 2 3 3 3 3 3 2 2
1635134835 126 54 35 24 16 9 6 4 4 3 3 3 2 3 3 3 3 3 2 2
1635289979 126 54 35 24 16 9 6 4 4 3 3 3 2 3 3 3 3 3 2 2
1635290184 126 54 35 25 16 9 6 4 4 3 3 3 2 3 3 3 3 3 2 2
1635339684 126 54 35 25 17 9 6 4 4 3 3 3 2 3 3 3 3 3 2 2
1635373455 126 54 35 26 17 9 6 4 4 3 3 3 2 3 3 3 3 3 2 2
1636384372 126 54 35 26 17 9 6 4 4 3 3 3 3 3 3 3 3 3 2 2
1637322611 126 54 35 26 18 9 6 4 4 3 3 3 3 3 3 3 3 3 2 2
1637322655 126 54 35 26 19 9 6 4 4 3 3 3 3 3 3 3 3 3 2 2
1637594541 126 54 35 26 19 9 6 4 4 3 3 3 3 3 3 3 3 3 2 2
1637655184 126 54 35 26 20 9 6 4 4 3 3 3 3 3 3 3 3 3 2 2
1637673747 126 54 35 26 21 9 6 4 4 3 3 3 3 3 3 3 3 3 2 2
