1510684016 0 0 0 0 0 242 0 0 0 0 0 0 0 0 0 0 0 0 0 0
1510684991 0 0 0 0 0 41114 0 0 0 0 0 0 0 0 0 0 0 0 0 0
1510685160 0 0 0 0 0 41129 0 0 0 0 0 0 0 0 0 0 0 0 0 0
1510687769 0 0 0 0 0 44755 0 0 0 0 0 0 0 0 0 0 0 0 0 0
1510760023 0 0 0 0 0 44755 0 0 0 0 0 0 0 0 0 0 0 0 0 0
1510932453 0 0 0 0 0 44768 0 0 0 0 0 0 0 0 0 0 0 0 0 0
1510952251 0 0 0 0 0 44769 0 0 0 0 0 0 0 0 0 0 0 0 0 0
1515708308 0 0 0 0 0 50104 0 0 0 0 0 0 0 0 0 0 0 0 0 0
1522109925 0 27 0 0 0 50104 0 0 0 0 0 0 0 0 0 0 0 0 0 0
1522110199 0 28 0 0 0 50104 0 0 0 0 0 0 0 0 0 0 0 0 0 0
1522110333 0 35 0 0 0 50104 0 0 0 0 0 0 0 0 0 0 0 0 0 0
1522165819 0 41 0 0 0 50104 0 0 0 0 0 0 0 0 0 0 0 0 0 0
1522165834 0 42 0 0 0 50104 0 0 0 0 0 0 0 0 0 0 0 0 0 0
1522166645 0 42 0 0 0 50104 0 0 0 0 0 0 0 0 0 0 0 0 0 0
1523340861 0 42 201 0 0 50104 0 0 0 0 0 0 0 0 0 0 0 0 0 0
1523341596 0 97 201 0 0 50104 0 0 0 0 0 0 0 0 0 0 0 0 0 0
1523368758 0 97 228 0 0 50104 0 0 0 0 0 0 0 0 0 0 0 0 0 0
1523369096 0 97 251 0 0 50104 0 0 0 0 0 0 0 0 0 0 0 0 0 0
1523370218 0 97 261 0 0 50104 0 0 0 0 0 0 0 0 0 0 0 0 0 0
1523441308 0 97 261 0 0 50104 0 0 0 0 0 0 0 0 0 0 0 0 0 0
1523442734 0 97 261 0 0 50104 0 0 0 0 0 0 0 0 0 0 0 0 0 0
1523612051 0 478 261 0 0 50104 0 0 0 0 0 0 0 0 0 0 0 0 0 0
1523617260 0 35059 261 0 0 50104 0 0 0 0 0 0 0 0 0 0 0 0 0 0
1523617395 0 35060 261 0 0 50104 0 0 0 0 0 0 0 0 0 0 0 0 0 0
1523862244 0 35064 261 0 0 50104 0 0 0 0 0 0 0 0 0 0 0 0 0 0
1523863308 0 35075 261 0 0 50104 0 0 0 0 0 0 0 0 0 0 0 0 0 0
1523863503 0 35075 261 0 0 50104 0 0 0 0 0 0 0 0 0 0 0 0 0 0
1523874352 0 35076 261 0 0 50104 0 0 0 0 0 0 0 0 0 0 0 0 0 0
1523874576 0 35076 261 0 0 50104 0 0 0 0 0 0 0 0 0 0 0 0 98 0
1524210218 0 35076 261 0 0 50104 0 0 0 0 0 0 0 0 0 0 0 0 99 0
1526235238 0 35076 261 0 0 50104 0 0 0 0 0 0 0 0 0 0 0 0 99 0
1526235578 0 35134 261 0 0 50104 0 0 0 0 0 0 0 0 0 0 0 0 99 0
1526236169 0 49784 261 0 0 50104 0 0 0 0 0 0 0 0 0 0 0 0 99 0
1526236699 0 49787 261 0 0 50104 0 0 0 0 0 0 0 0 0 0 0 0 99 0
1527689140 0 90058 261 0 0 50104 0 0 0 0 0 0 0 0 0 0 0 0 99 0
1528411960 0 90206 261 0 0 50104 0 0 0 0 0 0 0 0 0 0 0 0 99 0
1528412086 0 99392 261 0 0 50104 0 0 0 0 0 0 0 0 0 0 0 0 99 0
1528991628 0 99403 261 0 0 50104 0 0 0 0 0 0 0 0 0 0 0 0 99 0
1529962239 0 101132 261 0 0 50104 0 0 0 0 0 0 0 0 0 0 0 0 99 0
1532382771 0 106738 261 0 0 50104 0 0 0 0 0 0 0 0 0 0 0 0 99 0
1532996412 0 106738 261 0 0 50104 0 0 0 0 0 0 0 0 0 0 0 7 99 0
1535752477 0 117248 261 0 0 50104 0 0 0 0 0 0 0 0 0 0 0 7 99 0
1537332264 0 117267 261 0 0 50104 0 0 0 0 0 0 0 0 0 0 0 7 99 0
1537332652 0 119277 261 0 0 50104 0 0 0 0 0 0 0 0 0 0 0 7 99 0
1538091774 0 122993 261 0 0 50104 0 0 0 0 0 0 0 0 0 0 0 7 99 0
1538687367 0 125061 261 0 0 50104 0 0 0 0 0 0 0 0 0 0 0 7 99 0
1539229946 0 135851 261 0 0 50104 0 0 0 0 0 0 0 0 0 0 0 7 99 0
1541016696 0 140457 261 0 0 50104 0 0 0 0 0 0 0 0 0 0 0 7 99 0
1541016722 0 140457 261 0 0 50104 0 0 0 0 0 0 0 0 0 0 0 7 99 0
1543446997 0 140457 261 0 0 50104 0 0 0 0 0 0 0 0 0 0 0 7 99 0
1544158639 0 140457 261 0 0 50104 0 0 0 0 0 0 0 0 0 0 0 7 99 0
1544642988 0 153067 261 0 0 50104 0 0 0 0 0 0 0 0 0 0 0 7 99 0
1544654738 0 154022 261 0 0 50104 0 0 0 0 0 0 0 0 0 0 0 7 99 0
1548865976 0 154022 261 0 0 50104 0 0 0 0 0 0 0 0 0 0 0 7 99 0
1552325086 0 154022 28523 0 0 50104 0 0 0 0 0 0 0 0 0 0 0 7 99 0
1552330982 0 154022 28553 0 0 50104 0 0 0 0 0 0 0 0 0 0 0 7 99 0
1552344248 0 154022 28564 0 0 50104 0 0 0 0 0 0 0 0 0 0 0 7 99 0
1552408441 0 154022 28578 0 0 50104 0 0 0 0 0 0 0 0 0 0 0 7 99 0
1552412594 0 154022 28578 0 0 50104 0 0 0 0 0 0 0 0 0 0 0 7 99 0
1552414173 0 154022 28617 0 0 50104 0 0 0 0 0 0 0 0 0 0 0 7 99 0
1552424145 0 154022 28617 0 0 50104 0 0 0 0 0 0 0 0 0 0 0 7 99 0
1552485526 0 154022 28618 0 0 50104 0 0 0 0 0 0 0 0 0 0 0 7 99 0
1552485568 0 154022 28619 0 0 50104 0 0 0 0 0 0 0 0 0 0 0 7 99 0
1552485602 0 154022 28687 0 0 50104 0 0 0 0 0 0 0 0 0 0 0 7 99 0
1552506911 0 154022 28690 0 0 50104 0 0 0 0 0 0 0 0 0 0 0 7 99 0
1552509743 0 154022 28727 0 0 50104 0 0 0 0 0 0 0 0 0 0 0 7 99 0
1552513518 0 154022 28738 0 0 50104 0 0 0 0 0 0 0 0 0 0 0 7 99 0
1552518063 0 154022 28745 0 0 50104 0 0 0 0 0 0 0 0 0 0 0 7 99 0
1552518537 0 154022 28746 0 0 50104 0 0 0 0 0 0 0 0 0 0 0 7 99 0
1552527165 0 154022 28748 0 0 50104 0 0 0 0 0 0 0 0 0 0 0 7 99 0
1552596925 0 154022 28748 0 0 50104 0 0 0 0 0 0 0 0 0 0 0 7 99 0
1552596935 0 154022 28756 0 0 50104 0 0 0 0 0 0 0 0 0 0 0 7 99 0
1552618322 0 154022 28961 0 0 50104 0 0 0 0 0 0 0 0 0 0 0 7 99 0
1552661377 0 154022 29001 0 0 50104 0 0 0 0 0 0 0 0 0 0 0 7 99 0
1552759164 0 154022 29002 0 0 50104 0 0 0 0 0 0 0 0 0 0 0 7 99 0
1552759280 0 154022 29003 0 0 50104 0 0 0 0 0 0 0 0 0 0 0 7 99 0
1552759530 0 154022 29004 0 0 50104 0 0 0 0 0 0 0 0 0 0 0 7 99 0
1552925203 0 154022 29006 0 0 50104 0 0 0 0 0 0 0 0 0 0 0 7 99 0
1552925284 0 154022 29020 0 0 50104 0 0 0 0 0 0 0 0 0 0 0 7 99 0
1552931800 0 154022 29042 0 0 50104 0 0 0 0 0 0 0 0 0 0 0 7 99 0
1552931815 0 154022 29154 0 0 50104 0 0 0 0 0 0 0 0 0 0 0 7 99 0
1552937095 0 154022 29248 0 0 50104 0 0 0 0 0 0 0 0 0 0 0 7 99 0
1552938175 0 154022 29583 0 0 50104 0 0 0 0 0 0 0 0 0 0 0 7 99 0
1553100434 0 154022 29588 0 0 50104 0 0 0 0 0 0 0 0 0 0 0 7 99 0
1553535165 3 154022 29588 0 0 50104 0 0 0 0 0 0 0 0 0 0 0 7 99 0
1553535413 33 154022 29588 0 0 50104 0 0 0 0 0 0 0 0 0 0 0 7 99 0
1553557940 122 154022 29588 0 0 50104 0 0 0 0 0 0 0 0 0 0 0 7 99 0
1553624773 126 154022 29588 0 0 50104 0 0 0 0 0 0 0 0 0 0 0 7 99 0
1553634335 436 154022 29588 0 0 50104 0 0 0 0 0 0 0 0 0 0 0 7 99 0
1553637410 438 154022 29588 0 0 50104 0 0 0 0 0 0 0 0 0 0 0 7 99 0
1553642726 505 154022 29588 0 0 50104 0 0 0 0 0 0 0 0 0 0 0 7 99 0
1553792020 505 154022 29588 0 0 50104 0 0 0 0 0 0 0 0 0 0 0 7 99 0
1553887781 528 154022 29588 0 0 50104 0 0 0 0 0 0 0 0 0 0 0 7 99 0
1554172588 528 154022 29588 0 0 50104 0 0 0 0 0 0 0 0 0 0 0 7 99 0
1554253410 528 154060 29588 0 0 50104 0 0 0 0 0 0 0 0 0 0 0 7 99 0
1554253456 528 154063 29588 0 0 50104 0 0 0 0 0 0 0 0 0 0 0 7 99 0
1554354139 534 154063 29588 0 0 50104 0 0 0 0 0 0 0 0 0 0 0 7 99 0
1554354149 548 154063 29588 0 0 50104 0 0 0 0 0 0 0 0 0 0 0 7 99 0
1554359490 790 154063 29588 0 0 50104 0 0 0 0 0 0 0 0 0 0 0 7 99 0
1554497600 791 154063 29588 0 0 50104 0 0 0 0 0 0 0 0 0 0 0 7 99 0
1554739419 791 154063 29588 0 0 50104 0 0 0 0 0 0 0 0 0 0 0 7 99 0
1554744260 794 154063 29588 0 0 50104 0 0 0 0 0 0 0 0 0 0 0 7 99 0
1554749632 794 154063 29588 0 0 50104 0 0 0 0 0 0 0 0 0 0 0 7 99 0
1555352546 809 154063 29588 0 0 50104 0 0 0 0 0 0 0 0 0 0 0 7 99 0
1555352570 809 154063 29588 0 0 50104 0 0 0 0 0 0 0 0 0 0 0 7 99 0
1555365034 862 154063 29588 0 0 50104 0 0 0 0 0 0 0 0 0 0 0 7 99 0
1555367194 962 154063 29588 0 0 50104 0 0 0 0 0 0 0 0 0 0 0 7 99 0
1555367441 1081 154063 29588 0 0 50104 0 0 0 0 0 0 0 0 0 0 0 7 99 0
1555378283 1093 154063 29588 0 0 50104 0 0 0 0 0 0 0 0 0 0 0 7 99 0
1555452911 1103 154063 29588 0 0 50104 0 0 0 0 0 0 0 0 0 0 0 7 99 0
1555453363 1103 154063 29588 0 0 50104 0 0 0 0 0 0 0 0 0 0 0 7 99 0
1555505541 1105 154063 29588 0 0 50104 0 0 0 0 0 0 0 0 0 0 0 7 99 0
1555507061 1105 154063 29588 0 0 50104 0 0 0 4 0 0 0 0 0 0 0 7 99 0
1555592952 1124 154063 29588 0 0 50104 0 0 0 4 0 0 0 0 0 0 0 7 99 0
1555592971 1155 154063 29588 0 0 50104 0 0 0 4 0 0 0 0 0 0 0 7 99 0
1555592996 1158 154063 29588 0 0 50104 0 0 0 4 0 0 0 0 0 0 0 7 99 0
1555610242 1172 154063 29588 0 0 50104 0 0 0 4 0 0 0 0 0 0 0 7 99 0
1556027855 1172 154063 29588 0 0 50104 0 0 0 4 0 0 0 0 0 0 0 7 99 0
1556207582 1172 154063 29588 0 0 50104 0 0 0 4 0 14 0 0 0 0 0 7 99 0
1556417114 1172 154063 29588 0 0 50104 0 0 0 4 0 14 0 0 0 0 0 7 99 0
1556670403 1172 154063 29588 0 0 50104 0 0 0 17 0 14 0 0 0 0 0 7 99 0
1556910028 1172 154063 29588 0 0 50104 0 0 0 17 0 14 0 0 0 0 0 7 99 0
1557172087 1172 154063 29588 0 0 50104 0 0 0 17 0 14 0 0 0 0 0 7 99 0
1557180788 1192 154063 29588 0 0 50104 0 0 0 17 0 14 0 0 0 0 0 7 99 0
1557351189 1192 154063 29588 0 0 50104 0 0 0 17 0 14 0 0 28 0 0 7 99 0
1557513845 1235 154063 29588 0 0 50104 0 0 0 17 0 14 0 0 28 0 0 7 99 0
1557770856 1236 154063 29588 0 0 50104 0 0 0 17 0 14 0 0 28 0 0 7 99 0
1557985936 1236 154063 29588 0 0 50104 0 0 0 17 0 14 0 0 28 0 0 7 99 0
1558316818 1236 154063 29588 0 0 50104 0 0 0 17 0 14 0 0 28 0 0 7 99 0
1558538929 1236 154063 29588 0 0 50104 0 0 0 19 0 14 0 0 28 0 0 7 99 0
1558614680 1238 154063 29588 0 0 50104 0 0 0 19 0 14 0 0 28 0 0 7 99 0
1558633696 1307 154063 29588 0 0 50104 0 0 0 19 0 14 0 0 28 0 0 7 99 0
1558916748 1313 154063 29588 0 0 50104 0 0 0 19 0 14 0 0 28 0 0 7 99 0
1559070264 1315 154063 29588 0 0 50104 0 0 0 19 0 14 0 0 28 0 0 7 99 0
1559333645 1540 154063 29588 0 0 50104 0 0 0 19 0 14 0 0 28 0 0 7 99 0
1559350382 1544 154063 29588 0 0 50104 0 0 0 19 0 14 0 0 28 0 0 7 99 0
1559603219 1561 154063 29588 0 0 50104 0 0 0 19 0 14 0 0 28 0 0 7 99 0
1559604575 1566 154063 29588 0 0 50104 0 0 0 19 0 14 0 0 28 0 0 7 99 0
1559749791 1567 154063 29588 0 0 50104 0 0 0 19 0 14 0 0 28 0 0 7 99 0
1559828924 1567 154063 29588 0 0 50104 0 0 0 19 0 14 0 0 28 0 0 7 99 0
1559928515 1679 154063 29588 0 0 50104 0 0 0 19 0 14 0 0 28 0 0 7 99 0
1560787388 1926 154063 29588 0 0 50104 0 0 0 19 0 14 0 0 28 0 0 7 99 0
1561149395 1937 154063 29588 0 0 50104 0 0 0 19 0 14 0 0 28 0 0 7 99 0
1561385408 1960 154063 29588 0 0 50104 0 0 0 19 0 14 0 0 28 0 0 7 99 0
1562251604 6266 154063 29588 0 0 50104 0 0 0 19 0 14 0 0 28 0 0 7 99 0
1562257934 6266 154065 29588 0 0 50104 0 0 0 19 0 14 0 0 28 0 0 7 99 0
1562263548 6266 154065 29588 0 0 50104 0 0 0 19 0 14 0 0 28 0 0 7 99 0
1562482741 6266 154065 29588 0 0 50104 0 0 0 19 416 14 0 0 28 0 0 7 99 0
1562579440 6270 154065 29588 0 0 50104 0 0 0 19 416 14 0 0 28 0 0 7 99 0
1562579697 6294 154065 29588 0 0 50104 0 0 0 19 416 14 0 0 28 0 0 7 99 0
1562586769 6304 154065 29588 0 0 50104 0 0 0 19 416 14 0 0 28 0 0 7 99 0
1562916750 6304 154065 29588 0 0 50104 0 0 0 19 1077 14 0 0 28 0 0 7 99 0
1562947021 6304 154065 29588 0 0 50104 0 0 0 19 1077 14 0 0 28 0 0 7 99 0
1563291020 6357 154065 29588 0 0 50104 0 0 0 19 1077 14 0 0 28 0 0 7 99 0
1563292777 6359 154065 29588 0 0 50104 0 0 0 19 1077 14 0 0 28 0 0 7 99 0
1563348393 6522 154065 29588 0 0 50104 0 0 0 19 1077 14 0 0 28 0 0 7 99 0
1563377697 6592 154065 29588 0 0 50104 0 0 0 19 1077 14 0 0 28 0 0 7 99 0
1563481904 6592 154065 29588 0 0 50104 0 0 0 19 1077 14 0 0 28 0 0 7 99 0
1563532940 6640 154065 29588 0 0 50104 0 0 0 19 1077 14 0 0 28 0 0 7 99 0
1563533028 6855 154065 29588 0 0 50104 0 0 0 19 1077 14 0 0 28 0 0 7 99 0
1563550976 6857 154065 29588 0 0 50104 0 0 0 19 1077 14 0 0 28 0 0 7 99 0
1563555726 6857 154065 29588 0 0 50104 0 0 0 19 1077 14 0 0 28 0 0 7 99 0
1563794690 8023 154065 29588 0 0 50104 0 0 0 19 1077 14 0 0 28 0 0 7 99 0
1563830370 8246 154065 29588 0 0 50104 0 0 0 19 1077 14 0 0 28 0 0 7 99 0
1563838738 8283 154065 29588 0 0 50104 0 0 0 19 1077 14 0 0 28 0 0 7 99 0
1564685410 8283 154065 29588 0 0 50104 0 0 0 19 1077 14 0 0 31 0 0 7 99 0
1565130040 8305 154065 29588 0 0 50104 0 0 0 19 1077 14 0 0 31 0 0 7 99 0
1565193322 8307 154065 29588 0 0 50104 0 0 0 19 1077 14 0 0 31 0 0 7 99 0
1565364877 9542 154065 29588 0 0 50104 0 0 0 19 1077 14 0 0 31 0 0 7 99 0
1565620041 9542 154065 29588 0 0 50104 0 0 0 19 1077 14 0 0 31 0 0 7 99 0
1565701173 9542 154065 29588 0 0 50104 0 0 0 19 1077 14 0 0 31 0 0 7 99 0
1565711069 9548 154065 29588 0 0 50104 0 0 0 19 1077 14 0 0 31 0 0 7 99 0
1565812021 11823 154065 29588 0 0 50104 0 0 0 19 1077 14 0 0 31 0 0 7 99 0
1566216639 11825 154065 29588 0 0 50104 0 0 0 19 1077 14 0 0 31 0 0 7 99 0
1566495095 11835 154065 29588 0 0 50104 0 0 0 19 1077 14 0 0 31 0 0 7 99 0
1566495102 11836 154065 29588 0 0 50104 0 0 0 19 1077 14 0 0 31 0 0 7 99 0
1566564086 11839 154065 29588 0 0 50104 0 0 0 19 1077 14 0 0 31 0 0 7 99 0
1566686416 11839 154065 29588 0 0 50104 0 0 0 19 1077 14 0 0 31 0 0 7 99 0
1566922160 11863 154065 29588 0 0 50104 0 0 0 19 1077 14 0 0 31 0 0 7 99 0
1567837891 11863 154065 29588 0 0 50104 0 0 0 19 1197 14 0 0 31 0 0 7 99 0
1568213216 11869 154065 29588 0 0 50104 0 0 0 19 1197 14 0 0 31 0 0 7 99 0
1568218897 11869 154065 29588 0 0 50104 0 0 0 19 1197 14 0 0 55 0 0 7 99 0
1568229791 11871 154065 29588 0 0 50104 0 0 0 19 1197 14 0 0 55 0 0 7 99 0
1568302551 11871 154065 29588 0 0 50104 0 0 0 19 1197 14 0 0 55 0 0 7 99 0
1568818324 11873 154065 29588 0 0 50104 0 0 0 19 1197 14 0 0 55 0 0 7 99 0
1568818338 11885 154065 29588 0 0 50104 0 0 0 19 1197 14 0 0 55 0 0 7 99 0
1568846348 11885 154065 29588 25 0 50104 0 0 0 19 1197 14 0 0 55 0 0 7 99 0
1568951187 11894 154065 29588 25 0 50104 0 0 0 19 1197 14 0 0 55 0 0 7 99 0
1570507292 11894 154065 29588 43 0 50104 0 0 0 19 1197 14 0 0 55 0 0 7 99 0
1570543738 11899 154065 29588 43 0 50104 0 0 0 19 1197 14 0 0 55 0 0 7 99 0
1570646394 12102 154065 29588 43 0 50104 0 0 0 19 1197 14 0 0 55 0 0 7 99 0
1570708492 12104 154065 29588 43 0 50104 0 0 0 19 1197 14 0 0 55 0 0 7 99 0
1570916880 12104 154065 29588 185 0 50104 0 0 0 19 1197 14 0 0 55 0 0 7 99 0
1571074884 12166 154065 29588 185 0 50104 0 0 0 19 1197 14 0 0 55 0 0 7 99 0
1571149197 12191 154065 29588 185 0 50104 0 0 0 19 1197 14 0 0 55 0 0 7 99 0
1571151959 12343 154065 29588 185 0 50104 0 0 0 19 1197 14 0 0 55 0 0 7 99 0
1571776377 12343 154065 29588 185 0 50104 0 0 0 19 1197 14 0 0 55 0 0 7 99 0
1571855165 12438 154065 29588 185 0 50104 0 0 0 19 1197 14 0 0 55 0 0 7 99 0
1571865583 12837 154065 29588 185 0 50104 0 0 0 19 1197 14 0 0 55 0 0 7 99 0
1571923840 12985 154065 29588 185 0 50104 0 0 0 19 1197 14 0 0 55 0 0 7 99 0
1571940327 12988 154065 29588 185 0 50104 0 0 0 19 1197 14 0 0 55 0 0 7 99 0
1572277521 12994 154065 29588 185 0 50104 0 0 0 19 1197 14 0 0 55 0 0 7 99 0
1572277999 12996 154065 29588 185 0 50104 0 0 0 19 1197 14 0 0 55 0 0 7 99 0
1572979107 13069 154065 29588 185 0 50104 0 0 0 19 1197 14 0 0 55 0 0 7 99 0
1572988095 13304 154065 29588 185 0 50104 0 0 0 19 1197 14 0 0 55 0 0 7 99 0
1572990712 13306 154065 29588 185 0 50104 0 0 0 19 1197 14 0 0 55 0 0 7 99 0
1572991227 13330 154065 29588 185 0 50104 0 0 0 19 1197 14 0 0 55 0 0 7 99 0
1574650533 13330 154065 29588 185 0 50104 0 0 0 19 1197 14 0 0 55 0 0 7 99 0
1574890978 13933 154065 29588 185 0 50104 0 0 0 19 1197 14 0 0 55 0 0 7 99 0
1574910523 13933 154065 29588 185 0 50104 0 0 0 19 1197 14 0 0 55 0 90 7 99 0
1575415196 13933 154065 29588 185 0 50104 175 0 0 19 1197 14 0 0 55 0 90 7 99 0
1575415857 15043 154065 29588 185 0 50104 175 0 0 19 1197 14 0 0 55 0 90 7 99 0
1575588750 15047 154065 29588 185 0 50104 175 0 0 19 1197 14 0 0 55 0 90 7 99 0
1575589877 15047 154065 29588 185 0 50104 445 0 0 19 1197 14 0 0 55 0 90 7 99 0
1575758156 15049 154065 29588 185 0 50104 445 0 0 19 1197 14 0 0 55 0 90 7 99 0
1575927846 15576 154065 29588 185 0 50104 445 0 0 19 1197 14 0 0 55 0 90 7 99 0
1575937996 15576 154065 29588 185 0 50104 445 0 0 19 1197 14 0 0 55 0 90 7 99 0
1576268759 15576 154065 29588 185 0 50104 445 0 0 19 1197 14 0 0 55 0 90 7 99 0
1576278146 15580 154065 29588 185 0 50104 445 0 0 19 1197 14 0 0 55 0 90 7 99 0
1576278179 15614 154065 29588 185 0 50104 445 0 0 19 1197 14 0 0 55 0 90 7 99 0
1576278195 15616 154065 29588 185 0 50104 445 0 0 19 1197 14 0 0 55 0 90 7 99 0
1576610210 15616 154065 29588 185 0 50104 462 0 0 19 1197 14 0 0 55 0 90 7 99 0
1576635219 15616 154065 29588 185 0 50104 630 0 0 19 1197 14 0 0 55 0 90 7 99 0
1576704350 15649 154065 29588 185 0 50104 630 0 0 19 1197 14 0 0 55 0 90 7 99 0
1576813244 15649 154065 29588 185 0 50104 630 0 0 19 1197 14 0 0 55 0 90 7 99 0
1576966277 15669 154065 29588 185 0 50104 630 0 0 19 1197 14 0 0 55 0 90 7 99 0
1577051042 15669 154065 29588 803 0 50104 630 0 0 19 1197 14 0 0 55 0 90 7 99 0
1577064913 15669 154065 29588 803 0 50104 630 0 0 19 1197 14 0 0 55 0 90 7 99 0
1577467209 15780 154065 29588 803 0 50104 630 0 0 19 1197 14 0 0 55 0 90 7 99 0
1577467222 16240 154065 29588 803 0 50104 630 0 0 19 1197 14 0 0 55 0 90 7 99 0
1577475870 16240 154065 29588 803 0 50104 630 0 0 19 1197 14 0 0 55 0 90 7 99 0
1578599285 16248 154065 29588 803 0 50104 630 0 0 19 1197 14 0 0 55 0 90 7 99 0
1578627702 16248 154065 29588 803 0 50104 630 0 0 19 1197 14 0 0 55 0 210 7 99 0
1578628984 16248 154065 29588 803 0 50104 630 0 0 19 1197 14 0 0 55 0 216 7 99 0
1578688231 16248 154065 29588 803 0 50104 630 0 0 19 1197 14 0 0 55 0 216 7 99 0
1579112048 16248 154065 29588 803 0 50104 723 0 0 19 1197 14 0 0 55 0 216 7 99 0
1579121136 16268 154065 29588 803 0 50104 723 0 0 19 1197 14 0 0 55 0 216 7 99 0
1580112359 16268 154065 29588 803 0 50104 723 0 0 19 1197 14 0 0 55 0 216 7 99 0
1580349948 16268 154065 29588 803 0 50104 723 0 0 19 1197 14 0 0 55 0 216 7 99 0
1580350163 16305 154065 29588 803 0 50104 723 0 0 19 1197 14 0 0 55 0 216 7 99 0
1580925612 16305 154065 29588 899 0 50104 723 0 0 19 1197 14 0 0 55 0 216 7 99 0
1581018684 16305 154065 29588 1043 0 50104 723 0 0 19 1197 14 0 0 55 0 216 7 99 0
1581623306 16305 154065 29588 1043 0 50104 723 0 0 19 1197 14 0 0 55 0 216 7 99 0
1581701553 16376 154065 29588 1043 0 50104 723 0 0 19 1197 14 0 0 55 0 216 7 99 0
1581701931 16376 154086 29588 1043 0 50104 723 0 0 19 1197 14 0 0 55 0 216 7 99 0
1581702322 16376 154086 29588 1043 0 50104 723 0 0 19 1197 14 0 0 55 0 216 7 99 0
1581703510 16376 154092 29588 1043 0 50104 723 0 0 19 1197 14 0 0 55 0 216 7 99 0
1581703637 16376 154095 29588 1043 0 50104 723 0 0 19 1197 14 0 0 55 0 216 7 99 0
1581705150 16376 154235 29588 1043 0 50104 723 0 0 19 1197 14 0 0 55 0 216 7 99 0
1581705246 16376 154240 29588 1043 0 50104 723 0 0 19 1197 14 0 0 55 0 216 7 99 0
1581705347 16376 154241 29588 1043 0 50104 723 0 0 19 1197 14 0 0 55 0 216 7 99 0
1581710497 16376 154246 29588 1043 0 50104 723 0 0 19 1197 14 0 0 55 0 216 7 99 0
1581714807 16376 154246 29588 1043 0 50104 723 0 0 19 1197 14 0 0 55 0 216 7 99 0
1581719050 16376 154253 29588 1043 0 50104 723 0 0 19 1197 14 0 0 55 0 216 7 99 0
1581720593 16376 154257 29588 1043 0 50104 723 0 0 19 1197 14 0 0 55 0 216 7 99 0
1581733618 16376 154412 29588 1043 0 50104 723 0 0 19 1197 14 0 0 55 0 216 7 99 0
1581734191 16376 154429 29588 1043 0 50104 723 0 0 19 1197 14 0 0 55 0 216 7 99 0
1581734819 16376 154434 29588 1043 0 50104 723 0 0 19 1197 14 0 0 55 0 216 7 99 0
1581801861 16376 154448 29588 1043 0 50104 723 0 0 19 1197 14 0 0 55 0 216 7 99 0
1581802166 16376 154449 29588 1043 0 50104 723 0 0 19 1197 14 0 0 55 0 216 7 99 0
1581802256 16376 154450 29588 1043 0 50104 723 0 0 19 1197 14 0 0 55 0 216 7 99 0
1581802603 16376 154455 29588 1043 0 50104 723 0 0 19 1197 14 0 0 55 0 216 7 99 0
1581802806 16376 154459 29588 1043 0 50104 723 0 0 19 1197 14 0 0 55 0 216 7 99 0
1581805633 16402 154459 29588 1043 0 50104 723 0 0 19 1197 14 0 0 55 0 216 7 99 0
1582035277 16402 154459 29588 1043 0 50104 723 0 0 19 1197 14 0 0 55 0 216 7 99 0
1582209558 16408 154459 29588 1043 0 50104 723 0 0 19 1197 14 0 0 55 0 216 7 99 0
1582228250 16448 154459 29588 1043 0 50104 723 0 0 19 1197 14 0 0 55 0 216 7 99 0
1582579147 16448 154459 29588 1043 0 50104 723 0 0 19 1197 14 0 0 55 0 216 7 99 0
1583302330 16448 154459 29588 1043 0 50104 1115 0 0 19 1197 14 0 0 55 0 216 7 99 0
1583774158 16454 154459 29588 1043 0 50104 1115 0 0 19 1197 14 0 0 55 0 216 7 99 0
1583946706 16454 154459 29588 1043 0 50104 1115 0 0 19 1197 14 0 0 55 0 216 7 99 0
1585362566 16454 154459 29588 1043 0 50104 1115 0 0 19 1197 14 0 0 55 0 216 7 99 0
1586684255 16454 154459 29588 1043 0 50104 1115 0 0 19 1197 14 0 0 55 0 216 7 99 0
1586786175 16473 154459 29588 1043 0 50104 1115 0 0 19 1197 14 0 0 55 0 216 7 99 0
1589982783 16508 154459 29588 1043 0 50104 1115 0 0 19 1197 14 0 0 55 0 216 7 99 0
1589982808 16508 154459 29588 1043 0 50104 1115 0 0 19 1197 14 0 0 55 0 216 7 99 0
1590229525 16508 154459 29588 1098 0 50104 1115 0 0 19 1197 14 0 0 55 0 216 7 99 0
1591680483 16508 154459 29588 1204 0 50104 1115 0 0 19 1197 14 0 0 55 0 216 7 99 0
1593079800 16508 154459 29588 1204 2107 50104 1115 0 0 19 1197 14 0 0 55 0 216 7 99 0
1593079916 16508 154459 29588 1204 2167 50104 1115 0 0 19 1197 14 0 0 55 0 216 7 99 0
1593087149 16508 154459 29588 1204 2281 50104 1115 0 0 19 1197 14 0 0 55 0 216 7 99 0
1593162854 16508 154459 29588 1204 2370 50104 1115 0 0 19 1197 14 0 0 55 0 216 7 99 0
1593212114 16508 154459 29588 1204 2403 50104 1115 0 0 19 1197 14 0 0 55 0 216 7 99 0
1593617212 16508 154459 29588 1204 2705 50104 1115 0 0 19 1197 14 0 0 55 0 216 7 99 0
1593631656 16508 154459 29588 1204 2723 50104 1115 0 0 19 1197 14 0 0 55 0 216 7 99 0
1594195655 16510 154459 29588 1204 2723 50104 1115 0 0 19 1197 14 0 0 55 0 216 7 99 0
1595092695 16511 154459 29588 1204 2723 50104 1115 0 0 19 1197 14 0 0 55 0 216 7 99 0
1596703650 16511 154459 29588 1204 2723 50104 1115 0 18 19 1197 14 0 0 55 0 216 7 99 0
1596734518 16511 154459 29588 1204 2723 50104 1115 0 20 19 1197 14 0 0 55 0 216 7 99 0
1597244045 16511 154459 29588 1204 2723 50104 1115 0 22 19 1197 14 0 0 55 0 216 7 99 0
1599107978 16511 154459 29588 1204 2723 50104 1115 0 22 19 1197 14 0 1 55 0 216 7 99 0
1599669890 16511 154459 29588 1204 2723 50104 1115 0 22 19 1197 14 0 1 55 0 216 7 99 0
1600228220 16511 154459 29588 1204 2723 50104 1115 0 22 19 1197 14 0 1 55 0 216 7 99 0
1601547677 16515 154459 29588 1204 2723 50104 1115 0 22 19 1197 14 0 1 55 0 216 7 99 0
1601554225 16515 154459 29588 1204 2873 50104 1115 0 22 19 1197 14 0 1 55 0 216 7 99 0
1601554244 16515 154459 29588 1204 2877 50104 1115 0 22 19 1197 14 0 1 55 0 216 7 99 0
1601631482 16515 154459 29588 1204 2877 50104 1115 0 22 19 1197 14 0 40 55 0 216 7 99 0
1602520313 16516 154459 29588 1204 2877 50104 1115 0 22 19 1197 14 0 40 55 0 216 7 99 0
1602807013 16516 154459 29588 1214 2877 50104 1115 0 22 19 1197 14 0 40 55 0 216 7 99 0
1603801249 16516 154459 29588 1214 2877 50104 1115 0 22 19 1197 14 0 40 55 0 216 7 99 0
1605205387 16516 154459 29588 1270 2877 50104 1115 0 22 19 1197 14 0 40 55 0 216 7 99 0
1605292453 16516 154459 29588 1270 3089 50104 1115 0 22 19 1197 14 0 40 55 0 216 7 99 0
1605388862 16516 154459 29588 1532 3089 50104 1115 0 22 19 1197 14 0 40 55 0 216 7 99 0
1605707586 16516 154459 29588 1532 3146 50104 1115 0 22 19 1197 14 0 40 55 0 216 7 99 0
1606329891 16516 154459 29588 1532 3146 50104 1115 0 22 19 1197 14 0 40 55 0 216 7 99 0
1606723397 16516 154459 29588 1839 3146 50104 1115 0 22 19 1197 14 0 40 55 0 216 7 99 0
1606800712 16517 154459 29588 1839 3146 50104 1115 0 22 19 1197 14 0 40 55 0 216 7 99 0
1606800723 16518 154459 29588 1839 3146 50104 1115 0 22 19 1197 14 0 40 55 0 216 7 99 0
1606802746 16566 154459 29588 1839 3146 50104 1115 0 22 19 1197 14 0 40 55 0 216 7 99 0
1606842382 16566 154459 29588 2237 3146 50104 1115 0 22 19 1197 14 0 40 55 0 216 7 99 0
1607103010 16566 154459 29588 2237 3146 50104 1115 0 22 19 1197 14 0 40 55 0 216 7 99 0
1607103225 16566 154459 29588 2237 3146 50104 1115 0 22 19 1197 14 0 40 55 0 216 7 99 0
1607160721 16566 154459 29588 2237 3146 50104 1115 0 22 19 1197 14 0 41 55 0 216 7 99 0
1608644835 16566 154459 29588 2237 3146 50104 1115 0 22 19 1197 14 0 41 55 0 216 7 99 1
1609844391 16566 154459 29588 2237 3146 50104 1115 0 22 19 1197 14 0 41 55 0 216 7 99 3
1609902496 16647 154459 29588 2237 3146 50104 1115 0 22 19 1197 14 0 41 55 0 216 7 99 3
1609972232 16649 154459 29588 2237 3146 50104 1115 0 22 19 1197 14 0 41 55 0 216 7 99 3
1610388632 16649 154459 29588 2386 3146 50104 1115 0 22 19 1197 14 0 41 55 0 216 7 99 3
1610429640 16649 154459 29588 2386 3146 50104 1115 0 22 19 1197 14 0 41 55 0 216 7 99 3
1612966770 16649 154459 29588 2386 3295 50104 1115 0 22 19 1197 14 0 41 55 0 216 7 99 3
1613506317 16649 154459 29588 3092 3295 50104 1115 0 22 19 1197 14 0 41 55 0 216 7 99 3
1614420087 16649 154459 29588 3092 4036 50104 1115 0 22 19 1197 14 0 41 55 0 216 7 99 3
1614567433 16649 154459 29588 3092 4036 50104 1115 0 22 19 1197 14 0 41 55 0 216 109 99 3
1614596935 16649 154459 29588 3092 4303 50104 1115 0 22 19 1197 14 0 41 55 0 216 109 99 3
1614935690 16681 154459 29588 3092 4303 50104 1115 0 22 19 1197 14 0 41 55 0 216 109 99 3
1615468266 16681 154459 29588 3092 4309 50104 1115 0 22 19 1197 14 0 41 55 0 216 109 99 3
1615808966 16681 154459 29588 3092 4388 50104 1115 0 22 19 1197 14 0 41 55 0 216 109 99 3
1615888229 16685 154459 29588 3092 4388 50104 1115 0 22 19 1197 14 0 41 55 0 216 109 99 3
1617123613 16685 154459 29588 3123 4388 50104 1115 0 22 19 1197 14 0 41 55 0 216 109 99 3
1619614716 16685 154459 29588 3123 4388 50104 1115 0 22 19 1197 14 0 41 55 0 216 109 99 3
1620801768 16685 154459 29588 3123 4388 50104 1115 0 22 19 1197 14 16 41 55 0 216 109 99 3
1620818917 16685 154459 29588 3123 4388 50104 1115 0 22 19 1197 14 16 41 55 22 216 109 99 3
1620819642 16685 154459 29588 3139 4388 50104 1115 0 22 19 1197 14 16 41 55 22 216 109 99 3
1620820262 16685 154459 29588 3139 4388 50104 1115 0 35 19 1197 14 16 41 55 22 216 109 99 3
1620823995 16685 154459 29588 3139 4388 50104 1115 0 35 19 1197 14 16 41 55 22 216 109 99 3
1621547981 16685 154459 29588 3139 4388 50104 1115 0 35 19 1197 14 16 41 55 22 216 110 99 3
1625663339 16685 154459 29588 3139 4388 50104 1115 0 35 19 1197 14 16 41 55 22 216 110 99 3
1625815605 16685 154459 29588 3139 4388 50104 1115 0 35 19 1197 15 16 41 55 22 216 110 99 3
1628186637 16685 154459 29588 3168 4388 50104 1115 0 35 19 1197 15 16 41 55 22 216 110 99 3
1628726558 16685 154459 29588 3344 4388 50104 1115 0 35 19 1197 15 16 41 55 22 216 110 99 3
1628764810 16685 154459 29588 3344 4388 50104 1115 0 35 19 1197 15 16 41 55 22 216 110 99 3
1629090130 16687 154459 29588 3344 4388 50104 1115 0 35 19 1197 15 16 41 55 22 216 110 99 3
1629133838 16687 154459 29588 3350 4388 50104 1115 0 35 19 1197 15 16 41 55 22 216 110 99 3
1629151414 16687 154459 29588 3487 4388 50104 1115 0 35 19 1197 15 16 41 55 22 216 110 99 3
1629196798 16687 154459 29588 3487 4388 50104 1115 0 35 19 1197 15 16 41 55 22 216 110 99 3
1629203857 16687 154459 29588 3501 4388 50104 1115 0 35 19 1197 15 16 41 55 22 216 110 99 3
1632283752 16687 154459 29588 3501 4388 50104 1115 0 35 19 1197 15 16 41 55 22 216 110 99 3
1632409620 16687 154459 29588 3501 4388 50104 1115 4 35 19 1197 15 16 41 55 22 216 110 99 3
1632435685 16691 154459 29588 3501 4388 50104 1115 4 35 19 1197 15 16 41 55 22 216 110 99 3
1632469072 16691 154459 29588 3501 4388 50104 1115 556 35 19 1197 15 16 41 55 22 216 110 99 3
1632818385 16691 154459 29588 3501 4388 50104 1115 556 35 19 1197 15 16 41 55 22 216 110 99 3
1632937137 16691 154459 29588 3501 4388 50104 1115 556 35 19 1197 15 16 41 55 22 216 110 99 3
1633413573 16691 154459 29588 3501 4388 50104 1115 556 35 19 1197 15 16 41 55 108 216 110 99 3
1633519250 16691 154459 29588 3501 4388 50104 1115 788 35 19 1197 15 16 41 55 108 216 110 99 3
1633888693 16691 154459 29588 3501 4388 50104 1115 983 35 19 1197 15 16 41 55 108 216 110 99 3
1633933326 16691 154459 29588 3558 4388 50104 1115 983 35 19 1197 15 16 41 55 108 216 110 99 3
1634815951 16691 154459 29588 3558 4388 50104 1115 983 35 19 1197 15 16 41 55 108 216 110 99 3
1635134835 16691 154459 29588 3560 4388 50104 1115 983 35 19 1197 15 16 41 55 108 216 110 99 3
1635289979 16691 154459 29588 3560 4388 50104 1115 983 35 19 1197 15 16 41 55 108 216 110 99 3
1635290184 16691 154459 29588 3562 4388 50104 1115 983 35 19 1197 15 16 41 55 108 216 110 99 3
1635339684 16691 154459 29588 3562 4421 50104 1115 983 35 19 1197 15 16 41 55 108 216 110 99 3
1635373455 16691 154459 29588 6921 4421 50104 1115 983 35 19 1197 15 16 41 55 108 216 110 99 3
1636384372 16691 154459 29588 6921 4421 50104 1115 983 35 19 1197 15 43 41 55 108 216 110 99 3
1637322611 16691 154459 29588 6921 4475 50104 1115 983 35 19 1197 15 43 41 55 108 216 110 99 3
1637322655 16691 154459 29588 6921 4483 50104 1115 983 35 19 1197 15 43 41 55 108 216 110 99 3
1637594541 16691 154459 29588 6921 4483 50104 1115 983 35 19 1197 15 43 41 55 108 216 110 99 3
1637655184 16691 154459 29588 6921 4488 50104 1115 983 35 19 1197 15 43 41 55 108 216 110 99 3
1637673747 16691 154459 29588 6921 4498 50104 1115 983 35 19 1197 15 43 41 55 108 216 110 99 3
