1505852682 3045
1506105411 3045
1506157067 3337
1506342172 3321
1507772324 3390
1507819862 3390
1507820283 3390
1507879138 3390
1507879157 3393
1508481543 3390
1508527911 3411
1508532625 3484
1508535098 3526
1508535333 3526
1508971450 3534
1508971743 3534
1512003815 3543
1512003938 3548
1512004123 3548
1512105755 3558
1512105774 3587
1512105779 3587
1512179179 3646
1512182319 3646
1519849646 3640
1519849907 3650
1520575197 4076
1520638000 4075
1520642690 4084
1520949949 3677
1521072446 3676
1522356726 3679
1522825886 3920
1523839134 5675
1523912960 3920
1523913391 3958
1523913562 4240
1523914262 4240
1523918386 4248
1523929173 4657
1523929337 4804
1523944940 5634
1523945140 5468
1523945239 5610
1523945513 4075
1523945517 4076
1523945519 3650
1523948014 5611
1523949247 5611
1523984470 5618
1523985063 5618
1524095507 5677
1524102143 5686
1524498400 5688
1524534908 5702
1525044352 5745
1525129321 5748
1525133456 5748
1525219492 5748
1525648212 5754
1526495347 5770
1527648814 5783
1527711800 5783
1527716315 5362
1527872376 5386
1527918994 5595
1528405079 5597
1528483439 5597
1528698510 5602
1528923208 5603
1529098364 5649
1529511588 5650
1530236847 5650
1531767638 5650
1532022810 5650
1533436037 5646
1535425048 6835
1535488812 6906
1535664567 6919
1536083616 6929
1536176227 6931
1539107162 6934
1539656205 6934
1540763823 6956
1540915997 6956
1542039259 7008
1547535597 7011
1549164770 7326
1549168765 7018
1549195084 7031
1549324576 7334
1549329572 7337
1549411590 7347
1549494419 7347
1549496427 7304
1549503267 7291
1549505927 7291
1549519616 7304
1550646061 7505
1551760240 7505
1551833090 7504
1552514120 7504
1552593118 7508
1552966053 7511
1553018375 7517
1556736940 7517
1556756653 7617
1556811230 7623
1557351587 7625
1557938515 7737
1557944798 7737
1558052710 7775
1558138953 7778
1558471471 7783
1558472122 7759
1558479670 7759
1559073898 7759
1562609553 7768
1562629317 7782
1563309893 7772
1565044997 7781
1573635731 7781
1580610864 7785
1582152063 7785
1582154138 7786
1582158915 7788
1582182236 7821
1582183028 7822
1582184504 7940
1582227870 8014
1582228617 8014
1582249653 8038
1582250696 8037
1582250793 8039
1582253652 8038
1582271737 8148
1582273194 8159
1582423641 8234
1582751725 8260
1582752710 8261
1582753493 8320
1582753884 8322
1582771808 8322
1582772045 8322
1582782432 8326
1583214492 8333
1583472248 8371
1583483809 8391
1583792697 8396
1587675491 8504
1587758073 8524
1587758131 8392
1587758175 8392
1587787218 8544
1587792856 8396
1592359115 8411
1595293666 8423
1595300600 8430
1595302592 8433
1596299729 8442
1596302654 8451
1596302668 8486
1615943503 8486
1615964917 8455
1615965054 8478
1616127917 8457
1616133082 8800
1616171192 8801
1616172148 8802
1616173068 8875
1616180177 8896
1616189224 8903
1616189310 8942
1616207413 8942
1616436576 8938
1616460547 8951
1616462921 9037
1616562070 9041
1616563456 9043
1616564635 9065
1616564897 9065
1616565653 9069
1616565834 9066
1616569996 9071
1616731417 9073
1616732860 9096
1616747996 9331
1616780923 9374
1617293599 9413
1617320963 9366
1617394322 9484
1617573147 9714
1617677706 9825
1617687406 9827
1617730049 9835
1617743305 9891
1617984721 10052
1617985354 10056
1617989320 10283
1618014230 10294
1618198355 10437
1618325693 10487
1618327457 10498
1618995003 11712
1619217768 10498
1619217852 10525
1619477193 10541
1619909255 11712
1619996850 11816
1620077342 11830
1623442704 11827
1626971080 11832
1627698263 11885
1628118400 11887
1633070857 11870
1633072336 11876
1633079364 11892
1635370476 11892
1635372552 11896
1635373326 11900
1643188537 11903
1643267831 11904
1646367385 11922
1646417160 12028
1646432179 12007
1646433063 12384
1646743964 12590
1646756199 12592
1646763257 12599
1646775692 12648
1648150176 12890
1648150579 12892
1648151701 12899
1657194045 12901
1662443174 12903
1665193710 13458
1668881945 13458
