1650662912 1 0 0 0 0 0 0 0 0 0 0 0 0 0 0 0 0 0 0 0
1650664482 2 0 0 0 0 0 0 0 0 0 0 0 0 0 0 0 0 0 0 0
1650951073 3 0 0 0 0 0 0 0 0 0 0 0 0 0 0 0 0 0 0 0
1651006404 4 0 0 0 0 0 0 0 0 0 0 0 0 0 0 0 0 0 0 0
1651009407 5 0 0 0 0 0 0 0 0 0 0 0 0 0 0 0 0 0 0 0
1651179260 6 0 0 0 0 0 0 0 0 0 0 0 0 0 0 0 0 0 0 0
1651271155 7 0 0 0 0 0 0 0 0 0 0 0 0 0 0 0 0 0 0 0
1651551564 8 0 0 0 0 0 0 0 0 0 0 0 0 0 0 0 0 0 0 0
1651608763 9 0 0 0 0 0 0 0 0 0 0 0 0 0 0 0 0 0 0 0
1651858873 9 0 1 0 0 0 0 0 0 0 0 0 0 0 0 0 0 0 0 0
1652292836 10 0 1 0 0 0 0 0 0 0 0 0 0 0 0 0 0 0 0 0
1652385859 11 0 1 0 0 0 0 0 0 0 0 0 0 0 0 0 0 0 0 0
1652394016 12 0 1 0 0 0 0 0 0 0 0 0 0 0 0 0 0 0 0 0
1652407131 13 0 1 0 0 0 0 0 0 0 0 0 0 0 0 0 0 0 0 0
1652464898 14 0 1 0 0 0 0 0 0 0 0 0 0 0 0 0 0 0 0 0
1652723963 15 0 1 0 0 0 0 0 0 0 0 0 0 0 0 0 0 0 0 0
1652901624 19 0 1 0 0 0 0 1 0 0 0 0 0 0 0 0 0 0 0 0
1652903578 20 0 1 0 0 0 0 1 0 0 0 0 0 0 0 0 0 0 0 0
1652906566 21 0 1 0 0 0 0 1 0 0 0 0 0 0 0 0 0 0 0 0
1652986874 21 0 1 0 0 0 0 2 0 0 0 0 0 0 0 0 0 0 0 0
1652990372 21 0 1 0 0 0 0 3 0 0 0 0 0 0 0 0 0 0 0 0
1653005386 22 0 1 0 0 0 0 3 0 0 0 0 0 0 0 0 0 0 0 0
1653925020 23 0 2 0 0 0 0 3 0 0 0 0 0 0 0 0 0 0 0 0
1654028402 24 0 2 0 0 0 0 3 0 0 0 0 0 0 0 0 0 0 0 0
1654038371 24 1 2 0 0 0 0 3 0 0 0 0 0 0 0 0 0 0 0 0
1654123326 25 1 2 0 0 0 0 3 0 0 0 0 0 0 0 0 0 0 0 0
1654209285 26 1 2 0 0 0 0 3 0 0 0 0 0 0 0 0 0 0 0 0
1654214763 27 1 2 0 0 0 0 3 0 0 0 0 0 0 0 0 0 0 0 0
1654277443 27 2 2 0 0 0 0 3 0 0 0 0 0 0 0 0 0 0 0 0
1654297280 28 2 2 0 0 0 0 3 0 0 0 0 0 0 0 0 0 0 0 0
1654297771 28 3 2 0 0 0 0 3 0 0 0 0 0 0 0 0 0 0 0 0
1654360515 28 3 3 0 0 0 0 3 0 0 0 0 0 0 0 0 0 0 0 0
1654612603 28 3 4 0 0 0 0 3 0 0 0 0 0 0 0 0 0 0 0 0
1654634995 28 3 4 0 0 1 0 3 0 0 0 0 0 0 0 0 0 0 0 0
1654635266 28 3 4 0 0 2 0 3 0 0 0 0 0 0 0 0 0 0 0 0
1654717625 28 3 4 0 0 3 0 3 0 0 0 0 0 0 0 0 0 0 0 0
1654728004 29 3 4 0 0 3 0 3 0 0 0 0 0 0 0 0 0 0 0 0
1654738550 29 3 4 0 0 3 1 3 0 0 0 0 0 0 0 0 0 0 0 0
1654894564 30 3 4 0 0 3 1 3 0 0 0 0 0 0 0 0 0 0 0 0
1654904371 30 4 4 0 0 3 1 3 0 0 0 0 0 0 0 0 0 0 0 0
1655060877 30 4 5 0 0 3 1 3 0 0 0 0 0 0 0 0 0 0 0 0
1655219783 31 4 5 0 0 3 1 3 0 0 0 0 0 0 0 0 0 0 0 0
1655268859 31 5 5 0 0 3 1 3 0 0 0 0 0 0 0 0 0 0 0 0
1655430024 31 5 5 0 0 3 1 3 1 0 0 0 0 0 0 0 0 0 0 0
1655444743 31 6 5 0 0 3 1 3 1 0 0 0 0 0 0 0 0 0 0 0
1655444774 31 7 5 0 0 3 3 3 1 0 0 0 0 0 0 0 0 0 0 0
1655554782 31 8 5 0 0 3 3 3 1 0 0 0 0 0 0 0 0 0 0 0
1655763673 31 8 5 0 0 3 3 3 1 0 0 1 0 0 0 0 0 0 0 0
1655784976 31 9 5 0 0 3 3 3 1 0 0 1 0 0 0 0 0 0 0 0
1656028273 31 9 5 0 0 3 3 3 2 0 0 1 0 0 0 0 0 0 0 0
1656385800 31 10 5 0 0 3 3 3 2 0 0 1 0 0 0 0 0 0 0 0
1656387497 31 11 5 0 0 3 3 3 2 0 0 1 0 0 0 0 0 0 0 0
1656427622 32 11 5 0 0 3 3 3 2 0 0 1 0 0 0 0 0 0 0 0
1656428979 33 11 5 0 0 3 3 3 2 0 0 1 0 0 0 0 0 0 0 0
1656442076 33 12 5 0 0 3 3 3 2 0 0 1 0 0 0 0 0 0 0 0
1656442124 33 13 5 0 0 3 3 3 2 0 0 1 0 0 0 0 0 0 0 0
1656633630 33 13 5 1 0 3 3 3 2 0 0 1 0 0 0 0 0 0 0 0
1657222092 33 13 5 2 0 3 3 3 2 0 0 1 0 0 0 0 0 0 0 0
1657546338 33 13 5 2 0 6 3 3 2 0 0 1 0 0 0 0 0 0 0 0
1657547602 34 13 5 2 0 6 3 3 2 0 0 1 0 0 0 0 0 0 0 0
1657552078 35 13 6 2 0 6 3 3 2 0 0 1 0 0 0 0 0 0 0 0
1657553866 35 13 6 2 0 7 3 3 2 0 0 1 0 0 0 0 0 0 0 0
1657728382 35 13 6 3 0 11 3 3 2 0 0 1 0 0 0 0 0 0 0 0
1657877043 35 13 6 4 0 11 3 3 2 0 0 1 0 0 0 0 0 0 0 0
1657922229 35 13 7 4 0 11 3 3 2 0 0 1 0 0 0 0 0 0 0 0
1657922519 35 13 8 4 0 11 3 3 2 0 0 1 0 0 0 0 0 0 0 0
1658771590 35 13 8 5 0 11 3 3 2 0 0 1 0 0 0 0 0 0 0 0
1658955677 35 14 8 5 0 11 3 3 2 0 0 1 0 0 0 0 0 0 0 0
1659043261 35 15 8 5 0 11 3 3 2 0 0 1 0 0 0 0 0 0 0 0
1659056618 35 16 8 5 0 11 3 3 2 0 0 1 0 0 0 0 0 0 0 0
1659104744 35 17 8 5 0 11 3 3 2 0 0 1 0 0 0 0 0 0 0 0
1659110569 35 17 9 5 0 11 3 3 2 0 0 1 0 0 0 0 0 0 0 0
1659152277 35 18 9 5 0 11 3 3 2 0 0 1 0 0 0 0 0 0 0 0
1659153673 35 19 9 5 0 11 3 3 2 0 0 1 0 0 0 0 0 0 0 0
1659374587 35 20 9 5 0 11 3 3 2 0 0 1 0 0 0 0 0 0 0 0
1659449992 36 20 9 5 0 11 3 3 2 0 0 1 0 0 0 0 0 0 0 0
1659481136 36 21 9 5 0 11 3 3 2 0 0 1 0 0 0 0 0 0 0 0
1659713226 36 21 9 5 1 11 3 3 2 0 0 1 0 0 0 0 0 0 0 0
1659713259 36 21 9 5 2 11 3 3 2 0 0 1 0 0 0 0 0 0 0 0
1659713277 36 21 9 5 3 11 3 3 2 0 0 1 0 0 0 0 0 0 0 0
1659733740 36 21 9 5 4 11 3 3 2 0 0 1 0 0 0 0 0 0 0 0
1659733764 36 21 9 5 5 11 3 3 2 0 0 1 0 0 0 0 0 0 0 0
1659912895 36 21 10 5 5 11 3 3 2 0 0 1 0 0 0 0 0 0 0 0
1659913154 36 21 10 5 5 11 3 3 2 0 0 1 1 0 0 0 0 0 0 0
1659916832 36 22 10 5 5 11 3 3 2 0 0 1 1 0 0 0 0 0 0 0
1659988227 36 22 11 5 5 11 3 3 2 0 0 1 1 0 0 0 0 0 0 0
1660144412 37 22 11 5 5 11 3 3 2 0 0 1 1 0 0 0 0 0 0 0
1661563980 37 23 11 5 5 11 3 3 2 0 0 1 1 0 0 0 0 0 0 0
1661576046 37 24 11 5 5 11 3 3 2 0 0 1 1 0 0 0 0 0 0 0
1661622789 37 25 11 5 5 11 3 3 2 0 0 1 1 0 0 0 0 0 0 0
1661711899 37 26 11 5 5 11 3 3 2 0 0 1 1 0 0 0 0 0 0 0
1661983891 37 26 11 6 5 11 3 3 2 0 0 1 1 0 0 0 0 0 0 0
1662059388 37 27 11 6 5 11 3 3 2 0 0 1 1 0 0 0 0 0 0 0
1662067770 37 27 11 6 6 11 3 3 2 0 0 1 1 0 0 0 0 0 0 0
1662082803 37 27 11 7 6 11 3 3 2 0 0 1 1 0 0 0 0 0 0 0
1662676646 37 27 12 7 6 11 3 3 2 0 0 1 1 0 0 0 0 0 0 0
1663093076 37 27 12 7 6 11 3 3 2 1 0 1 1 0 0 0 0 0 0 0
1663093109 37 27 12 7 6 11 3 3 2 2 0 1 1 0 0 0 0 0 0 0
1663096145 37 27 12 7 7 11 3 3 2 2 0 1 1 0 0 0 0 0 0 0
1663096213 37 27 12 7 8 11 3 3 2 2 0 1 1 0 0 0 0 0 0 0
1663133819 37 28 12 7 8 11 3 3 2 2 0 1 1 0 0 0 0 0 0 0
1663976961 37 28 12 8 8 11 3 3 2 2 0 1 1 0 0 0 0 0 0 0
1664262428 37 28 12 8 9 11 3 3 2 2 0 1 1 0 0 0 0 0 0 0
1664300114 37 28 12 8 10 11 3 3 2 2 0 1 1 0 0 0 0 0 0 0
1664319949 37 28 12 8 10 11 3 3 2 2 0 1 1 0 0 0 0 1 0 0
1664840216 37 29 12 8 10 11 3 3 2 2 0 1 1 0 0 0 0 1 0 0
1664845169 37 29 12 8 11 11 3 3 2 2 0 1 1 0 0 0 0 1 0 0
1664918792 37 30 12 8 11 11 3 3 2 2 0 1 1 0 0 0 0 1 0 0
1665077361 37 30 12 8 12 11 3 3 2 2 0 1 1 0 0 0 0 1 0 0
1665513051 37 30 13 8 12 11 3 3 2 2 0 1 1 0 0 0 0 1 0 0
1665583313 37 30 13 9 12 11 3 3 2 2 0 1 1 0 0 0 0 1 0 0
1665590833 37 30 13 10 12 11 3 3 2 2 0 1 1 0 0 0 0 1 0 0
1665610373 38 30 13 10 12 11 3 3 2 2 0 1 1 0 0 0 0 1 0 0
1665625684 39 30 13 10 12 11 3 3 2 2 0 1 1 0 0 0 0 1 0 0
1665700111 39 30 13 11 12 11 3 3 2 2 0 1 1 0 0 0 0 1 0 0
1665700203 39 30 13 11 12 11 3 3 2 2 0 1 1 0 0 0 0 1 0 0
1666104570 39 30 14 11 12 11 3 3 2 2 0 1 1 0 0 0 0 1 0 0
1666388133 39 30 15 11 12 11 3 3 2 2 0 1 1 0 0 0 0 1 0 0
1666909735 39 30 15 12 12 11 3 3 2 2 0 1 1 0 0 0 0 1 0 0
1666977156 39 30 16 12 12 11 3 3 2 2 0 1 1 0 0 0 0 1 0 0
1666977566 40 30 16 12 12 11 3 3 2 2 0 1 1 0 0 0 0 1 0 0
1667238794 41 30 16 12 12 11 3 3 2 2 0 1 1 0 0 0 0 1 0 0
1667240272 42 30 16 12 12 11 3 3 2 2 0 1 1 0 0 0 0 1 0 0
1667242163 43 30 16 12 12 11 3 3 2 2 0 1 1 0 0 0 0 1 0 0
1667244195 44 30 16 12 12 11 3 3 2 2 0 1 1 0 0 0 0 1 0 0
1667244281 44 30 16 13 12 11 3 3 2 2 0 1 1 0 0 0 0 1 0 0
1667246203 45 30 16 13 12 11 3 3 2 2 0 1 1 0 0 0 0 1 0 0
1667246242 46 30 16 13 12 11 3 3 2 2 0 1 1 0 0 0 0 1 0 0
1667250359 47 30 16 13 12 11 3 3 2 2 0 1 1 0 0 0 0 1 0 0
1667250976 48 30 16 13 12 11 3 3 2 2 0 1 1 0 0 0 0 1 0 0
1667255138 49 30 16 13 12 11 3 3 2 2 0 1 1 0 0 0 0 1 0 0
1667255303 50 30 16 13 12 11 3 3 2 2 0 1 1 0 0 0 0 1 0 0
1667259532 51 30 16 13 12 11 3 3 2 2 0 1 1 0 0 0 0 1 0 0
1667261935 52 30 16 13 12 11 3 3 2 2 0 1 1 0 0 0 0 1 0 0
1667268040 52 31 16 13 12 11 3 3 2 2 0 1 1 0 0 0 0 1 0 0
1667271467 53 31 16 13 12 11 3 3 2 2 0 1 1 0 0 0 0 1 0 0
1667291523 53 32 16 13 12 11 3 3 2 2 0 1 1 0 0 0 0 1 0 0
1667320239 53 32 17 13 12 11 3 3 2 2 0 1 1 0 0 0 0 1 0 0
1667420104 53 33 17 13 12 11 3 3 2 2 0 1 1 0 0 0 0 1 0 0
1667430738 53 34 17 13 12 11 3 3 2 2 0 1 1 0 0 0 0 1 0 0
1667600670 54 34 17 13 12 11 3 3 2 2 0 1 1 0 0 0 0 1 0 0
1667662095 55 34 17 13 12 11 3 3 2 2 0 1 1 0 0 0 0 1 0 0
1667703862 56 34 17 13 12 11 3 3 2 2 0 1 1 0 0 0 0 1 0 0
1667851057 56 34 18 13 12 11 3 3 2 2 0 1 1 0 0 0 0 1 0 0
1667873620 56 35 18 13 12 11 3 3 2 2 0 1 1 0 0 0 0 1 0 0
1667894393 56 36 18 13 12 11 3 3 2 2 0 1 1 0 0 0 0 1 0 0
1668125021 56 36 19 13 12 11 3 3 2 2 0 1 1 0 0 0 0 1 0 0
1668141775 56 36 20 13 12 11 3 3 2 2 0 1 1 0 0 0 0 1 0 0
1668192901 56 36 21 13 12 11 3 3 2 2 0 1 1 0 0 0 0 1 0 0
1668274416 56 36 22 13 12 11 3 3 2 2 0 1 1 0 0 0 0 1 0 0
1668304784 56 36 22 14 12 11 3 3 2 2 0 1 1 0 0 0 0 1 0 0
1668446083 57 36 22 14 12 11 3 3 2 2 0 1 1 0 0 0 0 1 0 0
1668643189 57 37 22 14 12 11 3 3 2 2 0 1 1 0 0 0 0 1 0 0
1668643754 57 38 22 14 12 11 3 3 2 2 0 1 1 0 0 0 0 1 0 0
1668644563 57 39 22 14 12 11 3 3 2 2 0 1 1 0 0 0 0 1 0 0
1668808211 57 40 22 14 12 11 3 3 2 2 0 1 1 0 0 0 0 1 0 0
1668968237 57 41 22 14 12 11 3 3 2 2 0 1 1 0 0 0 0 1 0 0
1669076105 58 41 22 14 12 11 3 3 2 2 0 1 1 0 0 0 0 1 0 0
1669080455 59 41 22 14 12 11 3 3 2 2 0 1 1 0 0 0 0 1 0 0
1669256767 59 42 22 14 12 11 3 3 2 2 0 1 1 0 0 0 0 1 0 0
1669325188 59 43 22 14 12 11 3 3 2 2 0 1 1 0 0 0 0 1 0 0
1669830129 60 43 22 14 12 11 3 3 2 2 0 1 1 0 0 0 0 1 0 0
1669852764 60 44 22 14 12 11 3 3 2 2 0 1 1 0 0 0 0 1 0 0
1669942070 60 45 22 14 12 11 3 3 2 2 0 1 1 0 0 0 0 1 0 0
1669945784 60 46 22 14 12 11 3 3 2 2 0 1 1 0 0 0 0 1 0 0
1670006331 60 47 22 14 12 11 3 3 2 2 0 1 1 0 0 0 0 1 0 0
1670110874 60 48 22 14 12 11 3 3 2 2 0 1 1 0 0 0 0 1 0 0
1670113473 60 49 22 14 12 11 3 3 2 2 0 1 1 0 0 0 0 1 0 0
1670362670 60 49 23 14 12 11 3 3 2 2 0 1 1 0 0 0 0 1 0 0
1670550026 60 50 23 14 12 11 3 3 2 2 0 1 1 0 0 0 0 1 0 0
1670606564 60 51 23 14 12 11 3 3 2 2 0 1 1 0 0 0 0 1 0 0
1671038706 61 51 23 14 12 11 3 3 2 2 0 1 1 0 0 0 0 1 0 0
1671455641 61 51 23 14 12 11 3 3 2 2 0 1 2 0 0 0 0 1 0 0
1672510396 61 52 23 14 12 11 3 3 2 2 0 1 2 0 0 0 0 1 0 0
1672511734 61 53 23 14 12 11 3 3 2 2 0 1 2 0 0 0 0 1 0 0
1672818259 61 54 23 14 12 11 3 3 2 2 0 1 2 0 0 0 0 1 0 0
1672819664 61 55 23 14 12 11 3 3 2 2 0 1 2 0 0 0 0 1 0 0
1673301035 62 55 23 14 12 11 3 3 2 2 0 1 2 0 0 0 0 1 0 0
1673386712 63 55 23 14 12 11 3 3 2 2 0 1 2 0 0 0 0 1 0 0
1673850845 63 56 23 14 12 11 3 3 2 2 0 1 2 0 0 0 0 1 0 0
1674038655 63 57 23 14 12 11 3 3 2 2 0 1 2 0 0 0 0 1 0 0
1674341431 64 57 23 14 12 11 3 3 2 2 0 1 2 0 0 0 0 1 0 0
1674677190 64 57 24 14 12 11 3 3 2 2 0 1 2 0 0 0 0 1 0 0
1675020235 64 58 24 14 12 11 3 3 2 2 0 1 2 0 0 0 0 1 0 0
1675288046 64 58 24 15 12 11 3 3 2 2 0 1 2 0 0 0 0 1 0 0
1675296047 64 58 24 16 12 11 3 3 2 2 0 1 2 0 0 0 0 1 0 0
1675296482 64 58 24 16 12 11 3 3 2 2 0 1 2 1 0 0 0 1 0 0
1675314494 64 59 24 16 12 11 3 3 2 2 0 1 2 1 0 0 0 1 0 0
1675317478 64 60 24 16 12 11 3 3 2 2 0 1 2 1 0 0 0 1 0 0
1675319930 64 61 24 16 12 11 3 3 2 2 0 1 2 1 0 0 0 1 0 0
1675320701 64 62 24 16 12 11 3 3 2 2 0 1 2 1 0 0 0 1 0 0
1675785268 64 63 24 16 12 11 3 3 2 2 0 1 2 1 0 0 0 1 0 0
1675830593 64 64 24 16 12 11 3 3 2 2 0 1 2 1 0 0 0 1 0 0
1675884792 64 65 24 16 12 11 3 3 2 2 0 1 2 1 0 0 0 1 0 0
1675890985 65 65 24 16 12 11 3 3 2 2 0 1 2 1 0 0 0 1 0 0
1675900481 65 66 24 16 12 11 3 3 2 2 0 1 2 1 0 0 0 1 0 0
1675900668 65 67 24 16 12 11 3 3 2 2 0 1 2 1 0 0 0 1 0 0
1675905169 65 68 24 16 12 11 3 3 2 2 0 1 2 1 0 0 0 1 0 0
1676087987 65 69 24 16 12 11 3 3 2 2 0 1 2 1 0 0 0 1 0 0
1676127924 65 70 24 16 12 11 3 3 2 2 0 1 2 1 0 0 0 1 0 0
1676130486 65 71 24 16 12 11 3 3 2 2 0 1 2 1 0 0 0 1 0 0
1676153354 65 72 24 16 12 11 3 3 2 2 0 1 2 1 0 0 0 1 0 0
1676155145 65 73 24 16 12 11 3 3 2 2 0 1 2 1 0 0 0 1 0 0
1676159572 65 73 24 16 12 11 3 3 2 2 0 1 2 1 0 0 0 1 0 0
1676742224 65 74 24 16 12 11 3 3 2 2 0 1 2 1 0 0 0 1 0 0
1676757603 65 74 24 16 12 11 3 3 2 2 0 1 2 1 0 0 0 1 0 0
1677156300 65 75 24 16 12 11 3 3 2 2 0 1 2 1 0 0 0 1 0 0
1677770118 65 75 25 16 12 11 3 3 2 2 0 1 2 1 0 0 0 1 0 0
1677958297 65 76 25 16 12 11 3 3 2 2 0 1 2 1 0 0 0 1 0 0
1678065305 66 76 25 16 12 11 3 3 2 2 0 1 2 1 0 0 0 1 0 0
1678109449 66 76 25 16 12 11 3 3 2 2 0 1 2 1 0 0 1 1 0 0
1678111290 66 76 26 16 12 11 3 3 2 2 0 1 2 1 0 0 1 1 0 0
1678227818 66 77 26 16 12 11 3 3 2 2 0 1 2 1 0 0 1 1 0 0
1678229686 66 78 26 16 12 11 3 3 2 2 0 1 2 1 0 0 1 1 0 0
1678744061 66 78 26 16 12 11 3 3 3 2 0 1 2 1 0 0 1 1 0 0
1679630321 66 79 26 16 12 11 3 3 3 2 0 1 2 1 0 0 1 1 0 0
1679632755 66 80 26 16 12 11 3 3 3 2 0 1 2 1 0 0 1 1 0 0
1680270918 66 80 27 16 12 11 3 3 3 2 0 1 2 1 0 0 1 1 0 0
1680390699 67 80 27 16 12 11 3 3 3 2 0 1 2 1 0 0 1 1 0 0
1680534220 68 80 27 16 12 11 3 3 3 2 0 1 2 1 0 0 1 1 0 0
1680811680 68 80 27 17 12 11 3 3 3 2 0 1 2 1 0 0 1 1 0 0
1681834266 68 80 28 17 12 11 3 3 3 2 0 1 2 1 0 0 1 1 0 0
1682045153 68 80 28 18 12 11 3 3 3 2 0 1 2 1 0 0 1 1 0 0
1682376835 68 80 28 19 12 11 3 3 3 2 0 1 2 1 0 1 1 1 0 0
1682633991 69 80 28 20 12 11 3 3 3 2 1 1 2 1 0 1 1 1 0 0
1684278418 71 80 28 20 12 11 3 3 3 2 1 1 2 1 0 1 1 1 0 0
1684280233 72 80 28 20 12 11 3 3 3 2 1 1 2 1 0 1 1 1 0 0
1686094349 73 80 28 20 12 11 3 3 3 2 1 1 2 1 0 1 1 1 0 0
1691245028 74 82 28 25 12 11 3 3 3 2 2 2 2 1 1 1 1 1 1 1
1691439551 76 82 28 25 12 11 3 3 3 2 2 2 2 1 1 1 1 1 1 1
1691453599 77 82 28 25 12 11 3 3 3 2 2 2 2 1 1 1 1 1 1 1
1691608878 80 82 28 25 12 11 3 3 3 2 2 2 2 1 1 1 1 1 1 1
1691620248 81 82 28 25 12 11 3 3 3 2 2 2 2 1 1 1 1 1 1 1
1691620714 82 82 28 25 12 11 3 3 3 2 2 2 2 1 1 1 1 1 1 1
1691765944 84 82 28 25 12 11 3 3 3 2 2 2 2 1 1 1 1 1 1 1
1692045124 85 82 28 25 12 11 3 3 3 2 2 2 2 1 1 1 1 1 1 1
1692052851 86 82 28 25 12 11 3 3 3 2 2 2 2 1 1 1 1 1 1 1
1692307280 87 82 28 25 12 11 3 3 3 2 2 2 2 1 1 1 1 1 1 1
1692315224 88 82 28 25 12 11 3 3 3 2 2 2 2 1 1 1 1 1 1 1
1692680757 90 82 28 25 12 11 3 3 3 2 2 2 2 1 1 1 1 1 1 1
1692815255 94 86 28 26 12 11 3 3 3 2 2 2 2 1 1 1 1 1 1 1
1692827552 94 87 28 26 12 11 3 3 3 2 2 2 2 1 1 1 1 1 1 1
1692836864 94 88 28 26 12 11 3 3 3 2 2 2 2 1 1 1 1 1 1 1
1692852364 94 89 28 26 12 11 3 3 3 2 2 2 2 1 1 1 1 1 1 1
1693414203 95 89 28 26 12 11 3 3 3 2 2 2 2 1 1 1 1 1 1 1
1693414269 96 89 28 26 12 11 3 3 3 2 2 2 2 1 1 1 1 1 1 1
1693461858 96 90 28 26 12 11 3 3 3 2 2 2 2 1 1 1 1 1 1 1
