1650662912 976 0 0 0 0 0 0 0 0 0 0 0 0 0 0 0 0 0 0 0
1650664482 2491 0 0 0 0 0 0 0 0 0 0 0 0 0 0 0 0 0 0 0
1650951073 2514 0 0 0 0 0 0 0 0 0 0 0 0 0 0 0 0 0 0 0
1651006404 2517 0 0 0 0 0 0 0 0 0 0 0 0 0 0 0 0 0 0 0
1651009407 2518 0 0 0 0 0 0 0 0 0 0 0 0 0 0 0 0 0 0 0
1651179260 3090 0 0 0 0 0 0 0 0 0 0 0 0 0 0 0 0 0 0 0
1651271155 3185 0 0 0 0 0 0 0 0 0 0 0 0 0 0 0 0 0 0 0
1651551564 3357 0 0 0 0 0 0 0 0 0 0 0 0 0 0 0 0 0 0 0
1651608763 3431 0 0 0 0 0 0 0 0 0 0 0 0 0 0 0 0 0 0 0
1651858873 3431 0 1 0 0 0 0 0 0 0 0 0 0 0 0 0 0 0 0 0
1652292836 3431 0 1 0 0 0 0 0 0 0 0 0 0 0 0 0 0 0 0 0
1652385859 3451 0 1 0 0 0 0 0 0 0 0 0 0 0 0 0 0 0 0 0
1652394016 3454 0 1 0 0 0 0 0 0 0 0 0 0 0 0 0 0 0 0 0
1652407131 3478 0 1 0 0 0 0 0 0 0 0 0 0 0 0 0 0 0 0 0
1652464898 3496 0 1 0 0 0 0 0 0 0 0 0 0 0 0 0 0 0 0 0
1652723963 3514 0 1 0 0 0 0 0 0 0 0 0 0 0 0 0 0 0 0 0
1652901624 3623 0 1 0 0 0 0 43 0 0 0 0 0 0 0 0 0 0 0 0
1652903578 3651 0 1 0 0 0 0 43 0 0 0 0 0 0 0 0 0 0 0 0
1652906566 3658 0 1 0 0 0 0 43 0 0 0 0 0 0 0 0 0 0 0 0
1652986874 3658 0 1 0 0 0 0 62 0 0 0 0 0 0 0 0 0 0 0 0
1652990372 3658 0 1 0 0 0 0 68 0 0 0 0 0 0 0 0 0 0 0 0
1653005386 3659 0 1 0 0 0 0 68 0 0 0 0 0 0 0 0 0 0 0 0
1653925020 3668 0 5 0 0 0 0 68 0 0 0 0 0 0 0 0 0 0 0 0
1654028402 3677 0 5 0 0 0 0 68 0 0 0 0 0 0 0 0 0 0 0 0
1654038371 3677 5 5 0 0 0 0 68 0 0 0 0 0 0 0 0 0 0 0 0
1654123326 3701 5 5 0 0 0 0 68 0 0 0 0 0 0 0 0 0 0 0 0
1654209285 4893 5 5 0 0 0 0 68 0 0 0 0 0 0 0 0 0 0 0 0
1654214763 5175 5 5 0 0 0 0 68 0 0 0 0 0 0 0 0 0 0 0 0
1654277443 5175 35 5 0 0 0 0 68 0 0 0 0 0 0 0 0 0 0 0 0
1654297280 5215 35 5 0 0 0 0 68 0 0 0 0 0 0 0 0 0 0 0 0
1654297771 5215 47 5 0 0 0 0 68 0 0 0 0 0 0 0 0 0 0 0 0
1654360515 5215 47 841 0 0 0 0 68 0 0 0 0 0 0 0 0 0 0 0 0
1654612603 5215 47 885 0 0 0 0 68 0 0 0 0 0 0 0 0 0 0 0 0
1654634995 5215 47 885 0 0 31 0 68 0 0 0 0 0 0 0 0 0 0 0 0
1654635266 5215 47 885 0 0 43 0 68 0 0 0 0 0 0 0 0 0 0 0 0
1654717625 5215 47 885 0 0 86 0 68 0 0 0 0 0 0 0 0 0 0 0 0
1654728004 5225 47 885 0 0 86 0 68 0 0 0 0 0 0 0 0 0 0 0 0
1654738550 5225 47 885 0 0 86 5 68 0 0 0 0 0 0 0 0 0 0 0 0
1654894564 5227 47 885 0 0 86 5 68 0 0 0 0 0 0 0 0 0 0 0 0
1654904371 5227 56 885 0 0 86 5 68 0 0 0 0 0 0 0 0 0 0 0 0
1655060877 5227 56 992 0 0 86 5 68 0 0 0 0 0 0 0 0 0 0 0 0
1655219783 5262 56 992 0 0 86 5 68 0 0 0 0 0 0 0 0 0 0 0 0
1655268859 5262 63 992 0 0 86 5 68 0 0 0 0 0 0 0 0 0 0 0 0
1655430024 5262 63 992 0 0 86 5 68 195 0 0 0 0 0 0 0 0 0 0 0
1655444743 5262 66 992 0 0 86 5 68 195 0 0 0 0 0 0 0 0 0 0 0
1655444774 5262 68 992 0 0 86 9 68 195 0 0 0 0 0 0 0 0 0 0 0
1655554782 5262 72 992 0 0 86 9 68 195 0 0 0 0 0 0 0 0 0 0 0
1655763673 5262 72 992 0 0 86 9 68 195 0 0 4 0 0 0 0 0 0 0 0
1655784976 5262 80 992 0 0 86 9 68 195 0 0 4 0 0 0 0 0 0 0 0
1656028273 5262 80 992 0 0 86 9 68 339 0 0 4 0 0 0 0 0 0 0 0
1656385800 5262 84 992 0 0 86 9 68 339 0 0 4 0 0 0 0 0 0 0 0
1656387497 5262 85 992 0 0 86 9 68 339 0 0 4 0 0 0 0 0 0 0 0
1656427622 5280 85 992 0 0 86 9 68 339 0 0 4 0 0 0 0 0 0 0 0
1656428979 5297 85 992 0 0 86 9 68 339 0 0 4 0 0 0 0 0 0 0 0
1656442076 5297 88 992 0 0 86 9 68 339 0 0 4 0 0 0 0 0 0 0 0
1656442124 5297 92 992 0 0 86 9 68 339 0 0 4 0 0 0 0 0 0 0 0
1656633630 5297 92 992 34 0 86 9 68 339 0 0 4 0 0 0 0 0 0 0 0
1657222092 5297 92 992 43 0 86 9 68 339 0 0 4 0 0 0 0 0 0 0 0
1657546338 5297 92 992 43 0 174 9 68 339 0 0 4 0 0 0 0 0 0 0 0
1657547602 5301 92 992 43 0 174 9 68 339 0 0 4 0 0 0 0 0 0 0 0
1657552078 5321 92 1044 43 0 174 9 68 339 0 0 4 0 0 0 0 0 0 0 0
1657553866 5321 92 1044 43 0 238 9 68 339 0 0 4 0 0 0 0 0 0 0 0
1657728382 5321 92 1044 71 0 508 9 68 339 0 0 4 0 0 0 0 0 0 0 0
1657877043 5321 92 1044 184 0 508 9 68 339 0 0 4 0 0 0 0 0 0 0 0
1657922229 5321 92 1084 184 0 508 9 68 339 0 0 4 0 0 0 0 0 0 0 0
1657922519 5321 92 1211 184 0 508 9 68 339 0 0 4 0 0 0 0 0 0 0 0
1658771590 5321 92 1211 240 0 508 9 68 339 0 0 4 0 0 0 0 0 0 0 0
1658955677 5321 377 1211 240 0 508 9 68 339 0 0 4 0 0 0 0 0 0 0 0
1659043261 5321 381 1211 240 0 508 9 68 339 0 0 4 0 0 0 0 0 0 0 0
1659056618 5321 388 1211 240 0 508 9 68 339 0 0 4 0 0 0 0 0 0 0 0
1659104744 5321 391 1211 240 0 508 9 68 339 0 0 4 0 0 0 0 0 0 0 0
1659110569 5321 391 1212 240 0 508 9 68 339 0 0 4 0 0 0 0 0 0 0 0
1659152277 5321 395 1212 240 0 508 9 68 339 0 0 4 0 0 0 0 0 0 0 0
1659153673 5321 398 1212 240 0 508 9 68 339 0 0 4 0 0 0 0 0 0 0 0
1659374587 5321 402 1212 240 0 508 9 68 339 0 0 4 0 0 0 0 0 0 0 0
1659449992 5323 402 1212 240 0 508 9 68 339 0 0 4 0 0 0 0 0 0 0 0
1659481136 5323 483 1212 240 0 508 9 68 339 0 0 4 0 0 0 0 0 0 0 0
1659713226 5323 483 1212 240 24 508 9 68 339 0 0 4 0 0 0 0 0 0 0 0
1659713259 5323 483 1212 240 27 508 9 68 339 0 0 4 0 0 0 0 0 0 0 0
1659713277 5323 483 1212 240 29 508 9 68 339 0 0 4 0 0 0 0 0 0 0 0
1659733740 5323 483 1212 240 32 508 9 68 339 0 0 4 0 0 0 0 0 0 0 0
1659733764 5323 483 1212 240 35 508 9 68 339 0 0 4 0 0 0 0 0 0 0 0
1659912895 5323 483 1791 240 35 508 9 68 339 0 0 4 0 0 0 0 0 0 0 0
1659913154 5323 483 1791 240 35 508 9 68 339 0 0 4 25 0 0 0 0 0 0 0
1659916832 5323 487 1791 240 35 508 9 68 339 0 0 4 25 0 0 0 0 0 0 0
1659988227 5323 487 1834 240 35 508 9 68 339 0 0 4 25 0 0 0 0 0 0 0
1660144412 5332 487 1834 240 35 508 9 68 339 0 0 4 25 0 0 0 0 0 0 0
1661563980 5332 491 1834 240 35 508 9 68 339 0 0 4 25 0 0 0 0 0 0 0
1661576046 5332 540 1834 240 35 508 9 68 339 0 0 4 25 0 0 0 0 0 0 0
1661622789 5332 598 1834 240 35 508 9 68 339 0 0 4 25 0 0 0 0 0 0 0
1661711899 5332 713 1834 240 35 508 9 68 339 0 0 4 25 0 0 0 0 0 0 0
1661983891 5332 713 1834 245 35 508 9 68 339 0 0 4 25 0 0 0 0 0 0 0
1662059388 5332 716 1834 245 35 508 9 68 339 0 0 4 25 0 0 0 0 0 0 0
1662067770 5332 716 1834 245 38 508 9 68 339 0 0 4 25 0 0 0 0 0 0 0
1662082803 5332 716 1834 266 38 508 9 68 339 0 0 4 25 0 0 0 0 0 0 0
1662676646 5332 716 1852 266 38 508 9 68 339 0 0 4 25 0 0 0 0 0 0 0
1663093076 5332 716 1852 266 38 508 9 68 339 2 0 4 25 0 0 0 0 0 0 0
1663093109 5332 716 1852 266 38 508 9 68 339 17 0 4 25 0 0 0 0 0 0 0
1663096145 5332 716 1852 266 41 508 9 68 339 17 0 4 25 0 0 0 0 0 0 0
1663096213 5332 716 1852 266 43 508 9 68 339 17 0 4 25 0 0 0 0 0 0 0
1663133819 5332 723 1852 266 43 508 9 68 339 17 0 4 25 0 0 0 0 0 0 0
1663976961 5332 723 1852 266 43 508 9 68 339 17 0 4 25 0 0 0 0 0 0 0
1664262428 5332 723 1852 266 46 508 9 68 339 17 0 4 25 0 0 0 0 0 0 0
1664300114 5332 723 1852 266 49 508 9 68 339 17 0 4 25 0 0 0 0 0 0 0
1664319949 5332 723 1852 266 49 508 9 68 339 17 0 4 25 0 0 0 0 2 0 0
1664840216 5332 729 1852 266 49 508 9 68 339 17 0 4 25 0 0 0 0 2 0 0
1664845169 5332 729 1852 266 52 508 9 68 339 17 0 4 25 0 0 0 0 2 0 0
1664918792 5332 805 1852 266 52 508 9 68 339 17 0 4 25 0 0 0 0 2 0 0
1665077361 5332 805 1852 266 54 508 9 68 339 17 0 4 25 0 0 0 0 2 0 0
1665513051 5332 805 2604 266 54 508 9 68 339 17 0 4 25 0 0 0 0 2 0 0
1665583313 5332 805 2604 318 54 508 9 68 339 17 0 4 25 0 0 0 0 2 0 0
1665590833 5332 805 2604 329 54 508 9 68 339 17 0 4 25 0 0 0 0 2 0 0
1665610373 5562 805 2604 329 54 508 9 68 339 17 0 4 25 0 0 0 0 2 0 0
1665625684 5575 805 2604 329 54 508 9 68 339 17 0 4 25 0 0 0 0 2 0 0
1665700111 5575 805 2604 330 54 508 9 68 339 17 0 4 25 0 0 0 0 2 0 0
1665700203 5575 805 2604 330 54 508 9 68 339 17 0 4 25 0 0 0 0 2 0 0
1666104570 5575 805 2765 330 54 508 9 68 339 17 0 4 25 0 0 0 0 2 0 0
1666388133 5575 805 2766 330 54 508 9 68 339 17 0 4 25 0 0 0 0 2 0 0
1666909735 5575 805 2766 333 54 508 9 68 339 17 0 4 25 0 0 0 0 2 0 0
1666977156 5575 805 2904 333 54 508 9 68 339 17 0 4 25 0 0 0 0 2 0 0
1666977566 5577 805 2904 333 54 508 9 68 339 17 0 4 25 0 0 0 0 2 0 0
1667238794 5581 805 2904 333 54 508 9 68 339 17 0 4 25 0 0 0 0 2 0 0
1667240272 5636 805 2904 333 54 508 9 68 339 17 0 4 25 0 0 0 0 2 0 0
1667242163 5665 805 2904 333 54 508 9 68 339 17 0 4 25 0 0 0 0 2 0 0
1667244195 5690 805 2904 333 54 508 9 68 339 17 0 4 25 0 0 0 0 2 0 0
1667244281 5690 805 2904 360 54 508 9 68 339 17 0 4 25 0 0 0 0 2 0 0
1667246203 5715 805 2904 360 54 508 9 68 339 17 0 4 25 0 0 0 0 2 0 0
1667246242 5734 805 2904 360 54 508 9 68 339 17 0 4 25 0 0 0 0 2 0 0
1667250359 5842 805 2904 360 54 508 9 68 339 17 0 4 25 0 0 0 0 2 0 0
1667250976 5898 805 2904 360 54 508 9 68 339 17 0 4 25 0 0 0 0 2 0 0
1667255138 6151 805 2904 360 54 508 9 68 339 17 0 4 25 0 0 0 0 2 0 0
1667255303 6262 805 2904 360 54 508 9 68 339 17 0 4 25 0 0 0 0 2 0 0
1667259532 6436 805 2904 360 54 508 9 68 339 17 0 4 25 0 0 0 0 2 0 0
1667261935 6459 805 2904 360 54 508 9 68 339 17 0 4 25 0 0 0 0 2 0 0
1667268040 6459 862 2904 360 54 508 9 68 339 17 0 4 25 0 0 0 0 2 0 0
1667271467 6475 862 2904 360 54 508 9 68 339 17 0 4 25 0 0 0 0 2 0 0
1667291523 6475 891 2904 360 54 508 9 68 339 17 0 4 25 0 0 0 0 2 0 0
1667320239 6475 891 2945 360 54 508 9 68 339 17 0 4 25 0 0 0 0 2 0 0
1667420104 6475 935 2945 360 54 508 9 68 339 17 0 4 25 0 0 0 0 2 0 0
1667430738 6475 943 2945 360 54 508 9 68 339 17 0 4 25 0 0 0 0 2 0 0
1667600670 6508 943 2945 360 54 508 9 68 339 17 0 4 25 0 0 0 0 2 0 0
1667662095 6565 943 2945 360 54 508 9 68 339 17 0 4 25 0 0 0 0 2 0 0
1667703862 6648 943 2945 360 54 508 9 68 339 17 0 4 25 0 0 0 0 2 0 0
1667851057 6648 943 2979 360 54 508 9 68 339 17 0 4 25 0 0 0 0 2 0 0
1667873620 6648 952 2979 360 54 508 9 68 339 17 0 4 25 0 0 0 0 2 0 0
1667894393 6648 958 2979 360 54 508 9 68 339 17 0 4 25 0 0 0 0 2 0 0
1668125021 6648 958 3218 360 54 508 9 68 339 17 0 4 25 0 0 0 0 2 0 0
1668141775 6648 958 3275 360 54 508 9 68 339 17 0 4 25 0 0 0 0 2 0 0
1668192901 6648 958 3276 360 54 508 9 68 339 17 0 4 25 0 0 0 0 2 0 0
1668274416 6648 958 3321 360 54 508 9 68 339 17 0 4 25 0 0 0 0 2 0 0
1668304784 6648 958 3321 514 54 508 9 68 339 17 0 4 25 0 0 0 0 2 0 0
1668446083 6649 958 3321 514 54 508 9 68 339 17 0 4 25 0 0 0 0 2 0 0
1668643189 6649 1039 3321 514 54 508 9 68 339 17 0 4 25 0 0 0 0 2 0 0
1668643754 6649 1040 3321 514 54 508 9 68 339 17 0 4 25 0 0 0 0 2 0 0
1668644563 6649 1069 3321 514 54 508 9 68 339 17 0 4 25 0 0 0 0 2 0 0
1668808211 6649 1078 3321 514 54 508 9 68 339 17 0 4 25 0 0 0 0 2 0 0
1668968237 6649 1084 3321 514 54 508 9 68 339 17 0 4 25 0 0 0 0 2 0 0
1669076105 6652 1084 3321 514 54 508 9 68 339 17 0 4 25 0 0 0 0 2 0 0
1669080455 6655 1084 3321 514 54 508 9 68 339 17 0 4 25 0 0 0 0 2 0 0
1669256767 6655 1090 3321 514 54 508 9 68 339 17 0 4 25 0 0 0 0 2 0 0
1669325188 6655 1298 3321 514 54 508 9 68 339 17 0 4 25 0 0 0 0 2 0 0
1669830129 6669 1298 3321 514 54 508 9 68 339 17 0 4 25 0 0 0 0 2 0 0
1669852764 6669 1300 3321 514 54 508 9 68 339 17 0 4 25 0 0 0 0 2 0 0
1669942070 6669 1441 3321 514 54 508 9 68 339 17 0 4 25 0 0 0 0 2 0 0
1669945784 6669 1637 3321 514 54 508 9 68 339 17 0 4 25 0 0 0 0 2 0 0
1670006331 6669 1638 3321 514 54 508 9 68 339 17 0 4 25 0 0 0 0 2 0 0
1670110874 6669 1642 3321 514 54 508 9 68 339 17 0 4 25 0 0 0 0 2 0 0
1670113473 6669 1648 3321 514 54 508 9 68 339 17 0 4 25 0 0 0 0 2 0 0
1670362670 6669 1648 3513 514 54 508 9 68 339 17 0 4 25 0 0 0 0 2 0 0
1670550026 6669 1653 3513 514 54 508 9 68 339 17 0 4 25 0 0 0 0 2 0 0
1670606564 6669 1658 3513 514 54 508 9 68 339 17 0 4 25 0 0 0 0 2 0 0
1671038706 6682 1658 3513 514 54 508 9 68 339 17 0 4 25 0 0 0 0 2 0 0
1671455641 6682 1658 3513 514 54 508 9 68 339 17 0 4 26 0 0 0 0 2 0 0
1672510396 6682 1662 3513 514 54 508 9 68 339 17 0 4 26 0 0 0 0 2 0 0
1672511734 6682 1663 3513 514 54 508 9 68 339 17 0 4 26 0 0 0 0 2 0 0
1672818259 6682 1665 3513 514 54 508 9 68 339 17 0 4 26 0 0 0 0 2 0 0
1672819664 6682 1676 3513 514 54 508 9 68 339 17 0 4 26 0 0 0 0 2 0 0
1673301035 6684 1676 3513 514 54 508 9 68 339 17 0 4 26 0 0 0 0 2 0 0
1673386712 6724 1676 3513 514 54 508 9 68 339 17 0 4 26 0 0 0 0 2 0 0
1673850845 6724 1677 3513 514 54 508 9 68 339 17 0 4 26 0 0 0 0 2 0 0
1674038655 6724 1694 3513 514 54 508 9 68 339 17 0 4 26 0 0 0 0 2 0 0
1674341431 6730 1694 3513 514 54 508 9 68 339 17 0 4 26 0 0 0 0 2 0 0
1674677190 6730 1694 5247 514 54 508 9 68 339 17 0 4 26 0 0 0 0 2 0 0
1675020235 6730 1694 5247 514 54 508 9 68 339 17 0 4 26 0 0 0 0 2 0 0
1675288046 6730 1694 5247 611 54 508 9 68 339 17 0 4 26 0 0 0 0 2 0 0
1675296047 6730 1694 5247 612 54 508 9 68 339 17 0 4 26 0 0 0 0 2 0 0
1675296482 6730 1694 5247 612 54 508 9 68 339 17 0 4 26 2 0 0 0 2 0 0
1675314494 6730 1736 5247 612 54 508 9 68 339 17 0 4 26 2 0 0 0 2 0 0
1675317478 6730 1744 5247 612 54 508 9 68 339 17 0 4 26 2 0 0 0 2 0 0
1675319930 6730 1759 5247 612 54 508 9 68 339 17 0 4 26 2 0 0 0 2 0 0
1675320701 6730 1761 5247 612 54 508 9 68 339 17 0 4 26 2 0 0 0 2 0 0
1675785268 6730 1813 5247 612 54 508 9 68 339 17 0 4 26 2 0 0 0 2 0 0
1675830593 6730 1814 5247 612 54 508 9 68 339 17 0 4 26 2 0 0 0 2 0 0
1675884792 6730 1814 5247 612 54 508 9 68 339 17 0 4 26 2 0 0 0 2 0 0
1675890985 6731 1814 5247 612 54 508 9 68 339 17 0 4 26 2 0 0 0 2 0 0
1675900481 6731 1814 5247 612 54 508 9 68 339 17 0 4 26 2 0 0 0 2 0 0
1675900668 6731 1823 5247 612 54 508 9 68 339 17 0 4 26 2 0 0 0 2 0 0
1675905169 6731 1847 5247 612 54 508 9 68 339 17 0 4 26 2 0 0 0 2 0 0
1676087987 6731 1853 5247 612 54 508 9 68 339 17 0 4 26 2 0 0 0 2 0 0
1676127924 6731 1854 5247 612 54 508 9 68 339 17 0 4 26 2 0 0 0 2 0 0
1676130486 6731 2047 5247 612 54 508 9 68 339 17 0 4 26 2 0 0 0 2 0 0
1676153354 6731 2183 5247 612 54 508 9 68 339 17 0 4 26 2 0 0 0 2 0 0
1676155145 6731 2206 5247 612 54 508 9 68 339 17 0 4 26 2 0 0 0 2 0 0
1676159572 6731 2206 5247 612 54 508 9 68 339 17 0 4 26 2 0 0 0 2 0 0
1676742224 6731 2220 5247 612 54 508 9 68 339 17 0 4 26 2 0 0 0 2 0 0
1676757603 6731 2220 5247 612 54 508 9 68 339 17 0 4 26 2 0 0 0 2 0 0
1677156300 6731 2224 5247 612 54 508 9 68 339 17 0 4 26 2 0 0 0 2 0 0
1677770118 6731 2224 5495 612 54 508 9 68 339 17 0 4 26 2 0 0 0 2 0 0
1677958297 6731 2226 5495 612 54 508 9 68 339 17 0 4 26 2 0 0 0 2 0 0
1678065305 6751 2226 5495 612 54 508 9 68 339 17 0 4 26 2 0 0 0 2 0 0
1678109449 6751 2226 5495 612 54 508 9 68 339 17 0 4 26 2 0 0 5 2 0 0
1678111290 6751 2226 5497 612 54 508 9 68 339 17 0 4 26 2 0 0 5 2 0 0
1678227818 6751 2227 5497 612 54 508 9 68 339 17 0 4 26 2 0 0 5 2 0 0
1678229686 6751 2236 5497 612 54 508 9 68 339 17 0 4 26 2 0 0 5 2 0 0
1678744061 6751 2236 5497 612 54 508 9 68 343 17 0 4 26 2 0 0 5 2 0 0
1679630321 6751 2304 5497 612 54 508 9 68 343 17 0 4 26 2 0 0 5 2 0 0
1679632755 6751 2311 5497 612 54 508 9 68 343 17 0 4 26 2 0 0 5 2 0 0
1680270918 6751 2311 5579 612 54 508 9 68 343 17 0 4 26 2 0 0 5 2 0 0
1680390699 6757 2311 5579 612 54 508 9 68 343 17 0 4 26 2 0 0 5 2 0 0
1680534220 6821 2311 5579 612 54 508 9 68 343 17 0 4 26 2 0 0 5 2 0 0
1680811680 6821 2311 5579 648 54 508 9 68 343 17 0 4 26 2 0 0 5 2 0 0
1681834266 6821 2311 6068 648 54 508 9 68 343 17 0 4 26 2 0 0 5 2 0 0
1682045153 6821 2311 6068 656 54 508 9 68 343 17 0 4 26 2 0 0 5 2 0 0
1682376835 6821 2311 6068 661 54 508 9 68 343 17 0 4 26 2 0 3 5 2 0 0
1682633991 6880 2311 6068 695 54 508 9 68 343 17 25 4 26 2 0 3 5 2 0 0
1684278418 6895 2311 6068 695 54 508 9 68 343 17 25 4 26 2 0 3 5 2 0 0
1684280233 6897 2311 6068 695 54 508 9 68 343 17 25 4 26 2 0 3 5 2 0 0
1686094349 6919 2311 6068 695 54 508 9 68 343 17 25 4 26 2 0 3 5 2 0 0
1691245028 6919 2343 6068 847 54 508 9 68 343 17 49 5 26 2 1 3 5 2 1 1
1691439551 6935 2343 6068 847 54 508 9 68 343 17 49 5 26 2 1 3 5 2 1 1
1691453599 7024 2343 6068 847 54 508 9 68 343 17 49 5 26 2 1 3 5 2 1 1
1691608878 7069 2343 6068 847 54 508 9 68 343 17 49 5 26 2 1 3 5 2 1 1
1691620248 7163 2343 6068 847 54 508 9 68 343 17 49 5 26 2 1 3 5 2 1 1
1691620714 7184 2343 6068 847 54 508 9 68 343 17 49 5 26 2 1 3 5 2 1 1
1691765944 7207 2343 6068 847 54 508 9 68 343 17 49 5 26 2 1 3 5 2 1 1
1692045124 7209 2343 6068 847 54 508 9 68 343 17 49 5 26 2 1 3 5 2 1 1
1692052851 7256 2343 6068 847 54 508 9 68 343 17 49 5 26 2 1 3 5 2 1 1
1692307280 7377 2343 6068 847 54 508 9 68 343 17 49 5 26 2 1 3 5 2 1 1
1692315224 7388 2343 6068 847 54 508 9 68 343 17 49 5 26 2 1 3 5 2 1 1
1692680757 7476 2343 6068 847 54 508 9 68 343 17 49 5 26 2 1 3 5 2 1 1
1692815255 9420 3084 6068 861 54 508 9 68 343 17 49 5 26 2 1 3 5 2 1 1
1692827552 9420 3087 6068 861 54 508 9 68 343 17 49 5 26 2 1 3 5 2 1 1
1692836864 9420 3114 6068 861 54 508 9 68 343 17 49 5 26 2 1 3 5 2 1 1
1692852364 9420 3126 6068 861 54 508 9 68 343 17 49 5 26 2 1 3 5 2 1 1
1693414203 9539 3126 6068 861 54 508 9 68 343 17 49 5 26 2 1 3 5 2 1 1
1693414269 9539 3126 6068 861 54 508 9 68 343 17 49 5 26 2 1 3 5 2 1 1
1693461858 9539 3137 6068 861 54 508 9 68 343 17 49 5 26 2 1 3 5 2 1 1
