1650662912 976
1650664482 2059
1650951073 2069
1651006404 2069
1651009407 2069
1651179260 2641
1651271155 2687
1651551564 2847
1651608763 2914
1651858873 2915
1652292836 2343
1652385859 2316
1652394016 2316
1652407131 2330
1652464898 2320
1652723963 2323
1652800514 2364
1652805398 2322
1652895511 2359
1652896479 2358
1652901624 2321
1652903578 2372
1652906566 2376
1652986874 2395
1652990372 2401
1653005386 2401
1653607803 2411
1653925020 2409
1654028402 2410
1654038371 2410
1654123326 2430
1654209285 3607
1654214763 3855
1654277443 3854
1654297280 3783
1654297771 3783
1654360515 4602
1654612603 4629
1654634995 4658
1654635266 4662
1654717625 4669
1654728004 4602
1654738550 4607
1654891037 4787
1654891041 4787
1654894564 4609
1654904371 4607
1655060877 4683
1655219783 4715
1655268859 4714
1655430024 4789
1655444743 4789
1655444774 4787
1655554782 4790
1655763673 4790
1655784976 4786
1656028273 4930
1656385800 4930
1656387497 4931
1656427622 4945
1656428979 4941
1656442076 4941
1656442124 4939
1656633630 4972
1656642227 5422
1657208918 5278
1657222092 4979
1657298752 5387
1657303392 5394
1657545504 5061
1657546062 5032
1657546338 5009
1657547602 5063
1657549677 5132
1657552078 5115
1657553866 5196
1657728382 5214
1657877043 5525
1657922229 5528
1657922519 5603
1658771590 5657
1658955677 5772
1659043261 5772
1659056618 5772
1659104744 5772
1659110569 5773
1659152277 5773
1659153673 5773
1659374587 5773
1659449992 5774
1659481136 5789
1659713226 5789
1659713259 5789
1659713277 5789
1659733740 5789
1659733764 5789
1659912895 6237
1659913154 6257
1659916832 6257
1659988227 6269
1660144412 6274
1661563980 6277
1661576046 6288
1661622789 6341
1661711899 6450
1661983891 6454
1662059388 6454
1662067770 6454
1662082803 6467
1662676646 6485
1663093076 6485
1663093109 6499
1663096145 6499
1663096213 6499
1663133819 6503
1663976961 6493
1664262428 6493
1664300114 6493
1664319949 6495
1664840216 6496
1664845169 6496
1664918792 6572
1665077361 6572
1665513051 7317
1665583313 7369
1665590833 7380
1665610373 7610
1665625684 7611
1665700111 7611
1665700203 7632
1666104570 7738
1666388133 7738
1666909735 7734
1666977156 7815
1666977566 7815
1667238794 7818
1667240272 7867
1667242163 7885
1667244195 7891
1667244281 7910
1667246203 7914
1667246242 7920
1667250359 7994
1667250976 8044
1667255138 8283
1667255303 8390
1667259532 8492
1667261935 8494
1667268040 8532
1667271467 8534
1667291523 8536
1667320239 8561
1667420104 8549
1667430738 8551
1667600670 8465
1667662095 8513
1667703862 8562
1667851057 8567
1667873620 8568
1667894393 8568
1668125021 8714
1668141775 8745
1668192901 8745
1668274416 8788
1668304784 8887
1668446083 8853
1668643189 8862
1668643754 8862
1668644563 8861
1668808211 8861
1668968237 8861
1669076105 8864
1669080455 8864
1669256767 8864
1669325188 8926
1669830129 8938
1669852764 8938
1669942070 8947
1669945784 9120
1670006331 9120
1670110874 9120
1670113473 9125
1670362670 9140
1670550026 9139
1670606564 9139
1671038706 9152
1671455641 9153
1672510396 9153
1672511734 9153
1672818259 9153
1672819664 9153
1673301035 9154
1673386712 9187
1673850845 9187
1674038655 9195
1674341431 9201
1674677190 9200
1675020235 9196
1675288046 9293
1675296047 9293
1675296482 9294
1675314494 9294
1675317478 9297
1675319930 9300
1675320701 9302
1675785268 9354
1675830593 9355
1675884792 9334
1675890985 9333
1675900481 9324
1675900668 9333
1675905169 9356
1676087987 9356
1676127924 9342
1676130486 9494
1676153354 9623
1676155145 9645
1676159572 9794
1676385262 10652
1676742224 9804
1676757603 9804
1677156300 9804
1677770118 10033
1677958297 10033
1678065305 10026
1678109449 10028
1678111290 10028
1678227818 10028
1678229686 10028
1678744061 10031
1679630321 10055
1679632755 10056
1680270918 10132
1680390699 10056
1680534220 10119
1680811680 10155
1681392674 10588
1681834266 10574
1682045153 10581
1682376835 10585
1682379479 10663
1682633991 10629
1682704079 10655
1682968132 10661
