1289345040 2471
1289374935 2471
1289375947 2477
1289378628 2483
1289416726 2501
1289460117 2512
1289460166 2512
1289460644 2524
1289507866 2537
1289508136 2538
1289508998 2531
1289549521 2536
1289590333 2834
1289590753 2834
1289591556 2707
1289591753 2834
1289641185 2852
1289774850 3490
1289890808 3508
1289935841 3587
1289936885 3587
1290155445 3604
1291070028 4135
1291071147 4130
1291099701 4172
1291968102 4654
1291969086 4642
1292011300 4730
1292011614 4731
1292317209 4731
1292317551 4731
1292441799 4748
1293448174 4805
1293482959 4930
1293483030 4933
1293483066 4964
1293487513 4999
1293488313 5005
1293489471 5006
1293543082 5006
1293547317 5033
1293556686 5044
1293556889 5044
1293576212 5118
1293664402 5127
1293664696 5130
1293733462 5130
1293733736 5130
1293735062 5170
1293811968 5176
1293828598 5168
1293833267 5306
1293834096 5315
1293835611 5367
1293836075 5382
1293841115 5356
1293841214 5356
1293841580 5356
1293841798 5356
1293841890 5384
1293842269 5384
1294261453 5386
1294261640 5382
1294262069 5406
1294262214 5406
1294393112 5408
1294394500 5438
1294395744 5488
1294430252 5565
1294737211 5653
1294737683 5675
1294775328 5810
1294993618 5822
1294993817 5865
1294994326 5981
1294994863 5990
1295022071 5966
1295022113 5968
1295342406 6114
1295380140 6129
1295380339 6129
1295380491 6130
1295381361 6154
1295427145 6219
1295464746 6221
1295464856 6221
1295465401 6225
1296084213 6460
1296167376 6775
1296209405 6756
1296209903 6791
1296210156 6777
1296240512 6793
1296240986 6912
1296468620 6928
1296504940 6944
1296576558 6973
1296576847 6974
1296675959 6975
1296763246 7315
1296811836 7319
1297154525 7396
1297190914 7760
1297190925 7767
1297242490 7693
1297279619 7763
1297882695 7763
1297882929 7796
1297884149 7797
1297971646 7808
1297973720 7839
1298278205 7975
1298314080 7983
1298314235 7983
1298451965 8024
1298491338 8043
1298540757 8045
1298541311 8045
1298881132 8056
1298919664 8057
1298973317 8066
1299663123 8171
1299663213 8211
1299663513 8209
1299699905 8384
1299766172 8387
1299784694 8421
1299872699 8561
1299872736 8555
1299872778 8557
1300092355 8568
1300092582 8568
1300092625 8568
1300130495 8580
1300212104 8577
1300214542 8575
1300214593 8714
1300214947 8715
1300215371 8721
1300227739 8813
1300228746 8813
1300228887 8815
1300459198 8949
1300475313 8972
1300694987 8972
1300710085 8997
1300710110 8998
1300710981 9006
1300711018 9010
1300730419 9010
1300730449 9010
1300821361 23634
1300994608 23640
1301080181 23649
1301081951 23606
1301382347 23606
1301383741 23609
1301422549 23610
1301422605 23610
1301642072 23611
1301642108 23565
1301642145 23559
1301642158 23565
1301900204 23567
1302125176 23717
1302287930 23725
1302288262 23729
1302507047 23743
1302507175 23750
1302590303 23751
1302590385 23751
1302592059 23781
1302630298 23782
1303235604 23782
1303235628 23783
1303310440 23973
1303322981 24013
1303335203 24013
1303372782 24063
1303411435 24086
1303496534 24088
1303497055 24088
1303803160 9274
1303803352 9274
1303840825 9264
1303974208 9298
1303974660 9290
1303975247 9319
1303975683 9372
1305104788 9372
1306221782 15919
1306824664 15911
1306864050 15907
1307000987 15907
1307123807 15946
1307344881 15999
1307452437 16029
1308642228 16047
1308813205 16047
1308813588 16047
1308813907 16139
1309246735 16065
1309371776 16077
1309766943 16077
1309767012 16088
1309767255 16088
1310713664 16098
1310713930 16108
1312874307 16179
1312911571 16179
1312911661 16207
1313171575 16207
1313171608 16207
1316452671 16211
1316452753 16211
1317283319 16179
1317318152 16219
1317364203 16215
1317366294 16215
1324983581 16763
1325067812 16799
1325068136 16800
1325068434 16800
1325068651 16809
1325102111 16810
1325102199 16811
1328776441 16826
1328776622 16829
1328862517 17282
1328862613 17370
1328900286 17381
1328900350 17291
1329294006 17669
1329294062 17770
1329330996 17769
1329331041 17789
1329469520 17793
1329470901 17828
1329508259 17886
1329559110 17936
1329592449 17943
1329592590 17950
1329903754 17969
1329903846 17988
1329986992 18023
1329987471 18017
1330023081 18015
1330073975 18017
1330162753 18042
1330162785 18098
1330202182 18292
1330369434 18294
1330418160 18371
1330418297 18373
1330459465 18396
1330459482 18584
1330504541 18579
1330504762 18589
1330504786 18584
1330505238 18584
1330859661 18678
1330891836 18765
1330895926 18851
1330896156 19078
1331755490 19100
1331755574 19121
1332008406 19232
1332009360 19244
1332145506 19247
1335611492 19247
1335612029 19262
1335612592 19276
1335613155 19276
1336114511 19641
1336242772 19733
1336242935 19896
1336413573 19845
1336414363 19852
1336416355 19868
1336416379 19885
1336460394 19814
1336461049 19837
1336500978 19792
1336501791 19756
1336501938 19756
1336547871 19660
1336586366 19660
1336586640 19421
1336588614 19681
1336588634 19664
1336588671 19062
1336633128 18983
1336634190 18983
1336634226 18991
1336682695 18999
1336682806 18924
1336719785 18945
1336720572 18859
1336720599 18860
1336720636 18605
1336758919 18606
1336759553 18608
1336759603 18609
1336760154 18629
1336760548 18571
1337064146 18237
1337065356 17965
1337122703 17676
1337151740 17450
1337176439 17236
1337176971 17110
1337177231 17042
1337177357 15678
1337622729 15722
1337633476 15762
1337633520 15762
1337673319 15755
1337673371 15766
1337673419 15772
1337721677 15782
1337721742 15787
1337813250 16238
1337813714 16448
1337813732 16449
1337813982 16449
1337844235 16457
1337844429 16402
1337844470 16419
1337844543 16425
1337844581 16386
1337881274 16408
1337932042 16408
1337932325 16468
1338489626 16657
1338576027 16817
1338636715 16817
1338674887 16817
1338675162 16825
1338675992 16825
1338746597 16825
1338887632 16825
1338889098 16837
1338923818 16837
1338925847 16912
1338925865 16955
1338966400 16991
1339140176 16914
1341509878 16971
1341526342 16971
1342425508 16974
1342508659 16969
1342806228 17062
1342806465 17062
1342807662 17084
1342950118 17084
1343028292 17084
1343503360 17097
1343504227 17119
1343805427 17174
1344238395 17244
1344280613 17325
1344280643 17326
1344322714 17327
1344323913 17341
1344323928 17363
1344411234 17341
1344412238 17383
1344412708 17420
1344494850 17362
1344495622 17633
1344535910 17632
1344536302 17632
1344840370 17711
1344882423 17724
1344929902 17664
1344969030 17705
1344969330 17722
1345054371 17734
1345139261 17758
1345139312 17877
1345139330 17894
1345145752 17901
1345486274 17893
1345748048 17921
1345748930 18091
1345793030 18166
1345830896 18178
1345831069 18178
1345831295 18185
1345926365 18407
1346066347 18444
1346100175 18703
1346100495 18721
1346138418 18768
1346397036 18923
1346434667 18925
1346435173 18925
1346435446 18925
1346656712 18948
1346656752 18971
1347036735 18992
1347036755 19266
1347186302 19270
1347187470 19438
1347471624 19443
1347728007 19598
1348125472 19655
1348125606 19627
1348210083 19861
1348249462 19862
1348471703 19870
1348471813 20093
1348472401 20093
1348555417 20093
1348681018 20114
1348681106 20198
1348856474 20308
1348947314 20367
1348948443 20378
1349284377 20365
1349334549 20378
1349334888 20382
1349335149 20382
1349458501 20443
1349779735 20367
1349780351 20367
1349812713 20350
1350025097 20608
1350025545 20608
1350062633 20608
1351426295 20612
1351707711 20628
1351758429 21441
1351758506 21445
1351759342 21447
1352843990 22143
1352844230 22140
1352844269 22181
1353060139 22181
1355471747 22182
1361262870 22186
1361263569 22187
1368429897 22186
1372232997 22187
1372425088 39275
1372431913 39275
1372432062 39275
1372432994 39957
1372433149 39962
1372433273 39962
1372435797 39911
1372436145 39913
1372437908 39946
1372503589 39946
1372503878 39951
1372504053 39949
1372504080 39951
1372504292 39956
1372534277 39960
1372700680 39965
1372700719 39988
1372701655 39993
1372701749 40138
1372751369 40138
1372790541 40140
1372835744 40140
1372836311 40140
1372875299 40140
1374563734 40421
1374601716 40460
1374689588 42690
1374734940 42561
1374736075 42556
1374736323 42502
1374736689 42506
1374862784 39719
1374863168 39712
1374863314 39691
1375898195 39896
1375945519 39858
1375946677 39873
1376588395 40204
1376588978 39966
1376589040 39971
1376589660 40155
1376590147 39453
1376636476 39455
1376675861 39457
1376675877 39458
1376676092 39464
1376676519 39483
1376676549 39486
1378552058 39494
1379185125 39503
1380004878 39503
1380004928 39505
1380130807 39517
1380131333 39543
1380177049 38027
1380304874 38489
1380523146 38491
1380524470 38516
1380524714 38520
1380612008 38601
1380650829 38617
1380696901 38617
1380697095 38617
1380697672 38617
1380698266 38622
1382029329 38648
1382029358 38651
1382046321 38657
1382046337 38657
1382079158 38676
1382079185 38687
1382115022 38687
1382340677 38692
1382341420 38750
1382385301 38750
1382538907 40897
1383820540 40913
1383820559 40914
1383822679 40918
1383831039 40918
1383831528 40918
1383983000 40918
1383983229 40920
1384282774 40864
1384283168 40869
1384330058 40920
1384330245 40878
1384456099 40968
1384471738 40968
1384472156 40484
1384845663 39854
1384845744 39861
1384887791 39588
1385021257 39587
1385021285 39587
1385060971 39623
1385499454 39667
1385499465 39718
1385508817 39718
1386096761 40014
1386096835 40167
1386143901 40144
1386143919 40148
1386144750 40148
1386188714 40144
1386407281 40144
1386663646 40134
1386750416 40134
1386750495 40124
1386889351 40148
1387031458 40156
1387031546 40172
1387031645 40261
1387061608 40235
1387062246 40235
1387062963 40252
1387063004 40254
1387355843 40263
1387355855 40279
1387355913 40287
1387440453 40287
1387478515 40295
1387478545 40295
1387566362 40307
1387566386 40319
1387794246 40321
1388862725 40321
1389115527 40391
1389115619 40419
1389116598 40418
1389201451 40419
1392052830 40452
1392053412 40456
1392053491 40457
1392100376 40497
1392140411 40498
1392140471 40499
1392140715 40500
1392142266 40502
1392142297 40503
1392142351 40501
1392142361 40722
1393670294 40879
1394093766 40821
1394093844 40405
1394093886 40407
1394094107 40406
1394142814 40431
1394175210 40430
1394175513 40431
1394474538 40437
1395081658 40422
1395684904 40448
1397325903 40447
1397326044 40495
1397326846 40547
1397326868 40547
1397583877 40615
1397631489 40617
1397632686 40615
1397667655 40616
1397667691 40610
1397716690 40708
1397806093 40708
1397806132 40708
1397806231 40701
1397807375 40889
1398103358 40079
1398103399 40080
1398104144 40086
1398151151 40109
1398185669 40102
1398187422 40126
1398232318 40128
1398232995 40168
1398233247 40243
1398233410 40307
1398271890 40309
1398273559 40337
1398273589 40341
1398402650 40391
1398497664 40420
1398924186 40424
1398925677 40722
1398967436 40722
1398967622 41009
1399191392 41007
1399191810 41005
1399999727 41005
1400219400 41405
1400220448 41408
1400221411 41426
1400261047 41101
1400261338 41084
1400261475 41912
1400262775 41658
1400262888 41440
1400518258 41441
1400518621 41450
1400519273 41476
1400520044 41476
1400520061 41716
1400520179 41726
1400522234 41792
1400522678 41794
1400605434 41819
1400605883 41820
1400605903 41820
1400606899 41827
1400606928 41894
1400607694 41900
1400608168 41897
1400608259 41947
1400608930 41948
1400608957 41949
1400866862 41962
1400867705 42003
1401299581 42055
1401346219 41991
1401346820 41989
1401379825 41989
1401379838 41989
1401691644 41991
1401691683 41989
1401988291 41993
1401988314 41993
1403283931 41993
1404109997 42228
1404110067 42377
1404110136 42512
1404111191 42512
1404111217 42512
1404371397 42664
1404371498 42719
1404410819 42714
1404410924 42706
1404887734 42706
1404887772 42708
1404887997 42715
1404888037 42722
1404926200 42731
1404926664 42737
1404930024 42771
1404930104 42771
1404930169 42819
1404980330 42820
1405061141 42820
1405965602 42837
1406466970 42847
1406528825 42849
1406743586 42855
1408086848 42891
1408426440 42891
1408430674 42899
1408432410 42938
1408432604 42938
1408518493 43094
1408518572 43112
1408518664 43113
1408557811 43117
1408602327 43117
1408731705 43117
1410160462 43117
1418372346 43110
1419964509 43110
1419964587 43110
1427478885 46108
1427478913 46109
1427479348 46109
1427489372 46109
1431969118 46109
1431969197 46109
1431969513 46109
1431970858 46128
1432056232 46139
1432057078 46170
1432057200 46200
1432071443 46196
1432141960 46210
1432141995 46210
1432142902 46212
1432185353 46219
1432185375 46224
1434303640 51206
1435296933 46226
1435298111 46226
1435597523 46332
1435650115 46264
1435685099 46264
1435685149 46269
1435685169 46208
1436510677 46209
1437949556 48208
1438985758 50940
1442560376 46209
1443316013 46209
1444892077 52084
1445870849 46209
1448388981 50934
1449224348 50933
1449224433 50933
1449641752 50937
1449642088 50937
1449684708 50940
1449685469 50940
1449773009 50940
1450165851 51500
1451315164 50939
1451315252 50939
1451981956 50939
1453449010 50939
1453449059 50939
1453449127 50939
1453449465 50911
1454680580 48143
1454681296 48143
1454681356 48150
1455083396 50911
1455132069 51079
1455132288 51235
1456339861 51296
1456592817 51234
1456732866 51311
1456733146 51311
1456733607 51420
1456733838 51475
1457683160 51475
1457721112 51475
1457982814 51649
1458026666 51680
1458428751 51425
1459877002 51680
1461210740 49196
1461288377 51425
1461413648 51680
1461414089 51697
1461414351 51697
1461607010 51712
1461826497 51720
1461827410 51734
1461827580 51757
1462563875 51425
1462659166 51757
1462659244 51757
1462659566 51757
1462903627 51759
1462903799 51761
1463077075 51761
1463077084 51761
1463077124 49084
1465409694 51761
1465456557 51784
1465456763 51807
1465495625 51808
1465496395 51808
1465496469 51809
1466017315 51425
1468794061 51425
1472584034 51425
1474561726 51809
1474562654 51817
1474736363 51475
1474966177 51817
1474966692 51818
1474968448 51825
1474968491 51842
1474969383 51845
1474969582 51860
1474971633 51859
1475593030 51860
1476467108 51860
1477479995 51863
1477480106 51866
1478732132 51886
1480418842 51888
1480419136 51314
1480421049 51317
1480421135 51318
1480421465 51319
1480421635 51318
1480421750 51322
1482467212 51425
1483718400 51322
1483719560 51322
1483721958 51425
1483781496 51425
1483790281 48033
1483908554 51425
1483971132 51493
1483972019 51163
1483972383 51168
1483972503 51074
1483972809 51206
1483979226 51213
1483979243 48030
1483983177 51213
1483987072 48030
1483999193 48030
1484033754 48051
1484084638 48052
1484151796 48054
1484151840 48068
1484152025 48052
1484153036 48132
1484153169 48132
1484153435 48132
1484154868 48134
1484220150 48104
1484222093 48110
1484241038 48677
1484333389 48110
1484349710 48990
1484427651 48211
1484508482 48643
1484514456 48208
1484514492 48208
1484562644 48217
1484582443 48254
1484593017 48255
1484594503 48288
1484673203 48629
1484692263 48289
1484834694 48287
1484835306 48268
1484841901 48289
1484860131 48265
1484862503 48282
1484866591 48301
1484911720 48317
1484912999 48434
1485184703 48680
1485184782 48681
1485190729 48687
1485193495 48692
1485193678 48643
1485194201 48645
1485202750 49168
1485251584 48645
1485378592 48732
1485381396 48989
1485381745 48990
1485432734 48991
1485452849 49098
1485454280 50499
1485468792 49099
1485505978 49099
1485773789 49101
1485774181 49155
1485777768 49159
1485801747 49168
1485802456 49170
1485880647 49179
1485882131 49179
1485890463 49179
1485890565 49181
1485892094 49186
1485958390 49198
1485959822 49254
1485959946 49254
1485979274 49254
1485981074 49254
1485981285 49254
1485982063 49624
1486127357 49621
1486338819 49667
1486341833 49691
1486394143 49618
1486394220 49681
1486396805 50219
1486397646 49772
1486398061 49703
1486398214 49753
1486398309 49703
1486398336 49704
1486409958 49704
1486410046 49712
1486420643 49785
1486458412 49820
1486464994 49889
1486470768 50223
1486507952 50233
1486508983 50230
1486509289 50233
1486563437 50541
1486566891 50589
1486567239 50592
1486570733 50247
1486574137 50274
1486576931 50277
1486578859 50286
1486578930 50286
1486583619 50332
1486590404 50349
1486635145 50308
1486640476 50308
1486641421 50375
1486662853 50387
1486727609 50467
1486727806 50467
1486743161 50469
1486754025 50469
1486766367 50466
1486767040 50472
1486836717 50498
1486856367 50498
1486898227 50504
1486900105 50498
1486902895 50501
1486903815 50498
1486907245 50513
1486910912 50512
1486936817 50513
1486973974 50509
1487001385 50512
1487002542 50572
1487007823 50574
1487061457 50619
1487063066 50589
1487063708 50590
1487063721 50690
1487071455 50691
1487103683 50690
1487147961 50694
1487151301 50858
1487151518 50876
1487151731 50864
1487159687 50876
1487175099 50886
1487177842 50917
1487327177 50928
1487337908 50945
1487340476 51541
1487375011 50954
1487435071 50954
1487666854 50959
1487667128 50955
1487668244 50964
1487676752 50973
1487686749 50982
1487692323 50982
1487693104 51544
1487749778 51544
1487750731 51544
1487752012 51544
1487758645 51775
1487766493 52058
1487766516 52061
1487766557 52063
1487766711 52064
1487769299 52065
1487779476 52066
1487837416 52057
1487837437 52057
1487941293 52061
1487947331 52062
1487948186 52062
1488191655 52085
1488197533 52102
1488201303 52112
1488201737 52131
1488209263 52211
1488291549 52462
1488356558 52462
1488356656 52462
1488383914 52462
1488383937 52461
1488384284 52460
1488384408 52466
1488386824 52466
1488387633 52466
1488464626 52467
1488466448 52442
1488467777 52450
1488475108 52453
1488475651 52455
1488548090 52522
1488549803 52601
1488550367 52604
1488550781 52601
1488551900 52602
1488554758 52603
1488555375 52599
1488788512 52599
1488789314 52599
1488790792 52601
1488792211 52601
1488793941 52605
1488794357 52605
1488795695 52605
1488796197 52605
1488802603 52605
1488833482 52639
1488834453 52719
1488878279 52719
1488886447 52722
1488987620 52783
1489171132 52783
1489173303 52787
1489173445 52860
1489173900 52861
1489400522 52863
1489402858 52922
1489419621 52933
1489433238 52934
1489433717 52934
1489436970 53030
1489437086 53030
1489568649 53031
1489568843 53076
1489568900 53082
1489571137 53092
1489578280 53092
1489581499 53090
1489688265 53156
1489753300 53140
1489766559 53153
1489996765 53153
1490003612 53150
1490102559 53150
1490178832 53153
1490201136 53156
1490201602 53152
1490204407 53151
1490213991 53161
1490299881 53161
1490300212 53161
1490597007 53164
1490812259 53195
1490814726 53219
1490814831 53211
1490911595 53250
1491212215 53227
1491212930 53228
1491298273 53249
1491311955 53247
1491378790 53304
1491380779 53304
1491421047 53287
1491469309 53288
1491553999 53291
1491560137 53292
1491561414 53292
1491588733 53296
1491598596 53411
1491688033 53414
1491765658 53412
1491765920 53416
1491766801 53644
1491917119 53649
1491919585 53650
1491922062 53655
1491922262 53769
1491924304 53883
1492695537 53886
1492714945 53893
1492716770 53902
1492721225 53930
1492721407 53921
1492721561 53941
1492721657 53938
1492755526 53941
1492869775 53944
1492895328 53944
1493044063 53988
1493064105 54018
1493105905 54022
1493106194 54027
1493111282 54103
1493129759 54103
1493130186 54108
1493240184 54108
1493397004 54108
1493404030 54115
1493481003 54116
1493481132 54124
1493481250 54153
1493481996 54153
1493655477 54154
1493838567 54146
1494500403 54188
1494935393 54188
1494935969 54231
1494938060 54257
1494938067 54257
1494938095 54258
1494941333 54258
1494942344 54258
1494943791 54261
1494963238 54305
1495358245 54305
1495880615 54305
1495885975 54339
1495886984 54339
1495888925 54406
1495888974 54405
1496423457 54403
1496571479 54407
1496760194 54407
1496760406 54407
1497218798 54407
1497370859 54407
1497519811 54414
1497524906 54437
1497986078 54489
1498070098 54442
1498150517 54464
1498152437 54489
1498161618 54489
1498235477 54471
1498505423 54679
1498558908 54528
1498560535 54612
1498572207 54632
1498663374 54632
1498664686 54612
1499155836 54636
1499175956 54639
1499262878 54636
1499675290 54680
1499708587 54680
1500450608 54672
1500822824 54673
1501310752 54673
1501490862 54677
1501496893 54679
1501600866 54679
1501601633 54703
1501623935 54704
1501728459 54705
1501974780 55205
1501976283 55206
1502226250 54724
1502226279 54719
1502285320 54828
1502376197 54829
1502376338 54839
1502381413 54997
1502393887 54990
1502402480 55092
1502456180 55209
1502477755 55112
1502485389 55112
1502634351 55115
1502802731 55153
1502822050 55153
1502822366 55169
1502822506 55169
1502952312 55215
1502963333 55221
1503432397 55221
1503604746 55281
1503657209 55206
1503753267 55248
1503754458 55250
1503769983 55249
1503827035 55250
1503913240 55246
1504543412 55251
1507723266 55266
1507880630 57488
1507920260 55253
1507963004 55254
1507971554 57637
1508085040 55266
1508136951 55269
1508260760 57637
1508789937 55269
1508864687 55269
1509004124 55409
1509010638 55269
1509373548 55391
1509454548 55409
1509710738 56934
1509714309 56934
1509714922 56934
1509715106 56940
1509715919 56940
1509728171 55170
1509732595 55164
1509744889 55162
1509819588 55162
1509869722 57593
1509872757 57606
1509882364 55165
1509883860 55165
1509899648 55137
1509920831 57597
1510053903 55165
1510054021 55165
1510054909 55165
1510070109 55129
1510077670 55217
1510080537 55218
1510080655 55218
1510088392 55255
1510126308 55218
1510222157 55218
1510267849 64876
1510334082 56007
1510335478 56001
1510336125 56031
1510339963 56033
1510340199 56023
1510346603 56031
1510564026 56097
1510567586 56125
1510571025 56121
1510571359 56121
1510572422 56123
1510573264 56126
1510573753 56126
1510574275 56131
1510574939 56131
1510583731 56342
1510584393 56514
1510587532 56519
1510589007 56520
1510593580 56448
1510604632 56464
1510671851 56499
1510675971 56553
1510678587 56603
1510688578 56667
1510689876 56691
1510692148 56691
1510693491 56674
1510731475 57637
1510732101 57633
1510732123 57633
1510732399 57674
1510761539 57638
1510768277 57637
1510773701 57638
1510915779 57641
1510943614 57658
1510943910 57681
1510944852 57687
1510944947 57691
1510961524 57673
1511099238 57673
1511099692 57687
1511100072 57690
1511100291 57683
1511256416 57692
1511256666 57711
1511259007 57712
1511262488 57709
1511266144 57709
1511269942 57708
1511274210 57727
1511286989 57722
1511296780 57695
1511363495 57696
1511455966 57687
1511456323 57685
1511464466 57669
1511464869 57672
1511513177 57686
1511519814 57685
1511549178 57748
1511550946 57773
1511625509 58639
1511631498 57741
1511727052 57748
1511765636 58638
1511810507 58736
1511810925 58736
1511812166 58737
1511818484 58731
1511857466 58745
1511900974 58731
1511902026 58748
1511972073 58751
1511974860 58750
1511975990 58750
1511986958 72568
1512046074 58748
1512055043 60391
1512220631 58745
1512222388 58928
1512232322 58734
1512237719 58738
1512302632 58902
1512302781 58900
1512306898 58896
1512307142 58931
1512490733 58956
1512496095 58961
1512515968 58954
1512516381 58948
1512570617 58948
1512571033 59084
1512571726 59088
1512593234 60115
1512604939 60116
1512662845 60386
1512670228 60393
1512748656 60394
1512750616 60393
1512765347 60393
1512766062 60393
1512847067 60391
1512848909 60391
1512851379 60391
1512993961 60392
1513099244 60395
1513686397 62359
1514227131 60395
1514888315 60396
1515239774 60399
1515410009 60778
1515424544 60790
1515588248 60799
1515588784 62099
1515589280 62099
1515701195 62100
1515701632 62107
1515751786 62359
1515754188 62362
1515756052 62367
1515756494 62382
1515768236 62549
1515945876 62551
1515949581 62649
1515950051 62656
1516021188 62649
1516215735 62684
1516230087 62672
1516275340 62653
1516289299 62685
1516299608 62684
1516633708 62696
1516693449 62697
1516792203 62708
1516977931 62708
1516979167 62745
1516981532 62747
1516982387 63091
1516985548 62826
1516994839 62861
1517004294 63026
1517162316 62864
1517266603 63131
1517490443 63019
1517501652 63031
1517513358 63048
1517678193 63091
1517821458 63097
1518091742 63130
1518091812 63142
1518098349 63199
1518098456 63198
1518128312 63425
1518132679 63322
1518169814 63720
1518191284 63201
1518191375 63206
1518191405 63210
1518191650 63215
1518192627 63279
1518203395 63429
1518267093 63437
1518291728 63437
1518297392 63437
1518363072 63455
1518369028 63466
1518578635 63469
1518703142 63468
1518703939 63510
1518704183 63511
1518707004 63508
1518721129 63585
1518815439 63583
1518896510 63626
1519386012 63629
1519394167 63598
1519590158 63609
1519830145 63616
1519831046 63615
1519851901 63611
1520004138 63614
1520169923 63644
1520258965 63644
1520259072 63672
1520347102 63672
1520355517 63668
1520357598 63719
1520413715 63720
1520413984 63773
1520416038 63769
1520416866 63848
1520545218 64919
1520586055 63848
1520588276 63850
1520766268 63860
1521145413 63992
1521488167 63992
1521629057 63862
1521728330 63992
1522003470 64876
1522586215 64873
1522602899 64883
1522615839 64883
1522790894 65116
1523007580 65214
1523009482 65437
1523019548 65404
1523094144 65397
1523095529 65383
1523328104 65463
1524056350 65463
1524142935 65473
1524168151 65399
1524168205 65399
1524415614 65473
1524582353 65471
1524646778 65688
1524983010 65473
1525032881 65672
1525082350 65676
1525094159 65673
1525122386 65676
1525175544 65945
1525238730 65933
1525509595 65718
1525511256 65705
1525726357 65749
1525806775 65750
1525889787 65800
1525898944 65806
1525956580 65804
1526139985 65925
1526150233 65929
1526319990 65932
1526324587 65935
1526910160 66825
1527437560 65940
1527733979 65991
1527805274 65940
1528124001 65945
1528136913 65944
1528319766 66266
1528706890 66216
1528749854 66146
1528807353 66152
1528807408 66179
1528808970 66188
1528814226 66191
1528822239 67726
1529069747 66174
1529094304 67055
1529094878 67047
1529095192 67018
1529385249 66340
1529385286 66351
1529616857 66337
1529759022 66352
1529773419 66375
1529773462 66374
1529827874 66397
1529948288 66397
1529949869 66643
1529950761 66646
1529950977 66649
1529954321 66649
1530030630 67018
1530131675 67082
1530171763 66643
1530176005 66569
1530218142 66571
1530261167 66576
1530354706 66576
1530454872 66576
1530470901 66578
1530471247 66592
1530474439 66595
1530521839 66550
1530522787 66575
1530602734 66577
1530804480 66576
1531049740 66626
1531051124 66631
1531131284 66631
1531183774 66634
1531506420 66657
1531594262 66656
1531669137 66838
1532261181 66838
1532275302 66843
1532293054 66852
1532333535 66953
1532333752 66953
1532344761 66958
1532346164 66954
1532346569 66960
1532346914 66960
1532371596 66962
1533597659 66971
1534240195 71134
1534622785 67086
1534713756 70766
1535021345 70768
1535034763 70819
1535442287 70888
1535443970 70820
1535446085 70923
1535453807 70924
1535465464 70924
1535465661 70923
1535465857 70924
1535539003 70923
1535542764 70921
1535708455 70928
1535708791 70928
1535723817 70928
1535743655 70967
1535806911 71060
1535815686 71108
1535831509 71119
1535834069 71130
1535895513 71142
1535907281 71142
1535961827 71150
1535962549 71156
1535962858 71156
1535984866 71333
1535989968 71229
1535992880 71367
1536055155 71959
1536073286 72105
1536134514 71996
1536423818 71996
1536485837 71995
1536502609 72020
1536523706 72050
1537174304 73119
1537445615 72242
1537553096 72242
1537555698 72269
1537556594 72308
1537640479 72308
1537994885 72315
1538141400 72602
1538142771 72714
1538554936 72714
1539074604 72783
1539135754 72715
1539434638 72780
1539437415 72790
1539451793 72791
1539458999 72850
1539530312 72793
1539803140 72856
1539818376 72950
1539945966 72868
1540216729 72868
1540216741 72935
1540572508 72968
1540581256 73198
1541286036 73223
1541359909 72077
1541413794 73223
1541444473 73221
1541444485 73227
1541444853 73227
1542399859 73947
1542446506 73947
1542447397 73947
1542448889 73998
1542449355 74004
1542462094 74005
1542484338 74065
1542485636 74080
1542638080 74180
1542831663 74364
1543078880 74387
1543253943 74661
1543261274 74383
1543261660 74350
1543261838 74659
1543263111 74662
1543325362 74661
1544438366 75348
1545096463 75359
1545160779 75354
1546126334 75359
1546209860 75379
1546291909 75435
1546348356 75557
1546506843 75435
1546779799 75434
1546850451 75435
1546881595 75439
1546881988 75434
1546883733 75434
1547046382 75437
1547128039 75434
1547392656 75434
1547392997 75434
1547394863 79342
1547402472 75435
1547418148 75432
1547466378 75433
1547476269 79667
1547822194 75476
1547822289 75447
1547826400 75529
1547899566 75551
1547900993 75557
1547935405 75557
1548152624 75560
1548252423 75567
1548379361 75581
1548448152 75568
1548450340 75133
1548453019 75568
1548523937 75579
1548543791 75577
1548601442 74360
1548941070 75078
1548945408 75134
1548968621 75515
1548970375 75505
1549033890 77603
1549035395 78112
1549106456 75706
1549208544 76988
1549244501 78170
1549280356 75521
1549307088 75516
1549618883 75521
1549653046 75521
1549974303 75594
1549996356 75543
1549997892 75566
1550005020 75594
1550092001 75566
1550341698 75594
1550435082 75566
1550436742 75594
1550482421 75594
1550610554 75699
1550654086 75701
1550938588 76991
1550949766 77339
1550950650 77384
1550952376 77425
1551181570 77481
1551557928 77501
1551558161 77570
1551615008 77573
1551905597 77573
1551967673 79226
1551967677 79226
1551967679 79230
1551970793 79230
1551970879 79232
1551988082 78170
1551991497 78441
1552036433 78444
1552036515 78444
1552036667 78444
1552149222 78441
1552149308 78441
1552426547 78444
1552918472 78447
1553091747 78447
1553438662 78653
1553629175 79126
1553852936 78688
1554034270 79083
1554147237 79126
1554457153 79214
1554722441 79126
1554723044 79202
1554759028 79204
1554803459 79205
1554881460 79204
1554920142 79295
1554980694 79295
1555163234 79323
1555256366 79328
1555451362 79331
1555525404 80874
1555579593 79461
1555580133 79331
1555587962 79342
1555589424 79342
1555597110 79368
1555689261 79325
1555882192 79645
1555967759 79675
1556077349 79676
1556118253 80952
1556274405 79990
1556274619 80359
1556294804 80360
1556299492 80362
1556387405 80362
1556387486 80362
1556387558 80362
1556730764 80442
1556898363 80583
1557008633 86195
1557320673 80583
1557836079 86200
1557944065 80586
1558198446 80593
1558209208 80620
1558379585 80610
1558393015 80610
1558393459 80609
1558393539 80595
1558612293 80595
1558613962 80599
1558632558 82789
1558811758 82793
1558812037 82780
1558898395 82778
1558903620 83169
1558970656 86005
1558970748 86017
1558982365 86047
1558982481 86194
1559877034 87681
1559883707 85899
1559926608 85900
1560517159 85932
1560536172 85881
1560583380 85883
1560590064 85928
1560595836 85933
1560674572 87698
1560679951 95136
1560690556 95138
1560694367 95148
1560706026 95107
1560765520 87699
1560765619 87706
1560775390 95069
1560791296 87709
1560793267 87680
1560899311 87680
1561151708 95130
1561207174 95145
1561210271 95236
1561210297 95084
1561211244 95180
1561227074 95212
1561227963 95206
1561879021 87697
1561997257 87788
1562090478 95206
1562092930 87814
1562093017 87813
1562346516 87819
1562424910 87813
1563022076 87860
1563112157 87864
1563443507 87870
1563452944 88148
1563459732 88160
1563460403 87871
1563537368 87873
1563552981 87870
1563649616 87873
1563738430 88167
1563738839 88172
1563738932 88176
1563740038 88180
1563741804 88182
1563744929 88189
1563790409 87873
1563792993 87958
1563794135 87961
1563795093 88194
1563795682 88196
1563796148 88198
1563796921 88202
1563797318 88203
1563798025 88207
1563798596 88209
1564169735 87962
1564170058 87963
1564245702 87972
1564396969 87976
1564425512 87976
1564434442 87979
1564478785 87991
1564579688 87991
1564607554 88000
1564736252 88046
1564744642 88054
1564821897 88231
1564823285 88230
1564856206 88234
1564919425 88243
1565025145 88252
1565117479 88421
1565161958 88422
1565162627 88422
1565202927 88431
1565210341 95068
1565265924 88678
1565340653 88760
1565341021 88764
1565341703 88706
1565342465 88708
1565382444 88708
1565441498 88708
1565463075 88712
1566035322 88759
1566682936 91149
1567093676 94534
1567761288 88719
1567762675 88713
1567764767 88719
1567766502 88768
1567768124 88799
1567769091 88799
1567769131 88799
1567769938 88789
1567787397 88789
1567787819 88790
1567788657 88899
1567848660 89000
1567859919 88915
1567880002 88911
1567880556 88909
1567881372 88912
1567881794 88915
1567937864 88925
1567944438 88925
1567945523 88925
1567946980 88881
1567957496 88881
1567959649 88881
1567969293 88869
1567969463 88902
1567969717 88900
1568021445 89092
1569014899 89050
1569020453 89051
1569142088 89088
1570051066 89088
1570180926 89023
1570188194 89023
1570190434 89024
1570274594 89000
1570301891 89005
1570358506 89008
1570362590 89196
1570391274 89738
1570472677 89763
1570561655 89785
1570623410 89803
1570625484 90036
1570960610 90436
1570966582 90436
1570991827 90608
1570992576 90605
1570994811 90605
1570995108 90635
1571003058 90965
1571303737 90988
1571304077 90988
1571325311 90985
1571332959 90989
1571391480 91003
1571394617 91033
1571417277 91037
1571493046 91097
1571567421 91138
1571577290 91148
1571593399 91158
1571597759 91158
1571597875 91158
1571598146 91285
1571672651 91200
1571675465 91286
1571693832 91287
1571695756 91287
1571935285 91300
1572116858 91216
1572164235 92611
1572210430 95066
1572264803 95077
1572271614 95079
1572272094 95090
1572272899 95174
1572388295 95170
1572388701 95057
1572454898 95161
1572457874 95153
1572535842 94434
1572641558 100921
1572817853 95070
1572822332 100923
1572860554 94389
1572871539 94432
1572872026 94428
1572878250 94420
1572899757 94421
1572992927 101095
1573037990 94421
1573126747 94530
1573127116 94420
1573138713 94413
1573511410 94416
1573815356 101200
1573922309 101218
1573937612 94540
1574137358 101233
1574936633 94525
1575112636 94525
1575113017 94525
1575113530 94525
1575131432 94525
1575132077 94525
1575132101 94750
1575143134 94536
1575232147 94536
1575285790 94534
1575558020 94534
1575559497 94534
1575628572 94534
1575628853 94534
1575629611 94534
1575801107 94515
1575816904 94237
1575835075 94260
1575882266 94264
1576390564 101247
1576438419 94263
1576438595 94261
1576441073 94260
1576532036 94244
1576660472 101251
1576660750 101251
1576677069 101262
1576686304 94251
1576686499 94224
1576686641 94229
1576686670 94229
1576688577 94235
1576688671 94230
1576696474 94230
1577132552 101251
1577555844 101265
1579026996 94240
1579444238 94252
1579444654 94240
1579446110 94266
1579548059 94257
1579559044 94256
1579574468 102499
1579614367 94265
1579615387 94267
1579616064 94257
1579637082 102494
1579939585 94202
1579939903 94202
1579942333 94203
1579947820 94202
1579957649 94206
1579962776 94206
1579974539 94219
1579981157 94205
1580136207 102581
1580240912 94220
1580478243 94216
1580536456 102494
1580584674 102607
1580586942 102679
1580589780 94208
1580637828 94208
1580649500 94210
1580651006 94209
1580652259 98629
1580661121 98636
1580681697 98629
1580717243 98636
1580718822 102590
1580720717 102589
1580738879 98629
1580749695 100910
1580758176 98634
1580759324 98621
1580761493 98621
1580838071 102680
1580998524 100925
1581063866 100924
1581063934 100932
1581068838 100934
1581070979 100944
1581077784 102679
1581078031 102680
1581342755 103314
1581523035 100921
1581600138 101095
1581602463 101208
1581604246 101218
1581609453 101265
1581672750 101308
1581795777 102962
1581797936 103313
1581798691 102964
1581848350 102484
1581862290 102501
1582017628 102964
1582029813 102965
1582030114 102826
1582065076 102760
1582135191 102760
1582138545 102775
1582140182 102775
1582142137 102773
1582202344 102784
1582203444 102781
1582302558 102785
1582308205 102788
1582316037 102802
1582316145 102878
1582317204 102802
1582380198 102889
1582399437 102896
1582408283 102914
1582543292 103290
1582623641 102930
1582630780 102945
1582727554 103286
1583074108 103111
1583089158 103111
1583093717 103111
1583155543 103594
1583415640 103594
1583672660 102945
1583748787 104250
1583784435 102937
1583784552 102942
1583835913 103288
1584446044 103288
1584456185 103288
1584484489 102905
1584525095 102925
1584543431 104253
1584561565 103311
1584617554 103315
1584617790 103319
1584617871 103347
1584621082 103384
1584621165 103378
1584622219 103384
1584930250 103384
1584983438 103383
1585303029 104251
1585389974 104246
1585396099 104246
1585396908 104238
1585405032 104246
1585429277 104319
1585468391 103383
1585468456 103386
1585474409 104333
1585486649 104336
1585492918 104279
1585557261 104223
1585674730 103400
1585830121 103400
1586030003 104278
1586103129 104227
1586160556 104206
1586476353 103413
1586477825 103552
1586553913 103611
1586709882 103509
1586781267 88502
1586790636 103617
1586875087 103617
1586960394 103625
1587044214 104023
1587150978 103759
1587217313 104187
1587459608 104121
1587479595 104146
1587490032 104187
1587490238 104197
1587753772 103230
1587754709 103234
1587755346 103231
1587755584 103230
1587816470 103215
1587831197 103215
1587831525 103215
1587900737 103215
1587911143 103274
1587921876 103281
1587929635 103280
1588159126 88271
1588161773 103294
1588167400 103289
1588357600 103613
1588491259 86192
1588492199 86192
1588492458 86191
1588492726 86118
1588524878 86121
1588525281 86123
1588526518 86118
1588527274 86118
1588705636 86360
1588761566 86360
1588769875 86518
1588781871 86521
1588790955 86521
1588792868 86521
1588792990 86491
1588861445 86466
1588879843 86466
1589041389 87686
1589045627 86463
1589050585 86463
1589050932 86463
1589051262 86463
1589051683 86456
1589086459 86456
1589086622 86452
1589088131 86460
1589088760 86461
1589098141 86461
1589098848 86530
1589121324 86526
1589121867 86551
1589127893 86549
1589128874 86545
1589131182 86572
1589133749 86572
1589137199 86579
1589147825 86565
1589148048 86546
1589207695 86546
1589220310 86547
1589220958 86587
1589254689 87686
1589284318 86551
1589284636 86598
1589290839 86551
1589293331 86553
1589368537 86601
1589460528 86631
1589460753 86615
1589461042 86668
1589532860 86668
1589535012 87693
1589569219 87698
1589804990 87696
1589828121 86666
1589830301 86672
1589830328 86669
1589890667 86666
1589891154 86661
1589895632 86678
1589896930 86673
1589901611 86670
1589902164 86672
1589902629 86671
1589904125 86671
1589904745 86663
1589912416 86661
1589915793 86679
1589916215 86679
1590089959 86669
1590356462 87577
1590392724 87593
1590414297 86695
1590675235 87696
1590841820 87586
1590846217 86695
1590957041 87668
1590957277 87677
1591031063 87953
1591031201 87953
1591264393 87964
1591912736 88366
1592039479 87983
1592055685 88071
1592069177 88077
1592164088 88246
1592496141 88246
1592498418 88296
1592577128 88353
1592929848 88356
1593617783 88405
1593877530 89899
1593885987 88405
1593986640 88412
1594058540 88483
1594060388 88497
1594114611 88497
1594224024 87686
1594378651 87686
1594495868 88497
1594541857 89896
1594563626 89942
1594564075 89948
1594577168 89942
1594578518 89956
1594892738 89961
1595622806 88380
1595622839 88401
1595622973 88412
1595791333 90130
1595791889 90130
1595792029 90134
1595827941 90154
1595832395 90160
1595832589 90160
1595872434 90168
1595873324 90169
1595921097 90160
1596019851 90158
1596025819 90164
1596027295 90163
1596027491 90160
1596032981 90150
1596050579 90149
1596050978 90151
1596091567 90157
1596176684 90786
1596301758 90168
1596306746 90196
1596387056 90175
1596387117 90177
1596423799 90789
1596484268 90789
1596890454 90199
1596903507 90312
1597131265 90313
1597151017 90313
1597153563 90313
1597153851 90313
1597165634 90313
1597320019 90311
1597320420 90310
1597321902 90309
1597322467 90308
1597322507 90306
1597739687 90830
1597743358 90328
1597749090 90339
1597751077 90337
1597751278 90337
1597752217 90338
1597851862 90338
1597957146 90343
1597958166 90358
1598130983 90369
1598199370 90399
1598210366 90421
1598215436 90454
1598256184 90830
1598256947 90463
1598261233 90466
1598302379 90525
1598723717 90525
1598726912 89746
1598791299 89339
1598795025 90767
1598919596 111489
1599215236 90786
1599390643 90768
1599400921 90777
1599408028 90784
1599474895 90842
1599501664 90842
1599571853 90838
1599573188 111265
1599825910 111489
1599901950 111612
1600361143 111489
1600618173 111503
1600877609 111620
1600890849 111439
1600974885 111620
1601060232 111489
1601544194 111622
1601673769 111620
1601975273 111670
1601980480 111322
1602154267 111690
1602163590 111735
1602170105 111731
1602295092 112081
1602317974 111730
1602335604 111730
1603123020 112082
1603177882 112094
1603185840 112082
1603190791 111775
1603199388 111810
1603303199 111819
1603369247 111931
1603376254 111826
1603470990 111968
1603478029 111936
1603478442 111986
1603478825 111995
1603479049 111995
1603486929 111936
1603486964 111936
1603652271 111998
1603980266 112112
1604068301 112010
1604128474 112067
1604131738 112073
1604167137 112114
1604168663 112116
1604170405 112112
1604239877 112078
1604239978 112078
1604324503 112106
1604673386 112145
1604682087 112112
1604767910 112217
1604776613 112217
1604779177 112234
1605003003 112269
1605018135 112269
1605018324 112266
1605018352 112266
1605124768 112267
1605126316 112268
1605127162 112268
1605127187 112267
1605364609 112266
1605604596 118386
1605643295 112264
1605643331 112261
1606337850 112260
1606380203 112259
1606380232 112262
1606382472 112262
1606398327 112266
1606410381 112265
1606412102 112266
1606412120 112265
1606412611 114749
1606470187 114807
1606471706 114804
1606496917 114825
1606507834 114789
1606570474 114849
1606587261 114848
1606589585 114849
1606594380 114848
1606595807 114848
1606602005 114859
1606688337 114837
1606767505 114837
1606845567 114837
1607114239 114843
1607119054 114846
1607383434 115359
1607711054 114846
1607870472 114846
1608022699 114848
1608197285 118387
1608210168 118402
1608294197 114851
1608420979 119128
1609020591 116203
1609150864 116231
1609159315 116234
1609160419 116235
1609200035 119567
1609241847 116280
1609250531 118402
1609428256 116280
1611173538 118433
1611265849 118434
1611435500 118436
1611734835 118286
1611773741 118280
1612217069 118283
1613226590 118299
1613813341 118387
1613849851 118391
1613852419 118402
1613858938 118402
1613902742 118397
1614204836 118417
1614264854 118419
1615211022 123092
1615211879 123186
1615540976 118419
1615973565 118469
1616498433 118456
1616500927 118469
1616500940 118469
1616697059 118468
1616698967 118316
1616720685 118926
1616789454 118316
1616864062 118525
1617085538 118436
1617821030 118316
1618170740 118418
1618303619 118525
1618383096 118319
1618600798 118321
1619784150 118397
1620574590 118430
1620575126 118383
1620596585 118544
1620596700 118554
1620675767 118729
1620676180 118714
1620848594 118770
1620854582 118770
1620855068 118770
1620890066 118726
1621000782 118726
1621000815 118721
1621028759 118721
1621029729 118721
1621072022 118718
1621072922 118705
1621249745 118705
1621288966 118917
1621414853 118921
1621719718 120310
1621797001 118935
1622152801 118932
1622227745 119083
1622236070 119083
1622236233 119083
1622236747 118932
1622238195 118932
1622280282 118932
1622288973 118932
1622289143 118932
1622290000 118933
1622290310 118933
1622299071 118942
1622306287 118953
1622316918 118958
1622372707 118987
1622374994 118987
1622376891 118986
1622382875 118986
1622384903 118988
1622397722 119043
1622411155 119045
1623071866 119102
1623072173 119088
1623080679 119084
1623088414 120526
1623264538 119513
1623267455 119125
1623268909 119125
1623269340 119119
1623276160 119126
1623966685 119130
1623967224 119129
1624052168 119130
1624129026 119135
1624137260 119135
1624137311 119135
1624175630 119134
1624199157 119086
1624785617 119098
1626032765 120992
1627329664 119562
1627415120 119562
1627508243 119567
1627508307 119567
1627593588 119589
1627760771 119613
1627990863 119597
1627998413 119607
1628001329 119600
1628202862 119605
1628341625 119470
1628346322 119512
1628347767 119515
1628366177 119528
1628435317 119528
1628547258 119523
1628547365 119517
1628548436 119525
1628548703 119525
1628634398 119528
1628715456 119525
1628806282 119547
1628856990 119574
1629078212 119525
1629123632 119586
1629126060 119582
1629392783 119599
1629393372 119617
1629401381 119617
1629402257 119609
1629497191 119624
1629572400 119626
1629574335 119624
1630001965 119625
1630004178 119632
1630012407 119632
1630104474 119635
1630573487 119635
1630961980 119461
1630964066 119623
1631042244 119457
1631044857 119468
1631052016 119466
1631052091 119464
1631053417 119464
1631053476 119472
1631088487 119472
1631089347 119472
1631178274 119473
1631298740 119475
1631397647 119682
1631567348 119478
1631714615 119665
1631725076 119638
1631733448 119669
1631734150 119669
1631735167 119820
1632177025 119753
1632257631 119826
1632432539 120072
1632598623 119940
1632746739 119930
1632747164 120000
1632751807 120072
1632760231 120244
1632907454 120035
1632907598 120033
1632916482 120034
1632922443 120552
1633025456 120043
1633025879 120043
1633026458 120041
1633027224 120041
1633082537 120088
1633167919 120080
1633248550 120080
1633285172 120078
1633285390 120078
1633454542 120090
1633457502 120090
1633471246 120118
1633716144 120294
1633721523 120301
1633730550 120294
1633897394 120537
1633941869 120538
1634824041 120556
1634824327 120552
1635166014 120536
1635167435 120583
1635283567 121173
1635337567 121241
1635339105 121241
1635340252 120583
1635353876 121534
1635356986 121262
1635360569 121537
1635360889 121539
1635413194 121666
1635541464 121666
1635681525 121666
1635681701 121666
1635790477 121692
1635803477 121893
1635981770 121898
1636118662 121920
1636153052 122176
1636318017 121921
1636324304 122002
1636412289 121922
1636583521 122176
1636584779 122176
1636675377 122182
1636676026 122182
1636757511 122182
1636843989 122206
1636845140 122208
1636885349 122214
1636885473 122214
1636885650 122215
1636886406 122200
1636886439 122214
1636894340 182409
1636905931 185486
1636932507 122248
1636977848 122250
1637003112 122283
1637014158 122284
1637014735 122286
1637016746 122286
1637069789 122286
1637076166 122287
1637101409 122241
1637102513 122286
1637157672 122410
1637272845 122385
1637278306 122383
1637331830 122409
1637333552 122410
1637448032 122412
1637448064 122413
1637448117 122413
1637574186 122410
1637881801 122432
1637883493 122421
1638442108 122009
1638442130 121978
1638449356 121983
1638458711 121984
1639255723 121987
1639318730 122007
1639342440 122007
1639404923 122042
1639587064 175404
1639608035 121986
1639853963 122090
1639856923 122244
1639867955 122263
1640474831 122301
1640476372 122303
1640541287 122653
1640553020 122652
1640595888 123079
1640793480 123120
1640959973 122959
1641036091 123054
1641050371 175189
1641051928 175198
1641075691 175207
1641077402 175216
1641078572 175375
1641153752 175230
1641153983 175227
1641154762 175238
1641247875 175405
1641248199 176569
1641249039 176563
1641329300 176563
1641337461 176553
1641462806 176554
1641548055 176553
1641751274 176642
1642170297 176643
1642836186 176646
1643017222 178130
1643237260 176445
1643278903 176646
1643306268 176654
1643324452 176555
1643410527 176545
1643411023 176748
1643411089 176769
1643411264 176841
1643413203 176855
1643458254 176869
1643494360 176870
1643775112 176870
1643812618 177258
1643844841 176867
1644069301 176872
1644074087 176872
1644074466 176857
1644085926 176859
1644188711 176867
1644317020 178132
1644859331 176869
1645127067 176947
1645223807 177244
1645302423 177242
1645302473 177535
1645359460 177237
1645452780 177535
1645483695 177683
1645541231 177708
1645553738 177704
1645622196 177708
1645656405 177783
1646224927 178144
1646325889 177708
1646484648 177712
1646560940 177762
1646574330 177762
1646577436 177711
1646579311 177757
1646590853 178000
1646646146 177958
1646864017 178020
1647032870 178091
1647176698 178026
1647266682 178110
1647266695 178130
1647551696 178122
1647558849 178111
1647559272 178098
1647818574 178153
1647901208 178221
1648076967 178613
1648134222 178613
1648416941 178702
1648738001 179153
1648749848 179176
1648758638 179257
1649065259 179259
1649066042 179398
1649078610 179438
1649079505 179419
1649084807 179614
1649099224 179561
1649251037 179614
1649274771 179561
1649274989 179560
1649280813 179563
1649328046 179586
1649328305 179581
1649433719 179762
1649530513 179764
1649619808 179767
1649620230 179767
1649620552 179764
1649620992 179764
1649627617 179788
1649628019 179801
1649667525 179764
1649702274 179802
1649789941 179779
1649791363 179794
1649794924 179787
1649795232 179779
1649795316 179779
1649795507 179779
1649854505 179892
1649949361 179893
1650033606 179895
1650035665 179911
1650111176 179958
1650113020 180008
1650114041 180006
1650231040 180000
1650276861 179989
1650357133 180042
1650491167 180709
1650748489 180760
1650749667 180820
1650750092 180849
1650795946 180819
1650796396 180819
1650797424 180840
1650800060 180840
1650904600 180850
1650905930 180874
1650915185 180874
1650915359 180876
1650915588 180876
1650915790 180882
1651064275 180883
1651094911 180891
1651135983 180884
1651136813 180882
1651138852 180885
1651147561 180897
1651439437 180896
1651439724 180898
1651481102 180899
1651486409 180881
1651488706 180900
1651488775 180881
1651489066 180901
1651567785 180900
1651597469 180900
1651599895 180902
1652134042 180900
1652183536 180929
1652203010 180902
1652205636 181131
1652208773 181155
1652302590 181155
1652535459 181202
1652601267 181218
1652603707 181310
1652649307 181310
1652694971 181346
1652711646 181492
1652719141 181492
1652730652 181490
1652781252 181489
1652783734 181487
1652794634 181487
1652803035 181528
1652816957 181559
1652818361 181565
1652818416 181901
1653131049 181927
1653343054 181931
1653379637 181963
1653990554 181931
1654034222 181931
1654154164 181928
1654163655 181927
1654164929 181932
1654177881 181932
1654179072 181940
1654199451 181949
1654265834 181959
1654310151 181959
1654433494 181964
1654467191 181964
1654467655 181964
1654526182 181964
1654620406 181982
1654696797 181985
1655135656 181984
1655157103 181977
1655200579 182032
1655241839 181981
1655242920 181983
1655410591 181986
1655482986 182031
1655588869 182032
1655648699 182051
1655814072 182051
1655821190 182048
1655849462 182053
1655849633 182149
1655849666 182160
1656072775 182323
1656080768 182338
1656328222 182345
1657144982 182345
1657557092 182387
1657571295 182392
1657577156 182398
1657907361 182399
1657959547 182406
1658059204 185524
1658081924 185575
1658136484 185587
1658384458 185577
1658688910 185581
1658839167 185589
1659563089 185587
1660773753 185601
1660773955 185572
1660774447 185578
1660850548 185619
1662095368 185623
1662095484 185628
1662236530 185630
1662237085 185641
1662625296 185642
1662732039 185642
1662783499 185643
1663143937 185665
1663182762 185651
1663188538 185655
1663343760 185647
1663419532 185684
1663506218 185684
1663761251 185647
1664208470 185684
1664208569 185690
1664353817 185688
1664659710 186189
1664804197 186186
1664810618 186186
1664818684 186188
1664891349 186193
1664891750 186193
1665014031 182206
1665263541 186193
1665566270 186301
1665778492 186297
1665826162 186301
1665870035 186301
1665870111 186301
1665932423 186302
1666002954 186320
1666011765 186320
1666012380 186331
1666029478 186427
1666035932 186473
1666082650 186475
1666085622 186476
1666119438 186507
1666208518 186476
1666208557 186507
1666271186 187043
1666294264 187216
1666342016 187249
1666436431 187310
1666437026 187264
1666451048 187284
1666476557 187273
1666613835 187245
1666628800 187273
1666735489 187253
1666735500 187260
1666776370 187271
1666811029 181614
1666883428 181716
1666890680 181724
1666896180 181731
1666908998 181770
1666955069 181731
1666960791 181775
1666965711 181760
1666975018 181765
1667032829 181775
1667288903 181895
1667311303 182012
1667335126 181769
1667573192 181767
1667604165 182040
1667605329 182094
1667689892 182114
1667690271 182074
1667691350 182118
1667854058 182093
1667860484 182122
1668001675 182157
1668007963 182169
1668078179 182170
1668080599 182167
1668084356 182167
1668182062 182193
1668223346 182193
1668228644 182193
1668287295 182195
1668594060 182226
1668611189 182226
1668611205 182618
1668938805 182679
1668954552 182652
1669126983 182652
1669129876 182652
1669130238 182668
1669214897 182938
1669824344 182737
1670513515 182697
1670599107 182698
1670623818 182737
1670667696 182737
1670802047 182942
1670843742 182945
1671186942 182984
1671226352 182938
1671395613 182938
1671396160 182942
1672258793 182942
1672434988 182940
1672517874 182937
1672956161 182938
1673143412 182941
1673180905 182938
1673532107 184492
1673533270 184493
1673536976 184535
1673546162 184550
1673615266 184574
1673651010 184553
1673738677 184563
1673938869 184568
1673949889 187079
1674036540 184557
1674050502 184571
1674310464 184569
1674343984 186885
1674344132 186889
1674412991 187448
1674853977 187483
1674862540 187510
1674898873 187448
1674907224 187451
1674932246 187453
1674938451 187453
1674939694 187451
1675021504 187510
1675030737 187582
1675078544 187585
1675261487 187585
1675272461 187651
1675437129 188172
1675611638 188419
1675694072 188485
1675882299 188491
1676061177 188492
1676067941 188500
1676323010 188498
1676645721 188502
1676811783 188486
1676832314 188502
1676832340 188495
1676834616 188494
1676847214 188486
1676847387 188494
1676848374 188498
1676884957 188500
1676900916 188495
1676901761 188485
1677093060 188511
1677095952 188511
1677105091 188513
1677141438 188526
1677161526 188526
1677366872 188683
1677507155 188894
1677612501 188895
1677971467 188913
1678277669 188922
1678542360 188941
1678545210 188925
1678545289 188928
1678547646 188922
1678566431 188922
1678574422 188928
1678577958 188926
1678578085 188922
1678578331 188932
1678624027 188931
1678662228 188902
1678831259 188935
1678890903 188941
1678957443 188917
1678980606 188949
1679340898 188946
1679349403 188916
1679508723 188920
1679508752 188920
1679569180 188897
1679570804 188897
1679575264 188916
1679576565 188936
1680252269 189008
1680619719 189008
1681131809 189159
1681137123 189010
1681156790 189010
1681199024 189041
1681199416 189111
1681891964 189111
1681892925 189109
1682017008 189109
1682023641 189144
1682446467 189109
1682771399 189159
1682895103 189173
1683366505 189271
1683376289 189329
1683402339 189332
1683454162 189353
1683656583 189359
1683877859 189355
1683903815 189359
1683904401 189444
1684055854 189362
1684151099 189362
1684154004 189532
1684255279 189368
1684314525 189360
1684314657 189369
1684603500 189341
1684613028 189341
1684745143 189350
1685181652 189353
1685389311 189532
1685538743 189667
1685646056 189667
1686504980 189667
1686753056 189825
1686778301 189827
1686778810 189833
1686831579 189837
1688421984 189841
1689155383 189837
1689248250 190176
1689779083 190211
