1424878617 1 0 0 0 0 0 0 0 0 0 0 0 0 0 0 0 0 0 0 0
1424902734 2 0 0 0 0 0 0 0 0 0 0 0 0 0 0 0 0 0 0 0
1424957493 3 0 0 0 0 0 0 0 0 0 0 0 0 0 0 0 0 0 0 0
1424957637 4 0 0 0 0 0 0 0 0 0 0 0 0 0 0 0 0 0 0 0
1425122916 5 0 0 0 0 0 0 0 0 0 0 0 0 0 0 0 0 0 0 0
1425227074 6 0 0 0 0 0 0 0 0 0 0 0 0 0 0 0 0 0 0 0
1425255562 7 0 0 0 0 0 0 0 0 0 0 0 0 0 0 0 0 0 0 0
1425852191 8 0 0 0 0 0 0 0 0 0 0 0 0 0 0 0 0 0 0 0
1425852307 9 0 0 0 0 0 0 0 0 0 0 0 0 0 0 0 0 0 0 0
1425852415 10 0 0 0 0 0 0 0 0 0 0 0 0 0 0 0 0 0 0 0
1427296143 11 0 0 0 0 0 0 0 0 0 0 0 0 0 0 0 0 0 0 0
1429051532 12 0 0 0 0 0 0 0 0 0 0 0 0 0 0 0 0 0 0 0
1429053699 13 0 0 0 0 0 0 0 0 0 0 0 0 0 0 0 0 0 0 0
1436495816 14 0 0 0 0 0 0 0 0 0 0 0 0 0 0 0 0 0 0 0
1440806544 15 0 0 0 0 0 0 0 0 0 0 0 0 0 0 0 0 0 0 0
1440806803 16 0 0 0 0 0 0 0 0 0 0 0 0 0 0 0 0 0 0 0
1441982143 17 0 0 0 0 0 0 0 0 0 0 0 0 0 0 0 0 0 0 0
1444576117 18 0 0 0 0 0 0 0 0 0 0 0 0 0 0 0 0 0 0 0
1445130100 19 0 0 0 0 0 0 0 0 0 0 0 0 0 0 0 0 0 0 0
1445130759 20 0 0 0 0 0 0 0 0 0 0 0 0 0 0 0 0 0 0 0
1445727515 21 0 0 0 0 0 0 0 0 0 0 0 0 0 0 0 0 0 0 0
1445816166 22 0 0 0 0 0 0 0 0 0 0 0 0 0 0 0 0 0 0 0
1446468673 23 0 0 0 0 0 0 0 0 0 0 0 0 0 0 0 0 0 0 0
1446470099 24 0 0 0 0 0 0 0 0 0 0 0 0 0 0 0 0 0 0 0
1446691488 25 0 0 0 0 0 0 0 0 0 0 0 0 0 0 0 0 0 0 0
1446822851 26 0 0 0 0 0 0 0 0 0 0 0 0 0 0 0 0 0 0 0
1447124179 27 0 0 0 0 0 0 0 0 0 0 0 0 0 0 0 0 0 0 0
1447160681 28 0 0 0 0 0 0 0 0 0 0 0 0 0 0 0 0 0 0 0
1448849999 29 0 0 0 0 0 0 0 0 0 0 0 0 0 0 0 0 0 0 0
1448850224 30 0 0 0 0 0 0 0 0 0 0 0 0 0 0 0 0 0 0 0
1448857361 31 0 0 0 0 0 0 0 0 0 0 0 0 0 0 0 0 0 0 0
1448862108 32 0 0 0 0 0 0 0 0 0 0 0 0 0 0 0 0 0 0 0
1448887747 33 0 0 0 0 0 0 0 0 0 0 0 0 0 0 0 0 0 0 0
1449054403 34 0 0 0 0 0 0 0 0 0 0 0 0 0 0 0 0 0 0 0
1449062081 35 0 0 0 0 0 0 0 0 0 0 0 0 0 0 0 0 0 0 0
1449067586 36 0 0 0 0 0 0 0 0 0 0 0 0 0 0 0 0 0 0 0
1449498912 37 0 0 0 0 0 0 0 0 0 0 0 0 0 0 0 0 0 0 0
1449539057 38 0 0 0 0 0 0 0 0 0 0 0 0 0 0 0 0 0 0 0
1449540986 39 0 0 0 0 0 0 0 0 0 0 0 0 0 0 0 0 0 0 0
1449545904 40 0 0 0 0 0 0 0 0 0 0 0 0 0 0 0 0 0 0 0
1450047192 41 0 0 0 0 0 0 0 0 0 0 0 0 0 0 0 0 0 0 0
1450048192 42 0 0 0 0 0 0 0 0 0 0 0 0 0 0 0 0 0 0 0
1450048269 43 0 0 0 0 0 0 0 0 0 0 0 0 0 0 0 0 0 0 0
1450048327 44 0 0 0 0 0 0 0 0 0 0 0 0 0 0 0 0 0 0 0
1450049042 45 0 0 0 0 0 0 0 0 0 0 0 0 0 0 0 0 0 0 0
1450050530 46 0 0 0 0 0 0 0 0 0 0 0 0 0 0 0 0 0 0 0
1450052914 47 0 0 0 0 0 0 0 0 0 0 0 0 0 0 0 0 0 0 0
1450053537 48 0 0 0 0 0 0 0 0 0 0 0 0 0 0 0 0 0 0 0
1450053951 49 0 0 0 0 0 0 0 0 0 0 0 0 0 0 0 0 0 0 0
1450353453 50 0 0 0 0 0 0 0 0 0 0 0 0 0 0 0 0 0 0 0
1450391867 51 0 0 0 0 0 0 0 0 0 0 0 0 0 0 0 0 0 0 0
1450409893 52 0 0 0 0 0 0 0 0 0 0 0 0 0 0 0 0 0 0 0
1450411258 53 0 0 0 0 0 0 0 0 0 0 0 0 0 0 0 0 0 0 0
1450412380 54 0 0 0 0 0 0 0 0 0 0 0 0 0 0 0 0 0 0 0
1450841288 55 0 0 0 0 0 0 0 0 0 0 0 0 0 0 0 0 0 0 0
1450842467 56 0 0 0 0 0 0 0 0 0 0 0 0 0 0 0 0 0 0 0
1450877898 57 0 0 0 0 0 0 0 0 0 0 0 0 0 0 0 0 0 0 0
1451663523 58 0 0 0 0 0 0 0 0 0 0 0 0 0 0 0 0 0 0 0
1452492729 59 0 0 0 0 0 0 0 0 0 0 0 0 0 0 0 0 0 0 0
1452494011 60 0 0 0 0 0 0 0 0 0 0 0 0 0 0 0 0 0 0 0
1452643807 61 0 0 0 0 0 0 0 0 0 0 0 0 0 0 0 0 0 0 0
1453518658 62 0 0 0 0 0 0 0 0 0 0 0 0 0 0 0 0 0 0 0
1453519835 63 0 0 0 0 0 0 0 0 0 0 0 0 0 0 0 0 0 0 0
1453520983 64 0 0 0 0 0 0 0 0 0 0 0 0 0 0 0 0 0 0 0
1453597819 65 0 0 0 0 0 0 0 0 0 0 0 0 0 0 0 0 0 0 0
1453602558 66 0 0 0 0 0 0 0 0 0 0 0 0 0 0 0 0 0 0 0
1453642632 67 0 0 0 0 0 0 0 0 0 0 0 0 0 0 0 0 0 0 0
1453867307 68 0 0 0 0 0 0 0 0 0 0 0 0 0 0 0 0 0 0 0
1454687925 69 0 0 0 0 0 0 0 0 0 0 0 0 0 0 0 0 0 0 0
1454696630 70 0 0 0 0 0 0 0 0 0 0 0 0 0 0 0 0 0 0 0
1454697058 71 0 0 0 0 0 0 0 0 0 0 0 0 0 0 0 0 0 0 0
1454780992 72 0 0 0 0 0 0 0 0 0 0 0 0 0 0 0 0 0 0 0
1454781094 73 0 0 0 0 0 0 0 0 0 0 0 0 0 0 0 0 0 0 0
1454782295 74 0 0 0 0 0 0 0 0 0 0 0 0 0 0 0 0 0 0 0
1454782430 75 0 0 0 0 0 0 0 0 0 0 0 0 0 0 0 0 0 0 0
1454783537 76 0 0 0 0 0 0 0 0 0 0 0 0 0 0 0 0 0 0 0
1454783706 77 0 0 0 0 0 0 0 0 0 0 0 0 0 0 0 0 0 0 0
1454792896 78 0 0 0 0 0 0 0 0 0 0 0 0 0 0 0 0 0 0 0
1454794856 79 0 0 0 0 0 0 0 0 0 0 0 0 0 0 0 0 0 0 0
1454795711 80 0 0 0 0 0 0 0 0 0 0 0 0 0 0 0 0 0 0 0
1454796422 81 0 0 0 0 0 0 0 0 0 0 0 0 0 0 0 0 0 0 0
1454797194 82 0 0 0 0 0 0 0 0 0 0 0 0 0 0 0 0 0 0 0
1454797293 83 0 0 0 0 0 0 0 0 0 0 0 0 0 0 0 0 0 0 0
1454797624 84 0 0 0 0 0 0 0 0 0 0 0 0 0 0 0 0 0 0 0
1454799472 85 0 0 0 0 0 0 0 0 0 0 0 0 0 0 0 0 0 0 0
1454800656 86 0 0 0 0 0 0 0 0 0 0 0 0 0 0 0 0 0 0 0
1454806539 87 0 0 0 0 0 0 0 0 0 0 0 0 0 0 0 0 0 0 0
1455202471 88 0 0 0 0 0 0 0 0 0 0 0 0 0 0 0 0 0 0 0
1455202720 89 0 0 0 0 0 0 0 0 0 0 0 0 0 0 0 0 0 0 0
1455203377 90 0 0 0 0 0 0 0 0 0 0 0 0 0 0 0 0 0 0 0
1455206029 91 0 0 0 0 0 0 0 0 0 0 0 0 0 0 0 0 0 0 0
1455208363 92 0 0 0 0 0 0 0 0 0 0 0 0 0 0 0 0 0 0 0
1455209932 93 0 0 0 0 0 0 0 0 0 0 0 0 0 0 0 0 0 0 0
1455210256 94 0 0 0 0 0 0 0 0 0 0 0 0 0 0 0 0 0 0 0
1455210609 95 0 0 0 0 0 0 0 0 0 0 0 0 0 0 0 0 0 0 0
1455210983 96 0 0 0 0 0 0 0 0 0 0 0 0 0 0 0 0 0 0 0
1455211653 97 0 0 0 0 0 0 0 0 0 0 0 0 0 0 0 0 0 0 0
1455212505 98 0 0 0 0 0 0 0 0 0 0 0 0 0 0 0 0 0 0 0
1455213499 99 0 0 0 0 0 0 0 0 0 0 0 0 0 0 0 0 0 0 0
1455214600 100 0 0 0 0 0 0 0 0 0 0 0 0 0 0 0 0 0 0 0
1455214748 101 0 0 0 0 0 0 0 0 0 0 0 0 0 0 0 0 0 0 0
1455215242 102 0 0 0 0 0 0 0 0 0 0 0 0 0 0 0 0 0 0 0
1455215923 103 0 0 0 0 0 0 0 0 0 0 0 0 0 0 0 0 0 0 0
1455217251 104 0 0 0 0 0 0 0 0 0 0 0 0 0 0 0 0 0 0 0
1455218078 105 0 0 0 0 0 0 0 0 0 0 0 0 0 0 0 0 0 0 0
1455218244 106 0 0 0 0 0 0 0 0 0 0 0 0 0 0 0 0 0 0 0
1455218376 107 0 0 0 0 0 0 0 0 0 0 0 0 0 0 0 0 0 0 0
1455218444 108 0 0 0 0 0 0 0 0 0 0 0 0 0 0 0 0 0 0 0
1455218482 109 0 0 0 0 0 0 0 0 0 0 0 0 0 0 0 0 0 0 0
1455219879 110 0 0 0 0 0 0 0 0 0 0 0 0 0 0 0 0 0 0 0
1455220319 111 0 0 0 0 0 0 0 0 0 0 0 0 0 0 0 0 0 0 0
1455223751 112 0 0 0 0 0 0 0 0 0 0 0 0 0 0 0 0 0 0 0
1455223817 113 0 0 0 0 0 0 0 0 0 0 0 0 0 0 0 0 0 0 0
1455225358 114 0 0 0 0 0 0 0 0 0 0 0 0 0 0 0 0 0 0 0
1455225538 115 0 0 0 0 0 0 0 0 0 0 0 0 0 0 0 0 0 0 0
1455226550 116 0 0 0 0 0 0 0 0 0 0 0 0 0 0 0 0 0 0 0
1455227185 117 0 0 0 0 0 0 0 0 0 0 0 0 0 0 0 0 0 0 0
1455228857 118 0 0 0 0 0 0 0 0 0 0 0 0 0 0 0 0 0 0 0
1455229550 119 0 0 0 0 0 0 0 0 0 0 0 0 0 0 0 0 0 0 0
1455232111 120 0 0 0 0 0 0 0 0 0 0 0 0 0 0 0 0 0 0 0
1455232888 121 0 0 0 0 0 0 0 0 0 0 0 0 0 0 0 0 0 0 0
1455233936 122 0 0 0 0 0 0 0 0 0 0 0 0 0 0 0 0 0 0 0
1455237022 123 0 0 0 0 0 0 0 0 0 0 0 0 0 0 0 0 0 0 0
1455288994 124 0 0 0 0 0 0 0 0 0 0 0 0 0 0 0 0 0 0 0
1456345773 125 0 0 0 0 0 0 0 0 0 0 0 0 0 0 0 0 0 0 0
1456346837 126 0 0 0 0 0 0 0 0 0 0 0 0 0 0 0 0 0 0 0
1460561811 127 0 0 0 0 0 0 0 0 0 0 0 0 0 0 0 0 0 0 0
1460590586 128 0 0 0 0 0 0 0 0 0 0 0 0 0 0 0 0 0 0 0
1460599857 129 0 0 0 0 0 0 0 0 0 0 0 0 0 0 0 0 0 0 0
1460647965 130 0 0 0 0 0 0 0 0 0 0 0 0 0 0 0 0 0 0 0
1460682537 131 0 0 0 0 0 0 0 0 0 0 0 0 0 0 0 0 0 0 0
1461121994 132 0 0 0 0 0 0 0 0 0 0 0 0 0 0 0 0 0 0 0
1461162245 133 0 0 0 0 0 0 0 0 0 0 0 0 0 0 0 0 0 0 0
1461162324 134 0 0 0 0 0 0 0 0 0 0 0 0 0 0 0 0 0 0 0
1461804168 135 0 0 0 0 0 0 0 0 0 0 0 0 0 0 0 0 0 0 0
1461821356 136 0 0 0 0 0 0 0 0 0 0 0 0 0 0 0 0 0 0 0
1461863653 137 0 0 0 0 0 0 0 0 0 0 0 0 0 0 0 0 0 0 0
1461893265 138 0 0 0 0 0 0 0 0 0 0 0 0 0 0 0 0 0 0 0
1461894078 139 0 0 0 0 0 0 0 0 0 0 0 0 0 0 0 0 0 0 0
1461902673 140 0 0 0 0 0 0 0 0 0 0 0 0 0 0 0 0 0 0 0
1462256126 141 0 0 0 0 0 0 0 0 0 0 0 0 0 0 0 0 0 0 0
1462256414 142 0 0 0 0 0 0 0 0 0 0 0 0 0 0 0 0 0 0 0
1462258292 143 0 0 0 0 0 0 0 0 0 0 0 0 0 0 0 0 0 0 0
1463963606 144 0 0 0 0 0 0 0 0 0 0 0 0 0 0 0 0 0 0 0
1463966029 145 0 0 0 0 0 0 0 0 0 0 0 0 0 0 0 0 0 0 0
1465413101 145 0 0 0 0 0 0 0 0 0 0 0 0 0 0 0 0 0 0 0
1465476592 145 0 0 0 0 0 0 0 0 0 0 0 0 1 0 0 0 0 0 0
1465512730 145 0 0 0 0 0 0 0 0 0 0 0 0 1 0 0 0 0 0 0
1466295263 146 0 0 0 0 0 0 0 0 0 0 0 0 1 0 0 0 0 0 0
1466298934 147 0 0 0 0 0 0 0 0 0 0 0 0 1 0 0 0 0 0 0
1466299324 148 0 0 0 0 0 0 0 0 0 0 0 0 1 0 0 0 0 0 0
1466299556 149 0 0 0 0 0 0 0 0 0 0 0 0 1 0 0 0 0 0 0
1466385223 150 0 0 0 0 0 0 0 0 0 0 0 0 1 0 0 0 0 0 0
1466385490 151 0 0 0 0 0 0 0 0 0 0 0 0 1 0 0 0 0 0 0
1466611956 152 0 0 0 0 0 0 0 0 0 0 0 0 1 0 0 0 0 0 0
1466692139 153 0 0 0 0 0 0 0 0 0 0 0 0 1 0 0 0 0 0 0
1466717687 154 0 0 0 0 0 0 0 0 0 0 0 0 1 0 0 0 0 0 0
1467587136 155 0 0 0 0 0 0 0 0 0 0 0 0 1 0 0 0 0 0 0
1467589750 156 0 0 0 0 0 0 0 0 0 0 0 0 1 0 0 0 0 0 0
1468192663 157 0 0 0 0 0 0 0 0 0 0 0 0 1 0 0 0 0 0 0
1468240170 157 0 0 0 0 0 0 0 0 0 0 0 0 1 0 0 0 0 0 0
1468240320 157 0 0 0 0 0 0 0 0 0 0 0 0 1 0 0 0 0 0 0
1468242839 157 0 0 0 0 0 0 0 0 0 0 0 0 2 0 0 0 0 0 0
1468704349 158 0 0 0 0 0 0 0 0 0 0 0 0 2 0 0 0 0 0 0
1470263262 159 0 0 0 0 0 0 0 0 0 0 0 0 2 0 0 0 0 0 0
1470265403 160 0 0 0 0 0 0 0 0 0 0 0 0 2 0 0 0 0 0 0
1471215331 161 0 0 0 0 0 0 0 0 0 0 0 0 2 0 0 0 0 0 0
1471229908 162 0 0 0 0 0 0 0 0 0 0 0 0 2 0 0 0 0 0 0
1471408705 163 0 0 0 0 0 0 0 0 0 0 0 0 2 0 0 0 0 0 0
1471410164 164 0 0 0 0 0 0 0 0 0 0 0 0 2 0 0 0 0 0 0
1471411162 165 0 0 0 0 0 0 0 0 0 0 0 0 2 0 0 0 0 0 0
1471568917 166 0 0 0 0 0 0 0 0 0 0 0 0 2 0 0 0 0 0 0
1471569366 167 0 0 0 0 0 0 0 0 0 0 0 0 2 0 0 0 0 0 0
1472946762 168 0 0 0 0 0 0 0 0 0 0 0 0 2 0 0 0 0 0 0
1472948368 169 0 0 0 0 0 0 0 0 0 0 0 0 2 0 0 0 0 0 0
1472948809 170 0 0 0 0 0 0 0 0 0 0 0 0 2 0 0 0 0 0 0
1472950180 171 0 0 0 0 0 0 0 0 0 0 0 0 2 0 0 0 0 0 0
1473000663 172 0 0 0 0 0 0 0 0 0 0 0 0 2 0 0 0 0 0 0
1473033074 173 0 0 0 0 0 0 0 0 0 0 0 0 2 0 0 0 0 0 0
1473038969 174 0 0 0 0 0 0 0 0 0 0 0 0 2 0 0 0 0 0 0
1473078532 175 0 0 0 0 0 0 0 0 0 0 0 0 2 0 0 0 0 0 0
1473090673 176 0 0 0 0 0 0 0 0 0 0 0 0 2 0 0 0 0 0 0
1473091637 177 0 0 0 0 0 0 0 0 0 0 0 0 2 0 0 0 0 0 0
1473111407 178 0 0 0 0 0 0 0 0 0 0 0 0 2 0 0 0 0 0 0
1473112919 179 0 0 0 0 0 0 0 0 0 0 0 0 2 0 0 0 0 0 0
1473125407 180 0 0 0 0 0 0 0 0 0 0 0 0 2 0 0 0 0 0 0
1473126617 181 0 0 0 0 0 0 0 0 0 0 0 0 2 0 0 0 0 0 0
1473131881 182 0 0 0 0 0 0 0 0 0 0 0 0 2 0 0 0 0 0 0
1473553579 183 0 0 0 0 0 0 0 0 0 0 0 0 2 0 0 0 0 0 0
1474211147 184 0 0 0 0 0 0 0 0 0 0 0 0 2 0 0 0 0 0 0
1474721978 184 0 0 0 0 0 0 0 0 0 0 0 0 2 0 0 0 1 0 0
1474731149 184 0 0 0 0 0 0 0 0 0 0 0 0 2 0 0 0 2 0 0
1474761559 185 0 0 0 0 0 0 0 0 0 0 0 0 2 0 0 0 2 0 0
1475080375 186 0 0 0 0 0 0 0 0 0 0 0 0 2 0 0 0 2 0 0
1475152231 187 0 0 0 0 0 0 0 0 0 0 0 0 2 0 0 0 2 0 0
1475942715 187 0 0 0 1 0 0 0 0 0 0 0 0 2 0 0 0 2 0 0
1475942734 187 0 0 0 2 0 0 0 0 0 0 0 0 2 0 0 0 2 0 0
1475947058 187 0 0 0 3 0 0 0 0 0 0 0 0 2 0 0 0 2 0 0
1475947081 187 0 0 0 4 0 0 0 0 0 0 0 0 2 0 0 0 2 0 0
1475949681 187 0 0 0 5 0 0 0 0 0 0 0 0 2 0 0 0 2 0 0
1475949697 187 0 0 0 6 0 0 0 0 0 0 0 0 2 0 0 0 2 0 0
1475968376 188 0 0 0 6 0 0 0 0 0 0 0 0 2 0 0 0 2 0 0
1476699929 188 0 0 0 6 0 0 0 0 0 0 0 0 2 0 0 0 2 0 0
1476701438 189 0 0 0 6 0 0 0 0 0 0 0 0 2 0 0 0 2 0 0
1476702289 190 0 0 0 6 0 0 0 0 0 0 0 0 2 0 0 0 2 0 0
1476714591 191 0 0 0 6 0 0 0 0 0 0 0 0 2 0 0 0 2 0 0
1478120251 192 0 0 0 6 0 0 0 0 0 0 0 0 2 0 0 0 2 0 0
1479655266 193 0 0 0 6 0 0 0 0 0 0 0 0 2 0 0 0 2 0 0
1479828394 194 0 0 0 6 0 0 0 0 0 0 0 0 2 0 0 0 2 0 0
1479935503 195 0 0 0 6 0 0 0 0 0 0 0 0 2 0 0 0 2 0 0
1479939157 196 0 0 0 6 0 0 0 0 0 0 0 0 2 0 0 0 2 0 0
1479940195 197 0 0 0 6 0 0 0 0 0 0 0 0 2 0 0 0 2 0 0
1479940687 198 0 0 0 6 0 0 0 0 0 0 0 0 2 0 0 0 2 0 0
1479940973 199 0 0 0 6 0 0 0 0 0 0 0 0 2 0 0 0 2 0 0
1479941081 200 0 0 0 6 0 0 0 0 0 0 0 0 2 0 0 0 2 0 0
1479941430 201 0 0 0 6 0 0 0 0 0 0 0 0 2 0 0 0 2 0 0
1480788659 202 0 0 0 6 0 0 0 0 0 0 0 0 2 0 0 0 2 0 0
1480789975 203 0 0 0 6 0 0 0 0 0 0 0 0 2 0 0 0 2 0 0
1481502095 204 0 0 0 6 0 0 0 0 0 0 0 0 2 0 0 0 2 0 0
1481808700 205 0 0 0 6 0 0 0 0 0 0 0 0 2 0 0 0 2 0 0
1481937387 206 0 0 0 6 0 0 0 0 0 0 0 0 2 0 0 0 2 0 0
1481986274 207 0 0 0 6 0 0 0 0 0 0 0 0 2 0 0 0 2 0 0
1484135348 207 0 1 0 6 0 0 0 0 0 0 0 0 2 0 0 0 2 0 0
1484141480 207 0 2 0 6 0 0 0 0 0 0 0 0 2 0 0 0 2 0 0
1484142440 207 0 3 0 6 0 0 0 0 0 0 0 0 2 0 0 0 2 0 0
1484226886 207 0 4 0 6 0 0 0 0 0 0 0 0 2 0 0 0 2 0 0
1484227955 207 0 5 0 6 0 0 0 0 0 0 0 0 2 0 0 0 2 0 0
1484298628 207 0 6 0 6 0 0 0 0 0 0 0 0 2 0 0 0 2 0 0
1485023832 207 0 7 0 6 0 0 0 0 0 0 0 0 2 0 0 0 2 0 0
1485023920 207 0 8 0 6 0 0 0 0 0 0 0 0 2 0 0 0 2 0 0
1485024458 207 0 9 0 6 0 0 0 0 0 0 0 0 2 0 0 0 2 0 0
1485035100 207 0 10 0 6 0 0 0 0 0 0 0 0 2 0 0 0 2 0 0
1485121392 208 0 10 0 6 0 0 0 0 0 0 0 0 2 0 0 0 2 0 0
1485158777 208 0 11 0 6 0 0 0 0 0 0 0 0 2 0 0 0 2 0 0
1485178184 209 0 11 0 6 0 0 0 0 0 0 0 0 2 0 0 0 2 0 0
1486897900 210 0 11 0 6 0 0 0 0 0 0 0 0 2 0 0 0 2 0 0
1487464123 211 0 11 0 6 0 0 0 0 0 0 0 0 2 0 0 0 2 0 0
1489839667 212 0 11 0 6 0 0 0 0 0 0 0 0 2 0 0 0 2 0 0
1489848743 213 0 11 0 6 0 0 0 0 0 0 0 0 2 0 0 0 2 0 0
1491876315 213 0 11 0 6 0 0 0 0 0 0 0 0 2 0 0 0 2 0 0
1491914781 214 0 11 0 6 0 0 0 0 0 0 0 0 2 0 0 0 2 0 0
1491942340 215 0 11 0 6 0 0 0 0 0 0 0 0 2 0 0 0 2 0 0
1492756926 216 0 11 0 6 0 0 0 0 0 0 0 0 2 0 0 0 2 0 0
1492758274 217 0 11 0 6 0 0 0 0 0 0 0 0 2 0 0 0 2 0 0
1492819526 218 0 11 0 6 0 0 0 0 0 0 0 0 2 0 0 0 2 0 0
1492820866 219 0 11 0 6 0 0 0 0 0 0 0 0 2 0 0 0 2 0 0
1494378857 220 0 11 0 6 0 0 0 0 0 0 0 0 2 0 0 0 2 0 0
1494379318 221 0 11 0 6 0 0 0 0 0 0 0 0 2 0 0 0 2 0 0
1494387124 222 0 11 0 6 0 0 0 0 0 0 0 0 2 0 0 0 2 0 0
1496334860 223 0 11 0 6 0 0 0 0 0 0 0 0 2 0 0 0 2 0 0
1497480742 224 0 11 0 6 0 0 0 0 0 0 0 0 2 0 0 0 2 0 0
1497489019 225 0 11 0 6 0 0 0 0 0 0 0 0 2 0 0 0 2 0 0
1497490245 226 0 11 0 6 0 0 0 0 0 0 0 0 2 0 0 0 2 0 0
1497490500 227 0 11 0 6 0 0 0 0 0 0 0 0 2 0 0 0 2 0 0
1497525652 228 0 11 0 6 0 0 0 0 0 0 0 0 2 0 0 0 2 0 0
1497794002 229 0 11 0 6 0 0 0 0 0 0 0 0 2 0 0 0 2 0 0
1497794223 230 0 11 0 6 0 0 0 0 0 0 0 0 2 0 0 0 2 0 0
1497938173 230 0 11 0 6 0 0 0 0 0 0 0 0 2 0 0 0 2 0 0
1497962631 231 0 11 0 6 0 0 0 0 0 0 0 0 2 0 0 0 2 0 0
1499639248 232 0 11 0 6 0 0 0 0 0 0 0 0 2 0 0 0 2 0 0
1499640909 233 0 11 0 6 0 0 0 0 0 0 0 0 2 0 0 0 2 0 0
1499641569 234 0 11 0 6 0 0 0 0 0 0 0 0 2 0 0 0 2 0 0
1504233255 235 0 11 0 6 0 0 0 0 0 0 0 0 2 0 0 0 2 0 0
1506500594 235 0 11 0 6 0 0 0 0 0 0 0 0 2 0 0 0 2 0 0
1506611433 236 0 11 0 6 0 0 0 0 0 0 0 0 2 0 0 0 2 0 0
1508196221 237 0 11 0 6 0 0 0 0 0 0 0 0 2 0 0 0 2 0 0
1508196849 238 0 11 0 6 0 0 0 0 0 0 0 0 2 0 0 0 2 0 0
1508199885 239 0 11 0 6 0 0 0 0 0 0 0 0 2 0 0 0 2 0 0
1511107980 240 0 11 0 6 0 0 0 0 0 0 0 0 2 0 0 0 2 0 0
1511109647 241 0 11 0 6 0 0 0 0 0 0 0 0 2 0 0 0 2 0 0
1511110335 242 0 11 0 6 0 0 0 0 0 0 0 0 2 0 0 0 2 0 0
1511110432 243 0 11 0 6 0 0 0 0 0 0 0 0 2 0 0 0 2 0 0
1511110529 244 0 11 0 6 0 0 0 0 0 0 0 0 2 0 0 0 2 0 0
1511319288 245 0 11 0 6 0 0 0 0 0 0 0 0 2 0 0 0 2 0 0
1512182476 246 0 11 0 6 0 0 0 0 0 0 0 0 2 0 0 0 2 0 0
1512676136 246 0 11 0 6 0 0 0 1 0 0 0 0 2 0 0 0 2 0 0
1513196436 246 0 11 0 6 0 0 0 2 0 0 0 0 2 0 0 0 2 0 0
1514279844 247 0 11 0 6 0 0 0 2 0 0 0 0 2 0 0 0 2 0 0
1514281473 248 0 11 0 6 0 0 0 2 0 0 0 0 2 0 0 0 2 0 0
1515906238 249 0 11 0 6 0 0 0 2 0 0 0 0 2 0 0 0 2 0 0
1515925781 250 0 11 0 6 0 0 0 2 0 0 0 0 2 0 0 0 2 0 0
1515984935 251 0 11 0 6 0 0 0 2 0 0 0 0 2 0 0 0 2 0 0
1516046906 252 0 11 0 6 0 0 0 2 0 0 0 0 2 0 0 0 2 0 0
1517137267 253 0 11 0 6 0 0 0 2 0 0 0 0 2 0 0 0 2 0 0
1517439652 254 0 11 0 6 0 0 0 2 0 0 0 0 2 0 0 0 2 0 0
1517767901 255 0 11 0 6 0 0 0 2 0 0 0 0 2 0 0 0 2 0 0
1517768193 256 0 11 0 6 0 0 0 2 0 0 0 0 2 0 0 0 2 0 0
1517824117 257 0 11 0 6 0 0 0 2 0 0 0 0 2 0 0 0 2 0 0
1517827161 258 0 11 0 6 0 0 0 2 0 0 0 0 2 0 0 0 2 0 0
1517830783 259 0 11 0 6 0 0 0 2 0 0 0 0 2 0 0 0 2 0 0
1517847890 260 0 11 0 6 0 0 0 2 0 0 0 0 2 0 0 0 2 0 0
1518791485 261 0 11 0 6 0 0 0 2 0 0 0 0 2 0 0 0 2 0 0
1518791695 262 0 11 0 6 0 0 0 2 0 0 0 0 2 0 0 0 2 0 0
1522196972 263 0 11 0 6 0 0 0 2 0 0 0 0 2 0 0 0 2 0 0
1522199471 264 0 11 0 6 0 0 0 2 0 0 0 0 2 0 0 0 2 0 0
1522207313 265 0 11 0 6 0 0 0 2 0 0 0 0 2 0 0 0 2 0 0
1522862501 266 0 11 0 6 0 0 0 2 0 0 0 0 2 0 0 0 2 0 0
1523598456 267 0 11 0 6 0 0 0 2 0 0 0 0 2 0 0 0 2 0 0
1523598912 268 0 11 0 6 0 0 0 2 0 0 0 0 2 0 0 0 2 0 0
1523599226 269 0 11 0 6 0 0 0 2 0 0 0 0 2 0 0 0 2 0 0
1523599571 270 0 11 0 6 0 0 0 2 0 0 0 0 2 0 0 0 2 0 0
1523980487 270 0 11 0 6 0 0 0 2 0 0 0 0 2 0 0 0 2 0 0
1523994722 271 0 11 0 6 0 0 0 2 0 0 0 0 2 0 0 0 2 0 0
1524688218 272 0 11 0 6 0 0 0 2 0 0 0 0 2 0 0 0 2 0 0
1526491681 273 0 11 0 6 0 0 0 2 0 0 0 0 2 0 0 0 2 0 0
1526506822 274 0 11 0 6 0 0 0 2 0 0 0 0 2 0 0 0 2 0 0
1526591103 274 0 11 0 6 0 0 0 3 0 0 0 0 2 0 0 0 2 0 0
1526593572 275 0 11 0 6 0 0 0 3 0 0 0 0 2 0 0 0 2 0 0
1526600194 275 0 11 0 6 0 0 0 4 0 0 0 0 2 0 0 0 2 0 0
1526646853 276 0 11 0 6 0 0 0 4 0 0 0 0 2 0 0 0 2 0 0
1527126008 277 0 11 0 6 0 0 0 4 0 0 0 0 2 0 0 0 2 0 0
1527815529 278 0 11 0 6 0 0 0 4 0 0 0 0 2 0 0 0 2 0 0
1527860461 279 0 11 0 6 0 0 0 4 0 0 0 0 2 0 0 0 2 0 0
1528844229 279 0 11 0 6 0 0 0 4 0 0 0 0 2 0 0 0 2 0 0
1528956930 280 0 11 0 6 0 0 0 4 0 0 0 0 2 0 0 0 2 0 0
1528965742 281 0 11 0 6 0 0 0 4 0 0 0 0 2 0 0 0 2 0 0
1529261924 282 0 11 0 6 0 0 0 4 0 0 0 0 2 0 0 0 2 0 0
1529646081 283 0 11 0 6 0 0 0 4 0 0 0 0 2 0 0 0 2 0 0
1529647668 284 0 11 0 6 0 0 0 4 0 0 0 0 2 0 0 0 2 0 0
1529647823 285 0 11 0 6 0 0 0 4 0 0 0 0 2 0 0 0 2 0 0
1529654367 286 0 11 0 6 0 0 0 4 0 0 0 0 2 0 0 0 2 0 0
1529654693 287 0 11 0 6 0 0 0 4 0 0 0 0 2 0 0 0 2 0 0
1529657741 288 0 11 0 6 0 0 0 4 0 0 0 0 2 0 0 0 2 0 0
1529657955 289 0 11 0 6 0 0 0 4 0 0 0 0 2 0 0 0 2 0 0
1529658420 290 0 11 0 6 0 0 0 4 0 0 0 0 2 0 0 0 2 0 0
1529658655 291 0 11 0 6 0 0 0 4 0 0 0 0 2 0 0 0 2 0 0
1530246709 292 0 11 0 6 0 0 0 4 0 0 0 0 2 0 0 0 2 0 0
1530758835 293 0 11 0 6 0 0 0 4 0 0 0 0 2 0 0 0 2 0 0
1530763004 294 0 11 0 6 0 0 0 4 0 0 0 0 2 0 0 0 2 0 0
1530766940 295 0 11 0 6 0 0 0 4 0 0 0 0 2 0 0 0 2 0 0
1531042643 296 0 11 0 6 0 0 0 4 0 0 0 0 2 0 0 0 2 0 0
1533965186 297 0 11 0 6 0 0 0 4 0 0 0 0 2 0 0 0 2 0 0
1534025042 298 0 11 0 6 0 0 0 4 0 0 0 0 2 0 0 0 2 0 0
1534027763 299 0 11 0 6 0 0 0 4 0 0 0 0 2 0 0 0 2 0 0
1534203908 300 0 11 0 6 0 0 0 4 0 0 0 0 2 0 0 0 2 0 0
1534790732 300 0 11 0 6 0 1 0 4 0 0 0 0 2 0 0 0 2 0 0
1534800126 301 0 11 0 6 0 1 0 4 0 0 0 0 2 0 0 0 2 0 0
1534926575 301 0 11 0 6 0 2 0 4 0 0 0 0 2 0 0 0 2 0 0
1534956446 301 0 11 0 6 0 3 0 4 0 0 0 0 2 0 0 0 2 0 0
1534957372 302 0 11 0 6 0 3 0 4 0 0 0 0 2 0 0 0 2 0 0
1535973953 302 0 11 0 6 0 3 0 4 0 0 0 0 2 0 0 0 2 0 0
1535983147 303 0 11 0 6 0 3 0 4 0 0 0 0 2 0 0 0 2 0 0
1535983923 304 0 11 0 6 0 3 0 4 0 0 0 0 2 0 0 0 2 0 0
1535984396 305 0 11 0 6 0 3 0 4 0 0 0 0 2 0 0 0 2 0 0
1535985673 306 0 11 0 6 0 3 0 4 0 0 0 0 2 0 0 0 2 0 0
1535987403 307 0 11 0 6 0 3 0 4 0 0 0 0 2 0 0 0 2 0 0
1535990032 308 0 11 0 6 0 3 0 4 0 0 0 0 2 0 0 0 2 0 0
1536161304 309 0 11 0 6 0 3 0 4 0 0 0 0 2 0 0 0 2 0 0
1536636107 309 0 11 0 6 0 4 0 4 0 0 0 0 2 0 0 0 2 0 0
1536720921 310 0 11 0 6 0 4 0 4 0 0 0 0 2 0 0 0 2 0 0
1536723231 311 0 11 0 6 0 4 0 4 0 0 0 0 2 0 0 0 2 0 0
1536723279 312 0 11 0 6 0 4 0 4 0 0 0 0 2 0 0 0 2 0 0
1536727462 313 0 11 0 6 0 4 0 4 0 0 0 0 2 0 0 0 2 0 0
1536728222 314 0 11 0 6 0 4 0 4 0 0 0 0 2 0 0 0 2 0 0
1536795184 315 0 11 0 6 0 4 0 4 0 0 0 0 2 0 0 0 2 0 0
1536799865 316 0 11 0 6 0 4 0 4 0 0 0 0 2 0 0 0 2 0 0
1536801938 317 0 11 0 6 0 4 0 4 0 0 0 0 2 0 0 0 2 0 0
1536804618 318 0 11 0 6 0 4 0 4 0 0 0 0 2 0 0 0 2 0 0
1536809372 319 0 11 0 6 0 4 0 4 0 0 0 0 2 0 0 0 2 0 0
1537225262 320 0 11 0 6 0 4 0 4 0 0 0 0 2 0 0 0 2 0 0
1537225534 321 0 11 0 6 0 4 0 4 0 0 0 0 2 0 0 0 2 0 0
1537225981 323 0 11 0 6 0 4 0 4 0 0 0 0 2 0 0 0 2 0 0
1537226693 324 0 11 0 6 0 4 0 4 0 0 0 0 2 0 0 0 2 0 0
1538589785 325 0 11 0 6 0 4 0 4 0 0 0 0 2 0 0 0 2 0 0
1538761116 326 0 11 0 6 0 4 0 4 0 0 0 0 2 0 0 0 2 0 0
1538922013 327 0 11 0 6 0 4 0 4 0 0 0 0 2 0 0 0 2 0 0
1538924191 328 0 11 0 6 0 4 0 4 0 0 0 0 2 0 0 0 2 0 0
1539195746 329 0 11 0 6 0 4 0 4 0 0 0 0 2 0 0 0 2 0 0
1539553914 330 0 11 0 6 0 4 0 4 0 0 0 0 2 0 0 0 2 0 0
1539554908 331 0 11 0 6 0 4 0 4 0 0 0 0 2 0 0 0 2 0 0
1540160764 332 0 11 0 6 0 4 0 4 0 0 0 0 2 0 0 0 2 0 0
1540389484 333 0 11 0 6 0 4 0 4 0 0 0 0 2 0 0 0 2 0 0
1540397630 334 0 11 0 6 0 4 0 4 0 0 0 0 2 0 0 0 2 0 0
1543499924 335 0 11 0 6 0 4 0 4 0 0 0 0 2 0 0 0 2 0 0
1543508620 335 0 11 0 6 0 4 0 4 0 0 0 0 2 0 1 0 2 0 0
1543509986 335 0 11 0 6 0 4 0 4 0 0 0 0 2 0 2 0 2 0 0
1543518149 336 0 11 0 6 0 4 0 4 0 0 0 0 2 0 2 0 2 0 0
1543587200 337 0 11 0 6 0 4 0 4 0 0 0 0 2 0 2 0 2 0 0
1543588242 338 0 11 0 6 0 4 0 4 0 0 0 0 2 0 2 0 2 0 0
1546857369 340 0 11 0 6 0 4 0 4 0 0 0 0 2 0 2 0 2 0 0
1546957863 341 0 11 0 6 0 4 0 4 0 0 0 0 2 0 2 0 2 0 0
1548173212 342 0 11 0 6 0 4 0 4 0 0 0 0 2 0 2 0 2 0 0
1548296860 343 0 11 0 6 0 4 0 4 0 0 0 0 2 0 2 0 2 0 0
1548310172 343 0 11 0 6 0 4 0 4 0 0 0 0 2 0 2 0 2 0 0
1548346622 344 0 11 0 6 0 4 0 4 0 0 0 0 2 0 2 0 2 0 0
1548720815 345 0 11 0 6 0 4 0 4 0 0 0 0 2 0 2 0 2 0 0
1548721112 346 0 11 0 6 0 4 0 4 0 0 0 0 2 0 2 0 2 0 0
1548732117 347 0 11 0 6 0 4 0 4 0 0 0 0 2 0 2 0 2 0 0
1548780961 348 0 11 0 6 0 4 0 4 0 0 0 0 2 0 2 0 2 0 0
1548785104 349 0 11 0 6 0 4 0 4 0 0 0 0 2 0 2 0 2 0 0
1548838209 350 0 11 0 6 0 4 0 4 0 0 0 0 2 0 2 0 2 0 0
1548842901 351 0 11 0 6 0 4 0 4 0 0 0 0 2 0 2 0 2 0 0
1548843526 352 0 11 0 6 0 4 0 4 0 0 0 0 2 0 2 0 2 0 0
1550117812 353 0 11 0 6 0 4 0 4 0 0 0 0 2 0 2 0 2 0 0
1550788099 353 0 11 0 6 0 4 0 4 0 0 0 0 2 0 2 0 2 0 1
1550789979 353 0 11 0 6 0 4 0 4 0 0 0 0 2 0 2 0 2 0 2
1550790065 355 0 11 0 6 0 4 0 4 0 0 0 0 2 0 2 0 2 0 2
1551573596 356 0 11 0 6 0 4 0 4 0 0 0 0 2 0 2 0 2 0 2
1551578756 357 0 11 0 6 0 4 0 4 0 0 0 0 2 0 2 0 2 0 2
1551583647 358 0 11 0 6 0 4 0 4 0 0 0 0 2 0 2 0 2 0 2
1551584147 359 0 11 0 6 0 4 0 4 0 0 0 0 2 0 2 0 2 0 2
1551623041 360 0 11 0 6 0 4 0 4 0 0 0 0 2 0 2 0 2 0 2
1551963668 361 0 11 0 6 0 4 0 4 0 0 0 0 2 0 2 0 2 0 2
1555059360 362 0 11 0 6 0 4 0 4 0 0 0 0 2 0 2 0 2 0 2
1555125980 362 0 11 0 6 0 4 0 4 0 0 0 0 2 0 2 0 2 0 2
1555169173 364 0 11 0 6 0 4 0 4 0 0 0 0 2 0 2 0 2 0 2
1555285235 365 0 11 0 6 0 4 0 4 0 0 0 0 2 0 2 0 2 0 2
1555289895 366 0 11 0 6 0 4 0 4 0 0 0 0 2 0 2 0 2 0 2
1555470761 367 0 11 0 6 0 4 0 4 0 0 0 0 2 0 2 0 2 0 2
1555472006 368 0 11 0 6 0 4 0 4 0 0 0 0 2 0 2 0 2 0 2
1563204638 368 0 11 0 6 0 4 0 4 0 0 0 0 2 0 2 0 2 1 2
1563208236 368 0 11 0 6 0 4 0 4 0 0 0 0 2 0 2 0 2 2 2
1563212030 369 0 11 0 6 0 4 0 4 0 0 0 0 2 0 2 0 2 2 2
1563670360 370 0 11 0 6 0 4 0 4 0 0 0 0 2 0 2 0 2 2 2
1563933135 371 0 11 0 6 0 4 0 4 0 0 0 0 2 0 2 0 2 2 2
1564218216 372 0 11 0 6 0 4 0 4 0 0 0 0 2 0 2 0 2 2 2
1566269312 373 0 11 0 6 0 4 0 4 0 0 0 0 2 0 2 0 2 2 2
1566270914 374 0 11 0 6 0 4 0 4 0 0 0 0 2 0 2 0 2 2 2
1566272510 375 0 11 0 6 1 4 0 4 0 0 0 0 2 0 2 0 2 2 2
1571407592 375 0 11 0 6 2 4 0 4 0 0 0 0 2 0 2 0 2 2 2
1571426321 376 0 11 0 6 2 4 0 4 0 0 0 0 2 0 2 0 2 2 2
1571639274 376 0 11 0 6 3 4 0 4 0 0 0 0 2 0 2 0 2 2 2
1571664677 376 0 11 0 6 4 4 0 4 0 0 0 0 2 0 2 0 2 2 2
1571670472 377 0 11 0 6 4 4 0 4 0 0 0 0 2 0 2 0 2 2 2
1571675454 378 0 11 0 6 4 4 0 4 0 0 0 0 2 0 2 0 2 2 2
1572417292 379 0 11 0 6 4 4 0 4 0 0 0 0 2 0 2 0 2 2 2
1572751214 380 0 11 0 6 4 4 0 4 0 0 0 0 2 0 2 0 2 2 2
1572758838 381 0 11 0 6 4 4 0 4 0 0 0 0 2 0 2 0 2 2 2
1572857723 382 0 11 0 6 4 4 0 4 0 0 0 0 2 0 2 0 2 2 2
1572861787 383 0 11 0 6 4 4 0 4 0 0 0 0 2 0 2 0 2 2 2
1572862922 384 0 11 0 6 4 4 0 4 0 0 0 0 2 0 2 0 2 2 2
1573005054 385 0 11 0 6 4 4 0 4 0 0 0 0 2 0 2 0 2 2 2
1573006670 386 0 11 0 6 4 4 0 4 0 0 0 0 2 0 2 0 2 2 2
1574052297 387 0 11 0 6 4 4 0 4 0 0 0 0 2 0 2 0 2 2 2
1574118088 388 0 11 0 6 4 4 0 4 0 0 0 0 2 0 2 0 2 2 2
1574119290 389 0 11 0 6 4 4 0 4 0 0 0 0 2 0 2 0 2 2 2
1574140688 390 0 11 0 6 4 4 0 4 0 0 0 0 2 0 2 0 2 2 2
1578220028 391 0 11 0 6 4 4 0 4 0 0 0 0 2 0 2 0 2 2 2
1578221214 392 0 11 0 6 4 4 0 4 0 0 0 0 2 0 2 0 2 2 2
1579046236 393 0 11 0 6 4 4 0 4 0 0 0 0 2 0 2 0 2 2 2
1579421257 394 0 11 0 6 4 4 0 4 0 0 0 0 2 0 2 0 2 2 2
1579576184 395 0 11 0 6 4 4 0 4 0 0 0 0 2 0 2 0 2 2 2
1579578207 396 0 11 0 6 4 4 0 4 0 0 0 0 2 0 2 0 2 2 2
1579586710 397 0 11 0 6 4 4 0 4 0 0 0 0 2 0 2 0 2 2 2
1579587643 398 0 11 0 6 4 4 0 4 0 0 0 0 2 0 2 0 2 2 2
1579724949 399 0 11 0 6 4 4 0 4 0 0 0 0 2 0 2 0 2 2 2
1579746040 400 0 11 0 6 4 4 0 4 0 0 0 0 2 0 2 0 2 2 2
1585274251 401 0 11 0 6 4 4 0 4 0 0 0 0 2 0 2 0 2 2 2
1585315978 402 0 11 0 6 4 4 0 4 0 0 0 0 2 0 2 0 2 2 2
1588788335 402 0 11 0 6 4 4 0 4 0 0 0 0 2 1 2 0 2 2 2
1588788726 403 0 11 0 6 4 4 0 4 0 0 0 0 2 1 2 0 2 2 2
1588791048 404 0 11 0 6 4 4 0 4 0 0 0 0 2 1 2 0 2 2 2
1588822478 404 0 11 0 6 4 4 0 4 0 0 0 0 2 2 2 0 2 2 2
1588864429 405 0 11 0 6 4 4 0 4 0 0 0 0 2 2 2 0 2 2 2
1588864915 406 0 11 0 6 4 4 0 4 0 0 0 0 2 2 2 0 2 2 2
1590707790 407 0 11 0 6 4 4 0 4 0 0 0 0 2 2 2 0 2 2 2
1590708380 408 0 11 0 6 4 4 0 4 0 0 0 0 2 2 2 0 2 2 2
1590709641 409 0 11 0 6 4 4 0 4 0 0 0 0 2 2 2 0 2 2 2
1590710151 410 0 11 0 6 4 4 0 4 0 0 0 0 2 2 2 0 2 2 2
1590712176 411 0 11 0 6 4 4 0 4 0 0 0 0 2 2 2 0 2 2 2
1590716663 412 0 11 0 6 4 4 0 4 0 0 0 0 2 2 2 0 2 2 2
1590875950 413 0 11 0 6 4 4 0 4 0 0 0 0 2 2 2 0 2 2 2
1591187086 414 0 11 0 6 4 4 0 4 0 0 0 0 2 2 2 0 2 2 2
1591386037 414 0 11 0 6 4 4 0 4 0 0 0 0 2 2 2 0 2 2 2
1591387449 415 0 11 0 6 4 4 0 4 0 0 0 0 2 2 2 0 2 2 2
1591388917 416 0 11 0 6 4 4 0 4 0 0 0 0 2 2 2 0 2 2 2
1593696604 416 1 11 0 6 4 4 0 4 0 0 0 0 2 2 2 0 2 2 2
1595291003 417 1 11 0 6 4 4 0 4 0 0 0 0 2 2 2 0 2 2 2
1595514593 418 1 11 0 6 4 4 0 4 0 0 0 0 2 2 2 0 2 2 2
1595515262 419 1 11 0 6 4 4 0 4 0 0 0 0 2 2 2 0 2 2 2
1595515452 420 1 11 0 6 4 4 0 4 0 0 0 0 2 2 2 0 2 2 2
1595515899 421 1 11 0 6 4 4 0 4 0 0 0 0 2 2 2 0 2 2 2
1595516648 422 1 11 0 6 4 4 0 4 0 0 0 0 2 2 2 0 2 2 2
1595522067 423 1 11 0 6 4 4 0 4 0 0 0 0 2 2 2 0 2 2 2
1595522604 424 1 11 0 6 4 4 0 4 0 0 0 0 2 2 2 0 2 2 2
1595528919 425 1 11 0 6 4 4 0 4 0 0 0 0 2 2 2 0 2 2 2
1595531477 426 1 11 0 6 4 4 0 4 0 0 0 0 2 2 2 0 2 2 2
1595532545 427 1 11 0 6 4 4 0 4 0 0 0 0 2 2 2 0 2 2 2
1595533219 428 1 11 0 6 4 4 0 4 0 0 0 0 2 2 2 0 2 2 2
1595537807 429 1 11 0 6 4 4 0 4 0 0 0 0 2 2 2 0 2 2 2
1597920656 429 2 11 0 6 4 4 0 4 0 0 0 0 2 2 2 0 2 2 2
1598017262 429 3 11 0 6 4 4 0 4 0 0 0 0 2 2 2 0 2 2 2
1598584247 429 3 11 0 6 4 4 0 4 0 0 0 0 2 2 2 0 2 2 2
1599485827 429 4 11 0 6 4 4 0 4 0 0 0 0 2 2 2 0 2 2 2
1599488525 429 5 11 0 6 4 4 0 4 0 0 0 0 2 2 2 0 2 2 2
1600937545 429 5 11 0 6 4 4 0 4 0 0 0 0 2 2 2 0 2 2 2
1602973960 430 5 11 0 6 4 4 0 4 0 0 2 0 2 2 2 0 2 2 2
1603036777 431 5 11 0 6 4 4 0 4 0 0 2 0 2 2 2 0 2 2 2
1603229280 431 5 11 0 6 4 4 0 4 0 0 3 0 2 2 2 0 2 2 2
1603237213 432 5 11 0 6 4 4 0 4 0 0 3 0 2 2 2 0 2 2 2
1603492497 433 5 11 0 6 4 4 0 4 0 0 3 0 2 2 2 0 2 2 2
1603492709 434 5 11 0 6 4 4 0 4 0 0 3 0 2 2 2 0 2 2 2
1603507493 435 5 11 0 6 4 4 0 4 0 0 3 0 2 2 2 0 2 2 2
1603578391 436 5 11 0 6 4 4 0 4 0 0 3 0 2 2 2 0 2 2 2
1603725703 437 5 11 0 6 4 4 0 4 0 0 3 0 2 2 2 0 2 2 2
1603734625 437 6 11 0 6 4 4 0 4 0 0 3 0 2 2 2 0 2 2 2
1603782061 438 6 11 0 6 4 4 0 4 0 0 3 0 2 2 2 0 2 2 2
1604065815 438 7 11 0 6 4 4 0 4 0 0 3 0 2 2 2 0 2 2 2
1604191487 439 7 11 0 6 4 4 0 4 0 0 3 0 2 2 2 0 2 2 2
1604242324 439 8 11 0 6 4 4 0 4 0 0 3 0 2 2 2 0 2 2 2
1607767684 439 9 11 0 6 4 4 0 4 0 0 3 0 2 2 2 0 2 2 2
1607768345 439 10 11 0 6 4 4 0 4 0 0 3 0 2 2 2 0 2 2 2
1607769252 439 11 11 0 6 4 4 0 4 0 0 3 0 2 2 2 0 2 2 2
1607769941 439 12 11 0 6 4 4 0 4 0 0 3 0 2 2 2 0 2 2 2
1608098204 439 13 11 0 6 4 4 0 4 0 0 3 0 2 2 2 0 2 2 2
1608100504 439 14 11 0 6 4 4 0 4 0 0 3 0 2 2 2 0 2 2 2
1608101149 439 15 11 0 6 4 4 0 4 0 0 3 0 2 2 2 0 2 2 2
1608214093 439 16 11 0 6 4 4 0 4 0 0 3 0 2 2 2 0 2 2 2
1608215419 439 17 11 0 6 4 4 0 4 0 0 3 0 2 2 2 0 2 2 2
1608216693 439 18 11 0 6 4 4 0 4 0 0 3 0 2 2 2 0 2 2 2
1608217152 439 19 11 0 6 4 4 0 4 0 0 3 0 2 2 2 0 2 2 2
1608292155 439 20 11 0 6 4 4 0 4 0 0 3 0 2 2 2 0 2 2 2
1608300012 440 20 11 0 6 4 4 0 4 0 0 3 0 2 2 2 0 2 2 2
1608312436 440 21 11 0 6 4 4 0 4 0 0 3 0 2 2 2 0 2 2 2
1608314528 440 22 11 0 6 4 4 0 4 0 0 3 0 2 2 2 0 2 2 2
1608322536 440 23 11 0 6 4 4 0 4 0 0 3 0 2 2 2 0 2 2 2
1608322610 440 24 11 0 6 4 4 0 4 0 0 3 0 2 2 2 0 2 2 2
1608374062 440 25 11 0 6 4 4 0 4 0 0 3 0 2 2 2 0 2 2 2
1608656608 440 26 11 0 6 4 4 0 4 0 0 3 0 2 2 2 0 2 2 2
1611499019 441 26 11 0 6 4 4 0 4 0 0 3 0 2 2 2 0 2 2 2
1611502181 442 26 11 0 6 4 4 0 4 0 0 3 0 2 2 2 0 2 2 2
1611502484 443 27 11 0 6 4 4 0 4 0 0 3 0 2 2 2 0 2 2 2
1611503120 444 27 11 0 6 4 4 0 4 0 0 3 0 2 2 2 0 2 2 2
1612057339 445 27 11 0 6 4 4 0 4 0 0 3 0 2 2 2 0 2 2 2
1612059136 446 27 11 0 6 4 4 0 4 0 0 3 0 2 2 2 0 2 2 2
1612062945 447 27 11 0 6 4 4 0 4 0 0 3 0 2 2 2 0 2 2 2
1612063238 448 27 11 0 6 4 4 0 4 0 0 3 0 2 2 2 0 2 2 2
1612719488 448 28 11 0 6 4 4 0 4 0 0 3 0 2 2 2 0 2 2 2
1612721669 448 29 11 0 6 4 4 0 4 0 0 3 0 2 2 2 0 2 2 2
1612726692 448 30 11 0 6 4 4 0 4 0 0 3 0 2 2 2 0 2 2 2
1612733906 448 31 11 0 6 4 4 0 4 0 0 3 0 2 2 2 0 2 2 2
1612859018 449 31 11 0 6 4 4 0 4 0 0 3 0 2 2 2 0 2 2 2
1613182737 449 32 11 0 6 4 4 0 4 0 0 3 0 2 2 2 0 2 2 2
1613776000 449 33 11 0 6 4 4 0 4 0 0 3 0 2 2 2 0 2 2 2
1613788698 449 34 11 0 6 4 4 0 4 0 0 3 0 2 2 2 0 2 2 2
1613961567 449 35 11 0 6 4 4 0 4 0 0 3 0 2 2 2 0 2 2 2
1613961800 449 36 11 0 6 4 4 0 4 0 0 3 0 2 2 2 0 2 2 2
1614412083 450 36 11 0 6 4 4 0 4 0 0 3 0 2 2 2 0 2 2 2
1614412262 451 36 11 0 6 4 4 0 4 0 0 3 0 2 2 2 0 2 2 2
1614415426 452 36 11 0 6 4 4 0 4 0 0 3 0 2 2 2 0 2 2 2
1614686930 452 37 11 0 6 4 4 0 4 0 0 3 0 2 2 2 0 2 2 2
1614686959 452 38 11 0 6 4 4 0 4 0 0 3 0 2 2 2 0 2 2 2
1615043694 452 39 11 0 6 4 4 0 4 0 0 3 0 2 2 2 0 2 2 2
1615046722 452 41 11 0 6 4 4 0 4 0 0 3 0 2 2 2 0 2 2 2
1615048749 452 42 11 0 6 4 4 0 4 0 0 3 0 2 2 2 0 2 2 2
1615049670 453 42 11 0 6 4 4 0 4 0 0 3 0 2 2 2 0 2 2 2
1615132715 453 43 11 0 6 4 4 0 4 0 0 3 0 2 2 2 0 2 2 2
1616641229 454 43 11 0 6 4 4 0 4 0 0 3 0 2 2 2 0 2 2 2
1616652229 455 43 11 0 6 4 4 0 4 0 0 3 0 2 2 2 0 2 2 2
1616652504 456 43 11 0 6 4 4 0 4 0 0 3 0 2 2 2 0 2 2 2
1616653157 457 43 11 0 6 4 4 0 4 0 0 3 0 2 2 2 0 2 2 2
1616653467 458 43 11 0 6 4 4 0 4 0 0 3 0 2 2 2 0 2 2 2
1616896800 458 43 11 0 6 4 4 0 4 0 0 3 0 2 2 2 0 2 2 2
1617565605 458 44 11 0 6 4 4 0 4 0 0 3 0 2 2 2 0 2 2 2
1617578925 459 44 11 0 6 4 4 0 4 0 0 3 0 2 2 2 0 2 2 2
1617586342 460 44 11 0 6 4 4 0 4 0 0 3 0 2 2 2 0 2 2 2
1617587750 461 44 11 0 6 4 4 0 4 0 0 3 0 2 2 2 0 2 2 2
1617627070 461 45 11 0 6 4 4 0 4 0 0 3 0 2 2 2 0 2 2 2
1617627238 462 45 11 0 6 4 4 0 4 0 0 3 0 2 2 2 0 2 2 2
1617627990 463 45 11 0 6 4 4 0 4 0 0 3 0 2 2 2 0 2 2 2
1617628147 464 45 11 0 6 4 4 0 4 0 0 3 0 2 2 2 0 2 2 2
1617629108 465 45 11 0 6 4 4 0 4 0 0 3 0 2 2 2 0 2 2 2
1617629529 466 45 11 0 6 4 4 0 4 0 0 3 0 2 2 2 0 2 2 2
1617629820 467 45 11 0 6 4 4 0 4 0 0 3 0 2 2 2 0 2 2 2
1617629876 468 45 11 0 6 4 4 0 4 0 0 3 0 2 2 2 0 2 2 2
1618408364 469 45 11 0 6 4 4 0 4 0 0 3 0 2 2 2 0 2 2 2
1620816520 469 46 11 0 6 4 4 0 4 0 0 3 0 2 2 2 0 2 2 2
1620819626 469 47 11 0 6 4 4 0 4 0 0 3 0 2 2 2 0 2 2 2
1620838925 469 48 11 0 6 4 4 0 4 0 0 3 0 2 2 2 0 2 2 2
1620844239 469 49 11 0 6 4 4 0 4 0 0 3 0 2 2 2 0 2 2 2
1621166004 469 50 11 0 6 4 4 0 4 0 0 3 0 2 2 2 0 2 2 2
1621166014 469 51 11 0 6 4 4 0 4 0 0 3 0 2 2 2 0 2 2 2
1621166027 469 52 11 0 6 4 4 0 4 0 0 3 0 2 2 2 0 2 2 2
1621244875 469 53 11 0 6 4 4 0 4 0 0 3 0 2 2 2 0 2 2 2
1621245176 469 54 11 0 6 4 4 0 4 0 0 3 0 2 2 2 0 2 2 2
1621245361 469 55 11 0 6 4 4 0 4 0 0 3 0 2 2 2 0 2 2 2
1621245839 469 56 11 0 6 4 4 0 4 0 0 3 0 2 2 2 0 2 2 2
1621246176 469 57 11 0 6 4 4 0 4 0 0 3 0 2 2 2 0 2 2 2
1621246727 469 58 11 0 6 4 4 0 4 0 0 3 0 2 2 2 0 2 2 2
1621249598 469 59 11 0 6 4 4 0 4 0 0 3 0 2 2 2 0 2 2 2
1621252131 469 60 11 0 6 4 4 0 4 0 0 3 0 2 2 2 0 2 2 2
1621252597 469 61 11 0 6 4 4 0 4 0 0 3 0 2 2 2 0 2 2 2
1621586128 469 62 11 0 6 4 4 0 4 0 0 3 0 2 2 2 0 2 2 2
1621887441 469 62 11 0 6 4 4 0 4 0 0 3 0 2 2 2 0 2 2 2
1622979691 470 62 11 0 6 4 4 0 4 0 0 3 0 2 2 2 0 2 2 2
1622980717 471 62 11 0 6 4 4 0 4 0 0 3 0 2 2 2 0 2 2 2
1622983118 472 62 11 0 6 4 4 0 4 0 0 3 0 2 2 2 0 2 2 2
1623240268 472 63 11 0 6 4 4 0 4 0 0 3 0 2 2 2 0 2 2 2
1623497029 472 64 11 0 6 4 4 0 4 0 0 3 0 2 2 2 0 2 2 2
1625837323 472 65 11 0 6 4 4 0 4 0 0 3 0 2 2 2 0 2 2 2
1626708719 472 66 11 0 6 4 4 0 4 0 0 3 0 2 2 2 0 2 2 2
1626865861 473 66 11 0 6 4 4 0 4 0 0 3 0 2 2 2 0 2 2 2
1626871006 473 67 11 0 6 4 4 0 4 0 0 3 0 2 2 2 0 2 2 2
1627290143 473 68 11 0 6 4 4 0 4 0 0 3 0 2 2 2 0 2 2 2
1632156072 473 69 11 0 6 4 4 0 4 0 0 3 0 2 2 2 0 2 2 2
1634136520 473 69 11 0 6 4 4 0 4 0 1 3 0 2 2 2 0 2 2 2
1634240240 473 69 11 0 6 4 4 0 4 0 2 3 0 2 2 2 0 2 2 2
1639455285 474 69 11 0 6 4 4 0 4 0 2 3 0 2 2 2 0 2 2 2
1639478801 474 70 11 0 6 4 4 0 4 0 2 3 0 2 2 2 0 2 2 2
1639479344 474 71 11 0 6 4 4 0 4 0 2 3 0 2 2 2 0 2 2 2
1640274203 475 71 11 0 6 4 4 0 4 0 2 3 0 2 2 2 0 2 2 2
1640277652 476 71 11 0 6 4 4 0 4 0 2 3 0 2 2 2 0 2 2 2
1640280427 477 71 11 0 6 4 4 0 4 0 2 3 0 2 2 2 0 2 2 2
1640281085 478 71 11 0 6 4 4 0 4 0 2 3 0 2 2 2 0 2 2 2
1641279814 478 71 11 0 6 4 4 0 4 0 2 3 0 2 2 2 0 2 2 2
1641579274 478 71 11 0 6 4 4 0 4 0 3 3 0 2 2 2 0 2 2 2
1642530246 478 71 11 1 6 4 4 0 4 0 3 3 0 2 2 2 0 2 2 2
1642764931 478 72 11 1 6 4 4 0 4 0 3 3 0 2 2 2 0 2 2 2
1644369587 479 72 11 1 6 4 4 0 4 0 3 3 0 2 2 2 0 2 2 2
1644458230 479 72 11 1 6 4 4 0 4 0 3 3 0 2 2 2 0 2 2 2
1644717553 480 72 11 1 6 4 4 0 4 0 3 3 0 2 2 2 0 2 2 2
1644721991 481 72 11 1 6 4 4 0 4 0 3 3 0 2 2 2 0 2 2 2
1645306372 481 72 11 1 6 4 4 0 4 0 3 3 0 2 2 2 0 2 2 2
1645456215 481 73 11 1 6 4 4 0 4 0 3 3 0 2 2 2 0 2 2 2
1645458961 481 74 11 1 6 4 4 0 4 0 3 3 0 2 2 2 0 2 2 2
1645459796 481 75 11 1 6 4 4 0 4 0 3 3 0 2 2 2 0 2 2 2
1645560976 482 75 11 1 6 4 4 0 4 0 3 3 0 2 2 2 0 2 2 2
1646440928 482 75 11 2 6 4 4 0 4 0 3 3 0 2 2 2 0 2 2 2
1647559413 482 75 11 3 6 4 4 0 4 0 3 3 0 2 2 2 0 2 2 2
1649818976 482 75 11 4 6 4 4 0 4 0 3 3 0 2 2 2 0 2 2 2
1652387856 484 75 11 6 6 4 4 0 4 0 3 3 0 2 2 2 0 2 2 2
1652390379 484 75 11 7 6 4 4 0 4 0 3 3 0 2 2 2 0 2 2 2
1652777831 484 75 11 7 6 4 4 1 4 0 3 3 0 2 2 2 0 2 2 2
1655820371 484 76 11 7 6 4 4 1 4 0 3 3 0 2 2 2 0 2 2 2
1655821341 484 77 11 7 6 4 4 2 4 0 3 3 0 2 2 2 0 2 2 2
1655855701 485 77 11 7 6 4 4 3 4 0 3 3 0 2 2 2 0 2 2 2
1655892904 485 77 11 7 6 4 4 4 4 0 3 3 0 2 2 2 0 2 2 2
1657882825 485 78 11 7 6 4 4 4 4 0 3 3 0 2 2 2 0 2 2 2
1658254932 485 79 11 7 6 4 4 4 4 0 3 3 0 2 2 2 0 2 2 2
1659446208 485 80 11 7 6 4 4 4 4 0 3 3 0 2 2 2 0 2 2 2
1662934674 486 80 11 7 6 4 4 4 4 0 3 3 0 2 2 2 0 2 2 2
1662934849 487 80 11 7 6 4 4 4 4 0 3 3 0 2 2 2 0 2 2 2
1663158129 487 81 11 7 6 4 4 4 4 0 3 3 0 2 2 2 0 2 2 2
1665171365 487 81 11 7 6 4 4 4 4 0 3 3 2 2 2 2 0 2 2 2
1665587563 487 81 11 7 6 4 4 4 4 0 3 3 2 2 2 2 1 2 2 2
1666055001 487 82 11 7 6 4 4 4 4 0 3 3 2 2 2 2 1 2 2 2
1668092381 487 83 11 7 6 4 4 4 4 0 3 3 2 2 2 2 1 2 2 2
1671727160 487 83 11 7 6 4 4 4 4 0 3 3 2 2 2 2 2 2 2 2
1674721667 487 83 11 7 6 4 4 4 4 0 3 3 2 2 2 2 2 2 2 2
1675691301 487 83 11 7 6 4 4 4 4 1 3 3 2 2 2 2 2 2 2 2
1675692165 487 83 11 7 6 4 4 4 4 2 3 3 2 2 2 2 2 2 2 2
1676067319 487 84 11 7 6 4 4 4 4 2 3 3 2 2 2 2 2 2 2 2
1676071778 487 85 11 7 6 4 4 4 4 2 3 3 2 2 2 2 2 2 2 2
1676072617 487 86 11 7 6 4 4 4 4 2 3 3 2 2 2 2 2 2 2 2
1676075956 487 87 11 7 6 4 4 4 4 2 3 3 2 2 2 2 2 2 2 2
1676086506 487 88 11 7 6 4 4 4 4 2 3 3 2 2 2 2 2 2 2 2
1677511754 487 88 11 7 6 4 4 4 4 2 3 3 2 2 2 2 2 2 2 2
1677520565 487 89 11 7 6 4 4 4 4 2 3 3 2 2 2 2 2 2 2 2
1677524167 487 90 11 7 6 4 4 4 4 2 3 3 2 2 2 2 2 2 2 2
1677524301 487 91 11 7 6 4 4 4 4 2 3 3 2 2 2 2 2 2 2 2
1677556044 487 92 11 7 6 4 4 4 4 2 3 3 2 2 2 2 2 2 2 2
1677901845 487 93 11 7 6 4 4 4 4 2 3 3 2 2 2 2 2 2 2 2
1678131316 487 93 11 7 6 4 4 4 4 2 3 3 2 2 2 2 2 2 2 2
1680596853 487 94 11 7 6 4 4 4 4 2 3 3 2 2 2 2 2 2 2 2
1680670148 487 95 11 7 6 4 4 4 4 2 3 3 2 2 2 2 2 2 2 2
1681478053 487 95 11 7 6 5 4 4 4 2 3 3 2 2 2 2 2 2 2 2
1682083786 487 96 11 7 6 5 4 4 4 2 3 3 2 2 2 2 2 2 2 2
1682530577 487 96 11 7 6 5 4 4 4 3 3 3 2 2 2 2 2 2 2 2
1684227431 487 96 11 7 6 5 4 4 4 3 3 3 2 2 2 2 2 2 2 2
1684508267 487 97 11 7 6 5 4 4 4 3 3 3 2 2 2 2 2 2 2 2
1684535491 487 98 11 7 6 5 4 4 4 3 3 3 2 2 2 2 2 2 2 2
1684547783 487 99 11 7 6 5 4 4 4 3 3 3 2 2 2 2 2 2 2 2
1685463929 487 99 11 7 6 5 4 4 4 4 3 3 2 2 2 2 2 2 2 2
1685969163 487 100 11 7 6 5 4 4 4 4 3 3 2 2 2 2 2 2 2 2
1688074500 487 100 11 7 6 5 4 4 4 4 3 3 2 2 2 2 2 2 2 2
1689526404 487 101 11 7 6 5 4 4 4 4 3 3 2 2 2 2 2 2 2 2
