1424878617 5004 0 0 0 0 0 0 0 0 0 0 0 0 0 0 0 0 0 0 0
1424902734 5110 0 0 0 0 0 0 0 0 0 0 0 0 0 0 0 0 0 0 0
1424957493 5117 0 0 0 0 0 0 0 0 0 0 0 0 0 0 0 0 0 0 0
1424957637 5124 0 0 0 0 0 0 0 0 0 0 0 0 0 0 0 0 0 0 0
1425122916 5216 0 0 0 0 0 0 0 0 0 0 0 0 0 0 0 0 0 0 0
1425227074 5220 0 0 0 0 0 0 0 0 0 0 0 0 0 0 0 0 0 0 0
1425255562 5222 0 0 0 0 0 0 0 0 0 0 0 0 0 0 0 0 0 0 0
1425852191 5265 0 0 0 0 0 0 0 0 0 0 0 0 0 0 0 0 0 0 0
1425852307 5266 0 0 0 0 0 0 0 0 0 0 0 0 0 0 0 0 0 0 0
1425852415 5276 0 0 0 0 0 0 0 0 0 0 0 0 0 0 0 0 0 0 0
1427296143 5277 0 0 0 0 0 0 0 0 0 0 0 0 0 0 0 0 0 0 0
1429051532 5280 0 0 0 0 0 0 0 0 0 0 0 0 0 0 0 0 0 0 0
1429053699 5285 0 0 0 0 0 0 0 0 0 0 0 0 0 0 0 0 0 0 0
1436495816 5853 0 0 0 0 0 0 0 0 0 0 0 0 0 0 0 0 0 0 0
1440806544 7765 0 0 0 0 0 0 0 0 0 0 0 0 0 0 0 0 0 0 0
1440806803 7773 0 0 0 0 0 0 0 0 0 0 0 0 0 0 0 0 0 0 0
1441982143 7868 0 0 0 0 0 0 0 0 0 0 0 0 0 0 0 0 0 0 0
1444576117 7874 0 0 0 0 0 0 0 0 0 0 0 0 0 0 0 0 0 0 0
1445130100 7907 0 0 0 0 0 0 0 0 0 0 0 0 0 0 0 0 0 0 0
1445130759 7923 0 0 0 0 0 0 0 0 0 0 0 0 0 0 0 0 0 0 0
1445727515 11183 0 0 0 0 0 0 0 0 0 0 0 0 0 0 0 0 0 0 0
1445816166 11191 0 0 0 0 0 0 0 0 0 0 0 0 0 0 0 0 0 0 0
1446468673 11215 0 0 0 0 0 0 0 0 0 0 0 0 0 0 0 0 0 0 0
1446470099 11241 0 0 0 0 0 0 0 0 0 0 0 0 0 0 0 0 0 0 0
1446691488 13086 0 0 0 0 0 0 0 0 0 0 0 0 0 0 0 0 0 0 0
1446822851 13319 0 0 0 0 0 0 0 0 0 0 0 0 0 0 0 0 0 0 0
1447124179 13386 0 0 0 0 0 0 0 0 0 0 0 0 0 0 0 0 0 0 0
1447160681 13444 0 0 0 0 0 0 0 0 0 0 0 0 0 0 0 0 0 0 0
1448849999 17451 0 0 0 0 0 0 0 0 0 0 0 0 0 0 0 0 0 0 0
1448850224 17452 0 0 0 0 0 0 0 0 0 0 0 0 0 0 0 0 0 0 0
1448857361 17454 0 0 0 0 0 0 0 0 0 0 0 0 0 0 0 0 0 0 0
1448862108 17522 0 0 0 0 0 0 0 0 0 0 0 0 0 0 0 0 0 0 0
1448887747 17601 0 0 0 0 0 0 0 0 0 0 0 0 0 0 0 0 0 0 0
1449054403 17755 0 0 0 0 0 0 0 0 0 0 0 0 0 0 0 0 0 0 0
1449062081 17773 0 0 0 0 0 0 0 0 0 0 0 0 0 0 0 0 0 0 0
1449067586 17817 0 0 0 0 0 0 0 0 0 0 0 0 0 0 0 0 0 0 0
1449498912 17935 0 0 0 0 0 0 0 0 0 0 0 0 0 0 0 0 0 0 0
1449539057 17947 0 0 0 0 0 0 0 0 0 0 0 0 0 0 0 0 0 0 0
1449540986 17982 0 0 0 0 0 0 0 0 0 0 0 0 0 0 0 0 0 0 0
1449545904 17983 0 0 0 0 0 0 0 0 0 0 0 0 0 0 0 0 0 0 0
1450047192 17986 0 0 0 0 0 0 0 0 0 0 0 0 0 0 0 0 0 0 0
1450048192 17991 0 0 0 0 0 0 0 0 0 0 0 0 0 0 0 0 0 0 0
1450048269 17992 0 0 0 0 0 0 0 0 0 0 0 0 0 0 0 0 0 0 0
1450048327 17993 0 0 0 0 0 0 0 0 0 0 0 0 0 0 0 0 0 0 0
1450049042 17999 0 0 0 0 0 0 0 0 0 0 0 0 0 0 0 0 0 0 0
1450050530 18011 0 0 0 0 0 0 0 0 0 0 0 0 0 0 0 0 0 0 0
1450052914 18019 0 0 0 0 0 0 0 0 0 0 0 0 0 0 0 0 0 0 0
1450053537 18032 0 0 0 0 0 0 0 0 0 0 0 0 0 0 0 0 0 0 0
1450053951 18033 0 0 0 0 0 0 0 0 0 0 0 0 0 0 0 0 0 0 0
1450353453 18188 0 0 0 0 0 0 0 0 0 0 0 0 0 0 0 0 0 0 0
1450391867 18190 0 0 0 0 0 0 0 0 0 0 0 0 0 0 0 0 0 0 0
1450409893 18293 0 0 0 0 0 0 0 0 0 0 0 0 0 0 0 0 0 0 0
1450411258 18296 0 0 0 0 0 0 0 0 0 0 0 0 0 0 0 0 0 0 0
1450412380 18297 0 0 0 0 0 0 0 0 0 0 0 0 0 0 0 0 0 0 0
1450841288 18383 0 0 0 0 0 0 0 0 0 0 0 0 0 0 0 0 0 0 0
1450842467 18385 0 0 0 0 0 0 0 0 0 0 0 0 0 0 0 0 0 0 0
1450877898 18411 0 0 0 0 0 0 0 0 0 0 0 0 0 0 0 0 0 0 0
1451663523 18413 0 0 0 0 0 0 0 0 0 0 0 0 0 0 0 0 0 0 0
1452492729 18899 0 0 0 0 0 0 0 0 0 0 0 0 0 0 0 0 0 0 0
1452494011 18910 0 0 0 0 0 0 0 0 0 0 0 0 0 0 0 0 0 0 0
1452643807 18922 0 0 0 0 0 0 0 0 0 0 0 0 0 0 0 0 0 0 0
1453518658 19112 0 0 0 0 0 0 0 0 0 0 0 0 0 0 0 0 0 0 0
1453519835 19114 0 0 0 0 0 0 0 0 0 0 0 0 0 0 0 0 0 0 0
1453520983 19115 0 0 0 0 0 0 0 0 0 0 0 0 0 0 0 0 0 0 0
1453597819 19124 0 0 0 0 0 0 0 0 0 0 0 0 0 0 0 0 0 0 0
1453602558 19144 0 0 0 0 0 0 0 0 0 0 0 0 0 0 0 0 0 0 0
1453642632 19146 0 0 0 0 0 0 0 0 0 0 0 0 0 0 0 0 0 0 0
1453867307 19149 0 0 0 0 0 0 0 0 0 0 0 0 0 0 0 0 0 0 0
1454687925 21278 0 0 0 0 0 0 0 0 0 0 0 0 0 0 0 0 0 0 0
1454696630 21285 0 0 0 0 0 0 0 0 0 0 0 0 0 0 0 0 0 0 0
1454697058 21285 0 0 0 0 0 0 0 0 0 0 0 0 0 0 0 0 0 0 0
1454780992 21289 0 0 0 0 0 0 0 0 0 0 0 0 0 0 0 0 0 0 0
1454781094 21290 0 0 0 0 0 0 0 0 0 0 0 0 0 0 0 0 0 0 0
1454782295 21306 0 0 0 0 0 0 0 0 0 0 0 0 0 0 0 0 0 0 0
1454782430 21308 0 0 0 0 0 0 0 0 0 0 0 0 0 0 0 0 0 0 0
1454783537 21322 0 0 0 0 0 0 0 0 0 0 0 0 0 0 0 0 0 0 0
1454783706 21324 0 0 0 0 0 0 0 0 0 0 0 0 0 0 0 0 0 0 0
1454792896 21452 0 0 0 0 0 0 0 0 0 0 0 0 0 0 0 0 0 0 0
1454794856 21458 0 0 0 0 0 0 0 0 0 0 0 0 0 0 0 0 0 0 0
1454795711 21458 0 0 0 0 0 0 0 0 0 0 0 0 0 0 0 0 0 0 0
1454796422 21461 0 0 0 0 0 0 0 0 0 0 0 0 0 0 0 0 0 0 0
1454797194 21466 0 0 0 0 0 0 0 0 0 0 0 0 0 0 0 0 0 0 0
1454797293 21467 0 0 0 0 0 0 0 0 0 0 0 0 0 0 0 0 0 0 0
1454797624 21468 0 0 0 0 0 0 0 0 0 0 0 0 0 0 0 0 0 0 0
1454799472 21469 0 0 0 0 0 0 0 0 0 0 0 0 0 0 0 0 0 0 0
1454800656 21472 0 0 0 0 0 0 0 0 0 0 0 0 0 0 0 0 0 0 0
1454806539 21477 0 0 0 0 0 0 0 0 0 0 0 0 0 0 0 0 0 0 0
1455202471 21514 0 0 0 0 0 0 0 0 0 0 0 0 0 0 0 0 0 0 0
1455202720 21514 0 0 0 0 0 0 0 0 0 0 0 0 0 0 0 0 0 0 0
1455203377 21522 0 0 0 0 0 0 0 0 0 0 0 0 0 0 0 0 0 0 0
1455206029 21538 0 0 0 0 0 0 0 0 0 0 0 0 0 0 0 0 0 0 0
1455208363 21541 0 0 0 0 0 0 0 0 0 0 0 0 0 0 0 0 0 0 0
1455209932 21602 0 0 0 0 0 0 0 0 0 0 0 0 0 0 0 0 0 0 0
1455210256 21623 0 0 0 0 0 0 0 0 0 0 0 0 0 0 0 0 0 0 0
1455210609 21626 0 0 0 0 0 0 0 0 0 0 0 0 0 0 0 0 0 0 0
1455210983 21627 0 0 0 0 0 0 0 0 0 0 0 0 0 0 0 0 0 0 0
1455211653 21628 0 0 0 0 0 0 0 0 0 0 0 0 0 0 0 0 0 0 0
1455212505 21629 0 0 0 0 0 0 0 0 0 0 0 0 0 0 0 0 0 0 0
1455213499 21644 0 0 0 0 0 0 0 0 0 0 0 0 0 0 0 0 0 0 0
1455214600 21649 0 0 0 0 0 0 0 0 0 0 0 0 0 0 0 0 0 0 0
1455214748 21650 0 0 0 0 0 0 0 0 0 0 0 0 0 0 0 0 0 0 0
1455215242 21653 0 0 0 0 0 0 0 0 0 0 0 0 0 0 0 0 0 0 0
1455215923 21655 0 0 0 0 0 0 0 0 0 0 0 0 0 0 0 0 0 0 0
1455217251 21660 0 0 0 0 0 0 0 0 0 0 0 0 0 0 0 0 0 0 0
1455218078 21665 0 0 0 0 0 0 0 0 0 0 0 0 0 0 0 0 0 0 0
1455218244 21666 0 0 0 0 0 0 0 0 0 0 0 0 0 0 0 0 0 0 0
1455218376 21668 0 0 0 0 0 0 0 0 0 0 0 0 0 0 0 0 0 0 0
1455218444 21668 0 0 0 0 0 0 0 0 0 0 0 0 0 0 0 0 0 0 0
1455218482 21670 0 0 0 0 0 0 0 0 0 0 0 0 0 0 0 0 0 0 0
1455219879 21674 0 0 0 0 0 0 0 0 0 0 0 0 0 0 0 0 0 0 0
1455220319 21675 0 0 0 0 0 0 0 0 0 0 0 0 0 0 0 0 0 0 0
1455223751 21688 0 0 0 0 0 0 0 0 0 0 0 0 0 0 0 0 0 0 0
1455223817 21689 0 0 0 0 0 0 0 0 0 0 0 0 0 0 0 0 0 0 0
1455225358 21693 0 0 0 0 0 0 0 0 0 0 0 0 0 0 0 0 0 0 0
1455225538 21694 0 0 0 0 0 0 0 0 0 0 0 0 0 0 0 0 0 0 0
1455226550 21702 0 0 0 0 0 0 0 0 0 0 0 0 0 0 0 0 0 0 0
1455227185 21702 0 0 0 0 0 0 0 0 0 0 0 0 0 0 0 0 0 0 0
1455228857 21704 0 0 0 0 0 0 0 0 0 0 0 0 0 0 0 0 0 0 0
1455229550 21706 0 0 0 0 0 0 0 0 0 0 0 0 0 0 0 0 0 0 0
1455232111 21707 0 0 0 0 0 0 0 0 0 0 0 0 0 0 0 0 0 0 0
1455232888 21708 0 0 0 0 0 0 0 0 0 0 0 0 0 0 0 0 0 0 0
1455233936 21709 0 0 0 0 0 0 0 0 0 0 0 0 0 0 0 0 0 0 0
1455237022 21713 0 0 0 0 0 0 0 0 0 0 0 0 0 0 0 0 0 0 0
1455288994 21744 0 0 0 0 0 0 0 0 0 0 0 0 0 0 0 0 0 0 0
1456345773 26255 0 0 0 0 0 0 0 0 0 0 0 0 0 0 0 0 0 0 0
1456346837 26255 0 0 0 0 0 0 0 0 0 0 0 0 0 0 0 0 0 0 0
1460561811 29252 0 0 0 0 0 0 0 0 0 0 0 0 0 0 0 0 0 0 0
1460590586 29255 0 0 0 0 0 0 0 0 0 0 0 0 0 0 0 0 0 0 0
1460599857 34394 0 0 0 0 0 0 0 0 0 0 0 0 0 0 0 0 0 0 0
1460647965 34619 0 0 0 0 0 0 0 0 0 0 0 0 0 0 0 0 0 0 0
1460682537 39465 0 0 0 0 0 0 0 0 0 0 0 0 0 0 0 0 0 0 0
1461121994 39467 0 0 0 0 0 0 0 0 0 0 0 0 0 0 0 0 0 0 0
1461162245 39469 0 0 0 0 0 0 0 0 0 0 0 0 0 0 0 0 0 0 0
1461162324 39469 0 0 0 0 0 0 0 0 0 0 0 0 0 0 0 0 0 0 0
1461804168 39470 0 0 0 0 0 0 0 0 0 0 0 0 0 0 0 0 0 0 0
1461821356 39605 0 0 0 0 0 0 0 0 0 0 0 0 0 0 0 0 0 0 0
1461863653 39642 0 0 0 0 0 0 0 0 0 0 0 0 0 0 0 0 0 0 0
1461893265 39644 0 0 0 0 0 0 0 0 0 0 0 0 0 0 0 0 0 0 0
1461894078 39650 0 0 0 0 0 0 0 0 0 0 0 0 0 0 0 0 0 0 0
1461902673 39652 0 0 0 0 0 0 0 0 0 0 0 0 0 0 0 0 0 0 0
1462256126 39655 0 0 0 0 0 0 0 0 0 0 0 0 0 0 0 0 0 0 0
1462256414 39655 0 0 0 0 0 0 0 0 0 0 0 0 0 0 0 0 0 0 0
1462258292 39656 0 0 0 0 0 0 0 0 0 0 0 0 0 0 0 0 0 0 0
1463963606 41853 0 0 0 0 0 0 0 0 0 0 0 0 0 0 0 0 0 0 0
1463966029 41854 0 0 0 0 0 0 0 0 0 0 0 0 0 0 0 0 0 0 0
1465413101 41854 0 0 0 0 0 0 0 0 0 0 0 0 0 0 0 0 0 0 0
1465476592 41854 0 0 0 0 0 0 0 0 0 0 0 0 0 0 0 0 0 0 0
1465512730 41854 0 0 0 0 0 0 0 0 0 0 0 0 0 0 0 0 0 0 0
1466295263 50728 0 0 0 0 0 0 0 0 0 0 0 0 0 0 0 0 0 0 0
1466298934 50922 0 0 0 0 0 0 0 0 0 0 0 0 0 0 0 0 0 0 0
1466299324 50924 0 0 0 0 0 0 0 0 0 0 0 0 0 0 0 0 0 0 0
1466299556 50925 0 0 0 0 0 0 0 0 0 0 0 0 0 0 0 0 0 0 0
1466385223 50928 0 0 0 0 0 0 0 0 0 0 0 0 0 0 0 0 0 0 0
1466385490 50931 0 0 0 0 0 0 0 0 0 0 0 0 0 0 0 0 0 0 0
1466611956 51076 0 0 0 0 0 0 0 0 0 0 0 0 0 0 0 0 0 0 0
1466692139 51108 0 0 0 0 0 0 0 0 0 0 0 0 0 0 0 0 0 0 0
1466717687 51109 0 0 0 0 0 0 0 0 0 0 0 0 0 0 0 0 0 0 0
1467587136 51241 0 0 0 0 0 0 0 0 0 0 0 0 0 0 0 0 0 0 0
1467589750 51247 0 0 0 0 0 0 0 0 0 0 0 0 0 0 0 0 0 0 0
1468192663 51407 0 0 0 0 0 0 0 0 0 0 0 0 0 0 0 0 0 0 0
1468240170 51407 0 0 0 0 0 0 0 0 0 0 0 0 0 0 0 0 0 0 0
1468240320 51407 0 0 0 0 0 0 0 0 0 0 0 0 0 0 0 0 0 0 0
1468242839 51407 0 0 0 0 0 0 0 0 0 0 0 0 0 0 0 0 0 0 0
1468704349 51873 0 0 0 0 0 0 0 0 0 0 0 0 0 0 0 0 0 0 0
1470263262 58380 0 0 0 0 0 0 0 0 0 0 0 0 0 0 0 0 0 0 0
1470265403 58385 0 0 0 0 0 0 0 0 0 0 0 0 0 0 0 0 0 0 0
1471215331 58482 0 0 0 0 0 0 0 0 0 0 0 0 0 0 0 0 0 0 0
1471229908 58496 0 0 0 0 0 0 0 0 0 0 0 0 0 0 0 0 0 0 0
1471408705 59489 0 0 0 0 0 0 0 0 0 0 0 0 0 0 0 0 0 0 0
1471410164 59524 0 0 0 0 0 0 0 0 0 0 0 0 0 0 0 0 0 0 0
1471411162 59532 0 0 0 0 0 0 0 0 0 0 0 0 0 0 0 0 0 0 0
1471568917 59574 0 0 0 0 0 0 0 0 0 0 0 0 0 0 0 0 0 0 0
1471569366 59599 0 0 0 0 0 0 0 0 0 0 0 0 0 0 0 0 0 0 0
1472946762 59727 0 0 0 0 0 0 0 0 0 0 0 0 0 0 0 0 0 0 0
1472948368 69921 0 0 0 0 0 0 0 0 0 0 0 0 0 0 0 0 0 0 0
1472948809 69926 0 0 0 0 0 0 0 0 0 0 0 0 0 0 0 0 0 0 0
1472950180 69926 0 0 0 0 0 0 0 0 0 0 0 0 0 0 0 0 0 0 0
1473000663 69938 0 0 0 0 0 0 0 0 0 0 0 0 0 0 0 0 0 0 0
1473033074 70001 0 0 0 0 0 0 0 0 0 0 0 0 0 0 0 0 0 0 0
1473038969 70016 0 0 0 0 0 0 0 0 0 0 0 0 0 0 0 0 0 0 0
1473078532 70033 0 0 0 0 0 0 0 0 0 0 0 0 0 0 0 0 0 0 0
1473090673 70049 0 0 0 0 0 0 0 0 0 0 0 0 0 0 0 0 0 0 0
1473091637 70053 0 0 0 0 0 0 0 0 0 0 0 0 0 0 0 0 0 0 0
1473111407 70053 0 0 0 0 0 0 0 0 0 0 0 0 0 0 0 0 0 0 0
1473112919 70075 0 0 0 0 0 0 0 0 0 0 0 0 0 0 0 0 0 0 0
1473125407 70083 0 0 0 0 0 0 0 0 0 0 0 0 0 0 0 0 0 0 0
1473126617 70089 0 0 0 0 0 0 0 0 0 0 0 0 0 0 0 0 0 0 0
1473131881 70094 0 0 0 0 0 0 0 0 0 0 0 0 0 0 0 0 0 0 0
1473553579 70147 0 0 0 0 0 0 0 0 0 0 0 0 0 0 0 0 0 0 0
1474211147 70176 0 0 0 0 0 0 0 0 0 0 0 0 0 0 0 0 0 0 0
1474721978 70176 0 0 0 0 0 0 0 0 0 0 0 0 0 0 0 0 285 0 0
1474731149 70176 0 0 0 0 0 0 0 0 0 0 0 0 0 0 0 0 354 0 0
1474761559 70176 0 0 0 0 0 0 0 0 0 0 0 0 0 0 0 0 354 0 0
1475080375 71087 0 0 0 0 0 0 0 0 0 0 0 0 0 0 0 0 354 0 0
1475152231 71088 0 0 0 0 0 0 0 0 0 0 0 0 0 0 0 0 354 0 0
1475942715 71088 0 0 0 282 0 0 0 0 0 0 0 0 0 0 0 0 354 0 0
1475942734 71088 0 0 0 444 0 0 0 0 0 0 0 0 0 0 0 0 354 0 0
1475947058 71088 0 0 0 444 0 0 0 0 0 0 0 0 0 0 0 0 354 0 0
1475947081 71088 0 0 0 485 0 0 0 0 0 0 0 0 0 0 0 0 354 0 0
1475949681 71088 0 0 0 486 0 0 0 0 0 0 0 0 0 0 0 0 354 0 0
1475949697 71088 0 0 0 486 0 0 0 0 0 0 0 0 0 0 0 0 354 0 0
1475968376 71088 0 0 0 486 0 0 0 0 0 0 0 0 0 0 0 0 354 0 0
1476699929 71088 0 0 0 486 0 0 0 0 0 0 0 0 0 0 0 0 354 0 0
1476701438 71088 0 0 0 486 0 0 0 0 0 0 0 0 0 0 0 0 354 0 0
1476702289 71089 0 0 0 486 0 0 0 0 0 0 0 0 0 0 0 0 354 0 0
1476714591 71092 0 0 0 486 0 0 0 0 0 0 0 0 0 0 0 0 354 0 0
1478120251 71704 0 0 0 486 0 0 0 0 0 0 0 0 0 0 0 0 354 0 0
1479655266 71755 0 0 0 486 0 0 0 0 0 0 0 0 0 0 0 0 354 0 0
1479828394 71756 0 0 0 486 0 0 0 0 0 0 0 0 0 0 0 0 354 0 0
1479935503 71758 0 0 0 486 0 0 0 0 0 0 0 0 0 0 0 0 354 0 0
1479939157 71774 0 0 0 486 0 0 0 0 0 0 0 0 0 0 0 0 354 0 0
1479940195 71776 0 0 0 486 0 0 0 0 0 0 0 0 0 0 0 0 354 0 0
1479940687 71779 0 0 0 486 0 0 0 0 0 0 0 0 0 0 0 0 354 0 0
1479940973 71780 0 0 0 486 0 0 0 0 0 0 0 0 0 0 0 0 354 0 0
1479941081 71781 0 0 0 486 0 0 0 0 0 0 0 0 0 0 0 0 354 0 0
1479941430 71781 0 0 0 486 0 0 0 0 0 0 0 0 0 0 0 0 354 0 0
1480788659 71912 0 0 0 486 0 0 0 0 0 0 0 0 0 0 0 0 354 0 0
1480789975 71936 0 0 0 486 0 0 0 0 0 0 0 0 0 0 0 0 354 0 0
1481502095 71956 0 0 0 486 0 0 0 0 0 0 0 0 0 0 0 0 354 0 0
1481808700 72950 0 0 0 486 0 0 0 0 0 0 0 0 0 0 0 0 354 0 0
1481937387 72952 0 0 0 486 0 0 0 0 0 0 0 0 0 0 0 0 354 0 0
1481986274 72962 0 0 0 486 0 0 0 0 0 0 0 0 0 0 0 0 354 0 0
1484135348 72962 0 276 0 486 0 0 0 0 0 0 0 0 0 0 0 0 354 0 0
1484141480 72962 0 310 0 486 0 0 0 0 0 0 0 0 0 0 0 0 354 0 0
1484142440 72962 0 317 0 486 0 0 0 0 0 0 0 0 0 0 0 0 354 0 0
1484226886 72962 0 623 0 486 0 0 0 0 0 0 0 0 0 0 0 0 354 0 0
1484227955 72962 0 627 0 486 0 0 0 0 0 0 0 0 0 0 0 0 354 0 0
1484298628 72962 0 646 0 486 0 0 0 0 0 0 0 0 0 0 0 0 354 0 0
1485023832 72962 0 764 0 486 0 0 0 0 0 0 0 0 0 0 0 0 354 0 0
1485023920 72962 0 764 0 486 0 0 0 0 0 0 0 0 0 0 0 0 354 0 0
1485024458 72962 0 804 0 486 0 0 0 0 0 0 0 0 0 0 0 0 354 0 0
1485035100 72962 0 838 0 486 0 0 0 0 0 0 0 0 0 0 0 0 354 0 0
1485121392 72962 0 838 0 486 0 0 0 0 0 0 0 0 0 0 0 0 354 0 0
1485158777 72962 0 840 0 486 0 0 0 0 0 0 0 0 0 0 0 0 354 0 0
1485178184 72962 0 840 0 486 0 0 0 0 0 0 0 0 0 0 0 0 354 0 0
1486897900 75644 0 840 0 486 0 0 0 0 0 0 0 0 0 0 0 0 354 0 0
1487464123 75654 0 840 0 486 0 0 0 0 0 0 0 0 0 0 0 0 354 0 0
1489839667 76849 0 840 0 486 0 0 0 0 0 0 0 0 0 0 0 0 354 0 0
1489848743 77351 0 840 0 486 0 0 0 0 0 0 0 0 0 0 0 0 354 0 0
1491876315 77351 0 840 0 486 0 0 0 0 0 0 0 0 0 0 0 0 354 0 0
1491914781 77351 0 840 0 486 0 0 0 0 0 0 0 0 0 0 0 0 354 0 0
1491942340 77355 0 840 0 486 0 0 0 0 0 0 0 0 0 0 0 0 354 0 0
1492756926 77363 0 840 0 486 0 0 0 0 0 0 0 0 0 0 0 0 354 0 0
1492758274 77388 0 840 0 486 0 0 0 0 0 0 0 0 0 0 0 0 354 0 0
1492819526 77391 0 840 0 486 0 0 0 0 0 0 0 0 0 0 0 0 354 0 0
1492820866 77399 0 840 0 486 0 0 0 0 0 0 0 0 0 0 0 0 354 0 0
1494378857 78342 0 840 0 486 0 0 0 0 0 0 0 0 0 0 0 0 354 0 0
1494379318 78643 0 840 0 486 0 0 0 0 0 0 0 0 0 0 0 0 354 0 0
1494387124 78645 0 840 0 486 0 0 0 0 0 0 0 0 0 0 0 0 354 0 0
1496334860 78647 0 840 0 486 0 0 0 0 0 0 0 0 0 0 0 0 354 0 0
1497480742 78680 0 840 0 486 0 0 0 0 0 0 0 0 0 0 0 0 354 0 0
1497489019 78685 0 840 0 486 0 0 0 0 0 0 0 0 0 0 0 0 354 0 0
1497490245 78692 0 840 0 486 0 0 0 0 0 0 0 0 0 0 0 0 354 0 0
1497490500 78700 0 840 0 486 0 0 0 0 0 0 0 0 0 0 0 0 354 0 0
1497525652 78701 0 840 0 486 0 0 0 0 0 0 0 0 0 0 0 0 354 0 0
1497794002 78790 0 840 0 486 0 0 0 0 0 0 0 0 0 0 0 0 354 0 0
1497794223 78791 0 840 0 486 0 0 0 0 0 0 0 0 0 0 0 0 354 0 0
1497938173 78791 0 840 0 486 0 0 0 0 0 0 0 0 0 0 0 0 354 0 0
1497962631 78791 0 840 0 486 0 0 0 0 0 0 0 0 0 0 0 0 354 0 0
1499639248 81736 0 840 0 486 0 0 0 0 0 0 0 0 0 0 0 0 354 0 0
1499640909 81749 0 840 0 486 0 0 0 0 0 0 0 0 0 0 0 0 354 0 0
1499641569 81752 0 840 0 486 0 0 0 0 0 0 0 0 0 0 0 0 354 0 0
1504233255 83309 0 840 0 486 0 0 0 0 0 0 0 0 0 0 0 0 354 0 0
1506500594 83309 0 840 0 486 0 0 0 0 0 0 0 0 0 0 0 0 354 0 0
1506611433 83309 0 840 0 486 0 0 0 0 0 0 0 0 0 0 0 0 354 0 0
1508196221 89279 0 840 0 486 0 0 0 0 0 0 0 0 0 0 0 0 354 0 0
1508196849 89281 0 840 0 486 0 0 0 0 0 0 0 0 0 0 0 0 354 0 0
1508199885 89283 0 840 0 486 0 0 0 0 0 0 0 0 0 0 0 0 354 0 0
1511107980 89389 0 840 0 486 0 0 0 0 0 0 0 0 0 0 0 0 354 0 0
1511109647 89397 0 840 0 486 0 0 0 0 0 0 0 0 0 0 0 0 354 0 0
1511110335 89398 0 840 0 486 0 0 0 0 0 0 0 0 0 0 0 0 354 0 0
1511110432 89406 0 840 0 486 0 0 0 0 0 0 0 0 0 0 0 0 354 0 0
1511110529 89407 0 840 0 486 0 0 0 0 0 0 0 0 0 0 0 0 354 0 0
1511319288 89408 0 840 0 486 0 0 0 0 0 0 0 0 0 0 0 0 354 0 0
1512182476 89410 0 840 0 486 0 0 0 0 0 0 0 0 0 0 0 0 354 0 0
1512676136 89410 0 840 0 486 0 0 0 116 0 0 0 0 0 0 0 0 354 0 0
1513196436 89410 0 840 0 486 0 0 0 117 0 0 0 0 0 0 0 0 354 0 0
1514279844 89410 0 840 0 486 0 0 0 117 0 0 0 0 0 0 0 0 354 0 0
1514281473 91206 0 840 0 486 0 0 0 117 0 0 0 0 0 0 0 0 354 0 0
1515906238 91222 0 840 0 486 0 0 0 117 0 0 0 0 0 0 0 0 354 0 0
1515925781 91224 0 840 0 486 0 0 0 117 0 0 0 0 0 0 0 0 354 0 0
1515984935 91225 0 840 0 486 0 0 0 117 0 0 0 0 0 0 0 0 354 0 0
1516046906 91240 0 840 0 486 0 0 0 117 0 0 0 0 0 0 0 0 354 0 0
1517137267 91245 0 840 0 486 0 0 0 117 0 0 0 0 0 0 0 0 354 0 0
1517439652 93279 0 840 0 486 0 0 0 117 0 0 0 0 0 0 0 0 354 0 0
1517767901 93354 0 840 0 486 0 0 0 117 0 0 0 0 0 0 0 0 354 0 0
1517768193 93355 0 840 0 486 0 0 0 117 0 0 0 0 0 0 0 0 354 0 0
1517824117 93387 0 840 0 486 0 0 0 117 0 0 0 0 0 0 0 0 354 0 0
1517827161 93389 0 840 0 486 0 0 0 117 0 0 0 0 0 0 0 0 354 0 0
1517830783 93400 0 840 0 486 0 0 0 117 0 0 0 0 0 0 0 0 354 0 0
1517847890 93403 0 840 0 486 0 0 0 117 0 0 0 0 0 0 0 0 354 0 0
1518791485 93404 0 840 0 486 0 0 0 117 0 0 0 0 0 0 0 0 354 0 0
1518791695 93982 0 840 0 486 0 0 0 117 0 0 0 0 0 0 0 0 354 0 0
1522196972 99820 0 840 0 486 0 0 0 117 0 0 0 0 0 0 0 0 354 0 0
1522199471 99822 0 840 0 486 0 0 0 117 0 0 0 0 0 0 0 0 354 0 0
1522207313 99824 0 840 0 486 0 0 0 117 0 0 0 0 0 0 0 0 354 0 0
1522862501 99827 0 840 0 486 0 0 0 117 0 0 0 0 0 0 0 0 354 0 0
1523598456 99841 0 840 0 486 0 0 0 117 0 0 0 0 0 0 0 0 354 0 0
1523598912 99842 0 840 0 486 0 0 0 117 0 0 0 0 0 0 0 0 354 0 0
1523599226 99843 0 840 0 486 0 0 0 117 0 0 0 0 0 0 0 0 354 0 0
1523599571 99844 0 840 0 486 0 0 0 117 0 0 0 0 0 0 0 0 354 0 0
1523980487 99844 0 840 0 486 0 0 0 117 0 0 0 0 0 0 0 0 354 0 0
1523994722 99844 0 840 0 486 0 0 0 117 0 0 0 0 0 0 0 0 354 0 0
1524688218 99845 0 840 0 486 0 0 0 117 0 0 0 0 0 0 0 0 354 0 0
1526491681 99847 0 840 0 486 0 0 0 117 0 0 0 0 0 0 0 0 354 0 0
1526506822 99849 0 840 0 486 0 0 0 117 0 0 0 0 0 0 0 0 354 0 0
1526591103 99849 0 840 0 486 0 0 0 231 0 0 0 0 0 0 0 0 354 0 0
1526593572 99850 0 840 0 486 0 0 0 231 0 0 0 0 0 0 0 0 354 0 0
1526600194 99850 0 840 0 486 0 0 0 301 0 0 0 0 0 0 0 0 354 0 0
1526646853 99850 0 840 0 486 0 0 0 301 0 0 0 0 0 0 0 0 354 0 0
1527126008 99851 0 840 0 486 0 0 0 301 0 0 0 0 0 0 0 0 354 0 0
1527815529 99856 0 840 0 486 0 0 0 301 0 0 0 0 0 0 0 0 354 0 0
1527860461 99868 0 840 0 486 0 0 0 301 0 0 0 0 0 0 0 0 354 0 0
1528844229 99868 0 840 0 486 0 0 0 301 0 0 0 0 0 0 0 0 354 0 0
1528956930 99868 0 840 0 486 0 0 0 301 0 0 0 0 0 0 0 0 354 0 0
1528965742 99942 0 840 0 486 0 0 0 301 0 0 0 0 0 0 0 0 354 0 0
1529261924 99948 0 840 0 486 0 0 0 301 0 0 0 0 0 0 0 0 354 0 0
1529646081 99950 0 840 0 486 0 0 0 301 0 0 0 0 0 0 0 0 354 0 0
1529647668 99961 0 840 0 486 0 0 0 301 0 0 0 0 0 0 0 0 354 0 0
1529647823 99962 0 840 0 486 0 0 0 301 0 0 0 0 0 0 0 0 354 0 0
1529654367 99988 0 840 0 486 0 0 0 301 0 0 0 0 0 0 0 0 354 0 0
1529654693 100010 0 840 0 486 0 0 0 301 0 0 0 0 0 0 0 0 354 0 0
1529657741 100030 0 840 0 486 0 0 0 301 0 0 0 0 0 0 0 0 354 0 0
1529657955 100031 0 840 0 486 0 0 0 301 0 0 0 0 0 0 0 0 354 0 0
1529658420 100034 0 840 0 486 0 0 0 301 0 0 0 0 0 0 0 0 354 0 0
1529658655 100043 0 840 0 486 0 0 0 301 0 0 0 0 0 0 0 0 354 0 0
1530246709 103685 0 840 0 486 0 0 0 301 0 0 0 0 0 0 0 0 354 0 0
1530758835 103889 0 840 0 486 0 0 0 301 0 0 0 0 0 0 0 0 354 0 0
1530763004 103981 0 840 0 486 0 0 0 301 0 0 0 0 0 0 0 0 354 0 0
1530766940 104205 0 840 0 486 0 0 0 301 0 0 0 0 0 0 0 0 354 0 0
1531042643 104206 0 840 0 486 0 0 0 301 0 0 0 0 0 0 0 0 354 0 0
1533965186 104265 0 840 0 486 0 0 0 301 0 0 0 0 0 0 0 0 354 0 0
1534025042 104266 0 840 0 486 0 0 0 301 0 0 0 0 0 0 0 0 354 0 0
1534027763 104277 0 840 0 486 0 0 0 301 0 0 0 0 0 0 0 0 354 0 0
1534203908 104278 0 840 0 486 0 0 0 301 0 0 0 0 0 0 0 0 354 0 0
1534790732 104278 0 840 0 486 0 5 0 301 0 0 0 0 0 0 0 0 354 0 0
1534800126 104278 0 840 0 486 0 5 0 301 0 0 0 0 0 0 0 0 354 0 0
1534926575 104278 0 840 0 486 0 47 0 301 0 0 0 0 0 0 0 0 354 0 0
1534956446 104278 0 840 0 486 0 47 0 301 0 0 0 0 0 0 0 0 354 0 0
1534957372 104278 0 840 0 486 0 47 0 301 0 0 0 0 0 0 0 0 354 0 0
1535973953 104278 0 840 0 486 0 47 0 301 0 0 0 0 0 0 0 0 354 0 0
1535983147 104279 0 840 0 486 0 47 0 301 0 0 0 0 0 0 0 0 354 0 0
1535983923 104279 0 840 0 486 0 47 0 301 0 0 0 0 0 0 0 0 354 0 0
1535984396 104282 0 840 0 486 0 47 0 301 0 0 0 0 0 0 0 0 354 0 0
1535985673 104284 0 840 0 486 0 47 0 301 0 0 0 0 0 0 0 0 354 0 0
1535987403 104290 0 840 0 486 0 47 0 301 0 0 0 0 0 0 0 0 354 0 0
1535990032 104323 0 840 0 486 0 47 0 301 0 0 0 0 0 0 0 0 354 0 0
1536161304 104340 0 840 0 486 0 47 0 301 0 0 0 0 0 0 0 0 354 0 0
1536636107 104340 0 840 0 486 0 96 0 301 0 0 0 0 0 0 0 0 354 0 0
1536720921 104353 0 840 0 486 0 96 0 301 0 0 0 0 0 0 0 0 354 0 0
1536723231 104353 0 840 0 486 0 96 0 301 0 0 0 0 0 0 0 0 354 0 0
1536723279 104354 0 840 0 486 0 96 0 301 0 0 0 0 0 0 0 0 354 0 0
1536727462 104361 0 840 0 486 0 96 0 301 0 0 0 0 0 0 0 0 354 0 0
1536728222 104363 0 840 0 486 0 96 0 301 0 0 0 0 0 0 0 0 354 0 0
1536795184 104385 0 840 0 486 0 96 0 301 0 0 0 0 0 0 0 0 354 0 0
1536799865 104434 0 840 0 486 0 96 0 301 0 0 0 0 0 0 0 0 354 0 0
1536801938 104436 0 840 0 486 0 96 0 301 0 0 0 0 0 0 0 0 354 0 0
1536804618 104444 0 840 0 486 0 96 0 301 0 0 0 0 0 0 0 0 354 0 0
1536809372 104445 0 840 0 486 0 96 0 301 0 0 0 0 0 0 0 0 354 0 0
1537225262 104446 0 840 0 486 0 96 0 301 0 0 0 0 0 0 0 0 354 0 0
1537225534 104503 0 840 0 486 0 96 0 301 0 0 0 0 0 0 0 0 354 0 0
1537225981 104506 0 840 0 486 0 96 0 301 0 0 0 0 0 0 0 0 354 0 0
1537226693 104507 0 840 0 486 0 96 0 301 0 0 0 0 0 0 0 0 354 0 0
1538589785 104555 0 840 0 486 0 96 0 301 0 0 0 0 0 0 0 0 354 0 0
1538761116 106696 0 840 0 486 0 96 0 301 0 0 0 0 0 0 0 0 354 0 0
1538922013 106923 0 840 0 486 0 96 0 301 0 0 0 0 0 0 0 0 354 0 0
1538924191 106924 0 840 0 486 0 96 0 301 0 0 0 0 0 0 0 0 354 0 0
1539195746 106974 0 840 0 486 0 96 0 301 0 0 0 0 0 0 0 0 354 0 0
1539553914 106980 0 840 0 486 0 96 0 301 0 0 0 0 0 0 0 0 354 0 0
1539554908 106986 0 840 0 486 0 96 0 301 0 0 0 0 0 0 0 0 354 0 0
1540160764 107035 0 840 0 486 0 96 0 301 0 0 0 0 0 0 0 0 354 0 0
1540389484 107049 0 840 0 486 0 96 0 301 0 0 0 0 0 0 0 0 354 0 0
1540397630 107126 0 840 0 486 0 96 0 301 0 0 0 0 0 0 0 0 354 0 0
1543499924 107154 0 840 0 486 0 96 0 301 0 0 0 0 0 0 0 0 354 0 0
1543508620 107154 0 840 0 486 0 96 0 301 0 0 0 0 0 0 157 0 354 0 0
1543509986 107154 0 840 0 486 0 96 0 301 0 0 0 0 0 0 161 0 354 0 0
1543518149 107154 0 840 0 486 0 96 0 301 0 0 0 0 0 0 161 0 354 0 0
1543587200 107198 0 840 0 486 0 96 0 301 0 0 0 0 0 0 161 0 354 0 0
1543588242 107199 0 840 0 486 0 96 0 301 0 0 0 0 0 0 161 0 354 0 0
1546857369 112064 0 840 0 486 0 96 0 301 0 0 0 0 0 0 161 0 354 0 0
1546957863 112065 0 840 0 486 0 96 0 301 0 0 0 0 0 0 161 0 354 0 0
1548173212 112071 0 840 0 486 0 96 0 301 0 0 0 0 0 0 161 0 354 0 0
1548296860 112074 0 840 0 486 0 96 0 301 0 0 0 0 0 0 161 0 354 0 0
1548310172 112074 0 840 0 486 0 96 0 301 0 0 0 0 0 0 161 0 354 0 0
1548346622 112074 0 840 0 486 0 96 0 301 0 0 0 0 0 0 161 0 354 0 0
1548720815 112079 0 840 0 486 0 96 0 301 0 0 0 0 0 0 161 0 354 0 0
1548721112 112080 0 840 0 486 0 96 0 301 0 0 0 0 0 0 161 0 354 0 0
1548732117 112082 0 840 0 486 0 96 0 301 0 0 0 0 0 0 161 0 354 0 0
1548780961 112122 0 840 0 486 0 96 0 301 0 0 0 0 0 0 161 0 354 0 0
1548785104 112193 0 840 0 486 0 96 0 301 0 0 0 0 0 0 161 0 354 0 0
1548838209 112236 0 840 0 486 0 96 0 301 0 0 0 0 0 0 161 0 354 0 0
1548842901 112248 0 840 0 486 0 96 0 301 0 0 0 0 0 0 161 0 354 0 0
1548843526 112254 0 840 0 486 0 96 0 301 0 0 0 0 0 0 161 0 354 0 0
1550117812 112255 0 840 0 486 0 96 0 301 0 0 0 0 0 0 161 0 354 0 0
1550788099 112255 0 840 0 486 0 96 0 301 0 0 0 0 0 0 161 0 354 0 128
1550789979 112255 0 840 0 486 0 96 0 301 0 0 0 0 0 0 161 0 354 0 129
1550790065 112256 0 840 0 486 0 96 0 301 0 0 0 0 0 0 161 0 354 0 129
1551573596 112372 0 840 0 486 0 96 0 301 0 0 0 0 0 0 161 0 354 0 129
1551578756 112373 0 840 0 486 0 96 0 301 0 0 0 0 0 0 161 0 354 0 129
1551583647 112393 0 840 0 486 0 96 0 301 0 0 0 0 0 0 161 0 354 0 129
1551584147 112401 0 840 0 486 0 96 0 301 0 0 0 0 0 0 161 0 354 0 129
1551623041 112401 0 840 0 486 0 96 0 301 0 0 0 0 0 0 161 0 354 0 129
1551963668 112424 0 840 0 486 0 96 0 301 0 0 0 0 0 0 161 0 354 0 129
1555059360 112430 0 840 0 486 0 96 0 301 0 0 0 0 0 0 161 0 354 0 129
1555125980 112430 0 840 0 486 0 96 0 301 0 0 0 0 0 0 161 0 354 0 129
1555169173 112431 0 840 0 486 0 96 0 301 0 0 0 0 0 0 161 0 354 0 129
1555285235 112513 0 840 0 486 0 96 0 301 0 0 0 0 0 0 161 0 354 0 129
1555289895 112542 0 840 0 486 0 96 0 301 0 0 0 0 0 0 161 0 354 0 129
1555470761 114723 0 840 0 486 0 96 0 301 0 0 0 0 0 0 161 0 354 0 129
1555472006 114729 0 840 0 486 0 96 0 301 0 0 0 0 0 0 161 0 354 0 129
1563204638 114729 0 840 0 486 0 96 0 301 0 0 0 0 0 0 161 0 354 114 129
1563208236 114729 0 840 0 486 0 96 0 301 0 0 0 0 0 0 161 0 354 216 129
1563212030 114729 0 840 0 486 0 96 0 301 0 0 0 0 0 0 161 0 354 216 129
1563670360 115656 0 840 0 486 0 96 0 301 0 0 0 0 0 0 161 0 354 216 129
1563933135 115740 0 840 0 486 0 96 0 301 0 0 0 0 0 0 161 0 354 216 129
1564218216 116415 0 840 0 486 0 96 0 301 0 0 0 0 0 0 161 0 354 216 129
1566269312 116560 0 840 0 486 0 96 0 301 0 0 0 0 0 0 161 0 354 216 129
1566270914 116561 0 840 0 486 0 96 0 301 0 0 0 0 0 0 161 0 354 216 129
1566272510 116653 0 840 0 486 1 96 0 301 0 0 0 0 0 0 161 0 354 216 129
1571407592 116653 0 840 0 486 531 96 0 301 0 0 0 0 0 0 161 0 354 216 129
1571426321 116653 0 840 0 486 531 96 0 301 0 0 0 0 0 0 161 0 354 216 129
1571639274 116653 0 840 0 486 576 96 0 301 0 0 0 0 0 0 161 0 354 216 129
1571664677 116653 0 840 0 486 592 96 0 301 0 0 0 0 0 0 161 0 354 216 129
1571670472 116653 0 840 0 486 592 96 0 301 0 0 0 0 0 0 161 0 354 216 129
1571675454 116653 0 840 0 486 592 96 0 301 0 0 0 0 0 0 161 0 354 216 129
1572417292 116785 0 840 0 486 592 96 0 301 0 0 0 0 0 0 161 0 354 216 129
1572751214 118733 0 840 0 486 592 96 0 301 0 0 0 0 0 0 161 0 354 216 129
1572758838 119148 0 840 0 486 592 96 0 301 0 0 0 0 0 0 161 0 354 216 129
1572857723 119207 0 840 0 486 592 96 0 301 0 0 0 0 0 0 161 0 354 216 129
1572861787 119217 0 840 0 486 592 96 0 301 0 0 0 0 0 0 161 0 354 216 129
1572862922 119222 0 840 0 486 592 96 0 301 0 0 0 0 0 0 161 0 354 216 129
1573005054 119232 0 840 0 486 592 96 0 301 0 0 0 0 0 0 161 0 354 216 129
1573006670 119233 0 840 0 486 592 96 0 301 0 0 0 0 0 0 161 0 354 216 129
1574052297 119243 0 840 0 486 592 96 0 301 0 0 0 0 0 0 161 0 354 216 129
1574118088 119321 0 840 0 486 592 96 0 301 0 0 0 0 0 0 161 0 354 216 129
1574119290 119330 0 840 0 486 592 96 0 301 0 0 0 0 0 0 161 0 354 216 129
1574140688 119333 0 840 0 486 592 96 0 301 0 0 0 0 0 0 161 0 354 216 129
1578220028 119340 0 840 0 486 592 96 0 301 0 0 0 0 0 0 161 0 354 216 129
1578221214 119341 0 840 0 486 592 96 0 301 0 0 0 0 0 0 161 0 354 216 129
1579046236 119353 0 840 0 486 592 96 0 301 0 0 0 0 0 0 161 0 354 216 129
1579421257 119481 0 840 0 486 592 96 0 301 0 0 0 0 0 0 161 0 354 216 129
1579576184 119617 0 840 0 486 592 96 0 301 0 0 0 0 0 0 161 0 354 216 129
1579578207 119686 0 840 0 486 592 96 0 301 0 0 0 0 0 0 161 0 354 216 129
1579586710 119941 0 840 0 486 592 96 0 301 0 0 0 0 0 0 161 0 354 216 129
1579587643 119942 0 840 0 486 592 96 0 301 0 0 0 0 0 0 161 0 354 216 129
1579724949 119950 0 840 0 486 592 96 0 301 0 0 0 0 0 0 161 0 354 216 129
1579746040 119958 0 840 0 486 592 96 0 301 0 0 0 0 0 0 161 0 354 216 129
1585274251 119974 0 840 0 486 592 96 0 301 0 0 0 0 0 0 161 0 354 216 129
1585315978 119982 0 840 0 486 592 96 0 301 0 0 0 0 0 0 161 0 354 216 129
1588788335 119982 0 840 0 486 592 96 0 301 0 0 0 0 0 17 161 0 354 216 129
1588788726 119982 0 840 0 486 592 96 0 301 0 0 0 0 0 17 161 0 354 216 129
1588791048 119983 0 840 0 486 592 96 0 301 0 0 0 0 0 17 161 0 354 216 129
1588822478 119983 0 840 0 486 592 96 0 301 0 0 0 0 0 18 161 0 354 216 129
1588864429 119983 0 840 0 486 592 96 0 301 0 0 0 0 0 18 161 0 354 216 129
1588864915 119984 0 840 0 486 592 96 0 301 0 0 0 0 0 18 161 0 354 216 129
1590707790 119999 0 840 0 486 592 96 0 301 0 0 0 0 0 18 161 0 354 216 129
1590708380 123086 0 840 0 486 592 96 0 301 0 0 0 0 0 18 161 0 354 216 129
1590709641 123089 0 840 0 486 592 96 0 301 0 0 0 0 0 18 161 0 354 216 129
1590710151 123090 0 840 0 486 592 96 0 301 0 0 0 0 0 18 161 0 354 216 129
1590712176 123091 0 840 0 486 592 96 0 301 0 0 0 0 0 18 161 0 354 216 129
1590716663 123099 0 840 0 486 592 96 0 301 0 0 0 0 0 18 161 0 354 216 129
1590875950 123100 0 840 0 486 592 96 0 301 0 0 0 0 0 18 161 0 354 216 129
1591187086 123116 0 840 0 486 592 96 0 301 0 0 0 0 0 18 161 0 354 216 129
1591386037 123116 0 840 0 486 592 96 0 301 0 0 0 0 0 18 161 0 354 216 129
1591387449 123116 0 840 0 486 592 96 0 301 0 0 0 0 0 18 161 0 354 216 129
1591388917 123117 0 840 0 486 592 96 0 301 0 0 0 0 0 18 161 0 354 216 129
1593696604 123117 6 840 0 486 592 96 0 301 0 0 0 0 0 18 161 0 354 216 129
1595291003 123174 6 840 0 486 592 96 0 301 0 0 0 0 0 18 161 0 354 216 129
1595514593 123188 6 840 0 486 592 96 0 301 0 0 0 0 0 18 161 0 354 216 129
1595515262 123190 6 840 0 486 592 96 0 301 0 0 0 0 0 18 161 0 354 216 129
1595515452 123191 6 840 0 486 592 96 0 301 0 0 0 0 0 18 161 0 354 216 129
1595515899 123194 6 840 0 486 592 96 0 301 0 0 0 0 0 18 161 0 354 216 129
1595516648 123221 6 840 0 486 592 96 0 301 0 0 0 0 0 18 161 0 354 216 129
1595522067 123459 6 840 0 486 592 96 0 301 0 0 0 0 0 18 161 0 354 216 129
1595522604 123488 6 840 0 486 592 96 0 301 0 0 0 0 0 18 161 0 354 216 129
1595528919 123506 6 840 0 486 592 96 0 301 0 0 0 0 0 18 161 0 354 216 129
1595531477 123524 6 840 0 486 592 96 0 301 0 0 0 0 0 18 161 0 354 216 129
1595532545 123527 6 840 0 486 592 96 0 301 0 0 0 0 0 18 161 0 354 216 129
1595533219 123542 6 840 0 486 592 96 0 301 0 0 0 0 0 18 161 0 354 216 129
1595537807 123542 6 840 0 486 592 96 0 301 0 0 0 0 0 18 161 0 354 216 129
1597920656 123542 16 840 0 486 592 96 0 301 0 0 0 0 0 18 161 0 354 216 129
1598017262 123542 30 840 0 486 592 96 0 301 0 0 0 0 0 18 161 0 354 216 129
1598584247 123542 30 840 0 486 592 96 0 301 0 0 0 0 0 18 161 0 354 216 129
1599485827 123542 32 840 0 486 592 96 0 301 0 0 0 0 0 18 161 0 354 216 129
1599488525 123542 90 840 0 486 592 96 0 301 0 0 0 0 0 18 161 0 354 216 129
1600937545 123542 90 840 0 486 592 96 0 301 0 0 0 0 0 18 161 0 354 216 129
1602973960 123555 90 840 0 486 592 96 0 301 0 0 142 0 0 18 161 0 354 216 129
1603036777 123575 90 840 0 486 592 96 0 301 0 0 142 0 0 18 161 0 354 216 129
1603229280 123575 90 840 0 486 592 96 0 301 0 0 289 0 0 18 161 0 354 216 129
1603237213 123581 90 840 0 486 592 96 0 301 0 0 289 0 0 18 161 0 354 216 129
1603492497 123605 90 840 0 486 592 96 0 301 0 0 289 0 0 18 161 0 354 216 129
1603492709 123610 90 840 0 486 592 96 0 301 0 0 289 0 0 18 161 0 354 216 129
1603507493 123611 90 840 0 486 592 96 0 301 0 0 289 0 0 18 161 0 354 216 129
1603578391 123612 90 840 0 486 592 96 0 301 0 0 289 0 0 18 161 0 354 216 129
1603725703 123621 90 840 0 486 592 96 0 301 0 0 289 0 0 18 161 0 354 216 129
1603734625 123621 99 840 0 486 592 96 0 301 0 0 289 0 0 18 161 0 354 216 129
1603782061 123624 99 840 0 486 592 96 0 301 0 0 289 0 0 18 161 0 354 216 129
1604065815 123624 102 840 0 486 592 96 0 301 0 0 289 0 0 18 161 0 354 216 129
1604191487 123692 102 840 0 486 592 96 0 301 0 0 289 0 0 18 161 0 354 216 129
1604242324 123692 104 840 0 486 592 96 0 301 0 0 289 0 0 18 161 0 354 216 129
1607767684 123692 108 840 0 486 592 96 0 301 0 0 289 0 0 18 161 0 354 216 129
1607768345 123692 116 840 0 486 592 96 0 301 0 0 289 0 0 18 161 0 354 216 129
1607769252 123692 123 840 0 486 592 96 0 301 0 0 289 0 0 18 161 0 354 216 129
1607769941 123692 124 840 0 486 592 96 0 301 0 0 289 0 0 18 161 0 354 216 129
1608098204 123692 137 840 0 486 592 96 0 301 0 0 289 0 0 18 161 0 354 216 129
1608100504 123692 140 840 0 486 592 96 0 301 0 0 289 0 0 18 161 0 354 216 129
1608101149 123692 181 840 0 486 592 96 0 301 0 0 289 0 0 18 161 0 354 216 129
1608214093 123692 4796 840 0 486 592 96 0 301 0 0 289 0 0 18 161 0 354 216 129
1608215419 123692 4797 840 0 486 592 96 0 301 0 0 289 0 0 18 161 0 354 216 129
1608216693 123692 4821 840 0 486 592 96 0 301 0 0 289 0 0 18 161 0 354 216 129
1608217152 123692 4822 840 0 486 592 96 0 301 0 0 289 0 0 18 161 0 354 216 129
1608292155 123692 4826 840 0 486 592 96 0 301 0 0 289 0 0 18 161 0 354 216 129
1608300012 123710 4826 840 0 486 592 96 0 301 0 0 289 0 0 18 161 0 354 216 129
1608312436 123710 4853 840 0 486 592 96 0 301 0 0 289 0 0 18 161 0 354 216 129
1608314528 123710 4854 840 0 486 592 96 0 301 0 0 289 0 0 18 161 0 354 216 129
1608322536 123710 4858 840 0 486 592 96 0 301 0 0 289 0 0 18 161 0 354 216 129
1608322610 123710 4859 840 0 486 592 96 0 301 0 0 289 0 0 18 161 0 354 216 129
1608374062 123710 4867 840 0 486 592 96 0 301 0 0 289 0 0 18 161 0 354 216 129
1608656608 123710 4872 840 0 486 592 96 0 301 0 0 289 0 0 18 161 0 354 216 129
1611499019 123713 4872 840 0 486 592 96 0 301 0 0 289 0 0 18 161 0 354 216 129
1611502181 123723 4872 840 0 486 592 96 0 301 0 0 289 0 0 18 161 0 354 216 129
1611502484 123725 4918 840 0 486 592 96 0 301 0 0 289 0 0 18 161 0 354 216 129
1611503120 123727 4918 840 0 486 592 96 0 301 0 0 289 0 0 18 161 0 354 216 129
1612057339 123736 4918 840 0 486 592 96 0 301 0 0 289 0 0 18 161 0 354 216 129
1612059136 123738 4918 840 0 486 592 96 0 301 0 0 289 0 0 18 161 0 354 216 129
1612062945 123752 4918 840 0 486 592 96 0 301 0 0 289 0 0 18 161 0 354 216 129
1612063238 123754 4918 840 0 486 592 96 0 301 0 0 289 0 0 18 161 0 354 216 129
1612719488 123754 5477 840 0 486 592 96 0 301 0 0 289 0 0 18 161 0 354 216 129
1612721669 123754 5513 840 0 486 592 96 0 301 0 0 289 0 0 18 161 0 354 216 129
1612726692 123754 5528 840 0 486 592 96 0 301 0 0 289 0 0 18 161 0 354 216 129
1612733906 123754 5530 840 0 486 592 96 0 301 0 0 289 0 0 18 161 0 354 216 129
1612859018 123755 5530 840 0 486 592 96 0 301 0 0 289 0 0 18 161 0 354 216 129
1613182737 123755 5539 840 0 486 592 96 0 301 0 0 289 0 0 18 161 0 354 216 129
1613776000 123755 5559 840 0 486 592 96 0 301 0 0 289 0 0 18 161 0 354 216 129
1613788698 123755 6136 840 0 486 592 96 0 301 0 0 289 0 0 18 161 0 354 216 129
1613961567 123755 6137 840 0 486 592 96 0 301 0 0 289 0 0 18 161 0 354 216 129
1613961800 123755 6138 840 0 486 592 96 0 301 0 0 289 0 0 18 161 0 354 216 129
1614412083 124393 6138 840 0 486 592 96 0 301 0 0 289 0 0 18 161 0 354 216 129
1614412262 124394 6138 840 0 486 592 96 0 301 0 0 289 0 0 18 161 0 354 216 129
1614415426 124395 6138 840 0 486 592 96 0 301 0 0 289 0 0 18 161 0 354 216 129
1614686930 124395 6140 840 0 486 592 96 0 301 0 0 289 0 0 18 161 0 354 216 129
1614686959 124395 6141 840 0 486 592 96 0 301 0 0 289 0 0 18 161 0 354 216 129
1615043694 124395 6179 840 0 486 592 96 0 301 0 0 289 0 0 18 161 0 354 216 129
1615046722 124395 7455 840 0 486 592 96 0 301 0 0 289 0 0 18 161 0 354 216 129
1615048749 124395 7459 840 0 486 592 96 0 301 0 0 289 0 0 18 161 0 354 216 129
1615049670 124396 7459 840 0 486 592 96 0 301 0 0 289 0 0 18 161 0 354 216 129
1615132715 124396 7465 840 0 486 592 96 0 301 0 0 289 0 0 18 161 0 354 216 129
1616641229 124399 7465 840 0 486 592 96 0 301 0 0 289 0 0 18 161 0 354 216 129
1616652229 124401 7465 840 0 486 592 96 0 301 0 0 289 0 0 18 161 0 354 216 129
1616652504 124402 7465 840 0 486 592 96 0 301 0 0 289 0 0 18 161 0 354 216 129
1616653157 124407 7465 840 0 486 592 96 0 301 0 0 289 0 0 18 161 0 354 216 129
1616653467 124408 7465 840 0 486 592 96 0 301 0 0 289 0 0 18 161 0 354 216 129
1616896800 124408 7465 840 0 486 592 96 0 301 0 0 289 0 0 18 161 0 354 216 129
1617565605 124408 7471 840 0 486 592 96 0 301 0 0 289 0 0 18 161 0 354 216 129
1617578925 124447 7471 840 0 486 592 96 0 301 0 0 289 0 0 18 161 0 354 216 129
1617586342 124482 7471 840 0 486 592 96 0 301 0 0 289 0 0 18 161 0 354 216 129
1617587750 124485 7471 840 0 486 592 96 0 301 0 0 289 0 0 18 161 0 354 216 129
1617627070 124485 7473 840 0 486 592 96 0 301 0 0 289 0 0 18 161 0 354 216 129
1617627238 124488 7473 840 0 486 592 96 0 301 0 0 289 0 0 18 161 0 354 216 129
1617627990 124489 7473 840 0 486 592 96 0 301 0 0 289 0 0 18 161 0 354 216 129
1617628147 124490 7473 840 0 486 592 96 0 301 0 0 289 0 0 18 161 0 354 216 129
1617629108 124491 7473 840 0 486 592 96 0 301 0 0 289 0 0 18 161 0 354 216 129
1617629529 124496 7473 840 0 486 592 96 0 301 0 0 289 0 0 18 161 0 354 216 129
1617629820 124507 7473 840 0 486 592 96 0 301 0 0 289 0 0 18 161 0 354 216 129
1617629876 124508 7473 840 0 486 592 96 0 301 0 0 289 0 0 18 161 0 354 216 129
1618408364 124509 7473 840 0 486 592 96 0 301 0 0 289 0 0 18 161 0 354 216 129
1620816520 124509 7524 840 0 486 592 96 0 301 0 0 289 0 0 18 161 0 354 216 129
1620819626 124509 7526 840 0 486 592 96 0 301 0 0 289 0 0 18 161 0 354 216 129
1620838925 124509 7528 840 0 486 592 96 0 301 0 0 289 0 0 18 161 0 354 216 129
1620844239 124509 7530 840 0 486 592 96 0 301 0 0 289 0 0 18 161 0 354 216 129
1621166004 124509 7530 840 0 486 592 96 0 301 0 0 289 0 0 18 161 0 354 216 129
1621166014 124509 7530 840 0 486 592 96 0 301 0 0 289 0 0 18 161 0 354 216 129
1621166027 124509 7534 840 0 486 592 96 0 301 0 0 289 0 0 18 161 0 354 216 129
1621244875 124509 10865 840 0 486 592 96 0 301 0 0 289 0 0 18 161 0 354 216 129
1621245176 124509 12240 840 0 486 592 96 0 301 0 0 289 0 0 18 161 0 354 216 129
1621245361 124509 12249 840 0 486 592 96 0 301 0 0 289 0 0 18 161 0 354 216 129
1621245839 124509 12273 840 0 486 592 96 0 301 0 0 289 0 0 18 161 0 354 216 129
1621246176 124509 12273 840 0 486 592 96 0 301 0 0 289 0 0 18 161 0 354 216 129
1621246727 124509 12274 840 0 486 592 96 0 301 0 0 289 0 0 18 161 0 354 216 129
1621249598 124509 12275 840 0 486 592 96 0 301 0 0 289 0 0 18 161 0 354 216 129
1621252131 124509 12276 840 0 486 592 96 0 301 0 0 289 0 0 18 161 0 354 216 129
1621252597 124509 12280 840 0 486 592 96 0 301 0 0 289 0 0 18 161 0 354 216 129
1621586128 124509 12281 840 0 486 592 96 0 301 0 0 289 0 0 18 161 0 354 216 129
1621887441 124509 12281 840 0 486 592 96 0 301 0 0 289 0 0 18 161 0 354 216 129
1622979691 124510 12281 840 0 486 592 96 0 301 0 0 289 0 0 18 161 0 354 216 129
1622980717 124516 12281 840 0 486 592 96 0 301 0 0 289 0 0 18 161 0 354 216 129
1622983118 124536 12281 840 0 486 592 96 0 301 0 0 289 0 0 18 161 0 354 216 129
1623240268 124536 12284 840 0 486 592 96 0 301 0 0 289 0 0 18 161 0 354 216 129
1623497029 124536 12293 840 0 486 592 96 0 301 0 0 289 0 0 18 161 0 354 216 129
1625837323 124536 12295 840 0 486 592 96 0 301 0 0 289 0 0 18 161 0 354 216 129
1626708719 124536 12300 840 0 486 592 96 0 301 0 0 289 0 0 18 161 0 354 216 129
1626865861 124538 12300 840 0 486 592 96 0 301 0 0 289 0 0 18 161 0 354 216 129
1626871006 124538 12378 840 0 486 592 96 0 301 0 0 289 0 0 18 161 0 354 216 129
1627290143 124538 12379 840 0 486 592 96 0 301 0 0 289 0 0 18 161 0 354 216 129
1632156072 124538 12419 840 0 486 592 96 0 301 0 0 289 0 0 18 161 0 354 216 129
1634136520 124538 12419 840 0 486 592 96 0 301 0 48 289 0 0 18 161 0 354 216 129
1634240240 124538 12419 840 0 486 592 96 0 301 0 69 289 0 0 18 161 0 354 216 129
1639455285 124542 12419 840 0 486 592 96 0 301 0 69 289 0 0 18 161 0 354 216 129
1639478801 124542 12420 840 0 486 592 96 0 301 0 69 289 0 0 18 161 0 354 216 129
1639479344 124542 12421 840 0 486 592 96 0 301 0 69 289 0 0 18 161 0 354 216 129
1640274203 124548 12421 840 0 486 592 96 0 301 0 69 289 0 0 18 161 0 354 216 129
1640277652 135402 12421 840 0 486 592 96 0 301 0 69 289 0 0 18 161 0 354 216 129
1640280427 135406 12421 840 0 486 592 96 0 301 0 69 289 0 0 18 161 0 354 216 129
1640281085 135406 12421 840 0 486 592 96 0 301 0 69 289 0 0 18 161 0 354 216 129
1641279814 135406 12421 840 0 486 592 96 0 301 0 69 289 0 0 18 161 0 354 216 129
1641579274 135406 12421 840 0 486 592 96 0 301 0 72 289 0 0 18 161 0 354 216 129
1642530246 135406 12421 840 4 486 592 96 0 301 0 72 289 0 0 18 161 0 354 216 129
1642764931 135406 12884 840 4 486 592 96 0 301 0 72 289 0 0 18 161 0 354 216 129
1644369587 135406 12884 840 4 486 592 96 0 301 0 72 289 0 0 18 161 0 354 216 129
1644458230 135406 12884 840 4 486 592 96 0 301 0 72 289 0 0 18 161 0 354 216 129
1644717553 135407 12884 840 4 486 592 96 0 301 0 72 289 0 0 18 161 0 354 216 129
1644721991 135412 12884 840 4 486 592 96 0 301 0 72 289 0 0 18 161 0 354 216 129
1645306372 135412 12884 840 4 486 592 96 0 301 0 72 289 0 0 18 161 0 354 216 129
1645456215 135412 12892 840 4 486 592 96 0 301 0 72 289 0 0 18 161 0 354 216 129
1645458961 135412 12899 840 4 486 592 96 0 301 0 72 289 0 0 18 161 0 354 216 129
1645459796 135412 12907 840 4 486 592 96 0 301 0 72 289 0 0 18 161 0 354 216 129
1645560976 135417 12907 840 4 486 592 96 0 301 0 72 289 0 0 18 161 0 354 216 129
1646440928 135417 12907 840 364 486 592 96 0 301 0 72 289 0 0 18 161 0 354 216 129
1647559413 135417 12907 840 379 486 592 96 0 301 0 72 289 0 0 18 161 0 354 216 129
1649818976 135417 12907 840 431 486 592 96 0 301 0 72 289 0 0 18 161 0 354 216 129
1652387856 135449 12907 840 744 486 592 96 0 301 0 72 289 0 0 18 161 0 354 216 129
1652390379 135449 12907 840 752 486 592 96 0 301 0 72 289 0 0 18 161 0 354 216 129
1652777831 135449 12907 840 752 486 592 96 3 301 0 72 289 0 0 18 161 0 354 216 129
1655820371 135449 12908 840 752 486 592 96 3 301 0 72 289 0 0 18 161 0 354 216 129
1655821341 135449 12909 840 752 486 592 96 5 301 0 72 289 0 0 18 161 0 354 216 129
1655855701 135450 12909 840 752 486 592 96 127 301 0 72 289 0 0 18 161 0 354 216 129
1655892904 135450 12909 840 752 486 592 96 130 301 0 72 289 0 0 18 161 0 354 216 129
1657882825 135450 13002 840 752 486 592 96 130 301 0 72 289 0 0 18 161 0 354 216 129
1658254932 135450 13105 840 752 486 592 96 130 301 0 72 289 0 0 18 161 0 354 216 129
1659446208 135450 13115 840 752 486 592 96 130 301 0 72 289 0 0 18 161 0 354 216 129
1662934674 135488 13115 840 752 486 592 96 130 301 0 72 289 0 0 18 161 0 354 216 129
1662934849 135489 13115 840 752 486 592 96 130 301 0 72 289 0 0 18 161 0 354 216 129
1663158129 135489 13139 840 752 486 592 96 130 301 0 72 289 0 0 18 161 0 354 216 129
1665171365 135489 13139 840 752 486 592 96 130 301 0 72 289 13 0 18 161 0 354 216 129
1665587563 135489 13139 840 752 486 592 96 130 301 0 72 289 13 0 18 161 116 354 216 129
1666055001 135489 13140 840 752 486 592 96 130 301 0 72 289 13 0 18 161 116 354 216 129
1668092381 135489 13152 840 752 486 592 96 130 301 0 72 289 13 0 18 161 116 354 216 129
1671727160 135489 13152 840 752 486 592 96 130 301 0 72 289 13 0 18 161 215 354 216 129
1674721667 135489 13152 840 752 486 592 96 130 301 0 72 289 13 0 18 161 215 354 216 129
1675691301 135489 13152 840 752 486 592 96 130 301 603 72 289 13 0 18 161 215 354 216 129
1675692165 135489 13152 840 752 486 592 96 130 301 608 72 289 13 0 18 161 215 354 216 129
1676067319 135489 17692 840 752 486 592 96 130 301 608 72 289 13 0 18 161 215 354 216 129
1676071778 135489 17694 840 752 486 592 96 130 301 608 72 289 13 0 18 161 215 354 216 129
1676072617 135489 17706 840 752 486 592 96 130 301 608 72 289 13 0 18 161 215 354 216 129
1676075956 135489 17707 840 752 486 592 96 130 301 608 72 289 13 0 18 161 215 354 216 129
1676086506 135489 17784 840 752 486 592 96 130 301 608 72 289 13 0 18 161 215 354 216 129
1677511754 135489 17784 840 752 486 592 96 130 301 608 72 289 13 0 18 161 215 354 216 129
1677520565 135489 17877 840 752 486 592 96 130 301 608 72 289 13 0 18 161 215 354 216 129
1677524167 135489 17880 840 752 486 592 96 130 301 608 72 289 13 0 18 161 215 354 216 129
1677524301 135489 17883 840 752 486 592 96 130 301 608 72 289 13 0 18 161 215 354 216 129
1677556044 135489 17884 840 752 486 592 96 130 301 608 72 289 13 0 18 161 215 354 216 129
1677901845 135489 17899 840 752 486 592 96 130 301 608 72 289 13 0 18 161 215 354 216 129
1678131316 135489 17899 840 752 486 592 96 130 301 608 72 289 13 0 18 161 215 354 216 129
1680596853 135489 18904 840 752 486 592 96 130 301 608 72 289 13 0 18 161 215 354 216 129
1680670148 135489 18944 840 752 486 592 96 130 301 608 72 289 13 0 18 161 215 354 216 129
1681478053 135489 18944 840 752 486 736 96 130 301 608 72 289 13 0 18 161 215 354 216 129
1682083786 135489 18945 840 752 486 736 96 130 301 608 72 289 13 0 18 161 215 354 216 129
1682530577 135489 18945 840 752 486 736 96 130 301 673 72 289 13 0 18 161 215 354 216 129
1684227431 135489 18945 840 752 486 736 96 130 301 673 72 289 13 0 18 161 215 354 216 129
1684508267 135489 18956 840 752 486 736 96 130 301 673 72 289 13 0 18 161 215 354 216 129
1684535491 135489 18972 840 752 486 736 96 130 301 673 72 289 13 0 18 161 215 354 216 129
1684547783 135489 18973 840 752 486 736 96 130 301 673 72 289 13 0 18 161 215 354 216 129
1685463929 135489 18973 840 752 486 736 96 130 301 690 72 289 13 0 18 161 215 354 216 129
1685969163 135489 18974 840 752 486 736 96 130 301 690 72 289 13 0 18 161 215 354 216 129
1688074500 135489 18974 840 752 486 736 96 130 301 690 72 289 13 0 18 161 215 354 216 129
1689526404 135489 18975 840 752 486 736 96 130 301 690 72 289 13 0 18 161 215 354 216 129
