1354897606 4
1354897869 435
1354897980 438
1354899735 495
1354899989 504
1354900263 508
1354901020 508
1354901328 512
1354902062 537
1354903265 540
1354903441 541
1354910672 555
1354911949 557
1354915250 672
1354915988 677
1354918717 695
1354918832 695
1354918944 696
1354919568 698
1354923207 778
1354923458 778
1354931290 840
1354983432 905
1355021135 987
1355072627 1049
1355076555 1051
1355077538 1056
1355077572 1056
1355081559 1088
1355091203 1203
1355109587 1220
1355109758 1220
1355109879 1220
1355109953 1220
1355166415 1237
1355166496 1362
1355169105 1383
1355170562 1428
1355175006 1457
1355175025 1457
1355180695 1488
1355188568 1573
1355191684 1555
1355200655 1580
1355244066 1578
1355250433 1552
1355257432 1642
1355262893 1686
1355262931 1686
1355271964 1727
1355272227 1731
1355272237 1733
1355272670 1733
1355273586 1736
1355287729 1761
1355287741 1776
1355291225 1796
1355327081 1889
1355332440 1898
1355332648 1899
1355333372 1900
1355333390 1904
1355335385 1904
1355335883 1905
1355335900 1913
1355337447 1916
1355340721 1921
1355340733 1921
1355354471 2056
1355355713 2062
1355356157 2062
1355357148 2062
1355357390 2062
1355414497 2066
1355414507 2074
1355414767 2076
1355415129 2084
1355415476 2085
1355440202 2088
1355540508 2094
1355588663 2094
1355631423 2087
1355679720 2092
1355680999 2107
1355683089 2107
1355690893 2110
1355694059 2110
1355696490 2110
1355697056 2110
1355697594 2110
1355699191 2113
1355700001 2125
1355700340 2125
1355701566 2126
1355701843 2126
1355702204 2126
1355702359 2138
1355702449 2138
1355705288 2141
1355705339 2141
1355717570 2140
1355720255 2137
1355785004 2198
1355787660 2201
1355791189 2209
1355807634 2222
1355842158 3330
1355843715 3329
1355848919 3296
1355849040 3298
1355849213 3298
1355851627 3268
1355870283 3277
1355873982 3326
1355874614 3326
1355936707 3319
1355936792 3319
1355937440 3319
1355937452 3319
1355942820 3323
1356063055 3370
1356109924 3416
1356110058 3417
1356110289 3415
1356130945 3420
1356132701 3420
1356133390 3420
1356134111 3420
1356134853 3420
1356158024 4023
1356159042 4054
1356159051 4053
1356213956 4074
1356218804 4074
1356227593 4087
1356366884 4158
1356378080 4160
1356379129 4162
1356380066 4162
1356380934 4166
1356401973 4166
1356406670 4215
1356407071 4217
1356410932 4194
1356413465 4201
1356454811 4238
1356470714 4267
1356471042 4268
1356471912 4302
1356486941 4306
1356488391 4352
1356620215 4380
1356705737 4380
1356707910 4424
1356712074 4456
1356714509 4466
1356715446 4466
1356716463 4466
1356792254 4490
1356802046 5737
1356803697 5738
1357232254 4517
1357311875 4553
1357319674 4584
1357667423 4584
1357667765 4691
1357745401 4691
1358014096 4692
1358014119 4714
1358014131 4746
1358014676 4746
1358090094 4792
1358092228 4724
1358094537 4724
1358095067 4724
1358095502 4724
1358098177 4719
1358098874 4710
1358099221 4713
1358174611 4726
1358174687 4726
1358174830 4728
1358175441 4706
1358175464 4706
1358175779 4706
1358205380 4712
1358263015 4716
1358263031 4716
1358791919 4718
1358794251 4727
1358797345 4724
1358798745 4727
1358881616 4777
1359245248 4805
1359865742 4806
1360078134 4808
1360078995 4801
1360079383 4801
1360080301 4803
1360080664 4814
1360080984 4814
1361494438 4814
1361497469 4817
1361999829 4842
1362001440 4851
1362003427 4844
1362004177 4851
1362005104 4858
1362005499 4858
1362076597 4860
1362077240 4860
1362077417 4861
1362077474 4861
1362078516 4861
1362078823 4861
1364738469 4875
1366640896 4881
1366641576 4881
1366643517 4887
1366645021 4882
1367069673 4882
1368633584 4888
1368637451 4895
1377712458 4895
1377906360 4895
1377972883 4895
1378142633 4896
1378142687 4896
1378175114 4907
1378178649 4910
1378179060 4911
1378221413 4920
1378224224 4921
1378224409 4922
1378227429 4922
1378240402 4922
1378248497 4926
1378249186 4926
1378259893 4885
1378347835 4907
1378348282 4907
1378352653 4931
1378353594 4931
1378357417 4976
1378357858 4976
1378505566 4983
1378505842 4984
1378505937 4985
1378521139 4989
1378521295 4990
1378524222 5035
1378524863 5035
1378574108 5060
1378581777 5060
1378582638 4425
1378583572 4425
1378584183 4426
1378584285 4430
1378590866 4432
1378604653 4432
1378670824 4434
1378672214 4435
1378673226 4438
1378673258 4438
1378675088 4470
1378675522 4471
1378676374 4475
1378679834 4509
1378682832 4515
1378702357 4515
1378734663 4567
1378737660 4567
1378748553 4568
1378764771 4600
1378765058 4603
1378765385 4606
1378766323 4611
1378766829 4615
1378790500 4675
1378830371 4678
1378830484 4679
1383929325 4672
1383929630 4681
1383929794 4681
1384444636 4739
1384447445 4738
1384447520 4731
1384447550 4737
1384448239 4739
1384552934 4740
1384553377 4738
1384553609 4739
1384553802 4739
1384554115 4741
1384614918 4745
1384615181 4742
1384615199 4742
1384664767 4745
1384664986 4751
1384665102 4752
1384665337 4752
1384665948 4755
1384667788 4755
1384668233 4755
1384844319 4773
1384880235 4758
1385050257 4760
1385053918 4771
1385135143 4847
1385909954 4851
1386224545 4844
1386342006 4852
1386342758 4855
1386342784 4855
1386349717 4864
1386350210 4865
1386432203 4861
1386432723 4881
1386605541 4881
1386605553 4886
1386606668 4892
1386639927 4895
1386640027 4903
1386640271 4903
1386690183 4903
1386690839 4903
1386691191 4903
1386691268 4903
1386691290 4903
1386691721 4903
1386694246 4903
1386976394 4907
1387647375 4913
1387650004 4913
1387650666 4918
1388158015 4927
1388159162 4924
1388160010 4931
1388168575 4932
1388511812 4972
1388513716 4978
1388595985 4977
1388596816 4981
1388596975 4982
1388599233 4982
1388599255 4995
1388599335 4997
1388691028 5016
1388691113 5044
1388691192 5044
1388691298 5045
1388694593 5046
1389059367 5046
1389113033 5052
1389113055 5052
1389113857 5054
1389117036 5051
1389123272 5051
1389143070 5053
1389143079 5053
1389197760 5054
1389197858 5077
1390942057 5080
1390942176 5084
1391097726 5090
1391109387 5104
1392313981 5109
1392314050 5109
1392314389 5118
1392402977 5191
1392415599 5191
1392485071 5193
1392485946 5216
1392485989 5215
1392487113 5223
1392487322 5213
1392487699 5213
1392488230 5209
1392489581 5209
1392489660 5211
1392490114 5213
1392491804 5213
1392657144 5204
1392842635 5248
1392843742 5250
1392843950 5250
1392846683 5286
1392848426 5287
1392849648 5286
1392850522 5288
1392908694 5293
1392911017 5287
1392911630 5287
1392912152 5287
1392959146 5299
1394132090 5299
1394208194 5315
1394636756 5324
1397055923 5333
1397057271 5334
1397152195 5337
1397152212 5337
1397409245 5337
1397409370 5337
1397409495 5337
1397505243 5365
1397511763 5365
1397542738 5370
1397542778 5373
1397543291 5377
1397572528 5377
1397665171 5386
1397676275 5400
1397750102 5401
1397784525 5405
1397787491 5407
1397787654 5407
1397793021 5403
1397793546 34056
1397794654 34056
1397794676 34056
1397795104 34060
1397795280 34064
1397830899 34064
1397834783 34053
1397960226 34057
1398008769 34050
1398008784 34051
1398105805 34051
1398173671 34051
1398179950 34074
1398182334 34082
1398220945 34075
1398266870 34102
1398269583 34111
1398280733 34114
1398281470 34114
1398281743 34114
1398282418 34114
1398282689 34113
1398283381 34113
1398284188 34113
1398291685 34113
1398294701 34113
1398295731 34113
1398297004 34131
1398298878 34148
1398299630 34151
1398299672 34151
1398300733 34151
1398303428 34160
1398303469 34162
1398307285 34155
1398345413 34155
1398349806 34158
1398349839 34178
1398349847 34180
1398349921 34179
1398352532 34212
1398368226 34215
1398369118 34217
1398369525 34220
1398374317 34229
1398376518 34231
1398379160 34231
1398436837 34267
1398437075 34275
1398439087 34294
1398439286 34297
1398439805 34298
1398440081 34299
1398441454 34298
1398441893 34299
1398520045 34300
1398520162 34330
1398521421 34364
1398531629 34364
1398532175 34364
1398606972 34417
1398607793 34421
1398608177 34425
1398617216 34424
1398617227 34424
1398700769 34480
1398738439 34480
1398738449 34480
1398738461 34481
1398738825 34481
1398740699 34482
1398776076 34493
1398776207 34494
1398776401 34495
1398777058 34494
1398777990 34496
1398777997 34500
1398779686 34504
1398780706 34504
1398780726 34507
1398781650 34507
1398782442 34510
1398782986 34513
1398783500 34526
1398785977 34533
1398789145 34507
1398866121 34624
1398867823 34691
1398868607 34694
1398868723 34712
1398868914 34713
1398869081 34713
1398869176 34713
1398876168 34758
1398878291 34800
1398879564 34800
1398879958 34814
1398879972 34821
1398880435 34857
1398882041 34860
1398882140 34860
1398882487 34860
1398882573 34861
1398883636 34861
1398886697 34864
1398886771 34866
1398888173 34872
1398889685 34874
1398890092 34874
1398895241 34881
1398953195 34895
1398953348 34895
1398953382 34896
1398953622 34906
1398954038 34906
1398954449 34909
1398956575 34924
1398959016 34952
1398988148 34987
1398989675 62646
1398999979 62646
1399037601 62763
1399039675 62812
1399040155 62812
1399040605 62816
1399043597 62821
1399135734 63341
1399137050 63339
1399137946 63347
1399140184 63351
1399141606 63367
1399143687 63390
1399143964 63390
1399143988 63402
1399145282 63397
1399145912 63400
1399148055 63425
1399148338 63425
1399153218 63432
1399154654 63451
1399154848 63449
1399155412 63449
1399156004 63455
1399157171 63456
1399157422 63456
1399159261 63463
1399159526 63476
1399160820 63497
1399161313 63497
1399163698 63499
1399165996 63507
1399166843 63507
1399167377 63507
1399168100 63511
1399169156 63512
1399175382 63515
1399211090 63717
1399219278 63770
1399223309 63811
1399252986 63816
1399299114 63829
1399300263 63829
1399300298 63844
1399300316 63843
1399303175 63850
1399303201 63855
1399304159 63874
1399319536 63901
1399334841 63876
1399336719 63894
1399336741 63895
1399381899 63906
1399383906 63923
1399383953 63941
1399384712 63954
1399386590 63953
1399388714 63953
1399388751 63981
1399389208 63985
1399393073 64007
1399397903 64017
1399400660 63999
1399400947 63998
1399401240 63998
1399402992 64016
1399403596 64019
1399403851 64019
1399901467 64019
1399986801 64022
1399986918 64022
1399986933 64023
1399986943 64023
1399988597 64020
1399988623 64042
1399989077 64064
1399989377 64064
1399991404 64060
1399991548 64068
1399991746 64068
1399991958 64069
1399996513 64116
1399996821 64116
1399998533 64118
1400075139 64121
1400075893 64114
1400076309 64125
1400077787 64130
1400078721 64139
1400080820 64140
1400083276 64235
1400120240 64236
1400165144 64365
1400169490 64449
1400176944 64449
1400246720 64472
1400249263 64523
1400254666 64526
1400255279 64529
1400255712 64529
1400255994 64531
1400256594 64535
1400256989 64535
1400432608 64535
1400432628 64535
1400432676 64551
1400432689 64564
1400432729 64612
1400436577 64638
1400441881 64638
1400509832 64639
1400509865 64672
1400510118 64672
1400510304 64672
1400511182 64676
1400511196 64678
1400511764 64681
1400513108 64698
1400513848 64714
1400594160 64710
1400594426 64714
1400595046 64714
1400602601 64715
1400602948 64715
1400686694 64715
1400764130 64715
1400764242 64715
1400771850 64690
1400773530 64695
1400779597 64691
1400853543 64705
1400853611 64705
1400854181 64705
1400855063 64655
1400860708 64652
1402061728 64654
1402061917 65241
1402063677 65264
1402064997 65267
1402066820 65267
1402066870 65279
1402066885 65284
1402066908 65288
1402067113 65292
1402067225 65293
1402067933 65295
1402070077 65297
1402070828 65300
1402071537 65303
1402077867 65305
1402078493 65311
1402106085 65310
1402150294 65309
1402151485 65317
1402156675 65296
1402324851 65334
1402327034 65334
1402328028 65397
1402330047 65417
1402331712 65417
1402333054 65418
1402334173 65418
1402406501 65441
1402409029 65436
1402410983 65440
1402411010 65440
1402413338 65440
1402415848 65440
1402417044 65439
1402930137 65449
1402930170 65456
1402930177 65471
1403013228 65479
1403013248 65479
1403188835 65486
1403274842 65493
1403276363 65516
1403276518 65516
1403276684 65517
1403360458 65517
1403363885 65527
1403363904 65528
1403364720 65525
1403365848 65541
1403367079 65541
1403368804 65530
1403369257 65536
1403463499 65534
1403532430 65549
1403533006 65522
1403533078 65526
1403533709 65533
1403536250 65559
1403537972 65558
1403538522 65558
1403542199 65561
1403621666 65602
1403630090 65702
1403631037 65700
1403631961 65703
1403633347 65704
1403633598 65704
1403640104 65709
1403663246 65741
1403707816 65757
1403707833 65826
1403972151 65829
1403976757 65848
1403978863 65853
1403979604 65873
1403980215 65889
1403980609 65890
1403980987 65887
1403982332 65888
1403982883 65888
1403984991 65889
1403985819 65889
1403986009 65889
1403987504 65910
1403992122 65935
1403992216 65935
1403992396 65938
1403992626 65940
1403996282 65899
1403996702 65899
1404002157 65888
1404002692 65893
1404008233 65896
1404009879 65856
1404010061 65856
1404010395 65856
1404010784 65853
1404011026 65853
1404017800 65856
1404067870 65835
1404067887 65824
1404068256 65824
1404068301 65824
1404068378 65824
1404068414 65824
1404068483 65824
1404068668 65822
1404076973 65823
1404096746 65823
1404134360 65810
1404134846 65816
1404135833 65836
1404137529 65837
1404163589 65908
1404168226 65908
1404168248 65908
1404171103 65910
1404172085 65910
1404172582 65910
1404172891 65910
1404173868 65910
1404174728 65908
1404175253 65908
1404175574 65908
1404177177 65910
1404178006 65910
1404178725 65910
1404180680 65910
1404220911 65917
1404221235 65917
1404224382 65917
1404231043 65543
1404231320 65425
1404231457 65398
1404245564 65398
1404257030 65384
1404259165 65384
1404273675 65377
1404308005 65364
1404315511 65464
1404317545 65464
1404402657 65473
1404405634 65474
1404482179 65480
1404483524 65492
1404861633 65515
1404862730 65511
1404863064 65513
1404913520 65524
1404914196 65545
1404920341 65551
1404923736 65547
1404924318 65552
1404924913 65559
1404925296 65559
1404925870 65565
1404926024 65564
1404929788 65565
1404932844 65568
1404936999 65566
1404944184 65567
1404950765 65568
1404951207 65567
1404951863 65567
1404952352 65570
1404960272 65576
1404999200 65578
1404999550 65589
1405000214 65589
1405000826 65594
1405000979 65592
1405002434 65593
1405002714 65591
1405003135 65591
1405004322 65595
1405005504 65596
1405005980 65597
1405006893 65596
1405006953 65585
1405008864 65587
1405010066 65588
1405014201 65588
1405015526 65594
1405016586 65593
1405346129 65766
1405347478 65780
1405348027 65791
1405350257 65791
1405352823 65819
1405520874 65820
1405522531 65863
1405522785 65863
1405525095 65883
1405525707 65877
1405525763 65871
1405970872 65871
1406057830 65880
1406217207 65884
1406217592 65884
1406218063 65884
1406238500 65884
1406297433 65891
1406301867 65893
1406302146 65879
1406302882 65879
1406384731 65879
1406384764 65880
1406386983 65880
1406389339 65880
1406393103 65883
1406433942 65889
1406434368 65892
1406434480 65892
1406435030 65892
1406435436 65892
1406435500 65892
1406435690 65892
1406473696 65889
1406474019 65891
1406475037 65887
1406475723 65888
1406476293 65887
1406477039 65889
1406478262 65891
1406480840 65891
1406490822 65891
1406498945 65891
1406562110 65887
1406563701 65888
1406579409 65889
1406640404 65889
1406641085 65883
1406643594 65883
1406645374 65888
1406645405 65875
1406646709 65875
1406647372 65875
1406648729 65876
1406650447 65881
1406728295 65888
1406731036 65917
1406732888 65949
1406734747 65962
1406743163 65963
1406814444 65966
1406817794 66006
1406867029 66009
1406902527 66008
1406903702 66009
1406903768 66009
1406908156 66009
1406908209 66003
1407250379 66018
1407252107 66018
1407333604 66018
1407334609 66018
1407334623 66018
1407338472 66033
1407419271 39617
1407422575 39617
1407429046 39634
1407505869 39635
1407506357 39635
1407599594 39635
1407600278 39637
1407600435 39638
1407603875 39642
1407604356 39642
1407764020 39646
1407765298 39646
1407771257 39633
1407851367 39633
1407856539 39647
1407857779 39650
1407937335 39653
1407938023 39653
1407938369 39655
1407941462 39667
1407942111 39659
1408111104 39667
1408117203 39668
1408117213 39677
1408118639 39677
1408145741 39677
1408287235 39696
1408287408 39697
1408287660 39697
1408370592 39700
1408370602 39699
1408457665 39700
1408458570 39699
1408461261 39730
1408463258 39731
1408463350 39743
1408548066 39771
1408630442 39781
1408631363 39782
1408631400 39805
1408636153 39853
1408636198 39853
1408636305 39854
1408813446 39859
1408814721 39861
1409153071 39852
1409155491 39847
1409156022 39842
1409233379 39853
1409233852 39840
1409237335 39833
1409238347 39822
1409238681 39823
1409246293 39823
1409251985 39866
1409253183 39865
1409255190 39865
1409258527 39865
1409262661 39865
1409320646 39866
1409320673 39863
1409322234 39853
1409323555 39862
1409325370 39863
1409329133 39863
1409756585 39894
1409757020 39894
1409926340 39882
1409927700 39929
1409929466 39952
1409929567 39954
1409931881 39958
1409939760 39957
1410495516 39973
1410535643 39974
1410535778 39974
1410539917 39979
1410544216 40026
1410545542 40069
1410548253 40070
1410548732 40070
1410550652 40071
1410554542 40071
1410555232 40112
1410560291 40113
1410563884 40113
1410565935 40126
1410567382 40128
1410567636 40127
1410568864 40127
1410571365 40127
1410623089 40129
1410966102 56113
1410967567 56112
1411056460 56217
1411057098 56227
1411057791 56227
1411138302 56270
1411141505 56286
1411312132 56285
1411312415 56284
1411333941 56284
1411484303 56286
1411484383 56411
1411485063 56410
1411485718 56410
1411570125 56344
1411570763 56345
1411571270 56347
1411654105 56349
1411654244 56386
1411654448 56383
1411654908 56389
1411655896 56390
1411656149 56391
1411661511 56396
1411662696 56398
1411672516 56399
1412005696 56497
1412007341 56498
1412007422 56498
1412008052 56499
1412008124 56499
1412008653 56499
1412009989 56499
1412012536 56501
1412012688 56501
1412013798 56501
1412087405 56507
1412087427 56556
1412090156 56574
1412176330 56602
1412177087 56603
1412177521 56629
1412178560 56651
1412181151 56656
1412257474 56656
1412345696 56656
1412526886 56656
1412608852 56657
1412609262 56657
1412609455 56695
1412610573 56695
1412866623 56695
1412866646 56695
1412871012 56695
1412879139 56695
1412946652 56695
1412947130 56695
1412955594 57834
1412955635 57860
1412956056 57859
1413207967 57859
1413207977 57860
1413208758 57861
1413214778 57864
1413467448 57864
1413467464 57864
1413468763 57866
1413555889 57890
1413557636 57903
1413562547 57903
1413562821 57890
1413563983 57894
1413820587 57894
1413905307 57898
1414073876 57903
1414074157 57902
1414074354 57902
1414159786 56756
1414159796 56756
1414161833 56756
1414258069 56756
1414675664 56762
1414677942 56764
1414678243 56764
1414681648 56764
1414696808 56764
1414699244 56764
1414702696 56764
1415115445 56753
1415115776 56757
1415115847 56757
1415117879 56758
1415118667 56758
1415201815 56758
1415201974 56755
1415372213 56755
1415372643 56755
1415373891 56755
1415373964 56751
1415375929 56751
1415986801 56759
1416843506 56753
1416874807 56753
1417531156 56755
1417553652 56762
1417553713 56758
1417615446 56776
1417616212 56777
1417616412 56777
1417617211 56773
1418048131 56775
1418134444 56797
1418134975 56859
1418135527 56859
1418139954 56862
1418225045 56862
1418742061 56860
1418742179 56854
1418742429 56856
1418827281 56858
1418827346 56856
1418828012 56859
1418920613 56861
1418921185 56863
1419003469 56899
1419003553 56899
1419003766 56914
1419004118 56900
1419004194 56901
1419004241 56901
1420470784 56901
1420470986 56907
1420732568 56893
1420732579 56893
1421880245 56893
1421880389 56893
1422630900 56891
1422636588 56888
1422651232 56895
1423148662 56901
1423154206 56904
1423154479 56904
1423154545 56904
1423163799 56904
1423163807 56906
1423163896 56906
1423236439 56907
1423236449 56910
1423240982 56937
1423241143 56937
1423242109 56932
1423259179 56934
1423260224 56936
1423286730 56944
1423286851 56946
1423321040 56958
1423326677 56961
1423328010 56961
1423331202 56963
1423448731 57002
1423454079 56999
1423454805 56999
1423455847 56998
1423456873 56998
1423493585 56999
1423497734 56993
1423625482 56995
1423625553 56995
1423625643 56995
1423625789 56995
1423625874 56995
1423692147 57090
1423692982 57089
1423751038 57088
1423764746 57093
1423769275 57093
1423770105 57095
1423772852 57095
1423773988 57097
1423784078 57103
1423784346 57106
1423784490 57107
1423785321 57107
1423788497 57107
1423792419 57175
1423805676 57175
1423923011 57182
1423923499 57184
1424099365 57194
1424099373 57237
1424099517 57237
1424100345 57238
1424125958 57245
1424125984 57245
1424182364 57245
1424182472 57245
1424182544 57245
1424183080 57245
1424193410 57244
1424193441 57246
1424193589 57246
1424212931 57241
1424361299 57205
1424363163 57206
1424364040 57206
1424449326 57234
1424450946 57239
1424451061 57239
1424451496 57239
1424528209 57239
1424528489 57240
1424563364 57240
1424564147 57240
1424615373 57247
1424615515 57247
1424795516 57247
1424795532 57251
1424800336 57250
1424825041 57253
1424873768 57257
1424873832 57257
1424880046 57288
1424886639 57287
1424886653 57296
1424908980 57298
1424910191 57298
1424913626 57300
1424914352 57300
1424960514 57303
1424961120 57299
1424962452 57299
1425231813 57303
1425231824 57306
1425248025 57306
1425248046 57312
1425252093 57313
1425254838 57313
1425255146 57313
1425255378 57312
1425255827 57311
1425256529 57316
1425257204 57315
1425257288 57319
1425258053 57319
1425258224 57319
1425258734 57319
1425259222 57319
1425262104 57417
1425262143 57418
1425262209 57421
1425262796 57428
1425263140 57429
1425272325 57433
1425311337 57434
1425311653 57432
1425314062 57432
1425445485 57432
1425447947 57426
1425448173 57426
1425449240 57625
1425449557 57625
1425449996 57625
1425450274 57625
1425481633 57629
1425483390 57630
1425484269 57630
1425484916 57631
1425485246 57632
1425486275 57632
1425486793 57633
1425488031 57634
1425488276 57634
1425489772 57415
1425489894 57414
1425506650 57414
1425510931 57411
1425521408 57456
1425521786 57462
1425522600 57543
1425523763 57564
1425523846 57563
1425524579 57565
1425524636 57565
1425569204 57618
1425569234 57620
1425569394 57622
1425569450 57623
1425569487 57622
1425571467 57668
1425572126 57670
1425659430 57670
1425659438 57746
1425659605 57746
1425911847 57936
1425911854 57936
1425999226 57977
1425999237 57983
1426002759 57973
1426004311 57975
1426005792 57975
1426007828 57975
1426083043 57977
1426089895 57977
1426166031 57978
1426168094 57980
1426169384 57980
1426170255 57985
1426171741 57989
1426172456 57989
1426173064 57989
1426174168 57992
1426174627 57990
1426175820 57990
1426175845 57990
1426176410 57988
1426365573 58016
1426367102 58017
1426426499 58016
1426426506 58034
1426520613 58034
1426520639 58037
1426521143 58045
1426521151 58047
1426521946 58047
1426522638 58047
1426554345 58053
1426557194 58056
1426557745 58056
1426604215 58061
1426604250 58061
1426604259 58061
1426648356 58063
1426648364 58065
1426650235 58078
1426650689 58077
1426683192 58077
1426701757 58093
1426702114 58080
1426730349 58092
1426775690 58102
1426775964 58101
1426776670 58102
1426777152 58100
1426777400 58100
1426777471 58101
1426858284 58108
1426858975 58111
1426859199 58112
1426944593 58177
1426949619 58180
1426994196 58180
1427212540 58167
1427291301 58158
1427292256 58155
1427293466 58139
1427297395 58150
1427298648 58145
1427300980 58145
1427385320 58146
1427466986 58147
1427574109 58149
1427588952 58151
1427590337 58155
1427989768 58155
1428258427 58159
1428502386 58162
1428589302 58164
1428589339 58164
1428680349 58189
1428680693 58189
1429409736 58191
1429409776 58196
1429625154 58263
1429625820 58262
1430143335 58264
1430404504 58264
1430405316 58270
1430408477 58272
1430488526 58276
1430490928 58267
1430492312 58260
1430835812 58268
1430835942 58267
1430845211 58268
1430921982 58272
1430922598 58280
1431006193 58280
1431006313 58280
1431006442 58281
1431008326 58297
1431008368 58297
1431008739 58297
1431011850 58297
1431097063 58308
1431098355 58315
1431109256 58315
1431353650 58319
1431353711 58319
1431354847 58321
1431356228 58327
1431357013 58327
1431359080 58327
1431360754 58327
1431396631 58325
1431398260 58330
1431398910 58330
1431438815 58332
1431439992 58337
1431441329 58337
1431446241 58337
1431633522 58339
1431638339 58344
1431959073 58344
1431961766 58339
1432048393 66885
1432048409 66885
1432049416 66889
1432083484 66894
1432083872 66894
1432084827 66894
1432085901 66892
1432134372 66945
1432134466 66945
1432135734 66948
1432145416 66955
1432147516 66955
1432150187 66956
1432171355 66959
1432171373 66958
1432217096 66962
1432218026 66962
1432220580 66964
1432221287 66964
1432221996 66964
1432224202 67025
1432224334 67030
1432224815 67031
1432260107 67032
1432260692 67032
1432261785 67032
1432265115 67031
1432302063 67031
1432302425 67059
1432302646 67057
1432303696 67083
1432304575 67085
1432304663 67085
1432306246 67085
1432347165 67292
1432347715 67295
1432393446 67295
1432395089 67296
1432395235 67298
1432406316 67297
1432406577 67295
1432407544 67294
1432409321 67294
1432410489 67294
1432413284 67294
1432413681 67294
1432478886 67300
1432478902 67301
1432479802 67299
1433345983 67301
1433380861 67300
1433447562 67305
1433447569 67393
1433771598 67393
1433863244 67402
1433943507 67625
1433946797 67628
1433951362 67635
1433952529 67635
1434028226 67636
1434028482 67644
1434032340 67643
1434038311 67642
1434038406 67665
1434118557 67675
1434121018 67677
1434299783 67680
1434377728 67683
1434465392 67653
1434550876 67654
1434553181 67654
1434553625 67655
1434980421 67656
1434981269 67650
1434981806 67650
1434986243 67740
1434990294 67748
1435066822 67748
1435067375 67748
1435070389 67747
1435157959 67749
1435160610 67744
1435162563 67795
1435170988 67795
1435240614 67799
1435241190 67799
1435329834 67857
1435334963 67860
1435335791 67860
1435419506 67864
1435421475 67866
1435587765 67866
1435588470 67870
1436277917 67873
1436366157 67874
1436366196 67874
1436366934 67874
1436367123 67874
1436367872 67862
1436536970 67867
1436540307 67867
1437924352 67869
1437944135 67869
1438091201 67868
1438093094 67870
1438096169 67865
1438178595 67864
1438179523 67880
1438180641 67860
1438202526 67862
1438355125 67886
1438356277 67887
1438358312 67888
1438360688 67889
1438697340 67891
1438747164 67894
1445189094 67894
1445266785 68142
1445266878 68141
1445269187 68171
1445347396 68171
1445347591 68171
1445350451 68172
1445350480 68175
1445350640 68175
1445350958 68177
1445354981 68178
1445355574 68178
1445356105 68180
1445433415 68181
1445437068 68181
1445441410 68183
1445442348 68186
1445449198 68186
1445468930 68186
1445518717 68185
1445524381 68192
1445528502 68234
1445529412 68235
1445608332 68252
1445608845 68262
1445609366 68272
1445609424 68272
1445609858 68279
1445610054 68282
1445610234 68286
1445612640 68291
1445613345 68298
1445614890 68301
1445782316 68305
1445782425 68305
1446038602 68305
1446039097 68305
1446039105 68356
1446040888 68359
1446041325 68365
1446041357 68365
1446041877 68362
1446060117 68365
1446060128 68390
1446216895 68392
1446216906 68510
1446218615 68511
1446473305 68540
1446474179 68542
1446648936 68545
1446650399 68549
1446774382 68556
1447082256 68572
1447166420 68572
1447172421 68691
1447253097 68691
1447253127 68691
1447255327 68694
1447256131 68691
1447257439 68709
1447260089 68747
1447337348 68756
1447342749 68774
1447346827 68776
1447360707 68776
1447426333 68777
1447427924 68795
1447456570 68795
1447462114 68795
1447774822 68811
1447778130 68823
1447779195 68826
1447861085 68809
1447862644 68809
1447864929 68809
1447946623 68809
1448034569 68810
1448034976 68814
1448036050 68822
1448036909 68822
1448119218 68827
1448119860 68827
1448295002 68825
1448295682 68827
1448295741 68827
1448297266 68827
1448341288 68836
1448380024 68935
1448381899 68885
1448382287 68930
1448385228 68930
1448464288 68925
1448464625 68925
1448466463 68929
1448467257 68920
1448468866 68920
1448473741 68927
1448896971 68964
1448899849 68996
1448900267 69000
1448900523 69003
1448900596 69011
1448981889 69017
1448983233 69023
1448983875 69023
1448984010 69023
1449158993 69023
1449159303 69023
1449202510 69026
1449202624 69026
1449242649 69047
1449267162 69049
1449280326 69049
1449280356 69048
1449298656 69053
1449416647 69053
1449440254 69053
1449680249 69054
1449759933 69081
1449761063 69081
1450367949 69086
1450450057 69087
1450451261 69097
1450451623 69098
1450451800 69100
1450452005 69100
1450452265 69101
1450452603 69101
1450624200 69078
1450625399 69078
1450968877 69079
1450969085 69105
1450969222 69107
1452091577 69134
1452266748 69125
1452287014 69125
1452355619 69125
1452355651 69132
1452608599 69138
1452609459 69138
1452695861 69182
1452698072 69177
1453592622 69200
1453733203 69200
1453821214 69203
1453906999 69202
1454113786 69261
1454174443 69263
1454462469 69376
1454479614 69376
1454518105 69474
1454520524 69474
1454595264 69474
1454602113 69474
1454602519 69477
1454603801 69481
1454689879 69476
1455029638 69520
1455036219 69504
1455046264 69500
1455061226 69500
1455081952 69425
1455116500 69425
1455117409 69423
1455202553 69424
1455204300 69424
1455917418 69428
1456241221 69434
1456252097 69435
1456848749 69446
1456871332 69448
1456930881 69461
1456930977 69463
1456933994 69479
1457027667 69483
1457102652 69483
1457111068 69557
1457276137 69502
1457448941 69558
1457451382 69562
1457538428 69559
1457635912 69561
1457635941 69561
1457890035 70150
1458224901 70165
1458312744 70164
1458313144 70160
1458313806 70168
1458394773 70172
1458397231 70211
1458398188 70203
1458572226 70226
1458572304 70226
1460039709 70204
1460381544 70204
1460402016 70236
1460402235 70236
1460461367 70236
1460550402 70237
1460945163 70292
1460951168 70296
1461081391 70319
1461161812 70380
1461163477 70380
1461163511 70387
1461168693 70401
1461246654 70399
1461247188 70431
1461249092 70435
1461507393 70435
1461509113 70443
1461513972 70393
1461514258 70393
1461514695 70393
1461518582 70393
1461519573 70393
1461519981 70393
1461591386 70393
1461596847 70463
1461597854 70470
1461680583 70471
1461769540 70471
1461770036 70471
1461770149 70471
1461770583 70471
1461770904 70471
1461771359 70471
1461806564 70471
1461806783 70471
1461851150 70471
1461851263 70471
1461851677 70471
1461852022 70471
1461852328 70471
1461852545 70471
1461937231 70487
1461938557 70487
1462110514 70487
1462289693 70518
1462368137 70529
1462368423 70529
1462376969 70578
1462459686 70582
1462461612 70601
1462545440 70718
1462629801 70718
1462630240 70719
1462632656 70789
1462633212 70789
1462635891 70797
1462636251 70817
1462636759 70821
1462637373 70842
1462638086 70844
1462639058 70844
1462639847 70844
1462717640 70844
1462717661 70844
1462717714 70845
1462719781 70891
1462725932 70900
1462808176 70921
1462890571 70935
1462893494 70942
1462903673 70942
1463024182 70960
1463273894 70961
1463626492 71014
1463630674 71009
1463665143 71011
1463665715 71011
1463689898 71027
1463690160 71028
1463695465 71043
1463706776 71057
1463958470 71045
1464098157 71057
1464098588 71058
1464187607 71058
1464189760 71067
1464270260 71079
1464270492 71081
1464270771 71083
1464273310 71085
1464274841 71087
1464709229 71096
1464709588 71097
1464709774 71100
1464792354 71103
1464874885 71112
1464875527 71112
1464882453 71119
1464960229 71119
1464963545 71129
1464966684 71130
1464967164 71131
1464968407 71131
1465341812 71232
1465747776 71232
1465911237 71232
1465917093 71238
1465944152 71239
1465944820 71239
1465967854 71240
1465997387 71242
1466000164 71242
1466028264 71242
1466032471 71247
1466088787 71273
1466101120 71273
1466173842 71289
1466602131 71295
1466602158 71295
1466602436 71205
1466604103 71209
1466605774 71216
1466607515 71226
1466654299 71145
1467044476 71145
1468244918 71148
1468330823 71149
1468331975 71151
1468504027 71151
1468507260 71294
1468621431 71151
1468681122 71306
1468683867 71308
1468856831 71316
1468969431 71316
1469027354 71335
1469027853 71337
1469028073 71336
1469028374 71337
1469108138 71336
1469109568 71373
1469116823 71376
1469543795 71376
1470239525 71375
1470324847 71395
1470407276 71406
1470410565 71411
1470842984 71419
1471184900 71431
1471624439 71567
1471650190 71692
1471668079 71721
1471703950 71757
1471712107 71757
1471791031 71841
1471880366 71837
1471965035 71904
1471966945 71908
1472046918 72027
1472049667 72069
1472133009 72101
1472134116 72099
1472134984 72315
1472311607 71429
1473779263 71432
1474814677 71443
1474989096 71449
1475161906 71461
1475382736 71462
1475761774 71495
1475764699 71492
1476050272 71606
1476712858 71606
1476885175 71606
1477783000 71606
1477835728 71636
1477947352 71606
1477963189 71611
1477993774 71625
1478044859 71636
1478117806 71646
1478169642 71681
1478375945 71673
1478376571 71673
1478451958 71678
1478458804 71692
1478460163 71695
1478460874 71695
1478464199 71695
1478465929 71695
1478573528 71712
1478806152 71738
1478885259 71734
1479183292 71736
1479585949 71746
1481725721 71746
1482770216 71759
1483037042 71759
1483051233 71761
1483125942 71770
1483440769 71951
1484423148 71994
1484665946 71994
1484835855 71995
1484855263 72064
1484907643 72064
1485805133 72145
1486565712 72145
1487948765 72145
1487948772 72145
1488034435 72156
1488044226 72171
1488122258 72182
1488549994 72178
1488755052 72176
1488924520 72176
1488986228 72176
1489249732 72178
1490848327 72183
1491498123 72197
1491854837 72197
1491990021 72198
1492331535 72198
1493839321 72204
1493988058 72207
1493989089 72212
1494085014 72128
1494087212 72128
1494091400 72133
1494838129 72127
1495180347 72128
1495256877 72127
1495549814 72128
1495551705 72912
1496098721 72147
1497457251 72182
1497709905 72186
1498137651 72188
1498138310 72190
1498311505 72229
1498388374 72180
1498400999 72168
1498402171 72177
1498582944 72229
1498915057 72237
1498917452 72237
1498919451 72244
1498928965 72250
1498930665 72253
1499219921 72257
1499377016 72261
1499438885 72259
1499798717 72261
1499824918 72264
1500055958 72264
1500239568 72266
1500287739 72296
1500695221 72305
1502075884 72305
1502382426 72318
1502572547 72322
1503084475 72322
1503230285 72322
1503247168 72322
1503845313 72346
1504361299 72363
1504491968 72359
1505603207 72359
1505662877 72359
1505913671 72422
1506565309 72423
1507495812 72424
1507956863 72477
1507991896 72425
1507996028 72447
1508078283 72480
1508104721 72480
1508195548 72495
1508687740 72519
1509911878 72519
1510186450 72519
1510194430 72523
1510472350 72525
1510499376 72527
1510584434 72531
1511781913 72537
1513443534 72539
1513443791 72602
1513787458 72634
1513787611 72637
1513787887 72637
1514367963 72642
1515859053 72642
1516458382 72648
1516459632 72649
1516467183 72650
1516479330 72647
1517015568 72678
1517549300 72682
1518018255 72682
1518276556 72850
1518277532 72853
1518359023 72757
1518360656 72795
1518361514 72829
1518362753 72840
1518363142 72840
1518366722 72842
1518367004 72842
1518369797 72842
1518369827 72856
1518371034 72853
1518385396 72853
1518616001 72854
1518651055 72857
1518711824 72881
1518712374 72881
1518712478 72881
1518744384 72857
1518749564 72848
1518775473 72881
1518775540 72881
1518801633 72851
1518804834 72851
1518858223 72852
1518860326 72861
1518872238 72872
1518932312 72867
1518932849 72867
1518993815 72867
1519071956 72877
1519074231 72881
1519145696 72881
1519461557 72883
1519464555 72884
1519465037 72886
1519496370 72910
1519821223 72910
1519822160 72911
1519823364 72917
1519824205 72917
1519827296 72920
1519832844 72941
1519904725 72968
1520114699 73017
1520143943 73018
1520174443 73019
1520179988 73022
1520183811 72675
1520186117 72680
1520187104 72680
1520188422 72680
1520191540 72680
1520192720 72687
1520194174 72693
1520203584 72699
1520205242 72690
1520430105 72706
1520436973 72705
1520638840 72709
1520693201 72701
1520693211 72701
1520702717 72765
1520816682 72767
1520858609 72940
1520883625 72907
1520960598 72911
1520964819 72912
1520979056 72945
1520994006 72940
1520995514 72940
1521055035 72946
1521101383 72946
1521102192 72946
1521121531 72946
1521122131 72946
1521122306 72946
1521216139 72947
1521230652 72953
1521231971 72953
1521231991 72954
1521514034 72942
1521637930 72939
1521638173 72933
1521640001 72933
1521640116 72933
1521643859 72900
1521643916 72946
1521644382 72946
1521646146 72946
1521648111 72946
1521648928 72948
1521649528 72948
1522083022 72949
1522083641 72950
1522089760 72954
1522172343 72954
1522254829 72954
1522344997 72794
1522372390 72847
1522434012 72875
1522434701 72887
1522438187 72892
1522518450 72892
1522852701 72896
1522853031 72896
1522853599 72896
1522891803 72908
1522900622 72906
1522901491 72908
1523111047 72912
1523138057 72907
1523139708 72900
1523143081 72897
1523195121 72899
1523196224 72902
1523196574 72903
1523197286 72904
1523197987 72904
1523203417 72904
1523213662 72895
1523219892 72881
1523403971 72881
1523734826 72881
1523734853 72874
1523734868 72874
1523798378 72874
1523808824 72860
1523810977 72860
1523813644 72860
1523928123 72860
1524346164 72857
1524356784 72910
1524363701 72921
1524413792 72922
1524413794 72922
1524441868 72923
1524729351 72923
1524767534 73188
1524951125 72939
1525008785 73024
1525016120 73024
1525075663 73024
1525111780 73029
1525203507 73188
1525619248 73209
1525639069 73236
1525689962 73237
1525809996 73238
1525872060 73236
1525873434 73241
1525924685 73241
1525961460 73754
1526139231 73296
1526141411 73268
1526143379 73284
1526155036 73300
1526155924 73300
1526166140 73316
1526221361 73350
1526223726 73346
1526223879 73347
1526226784 73348
1526226796 73442
1526227889 73449
1526240575 73513
1526242468 73434
1526300190 73754
1526482723 73791
1526483966 73786
1526605423 73798
1526739186 73822
1526739253 73820
1526745451 73823
1526751109 73874
1526751173 73874
1526755615 73912
1526827329 73914
1526832543 73933
1526857239 73993
1526861352 73993
1526861434 73982
1526861794 73965
1526959266 73978
1526959678 73978
1526959858 73978
1526960287 73977
1526961023 73977
1526961604 73977
1527343369 73979
1527347265 73979
1527351789 73981
1527353219 73981
1527427238 73981
1527433470 74019
1527443846 74042
1527445107 74045
1527446333 74045
1527531907 74091
1527553267 74091
1527563790 74069
1528005836 74068
1528049417 74064
1528106399 74085
1528134982 74085
1528138828 74087
1528140440 74086
1528180348 74087
1528210682 74086
1528293479 74299
1528296695 74286
1528389700 74293
1528389750 74293
1528395636 74308
1528404556 74546
1528467062 74544
1528487036 74571
1528497219 74600
1528528369 74578
1528554009 74582
1528650327 74583
1528664290 74582
1528871072 74606
1529762580 74620
1529763539 74620
1529767766 74628
1529847562 74622
1530102680 74624
1530162780 74636
1530670223 74629
1530715256 74636
1530729398 74622
1530735423 74636
1530740840 74713
1530745206 74713
1530751666 74715
1530752837 74715
1530796974 74715
1530991210 74726
1531012736 74730
1531062355 74715
1531087244 74745
1531127053 74773
1531128479 74749
1531136842 74750
1531144184 74770
1531483483 74775
1531575196 74826
1531575260 74772
1531575744 74826
1531599460 74860
1531607335 74861
1531661391 74864
1531737474 74871
1531842862 74870
1531921486 74871
1531930450 74881
1531948330 74899
1531956286 74911
1531964915 74940
1531966330 74919
1532005151 74940
1532125409 74944
1532189601 75025
1532269211 75064
1532277590 75062
1532295745 75022
1532297273 74907
1532298651 74904
1532303697 74903
1532308162 74903
1532617181 74904
1532702265 74904
1533132713 74889
1533483027 74898
1533647300 74898
1533996772 74906
1533997361 74907
1533999465 74908
1534004034 74916
1534089167 74916
1534098888 74916
1534340074 74939
1534341283 74946
1534459383 74946
1534497776 74957
1534693060 74957
1534948806 74961
1534949931 74957
1534954037 74962
1535222378 74996
1535238512 75058
1535296355 75102
1535302309 75159
1535417487 75102
1535467008 75163
1535549936 75159
1535551224 75163
1535560497 75191
1535562449 75239
1535595488 75239
1535751765 75240
1535754871 75241
1536100651 75243
1536335595 75245
1536416549 75246
1536422814 75248
1536425741 75249
1536437384 75249
1536448642 75252
1536505986 75252
1536507687 75240
1536509321 75239
1536511648 75288
1536671679 75288
1536758233 75290
1536762862 75304
1536766764 75305
1536768266 75322
1536773948 75374
1536781444 75412
1536798856 75425
1536802106 75427
1536804026 75427
1536848118 75451
1536848443 75454
1536849440 75455
1536849503 75455
1536936750 75460
1537025157 75460
1537114155 75460
1537201284 75543
1537237806 75492
1537337425 75460
1537361461 75505
1537372545 75489
1537412027 75489
1537523082 75517
1537539709 75499
1537541790 75503
1537543046 75528
1537544731 75527
1537549676 75527
1537550331 75527
1537563333 75530
1537579524 75514
1537657234 75506
1537667492 75499
1537670817 75488
1537721041 75535
1537729967 75541
1537732465 75529
1537886835 75538
1537890473 75551
1537968169 75553
1537976734 75551
1538071087 75539
1538140932 75553
1538263502 75548
1538290739 75564
1538311779 75550
1538316188 75547
1538322357 75537
1538332760 75567
1538341743 75562
1538354714 75559
1538371172 75560
1538402813 75561
1538404453 75564
1538486479 75565
1538583285 75565
1538588031 75563
1538616146 75588
1538701581 75584
1538748941 75594
1538770889 75623
1538790122 75630
1538893201 75630
1538915909 75650
1538917438 75626
1538923707 75637
1538929725 75643
1538931252 75673
1538942300 75643
1538985370 75650
1539016227 75581
1539022479 75691
1539189624 75582
1539189661 75568
1539191676 75568
1539217881 75569
1539331314 75573
1539349784 75575
1539438753 75583
1539441874 75591
1539451418 75576
1539494076 75597
1539556605 75570
1539789586 75569
1539790791 75566
1539791745 75559
1539792929 75546
1539798570 75543
1539799596 75535
1539820882 75532
1539832418 75578
1539959459 75580
1540263734 75685
1540267559 75691
1540360935 75757
1540370002 75712
1540388068 75720
1540402902 75716
1540410254 75707
1540419910 75761
1540424776 75746
1540431762 75765
1540450366 75778
1540473747 75863
1540477202 75775
1540513126 75778
1540594503 75792
1540611144 75792
1540670391 75783
1540685419 75784
1540735055 75863
1540737395 75869
1540743981 75863
1540744131 75863
1541174697 75876
1541177640 75878
1541287245 75873
1541466526 75883
1541552673 75871
1541695736 75880
1541703550 75896
1541709715 75898
1541723215 75912
1542217177 75988
1542238524 76031
1542424555 76035
1542554365 76031
1542635897 76033
1542636254 76033
1542636274 76035
1542714097 76035
1542728620 76035
1542757397 76035
1542810976 76041
1542923827 76102
1543069379 76102
1543085388 76103
1543132926 76107
1543188808 76105
1543191005 76154
1543315920 78773
1543425803 76247
1543438361 76251
1543438389 76251
1543450515 76251
1543454907 76258
1543555251 76258
1543596721 76369
1543601212 76369
1543614424 76371
1543621689 76369
1543633454 76385
1543681160 76387
1543683454 76388
1543722974 76390
1543767771 76388
1543845284 76390
1543853061 76390
1543856328 76390
1543925103 76390
1544019738 76390
1544020051 76389
1544020953 76393
1544022666 76393
1544033993 76395
1544042632 76401
1544105085 76564
1544110066 76564
1544111761 76557
1544119962 76568
1544141530 76575
1544193368 76593
1544195241 76601
1544195713 76601
1544199553 76601
1544206784 76742
1544375512 76909
1544376528 76770
1544399840 76916
1544411907 76916
1544642826 76916
1544659674 76918
1544665850 76921
1544667673 76914
1544716250 76972
1544759912 76914
1544883360 77001
1544884892 76972
1544972457 77026
1545230398 77036
1545315859 77038
1545673072 77089
1545674561 77115
1545677773 77197
1545680826 77277
1545680921 77277
1545681080 77277
1545681408 77277
1546027474 77285
1546028609 77285
1546029101 77285
1546031371 77285
1546038342 77291
1546184974 77397
1546269705 77277
1546339556 78472
1546452184 77395
1547075609 77282
1547077111 77283
1547299915 79423
1547346458 78399
1547366811 78399
1547394037 78399
1547396018 78399
1547667680 78473
1547910965 78482
1547917857 79311
1548027210 79308
1548083509 79359
1548093288 79358
1548430055 79526
1548600447 79457
1548608750 79473
1548796472 79554
1548797485 79554
1548857279 79527
1548860206 79539
1548860800 79539
1548905982 79528
1548996477 79577
1549122043 79584
1549126165 79592
1549157047 79560
1549208682 79565
1549214348 79554
1549216788 79568
1549262596 79568
1549292493 79563
1549297779 79562
1549331793 79568
1549438623 79560
1549449914 79559
1549468159 79559
1549481699 79551
1549726569 79560
1549757720 79579
1549769682 79562
1549791305 79557
1549809287 79566
1549816973 79553
1549846798 79549
1550067262 79540
1550117007 79537
1550157706 79563
1550271602 79564
1550272138 81625
1550534522 81625
1550593767 81627
1550806671 81627
1550853439 81634
1550862301 81654
1550940165 81665
1550950808 81658
1551209883 81691
1551468725 81728
1551887963 81730
1551892996 81730
1551893014 81737
1551909032 81747
1552100945 81747
1552152916 81765
1552158675 81771
1552168403 81781
1552173263 81812
1552179990 81812
1552228889 81820
1552229806 81826
1552241690 81855
1552242084 81855
1552244877 81848
1552245194 81847
1552245455 81847
1552253368 81847
1552254206 81850
1552255666 81844
1552263906 81844
1552264698 81849
1552264956 81849
1552288686 81849
1552396098 81848
1552472756 81853
1552490977 81847
1552499185 81853
1552507818 81874
1552611663 81874
1552612062 81871
1552612256 81860
1552664534 81865
1552743050 81865
1552743979 81863
1552744038 81863
1552744295 81862
1552746473 81855
1552746987 81861
1552748398 81862
1552749736 81863
1552755856 81862
1552758470 81862
1552763855 81820
1552766298 81816
1552845019 81820
1552849507 81802
1552853733 81806
1552857348 81804
1552859359 81772
1552873752 81772
1552916477 81778
1552919608 81782
1553089705 81782
1553139420 81792
1553220139 81801
1553226697 81800
1553265777 81809
1553452627 81816
1553530578 81816
1553549230 81820
1553811320 81828
1553876216 81828
1554002426 81761
1554050857 81761
1554156243 81842
1554474329 81781
1554516895 81775
1554519992 81790
1554562432 81832
1554566684 81833
1554568358 81834
1554569375 81834
1554570296 81832
1554591314 81831
1554613810 81833
1554632124 81839
1554656749 81838
1554724340 81838
1554776072 81843
1554902742 81862
1554907544 81863
1554910147 81911
1554912144 81918
1554949330 81919
1554973555 82099
1555000898 81920
1555085922 81920
1555087641 81922
1555163794 81885
1555165855 82020
1555185867 82032
1555270496 82038
1555353559 82101
1555459704 82047
1555507133 82047
1555529869 82055
1555566524 82065
1555710522 82069
1555718551 82086
1555857581 82089
1556323657 82091
1556480049 82100
1556480121 82159
1556730402 82159
1556808541 82157
1556892194 82157
1556986929 82173
1557012797 82180
1557070494 82197
1557085367 82201
1557256151 82205
1557333501 82201
1557333718 82201
1557334808 82224
1557344425 82202
1557507282 82224
1557507400 82226
1557507884 82226
1557520639 82230
1557583102 82230
1557589322 82225
1557590314 82228
1557600507 82251
1557676610 82251
1557680590 82257
1557691400 82257
1557848471 82257
1557934821 82258
1557935034 82257
1557939760 82345
1557940851 82345
1557941678 82302
1557941685 82274
1557943519 82287
1558013176 82362
1558034524 82307
1558132920 82307
1558195009 82307
1558195519 82300
1558195817 82300
1558197036 82300
1558210500 82298
1558274561 82387
1558465437 82581
1558709413 82385
1559012528 82385
1559108117 82396
1559109764 82405
1559150825 82419
1559161284 82421
1559178146 82441
1559189383 82441
1559224319 82430
1559224891 82400
1559230457 82393
1559241991 82393
1559274607 82400
1559318072 82397
1559352852 82390
1559358559 82390
1559396868 82399
1559397426 82388
1559402676 82399
1559405269 82419
1559406902 82423
1559416467 82423
1559417544 82475
1559426464 82423
1559485826 82443
1559499088 82471
1559506773 82470
1559507072 82470
1559509039 82470
1559516657 82446
1559520830 82439
1559528989 82429
1559576067 82441
1559586912 82429
1559588228 82429
1559605035 82448
1559608515 82448
1559613598 82450
1559663245 82452
1559693338 82457
1559696575 82457
1559699430 82453
1559709083 82449
1559709498 82443
1559741058 82443
1559742400 82445
1559747687 82442
1559749260 82438
1559750003 82435
1559754814 82434
1559778604 82433
1559834956 82424
1559873167 82477
1559913946 82504
1559915481 82506
1559916484 82512
1559941091 82472
1559953818 82469
1559960840 82467
1560001803 82579
1560012131 82576
1560139809 82526
1560174849 82526
1560178680 82528
1560180519 82517
1560215426 82519
1560223504 82516
1560226905 82522
1560266977 82580
1560304214 82580
1560306139 82581
1560309417 82585
1560310085 82586
1560310599 82586
1560316307 82578
1560352215 82561
1560356387 82560
1560388496 82566
1560393848 82566
1560395036 82569
1560435929 82566
1560441333 82574
1560482166 82544
1560486778 82543
1560542614 82541
1560543480 82520
1560563256 82520
1560617091 82509
1560726366 82520
1560785437 82516
1560788489 82521
1560794315 82497
1560876503 82498
1560955569 82478
1560977496 82478
1560978694 82471
1561236288 82471
1561258117 82483
1561261953 82485
1561294959 82468
1561296787 82466
1561302855 82464
1561313355 82464
1561335057 82472
1561341286 82468
1561378396 82472
1561378552 82472
1561878673 83816
1561902881 83817
1561903129 83799
1561909499 83802
1561909935 83806
1562103513 83806
1562163788 83804
1562172729 83798
1562177120 83798
1562187655 83790
1562188764 83739
1562189461 83732
1562193045 83703
1562194205 83691
1562194881 83686
1562195654 83686
1562195892 83685
1562196983 83701
1562197022 83698
1562199957 83725
1562213685 83725
1562248751 83727
1562252136 83727
1562278514 83747
1562424952 83743
1562461077 83762
1562506760 83750
1562507665 83750
1562509280 83742
1562517308 83743
1562521446 83740
1562525125 83736
1562535356 83723
1562539234 83720
1562543018 83707
1562698216 83716
1562716873 83716
1562717134 83716
1562950442 83736
1562973673 83762
1563156973 83772
1563167077 83778
1563344858 83778
1563345174 83778
1563390425 83779
1563393450 83779
1563424133 83778
1563509926 83780
1563524072 83783
1563538690 83783
1563715728 83782
1563972019 83782
1564022669 83786
1564037635 83791
1564069480 83833
1564070481 83834
1564073999 83834
1564075647 83805
1564116263 83791
1564120965 83793
1564132385 83793
1564237526 83793
1564264521 83793
1564264594 83793
1564264615 83792
1564265091 83794
1564838911 83797
1564844089 83796
1564845930 83754
1564846502 83756
1564873954 83754
1564928928 83812
1564935649 83895
1564936586 83894
1564940313 83927
1564942507 83917
1565008664 83957
1565376787 83956
1565449173 84013
1565454316 84051
1565456173 84057
1565456483 84057
1565468291 83886
1565471755 83886
1565478725 83888
1565531583 83891
1565540879 83891
1565548696 83893
1565690427 83893
1566411779 83907
1566417981 83913
1566423082 83917
1566488256 83922
1566512474 83925
1566653567 83931
1566653659 83931
1566654403 83931
1566655464 83934
1566656205 83933
1566656682 83934
1566657085 83934
1566660974 83934
1566661303 83870
1566661575 83869
1566662430 83868
1566662643 83862
1566664462 83831
1566676104 83819
1566739333 83819
1566740321 83821
1566740835 83809
1566744489 83560
1566745076 83555
1566745726 83548
1566746389 83543
1566747059 83537
1566825104 83537
1566825817 83537
1566891895 83537
1566931565 83537
1566937851 83541
1566986317 83644
1566997089 83543
1566998314 83541
1567074987 83635
1567102994 83644
1567257938 83644
1567258472 83647
1567260633 83645
1567261695 83649
1567265738 83656
1567268805 83659
1567272222 83431
1567335882 83489
1567353924 83419
1567361449 83396
1567363681 83406
1567365139 83360
1567375056 83352
1567445138 83489
1567469338 83489
1567469670 83353
1567730620 83620
1567776369 83622
1567778627 83623
1567779045 83629
1567779155 83630
1567800194 83629
1567800810 83629
1567801648 83629
1567822571 83691
1567871015 83691
1567886056 83745
1567891399 83752
1567901273 83753
1567903107 83780
1567955364 83841
1567958649 83846
1567993262 83849
1568075333 83849
1568337648 83850
1568658249 83850
1568868431 83854
1568897895 83903
1568921143 83854
1568933085 83852
1569264307 83864
1569270972 83858
1569296048 83863
1569318835 83864
1569318872 83865
1569318889 83870
1569349769 83872
1569420885 83903
1569461019 84025
1569687212 84039
1569740109 84039
1569897784 84039
1570234870 84058
1570301133 84136
1570390442 84213
1570541319 84217
1570574571 84224
1570642277 84293
1570672720 84293
1570721336 84299
1570747374 84278
1570815860 84296
1570848479 84383
1570850547 84364
1570851296 84368
1570851511 84383
1570882647 84511
1570894404 84364
1570975719 84446
1570980227 84446
1570982587 84389
1570991781 84449
1570997769 84456
1571000798 84457
1571016669 84459
1571021949 84516
1571054403 84459
1571409826 84513
1571442907 84525
1571583305 84530
1571616739 84528
1571623358 84524
1571624964 84525
1571645842 84524
1571665881 84522
1571702865 84528
1571789583 84523
1571854543 84522
1571854821 84523
1571855555 84528
1572291060 84532
1572298256 84533
1572444158 84531
1572448021 84536
1572479520 84538
1572493529 84545
1572622671 84551
1572635344 84550
1572685348 84579
1572867460 84599
1572939606 84599
1572950598 84600
1573044501 84600
1573046396 84677
1573053362 84679
1573159117 84673
1573159246 84673
1573159355 84673
1573159450 84673
1573160169 84673
1573160250 84673
1573160312 84673
1573160525 84673
1573161032 84673
1573646927 84661
1573739843 84674
1573743998 84635
1573744104 84635
1573825274 84647
1573831970 84665
1573885831 84654
1573917297 84657
1574008526 84665
1574009674 84698
1574014232 84699
1574014446 84699
1574014516 84699
1574015095 84700
1574025463 84700
1574027220 84699
1574029070 84713
1574082611 84672
1574093083 84670
1574172818 84670
1574185859 84650
1574187631 84638
1574193258 84638
1574205518 84643
1574237433 84643
1574264649 84642
1574265074 84623
1574266343 84629
1574266954 84626
1574279125 84626
1574281217 84592
1574441638 84573
1574441668 84529
1574450109 84523
1574494431 84518
1574518950 84518
1574606281 84524
1574612538 84529
1574613836 84529
1574614659 84534
1574624639 84538
1574630895 84526
1574638473 84524
1574699447 84535
1574722631 84549
1574729193 84559
1574740810 84563
1574785996 84563
1574788224 84564
1574796447 84555
1574812376 84560
1574868749 84558
1574873959 84683
1574875592 84562
1574877810 84683
1574881600 84562
1574900142 84683
1574955802 84750
1574957386 84740
1575033359 84756
1575037049 84757
1575040028 84760
1575041627 84793
1575043292 84852
1575043487 84774
1575079034 84837
1575124552 84780
1575129153 84792
1575130798 84793
1575134296 84793
1575213771 84790
1575221248 84832
1575223478 84852
1575224161 84852
1575224347 84850
1575240112 84836
1575240231 84851
1575240596 84850
1575246367 84851
1575247198 84851
1575247807 84851
1575248320 84851
1575315393 84853
1575315659 84858
1575332286 84858
1575335656 84858
1575336387 84858
1575384300 84857
1575393855 84852
1575483727 84861
1575489824 84867
1575490852 84867
1575490908 84867
1575519166 84834
1575569069 84868
1575601665 84814
1575644779 84810
1575742335 84834
1575742376 84834
1575848844 84834
1575853640 84837
1575856919 84837
1575905434 84840
1575926708 84860
1576039448 84973
1576043414 84988
1576073706 84989
1576073802 84989
1576107884 84997
1576154421 84997
1576265289 85007
1576268196 85018
1576280980 85018
1576335053 85019
1576335608 85017
1576338327 85025
1576423629 85082
1576424757 85065
1576428856 85076
1576441540 85058
1576450297 85058
1576513440 85058
1576594107 85058
1576688725 85070
1576690851 85070
1576695931 85072
1576698647 85071
1576699929 85072
1576701716 85071
1576707469 85071
1576949082 85073
1576949474 85075
1576962645 85079
1576974814 85083
1576986832 85092
1577031834 85092
1577033880 85108
1577146728 85124
1577204454 85129
1577207451 85112
1577211107 85135
1577218117 85136
1577349809 85136
1577414980 85129
1577640334 85129
1577731907 85138
1577737707 85143
1577986305 85143
1578070634 85143
1578073768 85155
1578157871 85152
1578162678 85155
1578252501 85179
1578442821 85179
1578449478 85192
1578606919 85192
1578842776 85197
1578935924 85197
1579017017 85197
1579024459 85216
1579025411 85197
1579027857 85197
1579100758 85216
1579104588 85216
1579117379 85219
1579160741 85233
1579161131 85233
1579161349 85233
1579161592 85233
1579229631 85236
1579359561 85235
1579360305 85248
1579362239 85248
1579364367 85247
1579468969 85289
1579476870 85289
1579478231 85288
1579489052 85288
1579490154 85308
1579490448 85308
1579531034 85308
1579538536 85310
1579622539 85312
1579732357 85313
1579745014 85323
1579748886 85318
1579834116 85373
1579923541 85381
1580000542 85381
1580394378 85390
1580499231 85390
1580575080 85395
1580660973 85401
1581039563 85403
1581129245 85403
1581130068 85410
1581350894 85410
1581684855 85391
1581756695 85390
1582120790 85393
1582324987 85393
1582471642 85393
1582572754 85388
1582727206 85386
1582846186 85385
1583025475 85385
1583025574 85385
1583076135 85385
1583078254 85386
1583160711 85460
1583161736 85430
1583333321 85386
1583336642 85385
1583336663 85385
1583369029 85430
1583378419 85419
1583437413 85430
1583508334 85428
1583597881 85444
1583620299 85444
1583621452 85431
1583734469 85431
1583778338 85432
1583778434 85432
1583938578 85432
1583941257 85443
1583972947 85444
1583973794 85828
1584087624 85489
1584196868 85460
1584204625 85460
1584207154 85458
1584211058 85459
1584367229 85767
1584370317 85744
1584411041 85727
1584451482 85729
1584454426 85720
1584626511 85721
1584632109 85721
1584711991 85763
1584712781 85763
1584805908 85788
1584889076 85795
1584984834 85796
1585065717 85799
1585145294 85834
1585149271 85833
1585231585 85888
1585402298 85891
1585413867 85907
1585414004 85907
1585666455 85913
1585755734 85924
1585758628 85925
1585835918 85927
1585837678 85974
1585840722 86043
1585924922 86058
1585927742 86073
1585927965 86073
1585928969 86073
1586007263 86073
1586024616 86073
1586029796 86073
1586094401 86073
1586182661 86073
1586183535 86079
1586374354 86099
1586376224 86085
1586382494 86099
1586458495 86100
1586524046 86103
1586524532 86104
1586525810 86102
1586528180 86104
1586611051 86098
1586611602 86101
1586612535 86101
1586618573 86103
1586624121 86194
1586628924 86182
1586629005 86182
1586702334 86134
1586704727 86134
1586705259 86134
1586847028 86196
1586872135 86187
1586957321 86182
1586963762 86172
1587044349 86177
1587129057 86177
1587217802 86177
1587306919 86171
1587307315 86179
1587309147 86180
1587313299 86176
1587315160 86176
1587336768 86179
1587338610 86167
1587428683 86166
1587509224 86169
1587519854 86164
1587560832 86173
1587561216 86173
1587561367 86175
1587564606 86175
1587567085 86176
1587572152 86184
1587573009 86184
1587577807 86185
1587579965 86182
1587582159 86175
1587590325 86218
1587598768 86203
1587678770 86225
1587825836 86194
1587834120 86220
1587956186 86223
1588006628 86227
1588038717 86222
1588079969 86226
1588176763 86232
1588177285 86194
1588210394 86189
1588238739 86211
1588261550 86189
1588278218 86255
1588287258 86190
1588305937 86207
1588341625 86211
1588344830 86224
1588354768 86255
1588354807 86255
1588371789 86243
1588427903 86243
1588476946 86241
1588478763 86241
1588478991 86215
1588482034 86212
1588520590 86215
1588524751 86184
1588525737 86190
1588528698 86185
1588552488 86181
1588563205 86186
1588564929 86188
1588598481 86191
1588728480 86196
1588731390 86196
1588734031 86147
1588774777 86155
1588775495 86058
1588810546 86070
1588814944 86066
1588857247 86086
1588861533 86086
1588886112 85923
1588892386 85936
1589030703 86065
1589038231 86074
1589040800 85969
1589043916 86075
1589046937 86080
1589047024 86080
1589053391 86032
1589054195 86019
1589067517 85993
1589120742 85969
1589306442 86013
1589415605 86013
1589508700 86013
1589561015 86019
1589561018 86026
1589562182 86026
1589578555 86034
1589581502 86034
1589714838 86060
1589730295 86067
1589808661 86087
1589822782 86086
1589823985 86087
1589910862 86092
1589918166 86115
1589936912 86117
1589941546 86117
1590011997 86122
1590015139 86122
1590131930 86119
1590154723 86122
1590182097 86131
1590184763 86102
1590247292 86110
1590326915 86110
1590458377 86115
1590679054 86116
1590720273 86117
1590756155 86125
1590761125 86105
1590768608 86116
1590787156 86115
1590796305 86119
1590800348 86118
1590801243 86114
1590813020 86114
1590863140 86115
1590869021 86034
1590886677 86034
1590945154 86035
1590947932 86032
1591256470 86033
1591277591 86034
1591277958 86036
1591281337 86037
1591362554 86056
1591370627 86058
1591450728 86058
1591451664 86059
1591452818 86056
1591458677 86059
1591459352 86055
1591497380 86067
1591541351 86072
1591544193 86072
1591582969 86141
1591583923 86058
1591588538 86056
1591623131 86060
1591626198 86137
1591712275 86143
1591797732 86143
1591800361 86143
1591895439 86145
1591912962 86145
1591921520 86149
1591951149 86149
1591968125 86149
1591970749 86157
1591991159 86161
1591993489 86160
1592014081 86185
1592016360 86181
1592056639 86184
1592092255 86183
1592097832 86188
1592104028 86191
1592144210 86199
1592145772 86191
1592148372 86191
1592148613 86196
1592157881 86199
1592159919 86200
1592268916 86202
1592270020 86220
1592405043 86222
1592656678 86225
1592662370 86250
1592668202 86267
1592748724 86297
1592759360 86297
1592844842 86297
1592939137 86340
1592946217 86338
1592946539 86338
1592946682 86338
1592946751 86338
1592950663 86338
1593005218 86338
1593093443 86365
1593094495 86366
1593099367 86366
1593109789 86368
1593192074 86362
1593217443 86430
1593227565 86502
1593275702 86502
1593284738 86519
1593351268 86598
1593449965 86598
1593617307 86600
1593700178 86600
1593727774 86601
1593780822 86601
1593786442 86604
1593790205 86604
1593792851 86657
1593793098 86658
1593797474 86662
1593797749 86662
1593830348 86703
1593870084 86061
1593872196 86100
1593876010 86045
1593876045 86044
1593876477 86046
1593877242 86054
1593880272 86057
1593880647 86057
1593883015 86057
1593900882 86057
1593901233 85973
1593902808 85974
1593909810 86057
1593953824 86059
1593954389 86630
1593955250 86685
1593955745 86687
1593956511 86696
1593958049 86712
1593959563 86712
1593961151 86712
1593963781 86711
1594043120 86712
1594044939 86719
1594054047 86719
1594054224 86729
1594124265 86747
1594127210 86734
1594128272 86748
1594128739 86748
1594128879 86747
1594130324 86747
1594132501 86721
1594133264 86747
1594216879 86747
1594217473 86725
1594218967 86727
1594219476 86727
1594219638 86715
1594220496 86716
1594240487 86721
1594257446 86736
1594300862 86737
1594309265 86746
1594310686 86739
1594387837 86749
1594392637 86746
1594439655 86724
1594475605 86743
1594478005 86750
1594480874 86768
1594481257 86762
1594481726 86763
1594490812 86769
1594567595 86790
1594569751 86794
1594572924 86807
1594573022 86807
1594576773 86807
1594645883 86818
1594646147 86818
1594655213 86826
1594744762 86828
1594750401 86827
1594905589 86828
1594993193 86836
1595010071 86883
1595079884 86877
1595086298 86878
1595089030 86878
1595097223 86876
1595166572 86894
1595173322 86889
1595177512 86899
1595179275 86904
1595189350 86919
1595255397 86919
1595256980 86934
1595259555 86937
1595263334 86937
1595266694 86937
1595358780 86970
1595511243 86970
1595513539 86968
1595514875 86986
1595563314 86986
1595604503 87012
1595776458 87032
1595776976 87034
1595781877 87033
1595783995 87033
1595784543 87033
1595785020 87033
1595786279 87033
1595790751 87035
1595949490 87035
1595949664 87035
1595950357 87035
1595950528 87035
1595952902 87051
1595953515 87051
1596037973 87047
1596117791 87060
1596118575 87061
1596127344 87066
1596132834 87066
1596154895 87066
1596302739 87128
1596308401 87128
1596322031 87125
1596329625 87125
1596379154 87133
1596474318 87177
1596477102 87185
1596494748 87185
1596516708 87185
1596552236 87185
1596593286 87179
1596595184 87174
1596640932 87174
1596642530 87175
1596645430 87174
1596650029 87175
1596724496 87192
1596768077 87192
1596813352 87200
1596841395 87193
1596859109 87193
1596893325 87193
1596895281 87206
1596896591 87206
1596897583 87206
1596899679 87207
1596934916 87208
1596988611 87210
1597069234 87212
1597075993 87221
1597184847 87222
1597240642 87223
1597344963 87223
1597357137 87223
1597370311 87223
1597438700 87229
1597759484 87229
1597779476 87265
1597858942 87266
1597875504 87271
1597930869 87280
1598018045 87290
1598052293 87285
1598108188 87291
1598205706 87285
1598459719 87283
1598467429 87265
1598625698 87297
1598652915 87340
1598816929 87402
1598914119 87341
1598966974 87342
1598973413 87350
1599143915 87490
1599151547 87350
1599398857 87350
1599407899 87403
1599409592 87403
1599496445 87445
1599514980 87445
1599833977 87443
1599836260 87443
1599927590 87446
1599941689 87446
1600012983 87456
1600021654 87456
1600107231 87458
1600177986 87459
1600180086 87477
1600349733 87485
1600355460 87488
1600381277 87490
1600448220 87492
1600452421 87492
1600452868 89202
1600453267 89202
1600453514 89203
1600457704 89203
1600459568 89203
1600459580 89204
1600527285 89176
1600556503 89177
1600609871 89202
1600610341 89184
1600613593 89203
1600619684 89206
1600706347 89208
1600706449 89209
1600713486 89209
1600785499 89220
1600787977 89220
1600796032 89221
1600808441 89212
1600810570 89210
1600811255 89204
1600812517 89198
1600816840 89143
1600819082 89065
1600828612 89051
1600832669 89044
1600869198 89009
1600875540 89008
1600880141 89008
1600892361 89009
1600899123 89023
1600902280 89018
1600960576 89018
1601047161 89019
1601128996 89026
1601133638 89021
1601133796 88959
1601140384 88963
1601145999 88963
1601216236 88971
1601223477 88964
1601236218 88960
1601239780 88971
1601256643 88962
1601301009 88959
1601341846 88965
1601385893 88964
1601472468 88889
1601511667 88889
1601512708 88887
1601645457 88887
1601821222 88915
1601825815 88917
1601833006 88918
1601853465 88898
1601901393 88908
1601905322 88910
1602081743 88912
1602083502 88915
1602083519 88916
1602086859 88916
1602093526 88919
1602098107 88921
1602102466 88935
1602202696 88951
1602251375 88996
1602264190 89009
1602277584 89010
1602339816 89012
1602424071 89015
1602427539 88849
1602427794 89015
1602429233 88793
1602429857 88797
1602430214 88745
1602435441 88850
1602546381 88745
1602546505 88745
1602601728 88718
1602684817 88728
1602858902 88724
1602858953 88724
1602948441 88724
1602951541 88748
1603035766 88742
1603118586 88742
1603122895 88742
1603142454 88750
1603143434 88757
1603226131 88747
1603228228 88749
1603231500 88749
1603237489 88733
1603240790 88668
1603266341 88676
1603288399 88667
1603293561 88671
1603296670 88668
1603314153 88671
1603314175 88671
1603322862 88680
1603329533 88680
1603330110 88680
1603376094 88679
1603382910 88749
1603384069 88749
1603384103 88749
1603384227 88749
1603463881 88787
1603531529 89139
1603556687 88900
1603563513 88994
1603566132 88994
1603633605 89026
1603636164 89045
1603641406 89051
1603641576 89051
1603641625 89021
1603641704 88994
1603641879 88992
1603642342 88992
1603642778 88992
1603644734 88994
1603647287 88981
1603647783 88981
1603647862 88981
1603788926 88983
1603808368 88983
1603809852 88988
1603856798 89246
1603857344 89246
1603876328 89139
1603977420 89188
1603977978 89188
1603980486 89188
1603983760 89226
1604018565 89216
1604155899 89223
1604327269 89247
1604414899 89247
1604426668 89292
1604427278 89292
1604427458 89291
1604428650 89280
1604428926 89283
1604429116 89344
1604429163 89344
1604430169 89344
1604432485 89348
1604432580 89349
1604432900 89349
1604432975 89349
1604434575 89353
1604439337 89343
1604440927 89351
1604443967 89351
1604448086 89351
1604450881 89313
1604459950 89353
1604460875 89358
1604504762 89364
1604538691 89322
1604539043 89320
1604705999 89312
1604762451 89265
1604763465 89232
1604764590 89250
1604765041 89250
1604765341 89252
1604766298 89254
1604767328 89255
1604768098 89257
1604768647 89257
1604769174 89257
1604769415 89254
1604770026 89252
1604771276 89270
1604771997 89272
1604773180 89271
1604773407 89274
1604773823 89275
1604774331 89300
1604775068 89312
1604776598 89309
1604842839 89308
1604843448 89308
1604843749 89308
1604844836 89313
1604845009 89314
1604845253 89314
1604845790 89316
1604846022 89318
1604846914 89320
1604847521 89322
1604847882 89323
1604848681 89326
1604849047 89335
1604850483 89343
1604851735 89350
1604852183 89356
1604857587 89333
1604858408 89333
1604859044 89333
1604867366 89333
1604868315 89336
1604968494 89363
1604982903 89363
1605023841 89363
1605103399 89361
1605107503 89363
1605110219 89363
1605110272 89364
1605112294 89387
1605136424 89386
1605140193 89386
1605189060 89391
1605193211 89396
1605199024 89399
1605204652 89403
1605298456 89404
1605362770 89404
1605373334 89395
1605383555 89406
1605446346 89436
1605459800 89471
1605623466 89497
1605710627 89502
1605713618 89502
1605794656 89508
1605811063 89508
1606005082 89516
1606006360 89516
1606155834 89515
1606315265 89531
1606449091 89531
1606491954 89531
1606493714 89545
1606669151 89648
1606669994 89649
1606671897 89649
1606919409 89651
1606922097 89655
1607014228 89665
1607032698 89666
1607034083 89640
1607036599 89651
1607179298 89651
1607385191 89697
1607446613 89715
1607525717 89717
1607529898 89717
1607610292 89712
1608397317 89714
1608477294 89715
1608569010 89724
1608735745 89725
1608820846 89810
1608821673 89798
1608822589 89798
1608907203 89859
1609082608 89867
1609083842 89864
1609338200 89906
1609359617 89907
1609460622 89907
1610205536 89931
1610585287 89932
1610642477 89933
1610737675 89935
1610813102 89936
1610845009 89938
1610902860 89957
1610904966 89952
1610985458 89956
1611105190 89956
1611107055 89956
1611243934 89956
1611415961 89985
1611417161 89992
1611451644 90004
1611508304 90002
1611845929 90002
1612021378 90012
1612025089 90013
1612026235 90014
1612685957 90040
1612730632 90306
1612884916 90027
1613228881 90045
1613231559 90055
1613237079 90077
1613342644 90303
1613448292 90332
1613449017 90325
1613451671 90325
1613452056 90247
1613837296 90247
1613921574 90243
1613933589 90243
1614093510 90238
1614176944 90237
1614261538 90237
1614554733 90248
1614724947 90252
1614871257 90284
1614871684 90289
1614901988 90315
1615048536 90295
1615128276 90303
1615388644 90309
1615394776 90308
1615396732 90283
1615406882 90282
1615409463 90282
1615409866 90270
1615410757 90271
1615427976 90271
1615475792 90257
1615480073 90258
1615500708 90264
1615509899 90265
1615519829 90266
1615569227 90268
1615587163 90212
1615592962 90215
1615646213 90216
1615648883 90216
1615738088 90195
1615739178 90195
1615817428 90195
1615821448 90199
1616005310 90199
1616039976 90200
1616083457 90211
1616087466 90238
1616161418 90264
1616165697 90265
1616166636 90263
1616167448 90215
1616198212 90219
1616224225 90170
1616336926 90166
1616764783 90158
1616850349 90159
1616858551 90166
1616870101 90168
1616877892 90166
1616879403 90167
1616896638 90162
1616897139 90166
1616941937 90167
1616943715 90171
1616966472 90169
1617118931 90169
1617119006 90184
1617123085 90184
1617126072 90170
1617214008 90193
1617288640 90175
1617290695 90176
1617296661 90193
1617298929 90193
1617387434 90199
1617466492 90199
1617742457 90199
1617772021 90202
1617817331 90205
1617819608 90221
1617838620 90218
1617839370 90221
1617841093 90225
1617841540 90232
1617908195 90221
1618065876 90235
1618067236 90235
1618068707 90242
1618069691 90242
1618245104 90242
1618247114 90242
1618324243 90243
1618579535 90268
1618591105 90268
1618596295 90340
1618601658 90353
1618612959 90353
1618647623 90215
1618648716 90301
1618722382 83266
1618722600 83295
1618743564 83371
1618798431 90351
1618846175 90353
1619113381 83369
1619122659 83368
1619124663 90319
1619149242 90320
1619183494 90333
1619185930 90285
1619199777 90286
1619201779 90224
1619219103 90224
1619223061 90209
1619253632 90214
1619270225 90212
1619271897 90298
1619276210 83260
1619287474 83260
1619287903 83413
1619289349 83261
1619355627 83374
1619363676 83367
1619365897 83370
1619392741 83369
1619411190 83367
1619458859 83381
1619477307 83374
1619531590 83394
1619549267 83379
1619568389 83373
1619600640 83407
1619626307 83404
1619636528 82585
1619650783 83404
1619650872 83407
1619651167 83405
1619735102 83208
1619741879 82823
1619755794 82818
1619817709 82829
1619827334 82782
1619960155 82777
1620172460 82745
1620186836 82715
1620187461 82722
1620221391 82723
1620222652 82740
1620227652 82736
1620261786 82732
1620308986 82734
1620310781 82734
1620311860 82734
1620313944 82734
1620315576 82737
1620316235 82738
1620318046 82744
1620395437 82577
1620402769 82577
1620430922 82584
1620432869 82574
1620446337 82560
1620467788 82678
1620474711 82601
1620532458 82618
1620568185 82628
1620569495 82622
1620572053 82627
1620574215 82647
1620578144 82647
1620592394 82680
1620775144 82680
1620789603 82677
1620866993 82677
1620867427 82710
1620953603 82677
1620953895 82674
1620955699 82674
1620957681 82674
1620959589 82674
1620982181 82674
1620997365 82707
1621005249 82634
1621085300 82704
1621098091 82715
1621109638 82707
1621124367 82714
1621174129 82714
1621174684 82636
1621190624 82636
1621194500 82638
1621196003 82601
1621261190 82596
1621263029 82598
1621291259 82460
1621302566 82436
1621309658 82494
1621315199 82487
1621341535 82569
1621347905 82520
1621391932 82565
1621437068 82553
1621439536 82554
1621442172 82554
1621442372 82554
1621442733 82554
1621450041 82552
1621450996 82552
1621459538 82572
1621462470 82572
1621465736 82487
1621516393 82508
1621520480 82514
1621524625 82517
1621555353 82657
1621558819 82640
1621560347 82641
1621605047 82653
1621607061 82658
1621613805 82657
1621643040 82704
1621643827 82711
1621651489 82712
1621653356 82710
1621688673 82741
1621689520 82741
1621691614 82732
1621692516 82724
1621695765 82735
1621725158 82789
1621742156 82815
1621753872 82814
1621755328 82810
1621781133 82810
1621824617 82815
1621826095 82803
1621826425 82802
1621862451 82817
1621866226 82943
1621866236 82941
1621884172 82971
1621895459 82970
1621950021 82975
1621954188 83006
1621955619 82975
1621979696 83007
1622036522 83006
1622078721 83014
1622078760 82976
1622088723 83027
1622124373 83071
1622149985 83086
1622210013 83130
1622218861 83133
1622219265 83136
1622242179 83524
1622244046 83617
1622258671 83617
1622294149 83714
1622295667 83712
1622298029 83750
1622298607 83753
1622298647 83753
1622299175 83753
1622299401 83754
1622299739 83757
1622301265 83789
1622301964 83785
1622303014 83790
1622306237 83787
1622306574 83903
1622311241 83823
1622313736 83787
1622331743 83771
1622332593 83772
1622381547 83772
1622382129 83772
1622385182 83765
1622404796 83902
1622471830 83777
1622472209 83777
1622472273 83777
1622473750 83769
1622473777 83769
1622477484 83771
1622494242 83855
1622513949 83790
1622554483 83788
1622573519 83793
1622579906 83809
1622594843 83832
1622596111 83824
1622601046 83782
1622604041 83769
1622605636 83769
1622643186 83784
1622644587 83792
1622645186 83788
1622646412 83797
1622647194 83798
1622675619 83854
1622676319 83852
1622678762 83858
1622688342 83858
1622696400 83889
1622726657 83855
1622734082 83855
1622735021 83856
1622736180 83856
1622736607 83857
1622737932 83858
1622746281 83890
1622761585 83903
1622766586 83890
1622767200 83883
1622777382 83890
1622814320 83903
1622817340 84026
1622828268 83903
1622848846 83910
1622863794 83901
1622864098 83901
1622866367 83902
1622867585 83897
1622899942 83901
1622949557 83893
1622987497 83914
1622991086 83915
1622996712 83928
1623026140 83895
1623075418 83901
1623076942 83900
1623080987 83900
1623164437 83899
1623165950 83897
1623334762 83893
1623346873 84083
1623350687 83893
1623353357 84057
1623353434 84058
1623407645 84153
1623416793 83886
1623433959 84052
1623636331 84056
1623710015 84085
1623764880 84089
1624030363 84132
1624033649 84153
1624044196 84139
1624045908 84144
1624109479 84144
1624113309 84144
1624113976 84144
1624115803 84144
1624280270 84144
1624280357 84144
1624325876 84144
1624365273 84156
1624369732 84144
1624398479 84144
1624466325 84153
1624704758 84157
1624714193 84157
1624726527 84157
1624801314 84160
1624806637 84160
1624806649 84161
1624809316 84168
1624809981 84167
1624810690 84167
1624883553 84167
1624891435 84166
1625030714 84174
1625060010 84172
1625151413 84156
1625162146 84157
1625237464 84160
1625238468 84168
1625250882 84168
1625259109 84169
1625259397 84168
1625262180 84209
1625262211 84209
1625267673 84209
1625281435 84226
1625322114 84237
1625407400 84237
1625497959 84256
1625500303 84256
1625843102 84259
1625844251 84259
1625949771 84259
1626188184 84259
1626462502 85031
1626538609 84270
1626617304 84270
1626619162 84438
1626624347 84278
1626939600 84303
1627055501 84303
1627138943 84370
1627234638 84374
1627566998 84375
1627653769 84383
1627939218 84393
1628171415 84393
1628216752 84395
1628272565 84393
1628274153 84395
1628346440 84374
1628351701 84374
1628439221 84384
1628440616 85142
1628688122 84384
1628874440 84387
1628874468 84387
1628959121 84438
1629407546 84462
1629408846 84473
1629419116 84474
1629548670 84953
1629548685 84955
1629563705 84537
1629643102 84549
1629645334 84785
1629645478 84786
1629648610 84785
1629648695 84960
1629653091 84931
1629656291 84951
1629661440 84931
1629663818 84932
1629670453 84933
1629675219 84947
1629692105 84955
1629737479 84982
1629738656 84982
1630014761 85006
1630014892 85011
1630014921 85014
1630015070 85030
1630018064 84986
1630020658 84988
1630022067 84992
1630024589 85058
1630028879 85093
1630036588 85093
1630037855 85095
1630167636 85060
1630169245 85066
1630177530 85066
1630189256 85069
1630194708 85070
1630194898 85072
1630208085 85072
1630245503 85104
1630261298 85102
1630261835 85102
1630264055 85103
1630264240 85112
1630421682 85112
1630592010 85112
1630592726 85115
1630595627 85129
1630597664 85148
1630683313 85156
1630686804 85145
1630698453 85134
1630709380 85135
1630709963 85117
1630711558 85117
1630712638 85111
1630715466 85111
1630718117 85102
1630729056 85100
1630731898 85127
1630763241 85146
1630849638 85146
1630852446 85157
1630856108 85157
1630884135 85165
1630949061 85246
1630970810 85238
1630971737 85234
1630979134 85236
1630988051 85236
1631029954 85237
1631068453 85236
1631200229 85276
1631284425 85324
1631289174 85324
1631289562 85324
1631375275 85330
1631378183 85330
1631408080 85326
1631461006 85349
1631464196 85349
1631465160 85345
1631468166 85345
1631474625 85341
1631504199 85341
1631515346 85352
1631517156 85357
1631544696 85341
1631977403 85526
1631987271 85537
1631988564 85539
1632489908 85539
1632514646 85656
1632574505 85662
1632584096 85669
1632668065 85667
1632669628 85670
1632671045 85670
1632672009 85648
1632692253 85642
1632704499 85642
1632848017 85642
1633018478 85642
1633178203 85630
1633178621 85626
1633179968 85624
1633183388 85626
1633185213 85626
1633186688 85628
1633189578 85628
1633206912 85635
1633220433 85633
1633266638 85638
1633269931 85639
1633702194 85637
1633777323 85647
1633778822 85774
1633780033 85783
1633780540 85781
1633782458 85643
1633784705 85643
1633787028 85667
1633788746 85920
1633803471 85953
1633807427 86181
1633855843 86199
1633869579 86194
1633877522 86256
1633882084 86267
1633884235 86268
1634138771 86273
1634139908 86276
1634141741 86276
1634164985 85667
1634213253 86280
1634215816 86294
1634218301 86302
1634231209 86314
1634232100 85674
1634252230 85674
1634403723 85719
1634404631 86308
1634416030 86305
1634476023 86306
1634477607 86282
1634486321 86293
1634652295 86294
1634736109 86294
1634998797 86294
1635082570 86294
1635088359 86295
1635366547 86336
1635607545 86442
1635608148 86444
1635610356 86446
1635610453 86446
1635692972 86463
1635698476 86463
1636139831 86467
1636214242 86488
1636303977 86505
1636592963 86501
1636648413 86558
1636748939 86512
1636795917 86621
1636820787 86521
1636822796 86520
1636825525 86522
1636825576 86526
1636825873 86521
1637335962 86521
1637340228 86521
1637700922 86537
1637791781 86632
1637859141 86648
1637940770 86653
1638030185 86670
1638111735 86671
1638369617 86674
1638370061 86667
1638544410 86667
1638644551 86723
1638717130 86731
1638919356 86747
1639061113 86824
1639061731 86824
1639072135 86831
1639074867 86829
1639075787 86829
1639077077 86843
1639102102 86843
1639147002 86843
1639153705 86843
1639259834 86906
1639351444 86124
1639352692 86138
1639360423 86852
1639360469 86846
1639362015 86914
1639752569 86846
1639777476 86846
1639785185 86852
1639788684 86846
1639789988 86826
1639840373 86878
1639841740 86888
1639846281 86909
1639925184 86909
1640205904 86911
1640282355 86912
1640285882 85889
1640288056 85906
1640288401 85899
1640291347 86125
1640291523 85899
1640291928 85904
1640293096 86170
1640359523 85924
1640531145 85922
1640532223 85923
1640535303 86013
1640535572 86001
1640536589 86013
1640538889 86031
1640626686 86051
1640707863 86175
1640793636 86159
1640795112 86187
1640808745 86183
1640818005 86184
1640820371 86269
1640820663 86273
1640820810 86273
1641055440 86273
1641058190 86273
1641058600 86290
1641065644 86326
1641074191 86346
1641139056 86393
1641139365 86393
1641139795 86393
1641140545 86393
1641141241 86393
1641142892 86393
1641144582 86393
1641232604 86368
1641252569 86368
1641322424 86369
1641335022 86385
1641398918 86390
1641404495 86390
1641495999 86384
1641499633 86402
1641501163 86402
1641501513 86402
1641507181 86403
1641508515 86403
1641510181 86403
1641514253 86408
1641664106 86479
1641664359 86479
1641688641 86509
1641752556 86526
1641766592 86524
1641918210 86525
1642009349 86511
1642013684 86512
1642028444 86539
1642032430 86524
1642032476 86512
1642033077 86523
1642034492 86564
1642034600 86558
1642034875 86559
1642035402 86468
1642036043 86469
1642098032 86507
1642114637 86512
1642115948 86469
1642117533 86468
1642117614 86467
1642183129 86517
1642194494 86537
1642251437 86448
1642251955 86458
1642450499 86551
1642549182 86462
1642602693 86551
1642616769 86550
1642726547 86441
1642806208 86444
1642867582 86468
1642876039 86482
1642957100 86482
1642959893 86475
1643241184 86484
1643380289 86500
1643418769 86507
1643561728 86574
1643769679 86574
1643814033 86576
1643845023 86570
1644001200 86585
1644001924 86592
1644016005 86584
1644018142 86586
1644028435 86589
1644078919 86589
1644086478 86589
1644093003 86443
1644245082 86401
1644330502 86443
1644373314 86423
1644373433 86423
1644373673 86433
1644373940 86404
1644374188 86405
1644379045 86405
1644379175 86405
1644391580 86405
1644519092 86444
1644589542 86444
1644686808 86444
1644751390 86405
1644751776 86405
1644751907 86402
1644752069 86403
1644752218 86397
1644752521 86397
1644753465 86397
1644766843 86396
1644812015 86386
1644812068 86386
1644847726 86386
1644891546 86386
1644960533 86401
1644961019 86401
1644974088 86403
1645025820 86403
1645039450 86465
1645039512 86465
1645041856 86403
1645054096 86407
1645111835 86463
1645141919 86467
1645153525 86475
1645158282 86479
1645161850 86446
1645196613 86421
1645198722 86421
1645198915 86419
1645215175 86425
1645235942 86423
1645239411 86422
1645265445 86436
1645283658 86420
1645286263 86419
1645286622 86432
1645296753 86434
1645373539 86436
1645375569 86430
1645385596 86437
1645457176 86437
1645457376 86437
1645458434 86429
1645546596 86429
1645579113 86430
1645825643 86430
1646171334 86432
1646171582 86431
1646347886 86432
1646426442 86597
1646439660 86451
1646590360 86454
1646669803 86603
1646683788 86454
1646696073 86454
1646761814 86518
1646762542 86518
1646766004 86519
1646782311 86517
1646941316 86525
1646943887 86519
1646958377 86525
1647027399 86544
1647047661 86543
1647281953 86533
1647288930 86520
1647291615 86518
1647298118 86516
1647302421 86540
1647315466 86544
1647353484 86537
1647357680 86541
1647388431 86538
1647393373 86526
1647393659 86533
1647539702 86533
1647579228 86539
1647579332 86546
1647579869 86577
1647613386 86578
1647614501 86540
1647616039 86527
1647625610 86581
1647627483 86566
1647644599 86566
1647700543 86597
1647704356 86598
1647707620 86605
1647786041 86605
1647787906 86600
1647990330 86600
1647995491 86600
1647996217 86598
1648001581 86598
1648095262 86598
1648167764 86613
1648302033 86606
1648312566 86614
1648390215 86623
1648393665 86635
1648573806 86634
1648837099 86634
1648910452 86664
1648919009 86662
1648995144 86667
1649000691 86676
1649022755 86684
1649424443 86675
1649429622 86681
1649608364 86714
1649704565 86723
1649721154 86724
1649771146 86737
1649775617 86738
1649781029 86738
1650208358 86737
1650391818 86738
1650811382 86752
1652119431 86761
1652276091 86767
1652278869 86773
1652305226 86772
1652633480 86772
1652633498 86774
1652747545 86819
1652822636 86821
1652830266 86831
1652879087 86569
1652879244 86572
1652916926 86831
1653140285 86869
1653145952 86601
1653146052 86867
1653158047 86847
1653160120 86783
1653161661 86731
1653164461 86678
1653188258 86614
1653227371 86564
1653235706 86574
1653665740 86567
1653669081 86574
1653673759 86574
1653833436 86597
1653834037 86597
1653843342 86593
1653849633 86600
1653849849 86596
1653853029 86587
1653855765 86581
1653857226 86574
1653858460 86571
1653861703 86571
1653867039 86570
1653867646 86566
1653868809 86559
1653872291 86565
1653872880 86558
1653876022 86553
1653881475 86565
1653884332 86561
1653889774 86538
1653918093 86538
1653920821 86537
1653924061 86537
1653940257 86541
1653944881 86540
1654009129 86549
1654015104 86559
1654021822 86542
1654026428 86537
1654123559 86537
1654180695 86541
1654434058 86559
1654460374 86583
1654472810 86596
1654555382 86584
1654788813 86590
1654819072 86586
1654822767 87431
1654956353 86590
1655061459 86593
1655105811 86606
1655416605 86602
1655652358 86648
1655908294 86729
1655911966 86773
1655995256 86842
1655997851 86851
1656086696 86910
1656087984 86940
1656171237 86994
1656172105 86984
1656173071 86982
1656173470 86982
1656173609 86982
1656253681 87141
1656437163 87249
1656439256 87161
1656518528 87198
1656602014 87218
1656605783 87260
1656840447 87316
1656841821 87316
1656845816 87323
1656855728 87378
1656860747 87264
1656871614 87313
1656947607 87356
1656947924 87356
1656948327 87366
1656949170 87368
1656950178 87370
1656950516 87370
1656951055 87364
1656952649 87364
1656953406 87364
1657038265 87378
1657230114 87381
1657237697 87381
1657459583 87384
1657466058 87388
1657468036 87388
1657567779 87389
1657645718 87397
1657668365 87383
1657668425 87383
1657737283 87400
1657740837 87400
1657835915 87381
1657941095 87380
1657986767 87380
1658227106 87382
1658244994 87380
1658507976 87411
1658522957 87411
1658545893 87419
1658588611 87443
1659017569 87444
1659031504 87543
1659116503 87543
1659117904 87538
1659123602 87538
1659125409 87444
1659128116 87542
1659162310 87531
1659163653 87532
1659164819 87533
1659188961 87537
1659210391 87547
1659446779 87537
1659448209 87544
1659480581 87546
1659681299 87532
1659708034 87532
1659714797 87526
1659731199 87540
1659990951 87560
1660041877 87583
1660057485 87536
1660085470 87540
1660149330 87544
1660665751 87583
1660771119 87590
1660847440 87593
1661005110 87593
1661006818 87601
1661007980 87601
1661094971 87611
1661350407 87611
1661355003 87619
1661357772 87625
1661360412 87625
1661363805 87626
1661369854 87627
1661424848 87811
1661425051 87816
1661425265 87811
1661431383 87817
1661473702 87631
1661553435 87751
1661553900 87750
1661554824 87767
1661555862 87793
1661608345 87728
1661609616 87774
1661611884 87811
1661611978 87811
1661612106 87811
1661612507 87811
1661614087 87811
1661615739 87811
1661615830 87811
1661802437 87817
1661958317 87918
1662049133 87819
1662074093 87918
1662077188 87918
1662081923 87918
1662132817 87952
1662136601 87964
1662144248 87935
1662148720 87929
1662151523 87943
1662164839 87945
1662178087 87946
1662212155 87945
1662213671 87935
1662217859 87969
1662226557 87976
1662307286 87987
1662313445 88012
1662316876 88034
1662348059 88048
1662403806 88046
1662413734 88167
1662585312 88059
1662597211 88061
1662822240 88136
1662841520 88166
1662847569 88136
1662858310 88148
1662887767 88170
1662888146 88170
1662908933 88161
1662914011 88161
1662915650 88165
1662973304 88170
1663021932 88170
1663162709 88174
1663178332 88178
1663178390 88178
1663299692 88180
1663349280 88188
1663349393 88188
1663363514 88186
1663367238 88186
1663515844 88198
1663786998 88197
1663787157 88197
1663805503 88193
1663855303 88194
1664303926 88194
1664375513 88233
1664409083 88233
1664470358 88280
1664671569 88282
1665029558 88282
1665175605 88284
1665588192 88282
1665597227 88282
1665610433 88429
1665790464 88427
1665954295 88436
1666030528 88427
1666038785 88429
1666277393 88430
1666286523 88432
1666534896 88461
1667412294 88470
1667415531 88508
1667420236 88508
1667428967 88508
1667935276 88512
1667955362 88542
1667960543 88576
1667972134 88638
1668273510 88724
1668334677 88656
1668334737 88658
1668405272 88645
1668413818 88664
1668620521 88654
1668856025 88656
1668857921 88656
1668977661 88750
1669306315 88750
1669354422 88683
1669398722 88750
1669462922 88682
1669481446 88743
1669534904 88674
1669616604 88685
1669661152 88674
1669813232 88686
1669829552 88694
1669835091 88674
1670171763 88688
1670356319 88688
1670356357 88688
1670592265 88730
1670667829 88718
1670693755 88688
1670779419 88719
1671023169 88719
1671126856 88724
1671207832 88840
1671270740 88846
1671663083 88845
1671722712 88399
1671723559 88478
1671763476 88845
1671799674 88857
1671819125 88853
1671823057 88856
1671840305 88934
1671844584 88943
1671844808 88830
1671849921 88931
1671895693 88831
1671903635 88831
1671910834 88804
1671918440 88788
1671921290 88774
1671923349 88766
1671925594 88765
1671928049 88752
1671938559 88387
1671985720 88387
1671987565 88387
1671989047 88491
1671992676 88491
1671992735 88491
1671994734 88491
1671996108 88419
1672000298 88410
1672026888 88404
1672066641 88404
1672068994 88400
1672073564 88395
1672239484 88397
1672286337 88397
1672414228 88395
1672419552 88392
1672424407 88404
1672426702 88388
1672430875 88389
1672431692 88388
1672433616 88387
1672437235 88384
1672441182 88288
1672446466 88287
1672447983 88286
1672448910 88280
1672457705 88279
1672591850 88340
1672598695 88340
1672618457 88335
1672676449 88367
1672679575 88364
1672681551 88365
1672684988 88369
1672685621 88379
1672770271 88381
1672775857 88331
1672791574 88330
1673292331 88355
1673402160 88355
1673465810 88350
1673638560 88358
1673724620 88652
1673812044 88655
1673898480 88657
1673993808 88660
1673996674 88662
1674415774 88670
1674592200 88744
1674592323 88732
1674596068 88730
1674762390 88730
1674851397 88732
1675807978 88956
1675869302 88744
1675869550 88740
1675876978 88851
1675905941 88942
1676051127 88946
1676133988 88950
1676216810 88973
1676575075 88995
1676575268 88996
1676741998 88999
1676744622 89000
1676827469 89014
1677021281 89014
1677336356 89098
1677409626 89101
1677423581 89098
1677431333 89102
1677435316 89102
1677686339 89106
1677866005 89150
1677945780 89112
1677950563 89114
1678032066 89136
1678468663 89134
1678638859 89137
1679078135 89137
1679148426 89174
1679148982 89175
1679151878 89157
1679233907 89133
1679253463 89121
1679277405 89115
1679510099 89122
1679845212 89035
1679889906 89034
1679940240 89033
1680358763 89046
1680361487 89052
1680381653 89058
1680444810 89148
1680795067 89148
1680968353 89224
1680968803 89222
1681048850 89263
1681052651 89255
1681055057 89204
1681056526 89162
1681057515 89155
1681140263 89155
1681140819 89156
1681141483 89157
1681142605 89145
1681144080 89145
1681145036 89127
1681219648 89127
1681241006 89140
1681253948 89144
1681314218 89200
1681430025 89192
1681430971 89184
1681490947 89184
1681497721 89188
1681498637 89189
1681825621 89213
1681949391 89198
1682021781 89198
1682037365 89198
1682169666 89195
1682180428 89212
1682194958 89198
1682255076 89212
1682259057 89212
1682282105 89211
1682448457 89211
1682779549 89213
1682810700 89211
1682870975 89206
1683044476 89170
1683044942 89116
1683125784 89145
1683125920 89145
1683307278 89157
1683379930 89157
1683384586 89168
1683471928 89113
1683562507 89150
1683564117 89164
1683564579 89164
1683571053 89176
1683578069 89249
1683578123 89248
1683582196 89280
1683667259 89314
1683667556 89314
1683667668 89314
1683669636 89314
1683672939 89314
1683736744 89317
1683737379 89317
1683741489 89316
1683761236 89310
1683761387 89309
1683811978 89309
1683823184 89309
1683825596 89289
1683827492 89288
1683843921 89313
1683855453 89285
1683856670 89273
1683861068 89269
1683899087 89264
1683900314 89263
1683917602 89264
1683921421 89269
1683932935 89269
1683933038 89268
1683933887 89269
1683984873 89263
1683988390 89262
1683990293 89263
1683990600 89263
1684280910 89263
1684328676 89261
1684329071 89262
1684330760 89262
1684334273 89261
1684334862 89256
1684335473 89256
1684336873 89257
1684337436 89260
1684340026 89254
1684343146 89255
1684346005 89253
1684352052 89247
1684423677 89231
1684434379 89228
1684589541 89244
1684589617 89244
1684632481 89238
1684676490 89246
1684679213 89242
1684776924 89242
1684778581 89241
1684790252 89245
1684800397 89016
1684860777 89028
1684870060 89081
1684871186 89018
1684934751 89018
1684935048 89018
1684941472 89059
1684953507 89029
1684965047 89038
1685202327 88975
1685203346 88963
1685203880 88962
1685209637 88899
1685232996 88890
1685284406 88884
1685497119 88913
1685497751 88913
1685540107 88893
1685551964 88913
1685637164 88906
1685720434 88907
1685740377 88907
1685916099 88902
1686106613 88900
1686457693 88902
1686635214 88902
1686644539 88914
1686648524 88916
1686669147 88928
1686670416 88925
1686670740 88925
1686671895 88925
1686673458 88925
1686754721 88926
1686768375 88938
1686907240 88939
1687101309 88931
1687146067 88929
1687804529 88929
1687819572 88956
1688165376 88959
1688219164 88979
1688564318 88980
1689293820 88982
1689436939 88980
1689861992 88963
1689863445 88963
1689863790 88961
1689872034 88963
1689873842 88973
1689879379 88973
1689881575 88864
1689886052 88863
1689890459 88865
1689891935 88878
1689892565 88858
1689895587 88855
1689898683 88884
1689964155 88884
1690034212 88886
1690381621 88886
1690402898 88889
1690409412 88889
1690483380 88889
1690485120 88889
